1.899438014198548672e+03
1.908728062950699496e+03
1.499619859302296732e+02
1.038881522409456238e+03
1.992504780911117678e+03
1.027173889262681769e+03
9.667647928603323635e+02
1.359378023903951771e+03
1.695575741640044726e+03
7.268641010948458643e+02
1.822953983131764971e+03
1.041801180590540298e+03
3.597107137236300787e+02
1.282250752757330929e+03
1.203331477199351411e+03
1.056285564357455087e+03
4.786917921950547594e+01
5.644797037819347452e+02
1.685846534480094761e+03
1.685846534480094761e+03
1.685846534480094761e+03
1.685846534480094761e+03
1.685846534480094761e+03
4.872564482050008650e+01
7.427385549146805488e+02
8.819733216196306103e+02
5.321828795329507784e+02
1.227361194299740646e+03
9.411265168355788546e+02
1.971055822839712619e+03
3.998950241718133292e+00
1.884315710990098069e+03
3.998913387249992901e+00
1.087129157534616525e+03
6.365455842262505257e+02
6.365455842262505257e+02
1.418634023440284409e+03
6.365455842262505257e+02
1.418634023440284409e+03
1.418634023440284409e+03
6.365455842262505257e+02
1.418634023440284409e+03
6.365455842262505257e+02
6.365455842262505257e+02
6.365455842262505257e+02
6.365455842262505257e+02
6.365455842262505257e+02
1.088748200933289354e+03
2.222340857141946344e+02
9.617979082504976986e+02
1.612800827428333605e+03
8.118440005967904654e+02
1.615271560644206829e+03
1.483738052113983485e+03
7.059544146219191134e+02
5.644798501174078638e+02
2.001490273737553935e+03
1.940520724265924855e+03
1.869255597198511396e+03
1.869255597198511396e+03
1.170265269844759217e+02
1.452697513493190854e+03
7.166712666257607225e+02
1.344815404612196062e+03
6.405724137064742081e+02
8.032729539879715048e+02
8.032729539879715048e+02
5.501223677060220325e+02
7.814113474318088493e+02
