8.169922925416825521e+00
4.155754917480401645e+01
5.762558512209263029e+01
7.625727094902586600e+01
1.050764842582525347e+02
1.853320746974852966e+02
1.974136172376207412e+02
2.566172800226847812e+02
2.668869950270169511e+02
2.824025836252848194e+02
3.027492760100196278e+02
3.525637932408405959e+02
3.587142851537585102e+02
3.964786583365583965e+02
4.189061425434934449e+02
4.294023613241962494e+02
5.106045783413917434e+02
5.884152389246315806e+02
5.986910119661039289e+02
5.986910119661039289e+02
5.986910119661039289e+02
5.986910119661039289e+02
5.986910119661039289e+02
6.055901570547868005e+02
6.686339758582709010e+02
6.921157644163628220e+02
6.867834925816291616e+02
7.285936611127665401e+02
8.426365325155763912e+02
8.520482767046210029e+02
9.393174814619567314e+02
9.371886684934928553e+02
9.400479819038338292e+02
9.927053662397694325e+02
1.020536535927793352e+03
1.020536535927793352e+03
1.019217459091101659e+03
1.020536535927793352e+03
1.019217459091101659e+03
1.019217459091101659e+03
1.020536535927793352e+03
1.019217459091101659e+03
1.020536535927793352e+03
1.020536535927793352e+03
1.020536535927793352e+03
1.020536535927793352e+03
1.020536535927793352e+03
1.070207107713755704e+03
1.089343866581186148e+03
1.117603176876746375e+03
1.137511804302104565e+03
1.163170648676481505e+03
1.172745139781927264e+03
1.192965225793659329e+03
1.253299047345026793e+03
1.326726408286513106e+03
1.335319651873516932e+03
1.422715965451521242e+03
1.432481211849301189e+03
1.432481211849301189e+03
1.531627673666702776e+03
1.687574172132954118e+03
1.707248552207766579e+03
1.711088778874058107e+03
1.809615826505490759e+03
1.922505438067261593e+03
1.922505438067261593e+03
1.970275219121024520e+03
1.966452474834755549e+03
