6.392825347342854769e+01
7.627450185433426100e+01
1.058857827571672772e+02
1.649130490118085675e+02
1.649130490118085675e+02
1.668154894013884757e+02
1.828986358057092332e+02
2.565985048719772976e+02
2.669100966859155051e+02
2.824265893214462153e+02
3.192390717802502991e+02
3.528717254559795151e+02
3.587377642965970495e+02
4.063427607355312148e+02
5.105865194088850672e+02
5.294575903966738224e+02
5.884372566438207741e+02
6.025551127405765328e+02
6.056684081702976528e+02
6.259319091054802584e+02
6.869201884005470902e+02
7.429261660392247677e+02
8.425572348354970700e+02
8.761607603565120144e+02
9.019258481546003168e+02
9.390258506354471137e+02
9.372509248455272655e+02
9.397717701351588175e+02
1.040064139757232169e+03
1.089589722468020454e+03
1.117580124322887514e+03
1.120169199786160334e+03
1.137509921641929623e+03
1.146728070686840738e+03
1.146728070686840738e+03
1.146728070686840738e+03
1.172200754730312838e+03
1.172200754730312838e+03
1.172200754730312838e+03
1.172200754730312838e+03
1.172200754730312838e+03
1.172200754730312838e+03
1.172200754730312838e+03
1.172200754730312838e+03
1.172200754730312838e+03
1.193033384857959391e+03
1.347282106156072359e+03
1.335378059869467506e+03
1.346989463041260251e+03
1.422736155813476671e+03
1.423097978302657566e+03
1.564994325118317647e+03
1.581482899325319067e+03
1.586242510404968471e+03
1.637673832058056860e+03
1.687612041344532827e+03
1.816426391954438486e+03
1.873445863454251139e+03
1.920536611266454656e+03
1.966100982366502421e+03
1.970414587494388570e+03
1.966420080190123599e+03
0.000000000000000000e+00
