1.987003977142923077e+03
1.039116265522034382e+03
1.104399384214304519e+03
9.980474650975918394e+02
9.980474650975918394e+02
8.995418863716065516e+02
1.031786869382207669e+03
1.359278566348852792e+03
1.695722510171857266e+03
7.268104715201908448e+02
1.503171035108935484e+03
1.042711098600908372e+03
3.597342580863098078e+02
1.499084245690044099e+03
4.786748619458298037e+01
1.704613339690317844e+02
5.645008258650890411e+02
8.813169786509908477e+01
4.873194088726532414e+01
9.256318647510323672e+01
5.322888039986924014e+02
1.260000349632597818e+03
9.410379505954902015e+02
5.482317424570422872e+02
1.792674758094106664e+03
3.999027087713475481e+00
1.884440883888780263e+03
3.998991715098928701e+00
1.063950081335783125e+03
2.222842421064085556e+02
9.617780694574984182e+02
5.516373498184595974e+02
1.612798158132176468e+03
3.773462504295333702e+02
3.773462504295333702e+02
3.773462504295333702e+02
6.722548318039830519e+02
6.722548318039830519e+02
6.722548318039830519e+02
6.722548318039830519e+02
6.722548318039830519e+02
6.722548318039830519e+02
6.722548318039830519e+02
6.722548318039830519e+02
6.722548318039830519e+02
1.483822824239031206e+03
5.756354785739368936e+02
2.001577820592450735e+03
1.012604519599410878e+03
1.940548263013472706e+03
1.871553223566100087e+03
2.254363353896379181e+02
1.996573708632176704e+03
3.232638456446687769e+02
3.794488921642482637e+02
1.452701979785066897e+03
1.953837036994272012e+03
7.216233162055256116e+02
1.861147379508593076e+03
1.957076952303543294e+03
5.501612808785546349e+02
7.813984747368236867e+02
0.000000000000000000e+00
