1.379689949233936019e+01
1.379689949233936019e+01
1.619242248704969711e+01
5.549085972330912853e+01
7.627906131013043023e+01
9.765968234018599503e+01
1.034501724475538538e+02
1.066998138225094976e+02
1.219967058629502503e+02
1.742469908092428739e+02
1.829030583149253175e+02
2.279891214886727653e+02
2.566898705475719566e+02
2.669063654306050353e+02
2.824317476358203862e+02
3.527512312742598510e+02
3.587517027675071404e+02
3.668520353455890017e+02
3.798499331131774852e+02
4.528568748844224956e+02
4.646272483503758508e+02
4.775760397053171005e+02
5.105912017791757762e+02
5.208946372181836750e+02
5.341944485469676920e+02
5.857439540019732931e+02
5.884570788381292914e+02
5.936441350123750453e+02
6.056758865117684536e+02
6.731021966683956634e+02
6.869132811950307769e+02
7.160150053686645606e+02
7.267543238206516207e+02
7.267543238206516207e+02
7.507952568604742964e+02
7.586464326830879372e+02
8.009630819095674497e+02
8.411493872299105306e+02
8.411493872299105306e+02
8.411493872299105306e+02
8.411493872299105306e+02
8.426814130430385603e+02
8.511617054489445309e+02
9.130032188949209058e+02
9.130032188949209058e+02
9.130032188949209058e+02
9.130032188949209058e+02
9.130032188949209058e+02
9.130032188949209058e+02
9.130032188949209058e+02
9.191898627978931700e+02
9.177934197353453101e+02
9.189426552006909787e+02
9.258973744068972564e+02
9.372482505920396534e+02
9.325669785369848341e+02
9.709762237949288419e+02
9.970318254322892244e+02
9.970318254322892244e+02
9.970318254322892244e+02
9.970318254322892244e+02
9.970318254322892244e+02
1.008890694622816341e+03
1.022901124136108251e+03
1.022901124136108251e+03
1.022901124136108251e+03
1.022901124136108251e+03
1.042575605147704209e+03
1.043626214212085870e+03
1.095493011005878998e+03
1.089460386496620231e+03
1.117595311108427723e+03
1.137561955028511875e+03
1.193008476776663201e+03
1.198625884181665469e+03
1.200334838820891719e+03
1.267802315594189849e+03
1.275623772620478348e+03
1.326630360674713529e+03
1.335228063064780827e+03
1.396138834528073630e+03
1.414254241646145829e+03
1.422699057284611172e+03
1.423008989592653961e+03
1.436081004705913301e+03
1.457382665064615594e+03
1.487468508252198262e+03
1.534232648523923217e+03
1.612520213420408254e+03
1.697880369470595951e+03
1.723994584489073759e+03
1.847435845019321960e+03
1.859685335339013363e+03
1.888253053364600191e+03
1.887545528964856203e+03
1.967186237421794203e+03
1.972396755799721177e+03
1.966191472914399583e+03
