1.758874369939095004e+03
1.758874369939095004e+03
1.659798252871994009e+03
1.159362604933422887e+02
1.039178380705543304e+03
4.861905642855534779e+02
5.520993025469016402e+02
6.815784259279009802e+02
1.625243637732402703e+03
1.328030189012046549e+03
1.031811818102676625e+03
7.512610089841050467e+02
1.359762557495246028e+03
1.695698804910423860e+03
7.268101940526994440e+02
1.042355046779432769e+03
3.597482352751946451e+02
1.669672506816140185e+03
9.289861172176069886e+02
8.470112674807522808e+02
2.591124301421560290e+02
8.513034754529973043e+02
4.786792516679773257e+01
1.752434695066572203e+03
6.999172213276002594e+02
4.191090803482876659e+00
5.645198417328493861e+02
2.020041835692192080e+03
4.873254259290091284e+01
1.161901100041795871e+02
5.322834516619502665e+02
2.154761631634266905e+02
1.305768546639396618e+03
1.305768546639396618e+03
7.240391104391944737e+02
4.292453293166375374e+02
1.983665636289479608e+03
4.061775989958282480e+02
4.061775989958282480e+02
4.061775989958282480e+02
4.061775989958282480e+02
9.411766431389780792e+02
7.465392886193578761e+02
7.468978576304851913e+02
7.468978576304851913e+02
7.468978576304851913e+02
7.468978576304851913e+02
7.468978576304851913e+02
7.468978576304851913e+02
7.468978576304851913e+02
4.922262851275589490e+00
1.354723290156933899e+03
1.838247382100104460e+03
4.862576832344860378e+00
1.884435507022807087e+03
4.492712440703666488e+00
1.308653441915944313e+03
1.134621906991220158e+03
1.134621906991220158e+03
1.134621906991220158e+03
1.134621906991220158e+03
1.134621906991220158e+03
1.087083614604360946e+03
1.429424917307818760e+03
1.429424917307818760e+03
1.429424917307818760e+03
1.429424917307818760e+03
3.502219927046429575e+02
1.291842438657398361e+03
7.010235284020070594e+02
2.222578566259042816e+02
9.617911390504164046e+02
1.612871932741473984e+03
1.483791845072811611e+03
1.769941473796734044e+03
1.333279943229213359e+03
8.817367722269164005e+02
3.784236108493731763e+02
5.644389849162826067e+02
2.001352992668102843e+03
6.542762486673275362e+02
9.826920475127444661e+02
1.940497662285111346e+03
1.871436192195381182e+03
1.079936644703641377e+03
3.140060512498754619e+00
1.136029506671081890e+03
1.243056966579528989e+03
1.458477448709011696e+03
1.467221615909808179e+03
1.478570700389358535e+03
1.495957219755935910e+02
6.758716087071601351e+02
1.619098813732474355e+03
1.874834115849020236e+03
1.870959457639642324e+03
5.573604523949743452e+02
7.813076328163388098e+02
