1.430735661494006990e+03
2.106466283214789428e+02
1.102764540443096394e+03
5.045589434142563618e+02
8.884284772268097186e+02
1.102764540443096394e+03
8.884284772268097186e+02
8.884284772268097186e+02
8.884284772268097186e+02
8.884284772268097186e+02
8.884284772268097186e+02
1.437500298442480698e+03
1.437500298442480698e+03
1.437500298442480698e+03
1.437500298442480698e+03
1.437500298442480698e+03
2.651357566086258544e+02
2.651357566086258544e+02
2.651357566086258544e+02
5.596572570677682279e+02
9.606119559076850010e+02
9.607251989921850281e+02
9.606119559076850010e+02
9.608528170150179903e+02
9.606119559076850010e+02
9.607251989921850281e+02
9.606119559076850010e+02
1.897877764485672060e+03
1.823717798302234542e+03
1.678664728953072654e+03
1.781691532185699998e+03
1.781691532185699998e+03
1.781691532185699998e+03
1.781691532185699998e+03
1.781691532185699998e+03
1.781691532185699998e+03
1.781691532185699998e+03
7.079657863268802203e+02
7.079657863268802203e+02
7.079023992601152031e+02
7.079023992601152031e+02
7.079023992601152031e+02
1.402158498904043427e+03
1.402158498904043427e+03
1.402158498904043427e+03
1.233045750011631526e+03
1.233045750011631526e+03
1.233045750011631526e+03
1.579654538575134211e+03
8.097485633648307157e+02
1.926965044318390028e+03
1.926965044318390028e+03
1.926965044318390028e+03
1.926965044318390028e+03
1.926993439407148799e+03
1.927053719132610013e+03
6.428803191155287777e+02
1.017167928706131192e+03
1.017167928706131192e+03
1.017167928706131192e+03
1.949113257277731236e+03
8.837686872965923612e+02
7.838457778661165776e+02
1.581927515770842547e+03
6.530271211697703393e+02
1.326531715295805498e+03
4.247546424630560864e+02
1.966832042846034710e+03
3.275063648119560753e+02
3.275063648119560753e+02
4.617388512025682417e+02
4.617388512025682417e+02
4.617388512025682417e+02
5.524428593623625829e+02
1.011322898698985682e+03
1.457567142850642313e+03
1.426755129219258833e+03
1.925063461910865271e+03
1.925063461910865271e+03
1.925063461910865271e+03
1.925063461910865271e+03
1.925063461910865271e+03
1.176239289280069897e+03
9.458280922394139907e+02
1.977295761191808879e+03
1.977295761191808879e+03
1.977295761191808879e+03
1.977295761191808879e+03
1.977295761191808879e+03
7.534868380557063574e+02
7.534868380557063574e+02
7.534868380557063574e+02
7.534868380557063574e+02
0.000000000000000000e+00
1.813942078983043757e+03
1.813942078983043757e+03
1.949917801925879758e+03
1.374054773103785465e+03
1.374054773103785465e+03
7.869069744958130741e+02
7.869458997309737924e+02
7.869069744958130741e+02
7.869069744958130741e+02
7.869069744958130741e+02
7.869069744958130741e+02
7.869458997309737924e+02
7.869069744958130741e+02
4.811494085236102336e+01
1.861170631737948497e+03
1.249977991106037734e+03
1.864837304341574963e+03
1.864837304341574963e+03
1.864908423837683131e+03
1.864908423837683131e+03
1.864917337265081414e+03
7.268128191806099494e+02
7.268128191806099494e+02
7.268128191806099494e+02
1.496393647423408311e+03
4.144420751303920838e+02
2.739829712381529134e+02
2.739829712381529134e+02
2.739829712381529134e+02
2.739829712381529134e+02
1.525819534988596160e+03
9.801153552413182979e+02
9.801153552413182979e+02
3.603190719861630669e+02
1.522173945110910836e+03
4.143286354682562660e+02
1.407235650765233231e+03
1.406852331578141275e+03
0.000000000000000000e+00
2.760763124475453765e+02
7.070813152534624351e+02
7.070813152534624351e+02
7.070813152534624351e+02
7.070813152534624351e+02
6.304542294828264630e+02
9.112511335659175984e+02
0.000000000000000000e+00
1.533717465141445700e+03
1.864056504249495674e+03
1.864056504249495674e+03
1.864056504249495674e+03
1.864056504249495674e+03
8.108873889532284238e+02
2.020097249727729604e+03
2.008483978331058495e+02
8.057617166193018647e+02
7.733626913254619240e+01
1.862404307415813946e+03
1.862404307415813946e+03
1.862404307415813946e+03
1.862404307415813946e+03
1.862404307415813946e+03
1.862404307415813946e+03
1.862404307415813946e+03
1.862404307415813946e+03
1.862404307415813946e+03
1.862404307415813946e+03
1.862404307415813946e+03
1.862404307415813946e+03
1.862404307415813946e+03
1.862404307415813946e+03
9.352236946951238394e+01
9.352236946951238394e+01
9.352236946951238394e+01
9.352236946951238394e+01
9.352236946951238394e+01
9.352236946951238394e+01
7.043915211029708416e+02
7.043915211029708416e+02
7.043915211029708416e+02
4.104413964607963408e+02
2.260376827997567659e+02
2.260376827997567659e+02
2.260376827997567659e+02
1.702102512513870124e+03
1.702255342695973013e+03
1.702056768303841864e+03
1.702180066507740094e+03
1.702255342695973013e+03
1.702277545677371108e+03
1.702056768303841864e+03
1.702056768303841864e+03
1.702102512513870124e+03
1.702056768303841864e+03
1.702255342695973013e+03
1.702277545677371108e+03
1.702056768303841864e+03
1.702180066507740094e+03
1.702277545677371108e+03
1.702102512513870124e+03
1.702255342695973013e+03
1.720989660603775064e+02
1.720989660603775064e+02
1.720989660603775064e+02
1.720989660603775064e+02
1.576022875956004327e+03
1.576022875956004327e+03
1.576022875956004327e+03
1.576022875956004327e+03
1.576022875956004327e+03
1.576022875956004327e+03
3.405511244121555592e+01
3.422456509698641014e+01
3.405511244121555592e+01
1.156104490705578883e+03
1.407530726779700217e+03
1.725261981134731286e+03
9.448767587217067785e+02
0.000000000000000000e+00
