3.163797048989488658e+01
5.242632088589713391e+01
9.398897326206046898e+01
9.441581695059582557e+01
9.541641550391916837e+01
9.398897326206046898e+01
9.541641550391916837e+01
9.541641550391916837e+01
9.541641550391916837e+01
9.541641550391916837e+01
9.541641550391916837e+01
1.041611930761519744e+02
1.041611930761519744e+02
1.041611930761519744e+02
1.041611930761519744e+02
1.041611930761519744e+02
1.225616386523976331e+02
1.225616386523976331e+02
1.225616386523976331e+02
1.585334533767593257e+02
1.898690136535185786e+02
1.898373845400881237e+02
1.898690136535185786e+02
1.898030856056301729e+02
1.898690136535185786e+02
1.898373845400881237e+02
1.898690136535185786e+02
2.380597653011081434e+02
2.386843349425518852e+02
2.422512306750502660e+02
2.437842870911218256e+02
2.437842870911218256e+02
2.437842870911218256e+02
2.437842870911218256e+02
2.437842870911218256e+02
2.437842870911218256e+02
2.437842870911218256e+02
2.775132373290783789e+02
2.775132373290783789e+02
2.776021159082061445e+02
2.776021159082061445e+02
2.776021159082061445e+02
3.810730491502206974e+02
3.810730491502206974e+02
3.810730491502206974e+02
4.244764470833679297e+02
4.244764470833679297e+02
4.244764470833679297e+02
4.256571202153417630e+02
4.288702756021248774e+02
4.403550274414071168e+02
4.403550274414071168e+02
4.403550274414071168e+02
4.403550274414071168e+02
4.404943114922374434e+02
4.407794857382757527e+02
4.656847965397818143e+02
4.663628724228984765e+02
4.663628724228984765e+02
4.663628724228984765e+02
4.763400829052217773e+02
5.068977651803518256e+02
5.114065818909617747e+02
5.313381857351699864e+02
5.346113950244717898e+02
5.476938155587743040e+02
5.628224260014436595e+02
6.521049084096074466e+02
6.970067626009888500e+02
6.970067626009888500e+02
7.317696346444671462e+02
7.317696346444671462e+02
7.317696346444671462e+02
7.357141301468276424e+02
7.836479543673711987e+02
7.910613380479725265e+02
8.167057369041395987e+02
8.368487826520949966e+02
8.368487826520949966e+02
8.368487826520949966e+02
8.368487826520949966e+02
8.368487826520949966e+02
9.381197399251545903e+02
9.772676450772827366e+02
9.991730717080963586e+02
9.991730717080963586e+02
9.991730717080963586e+02
9.991730717080963586e+02
9.991730717080963586e+02
1.008699088602056690e+03
1.008699088602056690e+03
1.008699088602056690e+03
1.008699088602056690e+03
0.000000000000000000e+00
1.058411425388070029e+03
1.058411425388070029e+03
1.066704985583862708e+03
1.095449595838581899e+03
1.095449595838581899e+03
1.104476690066160018e+03
1.104479199367774527e+03
1.104476690066160018e+03
1.104476690066160018e+03
1.104476690066160018e+03
1.104476690066160018e+03
1.104479199367774527e+03
1.104476690066160018e+03
1.114103630604012096e+03
1.133717262173302288e+03
1.137264746425057865e+03
1.158982588928284258e+03
1.158982588928284258e+03
1.159460265840446482e+03
1.159460265840446482e+03
1.159518329714922629e+03
1.176615274349781430e+03
1.176615274349781430e+03
1.176615274349781430e+03
1.183068669972897169e+03
1.186749512581083309e+03
1.191984693793981933e+03
1.191984693793981933e+03
1.191984693793981933e+03
1.191984693793981933e+03
1.223889096596945137e+03
1.255776073940779952e+03
1.255776073940779952e+03
1.272422199177656921e+03
1.320116827106038272e+03
1.342910756872200409e+03
1.337076423269646966e+03
1.337587905418781702e+03
0.000000000000000000e+00
1.367332257637008979e+03
1.397357471998041319e+03
1.397357471998041319e+03
1.397357471998041319e+03
1.397357471998041319e+03
1.430453493751829228e+03
1.443353657479595086e+03
0.000000000000000000e+00
1.491252291658205650e+03
1.493156780094932628e+03
1.493156780094932628e+03
1.493156780094932628e+03
1.493156780094932628e+03
1.505472695053716279e+03
1.507212507975361405e+03
1.536944028892608912e+03
1.568380163131226936e+03
1.600416868035773405e+03
1.614542251723214122e+03
1.614542251723214122e+03
1.614542251723214122e+03
1.614542251723214122e+03
1.614542251723214122e+03
1.614542251723214122e+03
1.614542251723214122e+03
1.614542251723214122e+03
1.614542251723214122e+03
1.614542251723214122e+03
1.614542251723214122e+03
1.614542251723214122e+03
1.614542251723214122e+03
1.614542251723214122e+03
1.647900110568044056e+03
1.647900110568044056e+03
1.647900110568044056e+03
1.647900110568044056e+03
1.647900110568044056e+03
1.647900110568044056e+03
1.666967954273603254e+03
1.666967954273603254e+03
1.666967954273603254e+03
1.700199680230582089e+03
1.705849052346483859e+03
1.705849052346483859e+03
1.705849052346483859e+03
1.733315375820030795e+03
1.733313302083828603e+03
1.733316880624148780e+03
1.733314287325986697e+03
1.733313302083828603e+03
1.733313041985512200e+03
1.733316880624148780e+03
1.733316880624148780e+03
1.733315375820030795e+03
1.733316880624148780e+03
1.733313302083828603e+03
1.733313041985512200e+03
1.733316880624148780e+03
1.733314287325986697e+03
1.733313041985512200e+03
1.733315375820030795e+03
1.733313302083828603e+03
1.740091180403601356e+03
1.740091180403601356e+03
1.740091180403601356e+03
1.740091180403601356e+03
1.812476621366853124e+03
1.812476621366853124e+03
1.812476621366853124e+03
1.812476621366853124e+03
1.812476621366853124e+03
1.812476621366853124e+03
1.824089987261005490e+03
1.824085996007368976e+03
1.824089987261005490e+03
1.879172520717327870e+03
1.962095314755630397e+03
1.975089184367229791e+03
2.015983915594067412e+03
0.000000000000000000e+00
