9
14
14
20
12
13
11
10
14
19
7
12
17
12
16
9
14
12
22
12
15
14
16
17
14
13
17
6
10
14
16
12
25
16
16
8
12
19
22
12
7
12
9
27
12
11
12
8
12
20
13
19
10
19
20
15
14
20
14
13
15
10
20
13
12
12
16
18
22
13
11
17
11
15
14
13
15
10
11
8
20
11
11
20
16
12
9
15
9
12
16
22
11
10
20
16
10
15
10
14
17
7
15
15
14
14
7
8
17
16
15
8
12
21
7
11
17
18
13
21
12
19
15
9
11
10
17
11
11
15
13
11
17
8
19
13
11
23
12
13
11
20
14
19
21
17
13
12
15
12
12
16
11
14
17
12
20
18
16
11
10
19
15
21
16
16
17
14
12
12
13
16
10
17
19
9
17
14
14
15
15
19
17
18
19
14
13
10
4
19
19
15
14
13
11
16
7
14
15
3
18
9
17
16
16
11
14
14
11
13
15
13
14
13
16
25
12
9
13
15
9
15
20
17
21
16
9
13
12
11
17
14
20
17
16
15
21
9
20
21
21
8
13
13
16
22
18
12
21
12
19
12
18
28
11
13
