16
8
12
12
11
10
8
13
9
14
11
4
11
8
13
8
10
20
12
17
8
13
7
11
11
9
11
12
7
11
20
11
9
21
10
8
9
15
9
8
10
10
11
13
9
9
9
7
4
7
17
10
8
10
9
8
18
7
9
9
3
11
11
9
11
10
10
10
9
11
8
11
7
8
9
14
11
12
10
13
16
9
5
13
3
11
8
6
18
9
4
11
12
8
11
19
7
11
8
11
10
12
11
10
10
15
10
11
6
10
14
19
8
10
13
16
9
9
12
20
11
9
12
9
10
10
9
11
13
10
12
12
9
9
16
10
8
14
7
9
9
10
8
12
8
12
13
7
8
12
5
8
15
12
10
11
7
7
11
8
16
14
14
12
12
13
12
12
17
10
15
8
4
9
12
15
9
11
12
10
13
12
13
10
14
15
13
7
12
9
14
7
7
13
13
15
9
12
9
16
11
9
8
8
13
3
6
7
9
12
18
6
9
5
18
17
12
11
12
10
13
10
8
5
11
7
9
10
8
8
18
16
6
11
17
12
11
13
15
12
15
8
11
19
7
8
9
10
13
4
14
13
13
12
9
11
9
14
14
13
15
12
11
12
6
11
16
9
12
12
17
12
13
9
15
14
20
19
10
11
9
8
9
9
11
17
13
5
13
12
8
8
12
15
8
10
13
9
6
16
9
2
10
6
11
11
9
16
13
18
9
6
12
11
13
6
14
13
12
8
9
12
13
7
12
7
10
9
16
12
12
16
12
9
8
8
10
10
10
13
7
17
12
13
8
10
16
13
12
11
12
16
7
26
7
11
3
6
9
10
12
17
7
12
16
12
12
12
11
13
5
9
12
4
13
10
13
13
14
7
13
8
17
16
11
11
6
5
10
13
10
11
9
9
10
20
11
13
14
9
12
14
11
14
13
6
16
7
12
13
5
12
15
16
18
10
7
6
9
17
17
5
8
8
13
14
12
12
7
13
13
13
8
8
11
10
13
12
8
12
10
11
13
11
13
7
13
14
8
12
15
13
8
13
14
16
8
13
13
7
11
9
6
10
10
10
8
12
12
9
9
11
12
16
11
13
12
13
11
3
11
5
16
17
10
11
15
16
13
16
12
7
11
10
12
17
10
8
11
10
