14
13
16
16
17
7
20
18
18
12
12
18
8
16
18
12
17
13
21
13
17
17
16
14
12
11
20
11
18
13
16
13
19
13
9
18
20
16
17
13
10
12
14
14
11
15
13
12
19
13
13
16
15
13
17
15
15
15
9
14
14
15
13
8
10
14
20
13
8
16
11
12
18
21
22
13
11
20
18
18
17
8
14
19
15
15
9
14
23
11
17
10
15
15
12
16
18
13
14
21
10
14
21
16
14
15
15
11
13
13
18
18
11
11
10
13
19
14
15
16
12
13
19
24
13
16
13
21
12
15
19
10
12
10
16
11
10
5
21
14
17
18
16
13
19
16
9
11
13
17
12
11
15
8
20
16
12
20
16
16
14
17
20
13
13
14
13
8
7
16
17
15
17
4
14
18
6
19
15
12
13
12
17
15
20
16
19
12
10
9
13
15
14
10
19
10
12
17
24
19
20
15
14
12
16
11
12
17
10
12
13
13
11
17
16
14
16
10
24
10
10
11
14
13
17
20
18
17
16
11
15
21
15
13
14
14
18
12
15
10
6
17
22
20
17
13
22
12
6
13
15
9
16
18
14
17
12
9
15
12
11
15
10
13
13
11
18
9
14
14
14
21
10
12
13
16
18
15
18
17
9
23
18
23
15
8
24
22
12
17
16
13
16
14
19
7
17
10
15
14
17
9
13
8
12
18
10
12
15
22
9
8
11
14
8
12
18
21
17
14
16
16
14
19
10
25
15
10
18
20
13
14
16
15
9
13
13
17
8
8
14
15
9
28
16
12
17
20
10
14
15
18
15
19
8
10
17
17
16
22
6
17
10
11
11
19
8
10
13
9
8
18
15
13
12
11
16
17
16
17
11
17
14
16
12
9
7
12
15
19
20
10
17
15
23
20
17
8
9
12
10
11
16
18
14
14
12
22
10
20
16
19
15
18
20
10
12
11
11
9
12
7
17
18
14
19
11
10
17
14
4
11
14
14
12
12
15
11
16
15
15
17
16
17
19
20
16
14
13
21
14
9
18
7
21
22
11
17
15
17
8
12
20
24
16
19
13
16
8
11
13
16
15
14
14
16
15
13
13
17
13
21
19
22
15
12
12
9
19
7
16
13
12
11
18
13
17
19
14
10
20
22
20
13
14
17
10
22
16
20
17
13
20
9
19
14
14
12
13
12
11
17
17
18
20
21
10
10
17
21
11
12
17
21
13
13
12
11
20
8
24
17
12
15
12
15
13
14
12
15
9
12
22
9
19
19
16
14
11
19
19
23
10
19
17
13
18
18
17
19
14
20
17
15
14
13
13
12
17
10
21
16
19
18
13
23
20
17
13
22
17
8
12
9
18
9
22
12
13
15
11
20
14
17
17
13
14
16
10
11
13
14
20
11
22
17
10
13
19
18
13
11
16
12
10
7
11
15
14
12
9
15
15
16
9
16
11
13
14
18
12
15
24
13
13
13
9
9
13
7
18
20
6
18
14
16
20
12
19
21
19
8
12
16
19
16
12
15
14
14
16
10
9
13
18
15
14
13
8
15
11
13
18
10
9
12
11
14
21
8
15
21
16
14
10
10
19
15
20
8
9
19
11
13
15
13
12
11
19
23
12
18
15
18
14
16
18
14
17
15
16
13
14
15
10
13
17
10
16
16
16
20
11
17
15
16
25
13
15
18
13
16
14
14
14
20
12
17
7
15
18
17
11
15
13
17
10
21
16
11
13
9
11
18
14
12
12
9
13
21
14
16
14
12
18
11
15
13
15
14
18
15
20
14
16
17
13
13
17
11
12
17
16
14
14
15
14
16
14
14
10
22
11
21
14
16
13
15
15
18
16
19
18
11
17
14
12
12
15
7
17
10
17
16
16
12
14
13
13
17
15
14
11
20
11
9
20
16
15
15
14
10
22
14
15
13
10
12
7
16
19
13
20
24
13
15
17
26
16
20
15
15
20
13
13
6
10
14
9
21
15
15
13
13
12
16
13
11
12
17
14
12
12
12
23
13
17
12
16
19
9
18
17
13
20
14
24
12
9
15
14
10
15
14
18
16
12
18
16
21
13
17
23
10
10
24
13
12
18
20
11
15
16
17
17
12
16
18
15
16
17
10
14
9
10
15
14
9
15
21
17
10
8
15
10
17
18
13
17
19
17
21
10
10
16
15
16
9
11
11
8
16
18
13
11
11
13
10
15
10
9
15
14
18
18
18
15
17
15
10
21
12
20
16
18
13
14
10
26
13
14
20
17
12
15
