22
11
13
14
13
15
18
20
21
16
15
14
11
18
20
23
12
9
9
17
16
21
12
13
15
13
14
13
13
20
13
16
13
15
12
13
18
7
18
8
15
18
8
16
16
19
18
16
10
18
12
19
14
17
10
12
21
11
7
14
12
15
11
11
20
11
12
13
16
18
12
12
10
18
17
9
17
16
17
11
16
20
17
12
12
15
11
15
13
18
17
15
23
15
6
9
13
10
23
19
10
15
14
18
12
18
12
15
13
16
19
16
14
18
15
19
18
16
12
17
15
12
17
13
13
10
21
20
13
17
10
18
8
14
10
18
14
21
19
11
6
12
13
10
13
16
18
15
16
16
15
8
19
16
9
13
17
11
17
17
14
17
16
14
15
10
15
15
16
16
15
13
17
17
13
11
15
26
22
7
20
16
13
18
15
11
17
15
26
10
13
17
8
15
16
9
16
12
16
19
20
16
21
10
22
17
15
12
13
16
20
18
16
13
15
23
17
12
14
14
16
18
20
14
16
10
11
10
16
10
16
7
14
13
15
20
10
20
8
11
15
16
14
13
14
18
14
15
17
14
18
23
12
17
15
16
13
12
13
8
21
16
9
11
12
15
22
16
12
12
17
15
15
13
10
11
16
17
15
25
15
12
16
13
17
7
23
18
20
10
14
15
23
13
20
15
15
14
12
21
10
13
8
15
14
7
14
9
12
8
15
19
10
9
13
8
14
16
18
15
20
14
7
16
19
13
18
14
15
15
9
18
15
16
18
14
10
13
11
13
18
11
11
19
25
15
14
22
12
9
13
15
13
13
10
15
22
21
15
19
17
19
17
22
21
15
9
18
16
16
9
21
17
15
14
10
14
14
19
15
14
19
15
12
12
14
19
15
12
13
24
12
14
13
13
9
13
11
11
22
11
15
10
17
26
18
9
19
17
12
18
12
14
15
20
18
13
16
16
13
12
19
14
6
17
11
15
14
11
17
11
8
21
17
17
15
10
12
12
12
15
16
14
15
20
14
13
17
9
15
15
17
18
13
10
17
14
18
15
12
24
10
15
12
13
15
15
16
11
16
18
17
15
22
12
13
9
10
19
21
16
20
16
10
19
17
10
25
14
11
19
16
10
18
19
19
13
18
16
13
11
18
13
10
12
17
18
14
12
14
14
14
