7
0
0
0
0
0
1
0
323
135
2438
1233
4153
5410
6439
9619
8499
7909
6519
5750
6690
7572
7741
7128
8210
6845
8609
7156
6548
5104
1938
7199
315
45
3
5
2
5774
2008
11
145
994
697
859
878
493
1577
4214
3774
1136
35
1560
2427
452
3255
2199
1701
603
1736
2593
305
3773
7069
5292
1392
747
269
118
1
79
12
0
1
1
1
5
0
375
323
487
115
644
0
81
3231
4406
5347
6191
4868
1232
4642
6351
7279
6784
7665
8248
7427
7374
2820
1247
3894
5551
7539
7532
6286
7511
7856
6501
3686
195
5323
4233
5413
1415
1820
470
3007
1804
6317
7534
7216
6944
5404
5714
663
5114
5876
0
72
1027
2856
3113
6480
6879
5289
5691
5118
3349
6446
3276
532
4494
1336
4428
7009
6166
4428
4625
2903
1795
750
325
981
0
6557
4752
4222
6699
4157
2535
4210
7794
6368
1109
3
5400
3973
0
157
4751
4152
2292
0
3680
550
408
1
1
2285
0
51
30
1
687
1084
0
11
0
1
4
1
0
497
0
0
0
0
79
2010
723
0
0
0
0
0
0
0
0
0
0
0
0
0
0
0
0
0
0
0
0
0
0
0
0
0
0
0
0
0
0
0
0
0
0
0
0
0
0
0
0
0
0
0
0
0
0
0
0
0
0
0
0
0
0
0
0
0
0
0
0
0
0
0
0
0
0
0
0
0
0
0
0
0
0
0
0
0
0
0
0
0
0
0
0
0
0
0
0
0
0
0
0
0
0
0
0
0
0
0
0
0
0
0
0
0
0
0
0
0
0
0
0
0
0
0
0
0
0
0
0
0
0
0
0
0
0
0
0
0
0
0
0
0
0
0
0
0
0
0
0
0
0
0
0
0
0
0
0
0
0
0
0
0
0
0
0
0
0
0
0
0
0
0
0
0
0
0
0
0
0
0
0
0
0
0
0
0
0
0
0
0
0
0
0
0
0
0
0
0
0
0
0
0
0
0
0
0
0
0
0
0
0
0
0
0
0
0
0
0
0
0
0
0
0
0
0
0
0
0
0
0
0
0
0
0
0
0
0
0
0
0
0
0
0
0
0
0
0
0
0
0
0
0
282
1519
409
1679
940
0
0
0
0
0
0
1
0
0
0
0
0
0
0
0
0
0
0
0
0
0
0
0
0
0
0
0
0
0
0
0
0
0
1
35
5
10
5
343
1
72
15
15
0
0
0
0
0
0
0
0
0
0
0
0
0
0
0
0
0
0
0
0
0
32
12
3429
3957
1039
6085
6054
4043
5057
6198
6507
5884
6245
6714
7004
6602
4465
5861
7197
8172
6934
7530
8157
6338
6196
2074
460
2
93
2204
918
2058
9
9
0
0
0
0
0
0
0
0
1
0
0
336
2883
355
71
1924
4872
3345
13
191
1
0
78
6
29
770
2775
625
3839
2879
2174
2596
63
209
349
51
239
2
2
1
0
0
0
118
3189
3343
4814
5450
5919
5951
6844
5836
9901
9297
8540
8283
7690
8237
7454
7847
7508
1727
669
3612
2140
5809
6160
4368
1015
167
3665
349
33
1145
496
393
5068
3898
6663
6916
8174
10848
10371
12485
13062
11797
5569
8616
7592
7377
7537
7578
9866
9437
10497
10208
10928
11425
11834
12110
11633
11789
11296
11213
11086
11426
11568
12056
13701
13100
13232
13097
13452
13538
13524
13404
13372
13424
13590
13868
13596
13944
14013
13446
13278
13560
13097
13117
13160
12836
12804
13022
13702
14040
14229
14096
12626
12021
12575
12675
12666
12977
12956
13931
13399
14163
14291
14123
14601
14684
14191
14694
14498
14651
14565
14367
14370
15115
14428
14965
15101
15044
15162
14696
12110
12792
12663
13281
13843
14155
13621
14337
14184
15282
15399
14501
14580
15162
15196
14816
14256
14965
15399
15381
15332
14986
15384
15401
15400
15385
15390
15388
15400
15398
15403
15291
15294
15398
15333
14886
15197
15392
15400
14752
14737
14638
15386
15404
15149
15383
15400
15387
15394
15199
15404
15398
15400
14768
11271
7257
16
2975
12
2172
15280
15403
15377
15402
15404
15405
15152
12057
14402
14673
15
5749
14892
14959
15344
14879
15305
5400
13232
15
