8
23
21
9
18
15
15
6
15
6
12
9
11
11
15
12
15
25
18
13
23
16
17
19
11
8
12
24
13
22
17
23
8
16
7
18
17
15
19
13
9
9
13
9
12
19
14
15
18
15
12
16
16
16
20
25
15
10
18
13
11
13
17
23
9
10
16
12
15
14
12
21
11
14
12
14
11
8
9
17
17
10
11
19
20
14
9
15
17
9
17
12
10
22
8
20
12
13
8
20
12
6
15
16
11
13
12
9
9
12
11
22
12
11
20
14
14
16
20
11
17
23
13
13
13
10
11
15
17
14
18
13
18
16
23
20
10
13
15
16
17
18
13
21
11
20
11
17
13
11
14
11
17
13
16
7
15
21
15
14
20
8
15
13
24
17
17
12
12
10
15
19
18
15
21
9
14
13
14
11
15
8
12
12
15
16
9
14
23
16
17
19
15
17
10
15
12
13
15
23
13
7
18
18
14
16
9
16
13
15
21
14
10
14
12
8
9
11
9
13
22
12
20
12
10
14
10
14
14
12
12
10
12
16
13
12
14
14
10
10
13
11
17
19
8
14
14
15
14
22
15
12
19
17
14
19
19
13
17
12
10
11
13
9
20
13
19
19
19
14
9
18
28
14
11
13
9
15
14
17
17
6
9
15
12
17
13
10
9
10
13
6
13
19
11
17
12
13
17
10
12
13
12
13
11
14
13
7
15
18
16
13
18
16
20
21
12
16
19
7
16
24
17
16
14
8
11
14
17
7
16
11
19
23
14
15
8
27
11
6
15
6
12
10
15
19
15
15
14
17
11
16
21
13
14
9
15
15
16
8
16
21
12
13
17
11
15
11
10
14
15
14
12
12
28
17
9
13
14
13
19
19
11
13
13
18
14
9
14
12
13
19
10
9
13
9
19
14
11
15
20
15
19
15
18
16
19
16
9
14
15
15
10
14
17
14
21
8
14
16
14
14
14
21
13
16
12
18
10
13
10
17
12
12
9
8
20
13
16
18
17
12
12
16
12
13
18
18
13
14
18
13
10
14
17
9
16
13
18
18
17
15
11
16
11
13
15
17
13
20
17
12
12
20
11
16
15
18
13
13
19
16
15
8
9
19
14
12
15
16
14
9
18
15
13
15
12
15
12
12
13
21
10
12
14
16
9
22
17
10
17
22
