15
6
14
12
13
9
11
17
14
16
10
22
18
12
10
12
13
18
18
13
10
23
20
14
15
18
9
15
21
14
18
18
12
11
14
5
16
14
8
23
11
5
8
12
12
16
11
10
12
16
17
13
11
23
16
12
11
21
11
11
15
17
6
14
12
15
13
16
13
14
21
13
13
10
20
16
13
8
17
12
19
18
14
16
13
9
18
17
12
15
14
18
13
12
21
16
21
12
15
14
20
13
11
13
13
14
20
14
14
19
15
15
11
9
12
11
18
11
11
22
9
18
12
14
12
8
10
13
13
21
15
14
17
19
15
8
9
17
14
15
12
13
10
17
17
18
13
23
15
13
18
11
11
10
15
13
20
16
24
12
11
9
16
10
11
18
23
14
11
10
18
14
5
12
12
10
13
18
16
12
13
6
10
10
12
12
13
15
16
12
13
14
16
17
7
13
14
12
9
20
12
13
14
16
9
16
10
13
22
13
15
18
11
22
19
7
14
15
20
13
14
16
18
15
12
11
15
11
19
11
12
10
10
11
14
13
13
15
19
9
16
11
13
20
13
7
13
12
17
15
9
18
15
15
11
13
