16
18
8
21
15
18
11
11
16
11
19
11
21
8
13
17
13
11
16
14
13
10
15
17
20
17
7
13
20
8
19
14
11
19
19
16
16
16
12
17
13
7
14
12
19
17
14
15
17
11
18
15
11
20
11
18
11
15
19
16
13
23
19
11
15
13
13
12
13
12
11
12
19
12
18
12
23
12
9
21
11
13
9
14
6
17
13
5
19
9
13
5
19
16
8
23
16
13
16
14
24
16
15
16
12
10
15
5
19
12
17
21
21
19
19
21
17
25
11
10
18
16
16
22
10
14
17
20
7
12
12
12
16
16
13
16
16
8
15
19
17
10
6
15
16
12
16
16
14
15
16
10
16
17
15
13
19
11
14
12
12
17
12
16
20
14
14
13
21
23
12
22
19
15
7
18
19
18
17
11
13
18
10
9
15
18
13
16
17
17
8
15
15
11
17
7
10
15
13
18
11
6
17
16
13
16
24
20
15
9
19
15
18
12
11
19
13
8
14
19
17
19
15
20
14
18
15
16
10
20
17
8
13
13
18
17
15
15
12
11
17
10
13
12
9
7
16
12
13
17
13
15
17
18
10
8
