18
15
13
11
16
10
12
10
13
16
18
17
9
16
15
18
7
11
13
21
19
18
12
15
16
8
16
10
8
14
12
15
11
14
21
11
17
13
8
25
8
14
13
11
12
20
15
12
13
11
14
17
8
5
11
18
21
10
23
13
14
23
18
17
16
17
11
12
17
21
19
17
16
12
15
23
13
16
19
12
13
12
16
18
17
14
11
9
22
16
13
9
16
12
14
11
15
12
8
14
7
12
19
16
11
11
16
24
10
15
9
22
14
11
11
20
19
22
17
17
17
13
15
14
11
19
22
13
21
15
16
15
18
12
15
14
17
12
15
12
19
19
13
20
15
14
13
12
15
9
17
19
12
11
9
12
17
10
9
17
14
18
16
11
13
15
19
10
12
14
13
13
13
15
18
15
8
12
13
15
13
15
12
13
16
12
14
16
13
16
13
14
11
34
15
17
15
19
12
13
20
12
13
21
10
13
10
17
15
11
13
14
11
13
14
1570
13
15397
8767
13
21
14
15
12
20
7
17
11
11
22
8
13
22
16
10
13
18
25
16
14
14
22
16
17
11
15
11
15
13
17
14
12
12
14
9
14
21
17
15
18
10
15
13
12
18
12
9
13
13
15
15
15
11
16
13
16
16
15
13
18
15
14
18
18
23
18
19
8
16
17
11
22
16
20
17
15
17
17
20
23
14
16
19
17
13
14
9
19
19
12
14
17
16
17
10
13
12
17
10
169
19
12
12
18
18
16
11
17
14
16
20
14
5
17
19
17
13
19
11
19
17
11
17
15
15
16
6503
10877
14
20
1661
3582
264
11
7
17
12
12
15
13
19
18
15
16
12
15
15
11
21
14
16
17
9
14
18
26
13
10
17
21
11
17
14
15
8
15
14
11
20
18
17
17
13
17
13
14
17
13
20
11
12
22
14
12
13
16
12
16
17
20
18
14
15
17
19
12
14
22
9
13
13
13
17
12
21
14
10
14
9
12
7
18
10
9
14
22
6
20
16
18
12
13
11
13
20
21
11
19
16
9
11
12
12
10
15
18
13
12
14
9
15
17
15
17
6
18
21
12
23
23
13
10
20
13
11
21
16
15
10
11
19
10
5
18
15
16
8
23
14
11
16
14
18
9
16
7
18
12
16
14
21
13
12
12
18
22
15
11
14
13
9
17
12
21
10
17
20
16
18
8
7
11
12
22
16
14
20
11
18
19
13
17
13
25
10
16
12
12
29
15
21
12
5
16
22
14
22
23
19
16
10
13
9
13
22
13
17
9
9
14
7
12
1126
2208
11
19
17
14
15
16
10
15
14
17
20
13
17
15
28
15
11
14
13
14
19
10
11
10
19
12
16
15
16
19
11
11
11
17
12
8
17
13
19
12
15
15
9
11
10
11
14
7
23
16
19
6
15
21
14
15
14
16
19
13
21
8
17
17
16
17
13
16
14
16
17
20
22
10
15
11
16
12
17
11
7
16
14
13
13
18
19
9
15
13
7
12
11
16
24
12
19
13
15
10
20
15
10
19
14
12
17
5
11
11
9
18
22
24
23
18
19
24
19
8
16
17
20
9
16
10
16
20
9
10
10
18
19
11
14
21
12
13
13
19
20
14
19
14
19
17
17
16
17
18
13
18
16
12
21
15
15
14
11
20
17
13
17
14
17
13
14
11
23
19
24
13
10
16
14
13
25
21
12
18
14
15
17
14
14
11
14
11
17
23
15
18
13
10
21
16
18
14
21
16
13
9
15
14
20
8
7
12
7
14
12
11
9
17
17
19
12
14
9
13
12
20
17
12
10
16
16
11
9
17
16
21
14
21
17
15
8
13
17
14
17
12
12
16
17
14
11
15
15
16
10
21
17
16
8
14
20
14
13
12
14
9
15
11
15
10
11
20
7
10
16
18
19
15
21
15
13
18
12
16
5
19
14
16
10
11
18
11
24
19
9
9
10
18
15
15
13
19
20
15
15
13
15
18
16
17
15
21
18
7
15
16
18
11
12
11
20
17
18
21
21
17
11
18
10
9
21
14
21
16
17
17
12
10
10
12
12
15
13
16
13
14
8
14
18
22
19
17
13
12
14
13
16
12
24
7
15
10
20
20
9
16
20
12
12
13
15
5
12
6
13
12
16
16
16
19
24
13
17
12
13
14
9
16
12
16
16
19
21
25
11
15
13
9
13
17
17
8
10
15
15
14
6
17
20
16
19
12
10
24
14
17
16
22
5
10
12
17
25
12
19
16
16
