318
344
332
365
338
369
351
377
363
328
365
320
324
353
313
350
347
338
361
330
359
360
353
373
345
351
353
324
337
373
353
316
334
320
345
373
366
355
358
389
341
334
352
369
331
348
338
305
346
326
355
341
395
368
356
371
361
358
354
363
350
350
372
308
348
369
357
333
358
312
362
327
352
350
336
350
350
361
372
369
346
337
372
368
347
339
384
315
348
336
376
330
346
333
319
371
369
378
315
353
324
361
370
367
398
348
383
374
309
320
314
326
360
339
355
330
314
376
352
412
347
336
353
341
360
348
361
341
314
377
368
345
342
326
359
383
334
340
339
326
316
326
359
327
336
338
355
387
329
347
315
384
362
363
305
347
325
320
328
351
337
350
344
328
363
321
374
305
333
374
361
363
369
338
352
347
336
329
376
365
343
333
322
363
332
304
350
335
371
351
301
343
341
357
331
385
298
376
357
362
362
370
329
347
304
318
350
351
334
342
352
333
339
332
319
322
364
349
369
333
356
348
350
359
318
355
359
339
334
347
331
344
360
349
321
359
363
348
326
347
359
373
358
385
323
381
342
374
366
332
330
347
346
354
367
359
341
383
351
346
357
372
325
352
366
355
305
344
313
343
342
335
345
354
355
378
349
338
318
367
357
347
367
334
363
413
368
347
355
342
319
367
395
319
350
370
342
326
391
372
346
361
322
346
311
351
378
341
345
342
339
322
348
344
361
350
362
343
373
357
360
309
348
338
295
340
347
342
344
349
320
300
362
370
370
331
370
355
306
331
332
331
349
342
335
361
344
342
348
326
362
339
350
328
338
331
355
332
331
342
347
336
375
340
332
351
341
373
302
306
343
338
363
343
357
327
327
334
343
329
344
381
393
333
327
318
355
361
343
376
342
344
377
360
343
376
368
345
343
345
337
362
377
346
347
372
312
362
363
320
371
356
366
348
334
326
346
319
332
329
318
360
336
373
308
368
366
365
362
334
331
360
320
357
349
373
334
327
370
380
327
350
340
364
353
354
340
394
356
354
391
367
366
349
355
382
342
366
358
352
345
325
363
382
375
353
368
361
361
342
336
333
350
334
368
338
345
336
350
321
386
355
321
363
344
336
357
365
344
347
355
351
350
328
321
383
356
364
325
339
336
347
347
366
365
375
354
326
333
348
357
354
318
353
364
341
383
373
367
342
357
358
353
373
334
358
336
302
384
372
337
354
355
342
349
322
355
377
357
350
325
346
322
325
336
332
390
382
341
386
353
346
360
333
339
361
375
367
355
362
309
331
367
288
305
375
361
362
377
334
331
376
333
344
371
370
336
356
377
371
364
323
339
369
331
342
320
346
351
325
366
333
328
348
325
371
347
361
360
330
354
353
350
338
356
342
354
339
377
342
351
356
342
390
339
352
365
339
352
373
372
328
363
323
363
330
327
383
329
333
373
339
336
334
332
328
382
354
356
342
317
339
367
351
340
376
325
327
376
363
336
344
335
342
373
356
356
346
343
340
346
352
337
360
327
357
403
378
387
351
325
347
348
384
350
362
347
381
378
375
369
349
364
338
329
350
332
351
364
346
311
358
343
332
335
355
336
352
347
317
331
348
379
323
373
358
322
404
335
361
343
346
331
341
357
362
365
335
331
371
343
344
367
362
331
348
354
361
351
328
363
335
383
300
351
329
327
378
352
339
339
361
369
323
369
340
310
353
337
346
362
341
336
380
335
346
369
381
363
317
338
348
373
360
393
355
352
347
347
354
353
357
351
342
340
353
353
366
337
320
334
374
370
341
332
339
367
327
351
355
315
311
322
310
351
380
360
354
331
351
344
338
325
379
328
346
333
344
351
332
311
335
353
338
311
358
315
335
351
378
398
352
342
352
356
330
348
321
330
373
402
352
361
355
306
348
363
339
318
361
339
337
328
347
360
364
378
357
328
352
346
358
379
338
366
350
330
351
349
363
355
361
359
312
343
334
341
365
355
369
371
329
360
359
329
362
323
336
332
339
337
351
345
373
352
347
324
339
336
341
314
393
335
368
329
371
357
370
334
369
332
349
413
353
337
311
344
338
363
350
344
335
373
354
386
336
390
317
334
353
342
314
353
384
386
337
356
324
343
310
342
320
324
331
367
385
354
358
339
369
370
377
374
358
311
372
352
371
334
336
353
340
332
342
342
341
333
371
389
382
348
310
351
342
350
364
343
360
348
344
300
352
328
349
347
358
389
338
371
349
338
356
333
325
350
359
332
354
347
357
347
338
335
330
347
351
350
342
344
338
