12
17
16
12
19
16
12
18
11
11
12
13
15
9
11
14
10
19
13
12
9
22
12
14
13
20
15
15
11
18
24
13
18
14
7
13
16
24
17
11
11
23
11
10
11
17
14
8
9
17
10
15
10
19
13
14
19
10
14
11
15
16
12
12
16
11
17
20
20
15
22
18
21
14
17
14
13
17
18
17
17
13
19
15
9
21
13
15
18
15
12
15
12
16
16
14
22
15
13
14
17
15
19
11
22
14
13
16
16
18
16
17
17
13
16
13
10
10
11
8
14
6
15
15
19
18
15
24
18
16
14
19
12
14
13
30
19
11
21
15
12
17
13
8
14
18
12
21
8
10
15
12
12
24
9
17
11
15
13
16
18
15
14
14
24
12
14
20
19
12
12
12
13
16
8
19
16
15
16
12
17
14
11
8
16
15
21
11
12
12
14
13
14
18
15
16
10
22
19
15
13
16
16
9
9
19
6
18
9
14
13
6
20
12
14
14
16
15
15
18
9
19
13
21
16
13
13
18
23
16
7
12
11
15
12
12
15
14
12
16
9
17
14
18
10
13
19
18
14
16
14
15
11
12
5
11
22
11
13
16
16
15
16
11
14
9
16
10
13
17
15
18
20
13
16
19
9
8
21
16
12
14
16
12
19
11
17
14
17
15
10
22
14
15
19
12
9
13
17
13
11
20
10
9
15
14
19
26
21
15
9
12
26
10
13
19
14
13
22
11
18
15
10
11
11
16
15
17
14
12
15
16
21
14
15
15
12
10
13
14
9
15
18
13
17
14
20
18
11
10
13
19
16
16
14
17
12
29
8
8
9
11
15
14
10
11
14
11
10
10
16
6
22
13
13
9
17
13
17
14
9
9
11
12
17
14
10
20
21
11
9
12
20
14
12
20
16
16
18
23
16
13
10
12
14
20
13
12
16
6
14
16
18
16
10
13
13
12
20
16
13
10
14
20
13
18
12
13
18
14
18
17
12
13
16
20
12
14
15
15
18
17
18
13
17
16
18
22
14
11
16
10
15
9
13
16
7
14
12
21
20
23
15
23
11
12
18
21
22
11
15
17
10
16
17
15
14
19
14
21
19
18
13
19
16
17
17
16
20
13
14
10
18
17
13
19
24
18
19
20
12
19
9
15
12
20
12
25
19
13
14
19
11
18
15
17
18
14
16
20
12
15
12
5
17
16
10
12
14
17
18
23
10
17
13
24
14
10
15
7
11
16
13
8
10
19
14
12
14
21
13
18
19
17
14
18
19
15
14
10
12
9
18
21
23
16
13
12
9
19
12
10
14
14
8
7
15
12
9
12
11
16
14
11
12
13
13
20
19
14
13
20
18
15
14
13
16
12
12
28
12
14
15
10
19
14
13
12
14
13
15
19
17
19
17
21
17
16
15
12
14
12
17
14
11
18
19
16
17
18
16
14
14
14
15
16
10
15
16
11
25
21
15
11
11
18
15
10
17
9
15
13
21
9
5
17
12
14
13
20
8
10
15
26
15
12
16
11
18
20
16
10
8
13
14
13
14
16
11
10
14
18
16
9
18
10
14
21
16
20
15
18
11
12
17
10
21
12
14
18
12
10
15
19
14
14
10
15
14
14
18
12
13
14
20
12
18
17
14
9
13
23
22
14
14
7
9
11
9
15
10
14
15
15
16
16
13
14
17
19
12
11
12
13
14
13
15
20
14
12
14
16
19
9
14
11
13
14
5
24
8
13
16
9
14
12
22
18
17
22
15
13
14
9
21
19
14
8
17
18
20
15
12
12
11
17
17
17
14
19
11
11
15
19
7
17
9
28
30
22
14
22
11
17
14
18
26
13
15
14
13
18
22
12
15
14
12
21
15
16
11
11
13
9
13
13
7
10
16
13
17
16
14
11
18
14
13
20
13
6
20
15
19
14
16
11
22
10
15
10
21
14
24
13
21
19
10
15
11
12
13
18
13
21
7
15
13
17
10
15
14
17
16
18
12
17
14
15
20
11
15
12
10
11
9
13
20
13
11
11
14
17
10
23
16
16
10
18
20
11
16
19
16
17
11
18
11
14
14
12
14
23
21
15
8
16
21
18
13
14
18
14
12
22
16
20
19
16
9
10
16
16
15
13
12
16
6
21
13
21
11
13
12
6
21
6275
8983
15402
15399
14
14
3822
2189
7
11
16
9
11
13
13
14
9
7
10
20
17
12
20
12
11
10
7
18
13
12
12
16
8
17
13
13
15
16
14
13
19
11
18
