9
13
15
5
9
8
12
8
8
8
7
10
9
9
8
14
17
11
10
5
8
13
3
13
8
10
14
14
11
12
14
7
3
9
8
16
10
8
11
9
12
9
9
11
8
19
5
10
6
9
15
15
12
11
14
12
10
5
9
9
7
21
11
9
8
11
16
9
22
6
9
16
9
13
11
10
12
18
11
11
12
11
12
12
9
8
5
13
10
18
6
8
11
9
15
6
13
17
12
9
13
12
6
11
13
10
12
10
9
14
9
13
6
13
8
16
7
11
10
8
12
10
13
15
9
13
7
9
8
12
8
13
10
7
13
11
10
17
12
7
10
13
12
7
12
6
15
11
6
19
10
16
5
11
8
14
6
10
9
15
6
9
6
13
11
10
11
18
9
15
6
11
16
6
11
7
7
19
9
10
12
9
14
8
12
9
11
12
12
5
9
9
12
8
6
18
10
12
8
16
8
12
11
9
8
10
13
15
8
10
6
14
8
14
14
8
7
13
10
10
11
10
9
8
9
10
16
13
13
9
12
16
9
12
6
12
15
9
14
13
11
7
9
12
15
3
5
8
16
8
8
9
7
12
9
4
8
9
7
8
11
10
10
12
9
6
6
8
11
13
18
8
9
11
11
15
16
18
14
22
8
7
15
9
17
12
13
9
11
10
10
8
11
15
14
9
15
11
12
11
5
6
15
9
10
13
10
12
8
13
9
17
12
19
10
11
11
6
11
10
13
8
15
11
5
12
19
13
10
8
13
9
20
10
5
16
9
11
7
9
12
13
9
11
7
12
8
9
7
7
12
8
14
18
4
8
12
17
8
8
10
12
12
17
11
11
18
8
9
13
13
6
14
6
12
8
12
9
7
13
11
11
13
6
13
15
6
9
5
16
7
15
14
12
7
11
14
5
6
10
10
11
6
7
7
8
13
11
13
14
5
11
18
6
9
13
10
7
17
10
8
8
13
8
8
13
4
7
7
15
16
4
16
13
10
11
11
8
8
9
13
6
7
10
17
7
7
10
17
15
10
11
13
11
10
21
9
6
9
11
13
10
6
12
13
8
9
11
14
5
6
8
13
12
11
7
13
10
12
12
14
10
10
7
11
5
12
6
13
14
17
9
5
9
10
13
18
8
16
8
8
16
5
6
11
11
6
6
14
9
11
9
11
7
13
9
8
10
12
8
12
13
8
11
13
14
9
11
17
17
13
14
9
9
8
8
15
7
9
8
11
15
16
7
13
11
6
12
14
13
11
14
12
13
10
10
8
5
12
23
14
12
9
4
16
9
8
7
16
15
11
10
9
12
14
13
9
11
10
8
6
9
10
6
11
15
12
11
7
7
11
12
7
13
10
11
11
10
5
12
15
19
11
10
10
7
11
12
8
10
4
11
10
5
19
10
6
12
8
9
13
9
7
11
9
7
8
8
13
12
11
7
12
16
13
7
6
6
6
11
15
8
15
7
9
6
9
12
5
14
9
15
11
13
13
16
13
14
11
7
11
13
8
10
13
10
9
10
14
13
12
8
10
11
9
8
7
12
4
14
5
10
17
9
10
11
7
8
4
12
8
6
14
14
18
14
9
13
8
11
10
12
9
11
12
9
12
6
9
15
11
15
16
12
11
17
4
13
8
13
10
8
12
12
6
9
15
13
12
9
12
9
8
7
13
7
12
10
7
11
13
12
12
15
11
13
9
8
7
7
14
2
10
12
13
12
15
16
11
13
5
22
12
5
11
11
9
12
9
15
12
11
8
17
14
7
10
15
9
11
7
15
6
9
13
5
11
19
8
7
11
12
11
13
9
12
14
16
19
12
13
5
11
11
3
11
10
8
13
13
7
9
12
13
10
11
9
13
10
10
10
7
16
17
9
5
15
16
5
11
11
9
19
15
11
15
13
13
6
15
14
20
12
5
12
12
11
7
14
11
11
13
9
4
9
9
3
7
9
15
6
13
11
4
17
16
14
10
6
7
8
12
11
6
13
12
10
7
7
12
11
17
13
10
14
9
13
15
9
13
11
12
7
12
12
8
10
10
9
10
7
10
10
7
11
19
10
19
11
16
9
11
11
12
12
10
13
13
12
9
15
8
11
15
10
13
10
11
13
21
17
5
10
6
14
13
15
13
10
9
18
9
13
6
9
10
13
12
11
11
17
13
11
11
10
13
13
9
8
12
7
12
7
6
7
12
10
11
9
6
12
14
9
13
12
9
10
14
13
12
15
10
12
12
9
6
12
13
9
9
9
10
12
8
11
5
11
4
11
13
7
12
5
9
11
17
7
10
12
9
11
13
12
13
14
8
14
7
9
15
18
9
12
8
