6
16
11
12
13
14
22
26
17
17
20
19
10
12
17
9
21
13
6
20
9
21
11
9
17
14
21
12
17
12
11
11
13
18
21
16
17
24
10
14
15
17
5
9
17
10
25
12
13
13
8
14
19
17
12
8
18
14
23
6
21
17
6
15
7
13
19
15
14
11
12
11
8
13
21
17
16
16
4
11
12
4
21
19
12
13
14
14
13
14
18
15
5
11
12
21
16
13
11
24
23
12
17
13
11
11
16
20
8
16
13
16
16
14
10
13
11
15
11
13
13
16
13
6
18
14
11
10
15
19
19
13
14
16
14
7
20
21
17
12
17
12
11
17
13
14
18
7
13
17
19
17
7
19
8
19
20
10
19
14
17
13
17
15
12
15
12
10
14
19
21
20
13
15
23
14
21
12
11
12
15
15
18
11
16
17
18
17
9
13
22
12
11
17
13
8
15
21
14
20
16
13
14
8
9
16
16
9
14
17
16
9
14
20
14
20
14
21
16
10
14
12
5
17
15
22
15
15
8
16
21
12
16
15
14
13
8
17
21
15
11
11
18
18
13
11
11
16
15
12
16
19
19
7
15
19
