18
13
16
21
22
14
12
12
19
13
15
18
10
6
9
21
12
18
8
16
15
12
18
20
11
16
15
17
14
12
16
14
14
8
15
10
10
12
14
12
14
14
16
9
10
10
16
16
19
13
13
12
16
17
18
9
9
11
11
12
16
15
16
17
13
21
11
17
5211
12224
7878
6086
14
11
5014
54
9
21
15
17
15
12
16
12
11
16
16
13
10
13
13
7
12
11
17
11
14
17
4626
14375
21
16
15
14
9
14
25
16
9
15
11
18
13
14
16
13
9
10
21
10
11
13
12
22
16
12
14
12
9
16
13
11
13
17
11
16
24
11
16
15
9
13
14
21
11
13
21
15
15
18
22
11
15
15
21
12
19
15
13
15
14
13
12
14
18
18
14
16
16
24
13
18
16
17
13
9
13
16
24
18
18
11
16
19
12
19
24
15
15
15
9
17
10
10
16
10
11
12
15
8
16
10
16
6
15
15
16
16
15
15
11
18
17
17
16
15
12
17
20
16
15
9
10
9
18
20
17
13
10
9
12
15
10
10
16
13
17
11
17
18
16
8
12
11
11
21
21
14
19
13
14
14
13
16
14
16
23
13
7
24
16
13
8
14
14
13
9
14
9
13
12
9
11
11
21
21
18
19
16
17
7
20
14
16
10
11
17
10
16
15
14
17
11
20
16
12
8
16
16
17
17
11
18
11
14
19
16
12
15
17
15
11
15
21
11
14
17
14
12
13
21
12
9
7
20
11
10
10
11
11
13
15
14
18
15
14
16
14
13
18
13
15
23
19
20
16
21
15
19
11
11
14
16
20
18
6
17
11
11
17
14
17
16
17
10
9
11
10
13
26
20
16
17
19
15
19
13
16
10
17
10
15
10
21
10
14
16
14
22
24
18
12
18
19
10
15
17
13
17
19
16
19
13
9
17
16
17
22
16
19
20
16
14
16
14
12
14
10
15
18
12
11
16
16
7
10
5
15
12
14
12
11
20
15
19
14
14
13
16
8
13
7
18
16
16
14
15
17
13
16
16
16
23
19
15
15
21
13
13
20
18
20
10
12
10
23
18
18
10
15
17
13
15
18
12
7
18
14
23
14
11
11
17
17
5
19
20
14
16
20
12
13
16
14
18
16
18
11
13
20
17
15
14
13
15
17
11
9
23
12
17
13
13
16
23
7
13
18
12
11
9
18
6
12
13
21
16
10
21
15
13
9
14
16
18
14
10
25
15
10
13
13
12
12
13
13
15
20
12
15
16
19
18
16
18
15
15
11
18
13
12
8
12
20
17
13
8
10
13
7
15
17
11
18
19
9
13
21
13
14
14
14
14
13
11
20
19
14
7
18
11
13
18
20
17
7
12
12
17
13
18
8
11
18
16
7
18
18
12
20
17
20
17
10
10
10
15
14
17
12
14
18
7
11
18
16
16
15
14
20
18
16
11
12
10
15
9
13
15
19
12
17
14
15
18
10
11
15
11
8
13
14
14
19
13
15
10
14
20
17
15
11
18
13
9
21
13
13
20
13
9
15
15
12
6
16
20
5
12
15
16
16
15
9
19
17
17
14
11
25
13
13
12
20
12
11
18
13
9
11
10
12
15
17
13
15
14
13
14
13
16
10
11
18
21
17
15
20
10
10
11
16
21
15
11
16
16
11
13
14
14
14
8
14
13
11
17
13
9
7
12
17
15
11
16
14
13
13
12
8
10
12
11
17
8
18
13
16
16
4
16
10
8
14
11
15
14
15
11
21
25
7
20
16
20
6
14
21
11
13
15
13
25
11
15
12
13
17
14
22
4
13
10
17
17
10
13
15
18
19
12
13
15
17
11
13
9
13
16
10
12
23
18
13
10
12
5
18
16
15
10
20
10
21
17
13
9
12
13
14
13
16
5
13
15
14
14
16
12
23
13
20
9
16
14
19
15
11
16
9
14
13
17
16
11
21
14
12
23
17
14
20
18
16
14
20
19
12
10
7
10
11
9
16
8
17
21
20
10
12
9
14
18
12
14
16
11
12
16
20
18
13
16
11
14
15
26
10
16
13
17
16
12
13
13
15
12
14
8
12
18
7
19
6
14
12
12
15
17
20
10
17
11
17
12
10
11
14
10
14
14
11
12
15
12
12
17
19
15
12
16
8
12
15
22
11
12
12
18
15
18
10
17
12
9
17
17
11
11
11
15
12
20
10
20
19
11
6
13
25
9
14
13
15
13
15
12
18
11
20
11
17
16
13
9
13
14
11
17
6
1
