12
16
17
12
15
20
17
11
18
11
22
13
19
19
10
8
29
17
11
15
16
11
20
18
17
12
14
16
20
12
18
13
14
12
15
12
20
16
17
11
17
14
14
7
11
15
11
20
14
16
17
14
10
14
12
20
12
17
9
15
21
13
17
13
12
23
12
17
7
16
7
17
17
11
18
17
10
8
12
9
25
17
15
26
24
15
12
7
10
17
13
14
21
17
16
15
15
12
10
13
12
12
16
12
13
11
20
13
14
20
17
13
10
14
11
13
15
24
8
8
23
14
16
16
20
17
15
14
17
13
17
14
13
8
15
12
26
18
17
17
13
17
19
15
12
11
15
12
20
10
16
13
19
18
17
12
15
21
11
11
18
9
16
12
17
13
16
19
7
18
18
17
21
8
14
15
12
17
16
14
14
14
23
11
14
13
14
15
13
22
15
8
16
11
12
15
10
15
21
18
18
18
14
16
14
20
9
13
12
20
11
16
15
13
13
16
13
15
18
18
9
17
11
14
20
19
24
15
18
19
20
24
13
12
21
9
16
20
14
13
14
12
15
7
20
18
9
15
25
16
9
16
13
11
15
19
14
15
21
14
13
19
14
7
17
8
18
10
10
22
12
6
13
9
18
20
16
8
15
14
13
14
9
12
9
14
17
14
12
15
17
15
12
14
18
12
13
18
11
15
16
15
17
12
21
14
17
16
12
6
12
12
6
14
22
15
19
22
14
17
12
19
12
17
21
20
11
11
13
16
11
14
16
14
12
13
16
6
18
24
10
16
13
12
18
18
18
18
10
13
16
19
17
21
18
10
13
11
15
17
10
13
11
20
16
24
12
11
19
20
12
15
13
14
12
18
18
14
12
16
16
12
10
6
9
20
13
12
12
14
13
11
12
20
8
9
17
17
15
10
10
18
13
8
23
9
22
21
13
15
16
12
18
14
13
17
18
9
10
15
7
18
21
15
18
11
17
11
21
14
11
16
13
14
19
8
18
19
18
11
12
13
17
12
27
14
23
17
17
15
19
9
11
14
21
13
13
11
14
18
14
22
8
15
19
23
11
11
14
16
13
13
17
11
17
9
10
14
9
18
23
11
18
20
11
13
17
18
10
16
17
13
12
17
15
17
15
12
21
12
16
10
15
16
15
8
10
17
14
17
15
12
13
7
17
13
10
15
17
11
12
15
9
11
17
12
18
14
15
15
14
17
16
10
8
15
13
20
7
6
11
11
9
22
11
20
24
13
12
12
11
25
17
13
18
13
14
12
17
14
15
10
10
14
16
11
11
7
17
9
13
15
10
16
18
19
11
10
15
12
13
16
21
18
10
17
21
13
16
15
16
16
11
4
16
13
10
9
12
17
13
12
13
14
18
16
11
14
11
8
15
16
13
11
17
12
7
15
23
16
25
18
14
7
14
6
17
7
19
14
15
18
25
15
13
15
18
6
19
7
10
9
13
10
15
13
16
5
10
8
13
16
15
16
11
13
13
23
18
9
13
11
12
21
13
18
15
22
13
14
12
12
14
10
12
6
11
15
17
16
22
24
18
8
9
13
19
16
15
12
11
17
10
12
12
14
13
18
20
11
16
15
19
9
12
18
14
15
17
17
18
12
7
11
17
14
13
15
4
18
9
14
15
18
16
18
11
22
10
16
18
16
12
23
9
11
9
13
15
19
9
14
14
20
18
14
18
10
10
11
18
10
15
9
11
13
13
22
21
21
10
16
17
28
20
11
15
18
31
17
8
20
19
21
14
11
20
19
15
14
9
18
7
14
15
15
10
14
15
17
18
11
19
15
9
10
14
11
10
18
12
11
16
17
9
14
13
13
11
17
17
14
15
12
16
7
13
20
14
16
18
17
14
18
17
9
10
18
9
9
10
16
13
17
14
8
13
11
12
15
17
13
25
10
20
10
21
17
16
20
12
13
9
17
7
16
21
22
19
9
10
13
20
14
14
15
13
15
15
23
7
19
17
20
22
15
14
14
14
16
12
12
12
22
8
8
14
14
17
12
9
17
12
19
16
13
21
12
15
11
7
11
9
16
10
22
16
16
17
9
20
16
18
13
16
11
11
11
14
21
14
17
20
8
25
22
17
19
11
16
17
24
12
12
15
12
9
10
15
11
18
15
20
17
17
4
16
13
6
13
24
11
16
16
14
15
19
18
16
22
13
16
16
17
9
17
15
12
10
16
9
12
11
13
17
15
16
17
12
15
23
12
12
7
21
12
10
9
21
14
19
16
13
11
15
20
19
22
18
12
1
