298
338
294
343
342
308
340
391
349
353
344
320
365
348
309
331
324
328
315
318
346
324
338
307
307
283
301
334
326
370
338
319
333
362
292
326
333
349
329
355
331
329
315
334
341
345
335
337
277
344
341
349
366
310
331
297
332
349
310
319
334
323
321
314
348
321
342
349
318
324
341
334
325
331
329
309
335
361
356
303
351
322
318
352
318
366
339
338
357
352
356
317
316
338
338
338
330
328
326
347
300
330
355
314
356
342
312
334
330
336
336
357
328
342
358
343
329
354
348
348
369
348
327
320
320
315
313
337
323
316
345
328
294
336
335
368
320
358
371
348
319
340
331
346
329
340
285
303
340
366
325
348
343
309
352
330
339
336
364
315
339
328
366
371
341
331
326
328
313
328
358
323
322
316
325
301
334
310
307
318
322
374
350
366
337
332
332
359
349
325
360
344
344
308
365
339
307
369
317
350
303
340
336
316
338
343
328
343
341
318
339
334
320
347
328
343
322
342
308
331
322
354
348
298
312
343
348
326
350
320
283
350
353
339
307
318
326
324
363
349
347
344
342
360
333
331
350
340
346
326
357
348
333
324
308
339
314
334
371
344
306
369
342
344
310
325
359
322
335
341
328
331
335
344
339
342
352
353
353
361
326
340
344
345
332
324
361
351
368
307
332
343
316
321
361
340
325
341
332
319
353
307
345
318
326
357
351
317
337
346
330
357
322
337
340
342
357
367
329
326
329
355
323
342
328
316
308
336
313
346
312
335
335
333
289
327
336
314
329
323
346
328
336
325
329
354
360
328
346
361
324
336
368
334
353
312
361
312
333
326
334
329
321
356
333
349
305
335
327
348
325
339
354
328
352
330
373
340
352
365
349
352
314
345
313
319
348
351
327
376
327
344
338
329
342
368
357
346
341
348
339
355
309
333
332
315
338
370
354
298
305
314
311
372
335
330
372
340
346
346
342
341
305
363
322
358
347
350
318
333
314
334
344
332
303
348
366
301
314
306
354
325
345
305
292
325
322
322
359
343
352
339
332
357
342
317
378
311
361
347
342
310
348
341
352
333
344
350
325
311
321
336
301
340
360
305
336
300
367
332
333
345
323
330
337
331
332
334
347
323
330
335
355
339
362
342
343
298
347
350
359
326
339
338
295
332
336
279
291
357
318
362
332
333
350
358
364
350
332
344
341
351
330
330
344
342
356
347
334
333
312
347
328
349
335
338
305
342
349
320
362
366
335
359
325
337
332
322
358
308
367
330
325
347
360
309
349
343
353
343
353
338
324
362
353
361
332
344
341
338
325
347
348
313
353
328
297
329
355
331
358
337
344
331
343
345
316
318
353
349
321
357
328
347
328
335
333
328
337
295
341
305
352
312
363
334
356
326
326
334
341
332
343
354
337
323
306
384
349
362
328
306
313
341
310
332
341
355
351
334
324
327
310
325
334
319
356
356
307
331
346
363
323
328
322
359
324
334
353
311
319
313
375
347
366
343
341
335
344
357
398
361
346
330
348
343
355
330
360
328
368
307
324
321
375
328
338
355
317
323
306
342
346
350
315
344
326
349
308
363
348
339
322
326
353
315
342
330
326
295
334
346
317
350
330
336
330
327
340
290
335
312
370
340
338
322
311
324
351
344
302
333
327
323
359
368
336
316
345
366
325
330
303
340
340
331
327
342
319
325
334
334
342
354
346
311
351
342
348
356
318
377
368
317
288
363
351
331
374
361
355
372
323
316
321
337
329
347
334
316
296
340
301
340
346
347
317
309
344
340
318
324
342
369
310
353
355
340
336
321
313
341
343
290
349
325
327
345
346
334
336
332
297
327
379
343
345
347
330
323
335
325
317
340
335
336
356
348
316
338
338
338
407
345
305
330
374
317
326
315
362
324
313
340
326
332
331
333
350
326
343
306
349
351
350
300
337
344
315
318
325
338
359
349
325
315
331
321
353
338
311
354
348
309
319
330
317
294
322
334
339
300
342
337
324
352
349
335
372
309
312
314
337
306
352
327
349
326
292
331
334
336
325
346
353
335
349
373
335
312
317
335
335
333
337
319
363
359
336
340
361
329
339
334
319
358
328
356
321
325
324
292
310
339
297
386
321
339
335
313
325
326
364
306
352
350
348
325
347
358
324
318
331
347
327
323
351
303
322
311
318
312
306
320
322
321
354
366
359
353
301
348
317
304
349
357
349
331
313
300
362
355
295
353
364
304
329
346
320
329
358
338
343
338
344
315
347
322
345
301
360
328
357
303
303
335
320
361
309
316
