8
26
16
11
11
16
15
12
15
15
13
15
10
13
11
14
13
22
17
11
11
12
16
18
12
13
12
16
20
12
13
15
14
12
12
16
20
16
11
15
13
18
19
18
17
17
17
14
10
18
11
16
14
15
18
11
15
22
20
18
11
18
11
15
11
10
17
15
14
19
14
13
11
16
14
16
18
17
15
12
20
19
9
23
13
18
21
12
13
11
15
16
15
13
13
12
13
14
16
13
14
13
24
13
9
20
15
16
10
20
17
20
16
16
17
11
14
12
6
14
16
16
15
15
18
18
16
11
15
15
10
10
18
18
16
11
12
14
18
11
26
15
14
15
15
12
12
17
22
15
17
13
11
15
12
16
18
16
13
13
16
16
9
11
17
13
17
13
13
15
13
18
15
14
9
20
13
24
6
14
22
20
23
15
15
6
15
13
17
16
17
16
14
11
12
9
17
16
15
18
16
15
13
16
16
9
8
13
15
10
12
11
18
10
12
14
13
15
19
14
19
20
9
15
12
14
15
15
7
9
14
19
13
10
12
20
13
17
18
20
5
15
12
12
15
15
12
14
17
11
11
14
14
21
10
18
13
15
18
14
13
13
12
16
17
17
12
11
22
14
14
12
22
11
8
16
12
16
16
13
16
17
11
20
14
17
17
15
15
14
14
13
16
20
17
19
19
16
17
16
19
13
9
14
15
12
15
16
11
12
24
17
12
19
19
8
16
10
16
16
14
20
18
7
12
15
14
13
14
16
13
15
15
21
10
16
21
23
11
9
17
16
13
19
15
12
14
11
17
15
13
16
9
17
18
20
15
10
12
7
24
24
16
13
16
12
19
22
11
10
15
10
14
21
18
11
18
14
12
10
25
10
15
15
12
15
17
15
15
13
10
16
11
20
18
13
24
9
17
11
10
10
23
9
26
12
20
13
9
17
14
17
14
11
16
14
14
17
9
8
17
10
17
16
9
10
9
15
18
16
18
9
19
12
15
15
20
13
875
13
21
13
18
9
14
10
11
24
11
18
16
14
16
11
15
22
6
12
14
13
10
10
13
11
14
14
22
15
9
8
17
17
18
13
13
13
18
16
13
16
19
14
13
16
13
20
17
15
11
16
13
12
13
15
14
10
19
13
13
11
12
16
13
23
11
27
17
9
12
21
10
16
18
13
15
20
11
13
15
13
20
13
15
16
13
12
14
12
18
8
21
8
9
13
17
13
19
10
10
14
13
21
18
19
12
19
19
14
15
20
18
17
16
16
12
17
11
18
10
15
14
10
13
14
12
15
11
24
18
13
15
18
11
16
10
16
12
12
13
10
16
19
8
10
14
12
21
18
14
19
17
9
20
13
8
12
14
14
14
13
8
16
16
18
19
13
15
21
10
10
18
15
15
8
15
12
22
10
13
12
6
17
16
20
22
19
12
8
14
13
12
22
9
19
15
9
12
12
15
15
19
17
10
17
31
16
22
17
10
9
19
15
15
14
15
17
14
12
17
15
11
16
10
13
18
11
17
21
16
15
10
16
19
15
15
20
13
9
11
15
12
16
14
16
12
9
17
14
10
14
25
14
17
18
5
7
19
12
8
20
13
11
13
16
13
15
18
12
21
21
12
9
18
11
16
17
13
20
20
19
9
14
23
16
15
8
20
13
15
18
16
12
17
19
14
20
19
19
19
12
13
13
14
16
16
14
14
15
14
14
10
16
13
9
9
17
22
11
23
18
13
11
20
10
14
15
15
16
10
9
11
12
9
16
12
11
12
16
10
20
13
12
19
19
16
12
15
14
14
15
13
13
19
11
12
7
10
14
14
8
11
15
10
13
15
18
20
12
21
17
14
13
20
18
14
11
19
13
6
18
17
14
10
18
18
15
13
24
14
8
13
14
17
15
14
17
13
16
17
18
21
10
9
14
11
14
12
8
22
6
17
15
16
14
9
9
22
15
12
11
14
21
13
13
13
9
11
16
16
17
20
22
12
16
8
16
11
16
15
15
14
19
21
24
8
26
18
13
12
14
13
14
18
19
12
21
9
12
17
15
19
13
19
9
20
15
14
17
15
14
16
12
16
12
20
10
10
15
15
16
12
12
15
9
12
8
15
17
13
19
13
13
17
10
18
8
14
10
10
19
13
14
14
7
7
4
12
23
12
10
19
15
16
17
13
17
15
9
18
20
15
14
20
19
18
12
18
11
16
18
9
16
13
11
8
17
17
24
12
13
11
9
23
14
20
23
15
6
16
20
17
10
9
20
