7
15
8
13
10
13
5
16
8
17
14
7
7
11
15
12
12
13
8
12
14
11
4
5
11
9
12
8
10
5
9
14
6
10
12
13
15
6
12
14
14
6
18
8
13
9
14
9
7
19
15
10
6
8
9
7
18
7
10
7
11
12
6
10
10
9
11
7
8
15
10
11
15
9
12
3
7
14
7
8
13
14
14
10
11
14
12
11
11
7
15
9
16
10
12
9
8
14
13
7
9
11
15
18
11
7
11
8
12
11
10
12
12
12
10
16
9
15
5
14
13
10
7
9
12
10
10
13
12
17
14
10
10
9
8
5
9
10
19
14
7
16
13
13
9
9
13
9
20
10
11
11
10
16
12
15
11
13
13
12
9
15
15
10
16
9
14
14
9
10
12
8
11
10
8
9
11
15
9
16
14
13
9
6
11
8
5
14
3
8
11
9
13
13
20
8
7
6
5
12
18
12
15
9
10
18
14
8
8
8
15
18
9
14
9
10
18
15
8
12
15
9
19
12
15
12
8
5
14
19
8
18
7
8
10
11
12
6
11
12
5
11
10
15
18
9
10
7
10
12
10
7
8
11
12
8
7
11
19
16
13
15
4
18
10
11
13
17
6
12
13
17
9
10
13
10
14
10
12
11
7
16
13
4
14
9
10
11
8
19
18
17
12
4
6
12
8
14
9
2
8
14
10
15
5
8
11
7
13
13
10
12
11
13
11
9
11
10
8
9
6
15
7
17
10
10
7
11
6
13
11
9
10
12
7
14
6
5
7
13
9
8
11
7
5
15
16
7
7
10
12
10
13
9
10
15
9
8
9
9
7
7
4
9
9
7
16
13
12
16
16
10
9
12
6
19
9
11
8
18
11
12
10
11
5
10
20
11
1
13
20
10
9
10
8
11
15
7
10
8
16
5
13
5
12
5
8
11
8
10
7
5
14
7
8
8
9
12
24
12
7
17
12
10
6
14
11
7
9
4
9
6
6
5
13
8
15
22
10
12
14
8
12
9
11
10
14
14
12
15
9
12
5
19
11
14
10
9
11
9
13
13
13
12
8
7
6
10
6
12
14
9
14
9
15
10
9
7
12
9
13
9
3
12
12
12
9
6
5
17
7
7
7
9
12
14
7
10
11
14
8
11
11
6
22
12
13
7
7
13
16
14
4
6
11
13
8
10
10
6
10
5
14
9
11
9
15
8
22
10
7
19
10
14
9
14
10
20
9
5
12
17
9
16
15
14
12
10
9
16
11
19
11
10
13
11
11
13
15
7
13
9
10
9
6
10
10
9
13
11
8
9
9
11
13
12
15
12
6
8
11
6
5
10
16
10
19
11
12
3
8
12
13
18
9
8
10
18
5
15
10
9
7
6
8
7
9
9
12
8
5
10
15
12
9
11
8
12
11
14
7
13
11
12
6
9
9
7
12
14
12
5
10
11
10
7
9
7
12
6
14
6
10
7
8
11
18
8
8
13
14
11
9
11
11
16
7
17
6
6
13
9
12
12
6
10
9
10
14
11
13
14
7
9
10
17
11
11
6
6
12
9
9
8
5
11
8
10
9
11
4
17
9
10
13
6
9
13
15
13
9
9
9
7
10
16
6
5
14
10
14
11
12
8
18
10
8
12
4
12
15
8
11
9
16
17
8
6
12
16
11
13
9
11
11
9
11
5
10
14
10
7
14
14
13
11
14
8
9
5
14
8
17
8
10
12
7
9
10
16
7
5
15
9
15
10
17
8
6
19
12
15
9
11
13
8
7
13
5
18
13
6
16
12
7
12
7
8
10
13
8
9
10
8
10
16
12
12
13
7
10
14
7
10
6
10
9
9
11
11
9
14
12
15
15
14
8
9
15
10
6
7
13
16
15
10
10
9
14
19
7
9
16
7
14
11
10
11
15
9
5
9
11
9
5
10
11
10
8
14
15
18
10
10
4
9
16
15
15
9
12
8
9
15
5
9
16
3
6
9
17
7
16
11
14
17
11
13
10
12
12
16
14
8
12
8
6
13
16
12
11
9
8
10
13
5
11
17
7
13
11
11
14
8
7
13
9
14
10
14
15
13
15
13
12
9
10
11
11
12
11
17
9
4
8
15
12
13
15
14
7
7
14
9
8
10
9
9
12
13
9
10
6
14
8
14
6
6
7
13
10
12
13
10
13
8
5
12
14
10
8
11
11
10
5
10
12
9
8
13
15
19
8
13
8
9
11
10
4
9
16
11
11
8
14
9
11
6
9
11
15
14
16
10
9
10
13
9
9
13
11
9
4
13
11
11
10
15
8
12
5
9
13
13
9
17
11
13
11
10
10
8
15
20
