16
10
13
11
12
15
6
10
10
8
14
13
15
9
9
11
7
14
11
8
8
7
8
15
12
10
12
13
11
11
8
14
12
15
18
12
8
13
13
10
11
11
11
15
8
10
10
7
11
6
5
12
13
12
15
4
17
9
8
9
12
13
21
6
11
6
9
18
13
4
14
12
13
10
13
9
9
12
10
9
13
11
12
12
8
10
12
13
10
7
8
14
8
10
6
6
13
14
13
16
9
14
9
8
9
8
10
17
9
10
9
5
12
4
20
9
11
12
11
13
14
12
5
19
8
17
14
10
3
8
7
9
6
9
15
9
15
14
15
7
13
12
10
12
12
11
9
15
12
13
11
16
4
15
12
8
11
12
10
11
6
16
8
11
8
8
6
13
11
15
6
10
8
11
4
8
12
13
8
10
11
11
10
10
13
16
8
11
8
11
10
7
5
14
7
8
13
9
15
13
5
15
10
14
10
15
6
11
6
6
9
13
17
9
11
13
10
14
13
14
8
10
12
10
10
9
8
12
13
4
15
7
10
14
5
12
7
20
10
9
16
10
9
10
12
23
10
14
11
11
10
8
7
12
12
12
10
12
17
16
14
13
11
9
8
15
8
6
9
5
9
13
14
12
12
13
9
11
13
10
10
7
14
18
11
8
10
17
8
12
5
10
6
10
16
14
11
9
9
11
11
15
9
13
17
12
10
8
7
10
7
11
15
11
11
10
13
7
16
7
10
12
14
21
12
8
17
11
11
6
17
12
6
15
9
11
14
13
17
15
7
10
13
19
10
16
11
15
10
13
11
12
12
9
11
10
9
13
13
11
5
13
12
11
8
10
6
8
11
7
14
9
15
13
14
11
9
12
12
10
4
11
7
6
12
11
10
13
20
8
12
11
10
9
9
13
14
5
13
11
8
15
10
12
13
10
11
9
8
11
13
12
16
9
16
14
15
6
9
16
6
11
10
8
11
6
9
9
17
10
7
8
14
12
12
7
17
12
8
17
13
8
11
16
7
6
6
9
11
7
8
9
9
11
4
9
12
20
4
8
10
12
16
16
15
8
9
12
14
13
13
9
10
12
5
18
9
12
18
7
15
10
17
13
9
9
6
9
5
6
7
11
13
11
13
15
19
8
7
4
8
10
12
14
9
14
12
14
9
12
12
12
16
7
7
12
8
7
20
11
18
8
14
15
6
5
6
13
13
18
8
8
12
13
6
10
9
10
8
3
18
9
8
7
18
8
11
10
17
8
10
15
7
9
17
15
15
11
13
11
11
10
10
17
8
13
9
14
9
8
11
9
6
6
8
10
12
17
7
12
7
12
20
16
10
10
11
14
15
9
17
8
13
6
14
10
9
6
12
8
9
8
14
14
8
7
10
10
8
13
5
12
18
8
12
6
5
6
12
7
10
14
7
11
9
9
8
16
7
10
11
10
15
11
17
10
7
6
19
17
8
14
7
10
14
7
7
8
16
8
13
5
16
6
11
8
9
5
12
19
12
19
6
13
15
7
16
11
10
10
11
14
8
9
10
14
13
12
10
11
13
7
12
11
11
8
16
9
11
14
17
10
15
12
8
12
12
8
15
15
9
10
16
7
17
11
13
8
13
8
13
9
8
11
8
9
9
10
9
8
15
10
13
12
10
17
14
12
13
9
18
15
12
9
13
8
14
9
8
11
11
11
10
17
20
10
7
9
9
11
11
13
12
11
11
6
10
16
14
8
10
15
11
9
8
12
16
13
12
12
19
18
15
14
10
8
10
11
10
11
20
10
6
8
14
9
11
7
9
10
7
11
7
12
8
8
13
10
15
11
18
10
6
14
7
7
8
9
15
11
18
5
7
18
5
10
10
8
9
9
18
9
19
6
16
13
7
12
11
13
17
9
10
11
9
14
10
12
10
17
5
7
5
14
8
13
10
6
10
13
11
10
19
10
14
16
6
10
10
16
14
9
11
13
6
8
9
9
12
8
13
13
7
7
7
8
10
7
10
6
13
16
11
11
11
13
16
9
17
9
5
12
13
13
10
10
12
6
12
10
10
8
9
15
14
5
11
15
14
16
10
10
12
14
13
12
9
8
6
12
8
5
12
10
10
7
10
11
7
6
9
9
9
6
11
12
9
7
7
10
10
8
6
11
14
9
12
14
7
16
16
10
9
10
5
14
14
10
6
20
8
11
13
9
9
12
9
10
15
13
16
15
12
14
8
11
13
11
10
10
4
10
9
8
13
13
11
13
6
12
10
11
10
16
10
10
4
9
10
14
7
7
15
10
9
9
11
13
15
13
12
9
6
7
10
9
9
9
12
16
8
15
12
16
