15
10
11
16
9
10
13
17
11
14
11
11
14
18
14
13
21
6
11
13
21
14
9
11
14
9
14
14
12
9
21
14
14
16
13
11
11
16
12
21
10
22
10
8
17
11
20
10
21
19
13
8
12
9
23
20
13
15
9
13
18
12
17
7
12
22
18
12
17
13
22
6
6
12
15
13
11
19
16
17
14
14
14
17
14
21
13
10
13
9
14
16
7
18
16
14
16
10
18
10
16
16
20
16
18
18
16
4
20
16
18
13
16
14
11
13
17
10
14
19
11
19
8
16
11
11
19
10
10
14
6
11
13
19
16
13
16
8
24
21
17
12
13
8
24
10
12
16
13
20
10
12
10
13
20
9
23
13
18
12
14
15
18
20
11
10
21
9
13
22
14
18
7
15
11
13
16
22
10
19
19
10
17
14
18
17
10
19
14
11
17
13
15
15
9
17
13
11
9
20
18
13
16
15
21
14
15
15
18
20
20
11
13
14
14
14
16
14
8
11
16
16
11
15
17
15
17
12
10
13
12
12
8
15
19
13
15
10
10
10
19
13
11
7
19
12
16
14
20
16
13
10
19
18
15
10
18
17
6
24
9
15
16
11
13
17
22
17
13
9
28
18
20
18
17
11
14
14
13
8
16
15
17
17
14
17
23
16
17
20
15
16
18
11
14
6
11
9
12
15
17
12
11
13
16
10
24
15
12
11
14
13
20
19
14
18
29
13
11
10
16
15
15
27
15
15
22
13
13
12
10
11
20
20
16
11
14
15
18
17
12
10
12
13
13
11
14
18
16
14
18
19
14
20
16
13
14
18
14
8
12
27
13
17
21
16
16
8
10
17
9
8
20
12
13
14
17
16
5
11
15
11
17
18
12
18
13
19
21
24
9
8
12
12
10
19
13
19
12
13
13
13
23
21
16
13
9
20
12
12
22
15
17
17
13
12
8
15
12
11
14
20
19
8
18
14
20
21
12
8
20
14
10
15
16
10
18
11
20
10
23
15
10
13
9
15
13
11
16
16
8
12
20
13
13
14
16
8
10
18
12
12
13
12
8
10
11
25
10
13
14
11
17
17
21
9
18
13
15
15
24
14
17
14
20
22
13
18
11
7
18
19
18
20
16
4
13
17
12
13
14
16
13
16
18
11
15
15
15
17
17
7
16
13
19
15
11
13
11
13
9
13
12
15
12
15
6
16
18
16
20
18
14
10
11
13
13
16
17
17
15
17
15
11
20
11
18
21
20
20
16
8
11
10
13
19
17
13
14
23
12
17
18
10
13
9
16
14
15
9
24
16
22
17
19
17
11
18
12
13
16
13
17
16
14
24
15
14
19
15
11
15
20
12
22
15
11
18
21
15
19
13
13
11
19
11
11
10
14
11
14
23
12
21
8
16
23
12
14
20
11
20
18
12
11
9
11
13
13
10
19
11
11
14
17
16
19
14
12
17
11
19
16
18
18
14
15
11
8
18
18
15
13
14
15
18
15
14
14
8
9
23
15
12
17
12
17
13
16
14
14
17
21
13
18
13
8
11
8
16
14
13
15
10
14
14
13
15
13
14
19
16
14
6
11
15
14
18
21
13
18
17
18
17
15
13
17
16
15
24
15
14
15
13
20
13
17
15
15
18
13
17
16
11
15
17
14
14
15
9
10
16
9
22
13
18
12
10
16
18
12
17
13
12
15
18
13
14
18
18
14
17
18
6
10
12
14
18
15
10
21
17
10
11
11
10
12
11
13
21
17
15
11
11
14
15
17
11
18
15
11
21
12
15
16
14
10
11
7
17
15
20
14
21
13
8
16
16
15
13
12
17
13
11
12
17
20
17
14
15
17
16
14
21
16
19
8
17
13
5
12
13
13
11
18
12
13
16
11
12
14
13
13
18
15
9
23
14
17
17
26
11
14
11
14
16
18
11
14
12
18
9
12
12
9
13
8
13
15
15
12
10
14
11
11
10
19
11
9
12
13
10
21
17
11
14
16
12
17
17
10
18
20
14
9
15
20
12
9
17
13
15
9
22
8
4
9
12
22
8
13
17
15
11
10
19
19
13
20
19
17
16
26
17
13
5
17
20
13
15
15
9
10
20
11
9
13
16
12
11
20
16
14
10
17
14
14
15
14
18
13
12
9
12
18
23
10
14
13
14
10
16
12
9
19
14
13
18
10
18
16
10
10
20
10
22
14
17
16
19
12
19
20
8
20
10
12
11
17
13
14
17
17
16
20
19
6
18
18
17
15
13
23
21
13
11
