9
3
14
17
16
12
12
8
10
12
12
9
13
8
9
16
12
14
14
14
15
8
11
10
9
8
14
11
12
17
6
6
18
6
10
16
11
12
11
10
13
13
7
15
7
14
11
6
9
9
13
11
14
8
10
15
7
8
9
12
8
8
13
16
11
6
12
15
14
17
10
14
10
7
11
7
7
9
5
15
11
10
13
12
10
12
10
8
19
13
8
8
11
13
8
9
9
9
15
7
13
7
19
12
13
17
12
8
8
11
9
11
12
7
13
8
12
12
8
8
14
8
1
7
14
20
13
7
9
7
15
13
16
15
8
9
14
8
12
10
16
18
9
8
20
10
8
12
11
12
9
15
13
7
14
13
9
11
17
8
12
12
7
11
9
14
11
7
9
14
14
12
7
10
10
14
17
4
10
13
8
11
9
11
16
15
5
15
10
5
10
16
8
14
11
13
9
17
10
6
11
13
13
14
14
8
7
13
11
18
11
8
10
7
11
12
11
14
18
11
5
10
12
17
6
10
12
13
8
9
16
9
6
16
9
11
9
11
12
19
16
13
12
8
7
15
15
16
15
12
9
10
8
10
7
18
10
19
3
13
10
15
9
9
9
17
9
11
21
11
19
13
10
7
12
15
13
8
13
18
9
14
8
9
5
16
13
14
15
13
15
9
8
4
8
11
12
10
10
14
12
15
11
11
13
11
17
11
8
7
8
9
17
10
19
12
14
14
11
10
7
8
10
11
8
15
13
9
12
17
18
8
13
11
13
11
8
8
8
10
11
7
10
10
5
11
13
10
12
10
9
13
8
6
12
16
10
13
9
15
13
11
7
8
18
11
11
12
12
11
13
8
7
9
12
13
10
11
13
15
9
10
9
12
10
11
10
12
13
15
17
6
8
10
16
13
16
14
17
9
13
7
11
13
9
10
6
12
12
11
2
11
5
12
9
10
9
8
7
13
8
9
8
10
9
12
7
17
13
17
6
6
12
14
12
11
18
14
12
12
12
11
13
12
13
17
6
9
14
11
11
17
10
9
13
10
9
7
10
11
15
15
11
9
13
9
8
16
8
5
11
9
13
7
12
12
13
7
13
14
10
12
10
17
4
15
10
11
16
7
14
11
12
4
8
16
14
15
7
8
