15398
15402
15393
7511
15002
15266
15332
15379
15388
13875
15392
15329
15392
15388
15270
15384
15402
15402
15399
15348
15261
14780
14830
14306
14778
14932
15349
14955
14545
15134
15193
15220
14861
15165
15123
15211
15355
15368
15291
15232
14559
14525
14890
15247
15362
15367
15351
15357
15004
14674
14901
14745
14467
14793
15196
14244
15217
14967
14993
14958
15090
15243
14830
14335
14805
14845
14581
14506
14490
14511
14914
15110
14837
14797
14820
14792
14770
14542
14630
15169
15373
15376
15376
15401
15384
15390
15393
15356
15338
15389
15345
14338
14724
15017
15225
15278
15352
15185
14647
14675
14315
14870
14962
14707
15033
14428
14843
15017
15389
15381
15389
15378
13497
12126
14448
14880
15326
15400
15402
14683
14455
13746
14406
14822
14717
15254
15245
15369
15139
1801
12019
9661
4900
15399
15176
14906
14960
15403
15400
15379
15403
15358
15368
15370
15364
15281
15144
14391
15327
15393
15182
15348
15395
15385
15392
15387
15194
15160
14869
15084
15396
15292
15384
15237
14835
15008
14586
14447
14783
14884
14736
15290
15403
15397
15391
15386
15389
15394
15403
15244
14884
15390
15399
14764
14090
13284
13810
14898
15402
15376
15233
15312
15300
15321
15037
14227
14629
14541
15141
15301
14911
15186
15201
15399
15374
15084
15028
15397
15396
15404
15403
15401
14898
15227
14916
13591
11136
15025
5316
10920
12733
11664
15196
14918
14937
15253
15382
15334
14996
15395
15319
15403
15394
7746
15367
15277
14760
10956
15039
12409
8738
13151
15344
15236
12228
15401
9070
14732
13898
12
11589
13305
14858
14732
10
4199
2699
318
10233
15394
15383
15364
15403
15389
14048
13882
15233
8823
14
7
418
20
13
664
2234
6434
3674
15384
15400
14695
15382
13886
10335
150
1579
6295
18
15
2928
17
10593
14830
8297
5675
3604
185
16
10
2834
10903
14363
15100
14106
11881
15139
14982
9756
14490
11290
11273
7928
19
6350
5953
13767
13705
5427
11330
2179
12712
10687
14320
13
12
13
25
6
9612
12
13
11
6
20
14
10
13
3842
22
13
10
18
12
9
15
19
9
13
10
21
22
24
11
12
4853
22
18
21
15
308
4058
13
13
23
9
15
16
14
15
16
19
18
15
17
24
7
14
251
1451
7365
10581
3204
14632
14587
14410
15076
15281
15332
15259
15402
15400
15359
15358
13793
15310
15060
15211
15350
15394
14783
15339
14958
14450
14415
13922
14054
14157
14477
14711
14346
14605
14330
14668
14894
14829
14761
15250
15333
15331
14978
15282
15403
15400
15391
15401
15243
15352
15013
15327
15387
15401
15399
15385
15401
15402
15380
15392
15401
15398
15397
15388
15401
15384
15405
15401
15376
15403
15119
15392
15146
15361
15402
15204
15207
15384
15389
15365
15374
15367
14959
14664
15318
15403
15393
15236
14812
15307
15392
15394
15401
15329
15401
15402
9806
1572
15355
15308
15366
14947
15174
15235
15395
15272
14759
15288
15284
15251
15304
15360
15381
15385
15388
15404
15403
15401
15407
15404
15396
15402
15401
15401
15399
15384
15390
15389
15045
14962
14581
14866
14615
14845
15375
15388
15401
15403
15396
15402
15400
15402
15391
15166
15395
15391
1437
