1.481000000000000000e+03
1.527000000000000000e+03
1.529000000000000000e+03
1.544000000000000000e+03
1.566000000000000000e+03
1.526000000000000000e+03
1.551000000000000000e+03
1.558000000000000000e+03
1.512000000000000000e+03
1.549000000000000000e+03
1.576000000000000000e+03
1.610000000000000000e+03
1.588000000000000000e+03
1.548000000000000000e+03
1.586000000000000000e+03
1.565000000000000000e+03
1.560000000000000000e+03
1.608000000000000000e+03
1.641000000000000000e+03
1.561000000000000000e+03
1.591000000000000000e+03
1.717000000000000000e+03
1.568000000000000000e+03
1.606000000000000000e+03
1.619000000000000000e+03
1.610000000000000000e+03
1.614000000000000000e+03
1.625000000000000000e+03
1.605000000000000000e+03
1.615000000000000000e+03
1.644000000000000000e+03
1.701000000000000000e+03
1.634000000000000000e+03
1.715000000000000000e+03
1.623000000000000000e+03
1.673000000000000000e+03
1.654000000000000000e+03
1.644000000000000000e+03
1.718000000000000000e+03
1.691000000000000000e+03
1.682000000000000000e+03
1.701000000000000000e+03
1.676000000000000000e+03
1.700000000000000000e+03
1.691000000000000000e+03
1.728000000000000000e+03
1.706000000000000000e+03
1.688000000000000000e+03
1.693000000000000000e+03
1.758000000000000000e+03
1.717000000000000000e+03
1.720000000000000000e+03
1.724000000000000000e+03
1.815000000000000000e+03
1.748000000000000000e+03
1.755000000000000000e+03
1.753000000000000000e+03
1.729000000000000000e+03
1.787000000000000000e+03
1.745000000000000000e+03
1.723000000000000000e+03
1.786000000000000000e+03
1.746000000000000000e+03
1.742000000000000000e+03
1.782000000000000000e+03
1.731000000000000000e+03
1.788000000000000000e+03
1.781000000000000000e+03
1.844000000000000000e+03
1.804000000000000000e+03
1.822000000000000000e+03
1.825000000000000000e+03
1.787000000000000000e+03
1.828000000000000000e+03
1.820000000000000000e+03
1.809000000000000000e+03
1.815000000000000000e+03
1.851000000000000000e+03
1.809000000000000000e+03
1.836000000000000000e+03
1.843000000000000000e+03
1.839000000000000000e+03
1.874000000000000000e+03
1.831000000000000000e+03
1.853000000000000000e+03
1.814000000000000000e+03
1.910000000000000000e+03
1.812000000000000000e+03
1.879000000000000000e+03
1.935000000000000000e+03
1.884000000000000000e+03
1.880000000000000000e+03
1.845000000000000000e+03
1.883000000000000000e+03
1.875000000000000000e+03
1.888000000000000000e+03
1.929000000000000000e+03
1.943000000000000000e+03
1.907000000000000000e+03
1.918000000000000000e+03
1.917000000000000000e+03
1.943000000000000000e+03
1.950000000000000000e+03
1.919000000000000000e+03
1.960000000000000000e+03
2.046000000000000000e+03
2.003000000000000000e+03
1.977000000000000000e+03
2.026000000000000000e+03
2.001000000000000000e+03
2.060000000000000000e+03
2.019000000000000000e+03
1.978000000000000000e+03
2.064000000000000000e+03
2.011000000000000000e+03
2.021000000000000000e+03
2.087000000000000000e+03
2.105000000000000000e+03
2.077000000000000000e+03
2.099000000000000000e+03
2.118000000000000000e+03
2.139000000000000000e+03
2.147000000000000000e+03
2.142000000000000000e+03
2.126000000000000000e+03
2.197000000000000000e+03
2.178000000000000000e+03
2.183000000000000000e+03
2.157000000000000000e+03
2.145000000000000000e+03
2.190000000000000000e+03
2.237000000000000000e+03
2.139000000000000000e+03
2.255000000000000000e+03
2.251000000000000000e+03
2.204000000000000000e+03
2.279000000000000000e+03
2.254000000000000000e+03
2.275000000000000000e+03
2.263000000000000000e+03
2.276000000000000000e+03
2.339000000000000000e+03
2.345000000000000000e+03
2.338000000000000000e+03
2.339000000000000000e+03
2.328000000000000000e+03
2.402000000000000000e+03
2.367000000000000000e+03
2.381000000000000000e+03
2.335000000000000000e+03
2.437000000000000000e+03
2.384000000000000000e+03
2.367000000000000000e+03
2.443000000000000000e+03
2.554000000000000000e+03
2.458000000000000000e+03
2.433000000000000000e+03
2.506000000000000000e+03
2.458000000000000000e+03
2.497000000000000000e+03
2.489000000000000000e+03
2.526000000000000000e+03
2.492000000000000000e+03
2.481000000000000000e+03
2.534000000000000000e+03
2.539000000000000000e+03
2.521000000000000000e+03
2.584000000000000000e+03
2.538000000000000000e+03
2.601000000000000000e+03
2.583000000000000000e+03
2.575000000000000000e+03
2.573000000000000000e+03
2.565000000000000000e+03
2.663000000000000000e+03
2.587000000000000000e+03
2.622000000000000000e+03
2.615000000000000000e+03
2.663000000000000000e+03
2.707000000000000000e+03
2.682000000000000000e+03
2.629000000000000000e+03
2.730000000000000000e+03
2.683000000000000000e+03
2.655000000000000000e+03
2.688000000000000000e+03
2.906000000000000000e+03
3.172000000000000000e+03
2.978000000000000000e+03
2.755000000000000000e+03
2.680000000000000000e+03
2.712000000000000000e+03
2.736000000000000000e+03
2.705000000000000000e+03
2.874000000000000000e+03
2.760000000000000000e+03
2.741000000000000000e+03
2.776000000000000000e+03
2.742000000000000000e+03
2.821000000000000000e+03
2.772000000000000000e+03
2.807000000000000000e+03
2.857000000000000000e+03
2.904000000000000000e+03
2.879000000000000000e+03
2.848000000000000000e+03
2.822000000000000000e+03
2.858000000000000000e+03
2.892000000000000000e+03
2.878000000000000000e+03
2.869000000000000000e+03
2.829000000000000000e+03
2.949000000000000000e+03
2.940000000000000000e+03
2.977000000000000000e+03
2.914000000000000000e+03
3.023000000000000000e+03
2.930000000000000000e+03
2.972000000000000000e+03
3.002000000000000000e+03
3.053000000000000000e+03
3.050000000000000000e+03
2.993000000000000000e+03
3.060000000000000000e+03
3.092000000000000000e+03
3.146000000000000000e+03
3.120000000000000000e+03
3.186000000000000000e+03
3.117000000000000000e+03
3.156000000000000000e+03
3.149000000000000000e+03
3.140000000000000000e+03
3.197000000000000000e+03
3.154000000000000000e+03
3.229000000000000000e+03
3.207000000000000000e+03
3.244000000000000000e+03
3.203000000000000000e+03
3.220000000000000000e+03
3.278000000000000000e+03
3.314000000000000000e+03
3.264000000000000000e+03
3.379000000000000000e+03
3.369000000000000000e+03
3.353000000000000000e+03
3.425000000000000000e+03
3.352000000000000000e+03
3.355000000000000000e+03
3.402000000000000000e+03
3.467000000000000000e+03
3.390000000000000000e+03
3.469000000000000000e+03
3.470000000000000000e+03
3.424000000000000000e+03
3.510000000000000000e+03
3.572000000000000000e+03
3.487000000000000000e+03
3.504000000000000000e+03
3.621000000000000000e+03
3.621000000000000000e+03
3.632000000000000000e+03
3.622000000000000000e+03
3.609000000000000000e+03
3.643000000000000000e+03
3.711000000000000000e+03
3.632000000000000000e+03
3.616000000000000000e+03
3.571000000000000000e+03
3.682000000000000000e+03
3.714000000000000000e+03
3.953000000000000000e+03
3.665000000000000000e+03
3.614000000000000000e+03
3.712000000000000000e+03
3.741000000000000000e+03
3.647000000000000000e+03
3.670000000000000000e+03
3.676000000000000000e+03
3.740000000000000000e+03
3.759000000000000000e+03
3.727000000000000000e+03
3.700000000000000000e+03
3.752000000000000000e+03
3.725000000000000000e+03
3.742000000000000000e+03
3.715000000000000000e+03
3.724000000000000000e+03
3.716000000000000000e+03
3.755000000000000000e+03
3.796000000000000000e+03
3.755000000000000000e+03
3.828000000000000000e+03
3.780000000000000000e+03
3.830000000000000000e+03
3.825000000000000000e+03
3.790000000000000000e+03
3.844000000000000000e+03
3.832000000000000000e+03
3.817000000000000000e+03
3.810000000000000000e+03
3.824000000000000000e+03
3.812000000000000000e+03
3.825000000000000000e+03
3.831000000000000000e+03
3.860000000000000000e+03
3.905000000000000000e+03
3.892000000000000000e+03
3.883000000000000000e+03
3.867000000000000000e+03
3.901000000000000000e+03
3.891000000000000000e+03
3.844000000000000000e+03
3.914000000000000000e+03
3.899000000000000000e+03
3.895000000000000000e+03
3.966000000000000000e+03
3.956000000000000000e+03
3.908000000000000000e+03
3.919000000000000000e+03
3.938000000000000000e+03
3.993000000000000000e+03
3.908000000000000000e+03
3.997000000000000000e+03
3.931000000000000000e+03
3.925000000000000000e+03
4.106000000000000000e+03
3.916000000000000000e+03
3.923000000000000000e+03
4.010000000000000000e+03
3.983000000000000000e+03
3.901000000000000000e+03
3.837000000000000000e+03
3.915000000000000000e+03
3.929000000000000000e+03
3.927000000000000000e+03
4.051000000000000000e+03
3.966000000000000000e+03
3.950000000000000000e+03
3.927000000000000000e+03
3.906000000000000000e+03
3.887000000000000000e+03
3.892000000000000000e+03
3.885000000000000000e+03
3.895000000000000000e+03
3.993000000000000000e+03
3.967000000000000000e+03
3.996000000000000000e+03
4.039000000000000000e+03
4.015000000000000000e+03
3.922000000000000000e+03
3.986000000000000000e+03
3.952000000000000000e+03
3.974000000000000000e+03
3.987000000000000000e+03
3.972000000000000000e+03
4.004000000000000000e+03
3.929000000000000000e+03
4.004000000000000000e+03
3.942000000000000000e+03
3.925000000000000000e+03
4.016000000000000000e+03
3.955000000000000000e+03
4.008000000000000000e+03
3.964000000000000000e+03
4.066000000000000000e+03
4.004000000000000000e+03
3.983000000000000000e+03
3.992000000000000000e+03
3.992000000000000000e+03
4.001000000000000000e+03
4.072000000000000000e+03
4.019000000000000000e+03
4.009000000000000000e+03
4.032000000000000000e+03
4.030000000000000000e+03
4.016000000000000000e+03
4.047000000000000000e+03
4.067000000000000000e+03
3.980000000000000000e+03
4.088000000000000000e+03
4.120000000000000000e+03
4.106000000000000000e+03
4.131000000000000000e+03
3.989000000000000000e+03
4.112000000000000000e+03
4.060000000000000000e+03
4.145000000000000000e+03
4.083000000000000000e+03
4.207000000000000000e+03
4.064000000000000000e+03
4.128000000000000000e+03
4.099000000000000000e+03
4.147000000000000000e+03
4.091000000000000000e+03
4.129000000000000000e+03
4.112000000000000000e+03
4.179000000000000000e+03
4.195000000000000000e+03
4.215000000000000000e+03
4.158000000000000000e+03
4.248000000000000000e+03
4.151000000000000000e+03
4.170000000000000000e+03
4.207000000000000000e+03
4.148000000000000000e+03
4.157000000000000000e+03
4.206000000000000000e+03
4.148000000000000000e+03
4.211000000000000000e+03
4.153000000000000000e+03
4.199000000000000000e+03
4.153000000000000000e+03
4.241000000000000000e+03
4.127000000000000000e+03
4.302000000000000000e+03
4.178000000000000000e+03
4.267000000000000000e+03
4.218000000000000000e+03
4.218000000000000000e+03
4.297000000000000000e+03
4.249000000000000000e+03
4.278000000000000000e+03
4.293000000000000000e+03
4.193000000000000000e+03
4.339000000000000000e+03
4.294000000000000000e+03
4.265000000000000000e+03
4.238000000000000000e+03
4.214000000000000000e+03
4.222000000000000000e+03
4.300000000000000000e+03
4.331000000000000000e+03
4.313000000000000000e+03
4.312000000000000000e+03
4.265000000000000000e+03
4.309000000000000000e+03
4.330000000000000000e+03
4.303000000000000000e+03
4.353000000000000000e+03
4.291000000000000000e+03
4.406000000000000000e+03
4.293000000000000000e+03
4.382000000000000000e+03
4.263000000000000000e+03
4.255000000000000000e+03
4.304000000000000000e+03
4.310000000000000000e+03
4.337000000000000000e+03
4.346000000000000000e+03
4.318000000000000000e+03
4.328000000000000000e+03
4.256000000000000000e+03
4.395000000000000000e+03
4.317000000000000000e+03
4.357000000000000000e+03
4.332000000000000000e+03
4.269000000000000000e+03
4.327000000000000000e+03
4.231000000000000000e+03
4.375000000000000000e+03
4.309000000000000000e+03
4.318000000000000000e+03
4.239000000000000000e+03
4.299000000000000000e+03
4.334000000000000000e+03
4.286000000000000000e+03
4.333000000000000000e+03
4.283000000000000000e+03
4.162000000000000000e+03
4.237000000000000000e+03
4.300000000000000000e+03
4.247000000000000000e+03
4.267000000000000000e+03
4.297000000000000000e+03
4.266000000000000000e+03
4.284000000000000000e+03
4.238000000000000000e+03
4.302000000000000000e+03
4.258000000000000000e+03
4.240000000000000000e+03
4.273000000000000000e+03
4.288000000000000000e+03
4.188000000000000000e+03
4.181000000000000000e+03
4.272000000000000000e+03
4.098000000000000000e+03
4.204000000000000000e+03
4.268000000000000000e+03
4.246000000000000000e+03
4.129000000000000000e+03
4.129000000000000000e+03
4.128000000000000000e+03
4.173000000000000000e+03
4.232000000000000000e+03
4.222000000000000000e+03
4.138000000000000000e+03
4.184000000000000000e+03
4.110000000000000000e+03
4.204000000000000000e+03
4.205000000000000000e+03
4.185000000000000000e+03
4.181000000000000000e+03
4.120000000000000000e+03
4.148000000000000000e+03
4.214000000000000000e+03
4.110000000000000000e+03
4.091000000000000000e+03
4.113000000000000000e+03
4.048000000000000000e+03
4.056000000000000000e+03
4.020000000000000000e+03
3.999000000000000000e+03
3.983000000000000000e+03
4.001000000000000000e+03
4.021000000000000000e+03
4.121000000000000000e+03
3.982000000000000000e+03
4.079000000000000000e+03
3.974000000000000000e+03
4.075000000000000000e+03
4.014000000000000000e+03
4.069000000000000000e+03
3.874000000000000000e+03
3.973000000000000000e+03
3.951000000000000000e+03
3.896000000000000000e+03
3.931000000000000000e+03
3.908000000000000000e+03
3.915000000000000000e+03
3.838000000000000000e+03
3.897000000000000000e+03
3.883000000000000000e+03
3.812000000000000000e+03
3.910000000000000000e+03
3.836000000000000000e+03
3.807000000000000000e+03
3.862000000000000000e+03
3.788000000000000000e+03
3.793000000000000000e+03
3.904000000000000000e+03
3.846000000000000000e+03
3.820000000000000000e+03
3.800000000000000000e+03
3.739000000000000000e+03
3.792000000000000000e+03
3.761000000000000000e+03
3.765000000000000000e+03
3.805000000000000000e+03
3.803000000000000000e+03
3.789000000000000000e+03
3.818000000000000000e+03
3.755000000000000000e+03
3.682000000000000000e+03
3.742000000000000000e+03
3.698000000000000000e+03
3.676000000000000000e+03
3.710000000000000000e+03
3.669000000000000000e+03
3.749000000000000000e+03
3.681000000000000000e+03
3.705000000000000000e+03
3.736000000000000000e+03
3.714000000000000000e+03
3.615000000000000000e+03
3.679000000000000000e+03
3.699000000000000000e+03
3.688000000000000000e+03
3.616000000000000000e+03
3.675000000000000000e+03
3.611000000000000000e+03
3.746000000000000000e+03
3.597000000000000000e+03
3.633000000000000000e+03
3.642000000000000000e+03
3.659000000000000000e+03
3.696000000000000000e+03
3.678000000000000000e+03
3.590000000000000000e+03
3.657000000000000000e+03
3.659000000000000000e+03
3.617000000000000000e+03
3.612000000000000000e+03
3.641000000000000000e+03
3.727000000000000000e+03
3.694000000000000000e+03
3.603000000000000000e+03
3.532000000000000000e+03
3.591000000000000000e+03
3.659000000000000000e+03
3.596000000000000000e+03
3.555000000000000000e+03
3.496000000000000000e+03
3.515000000000000000e+03
3.539000000000000000e+03
3.632000000000000000e+03
3.554000000000000000e+03
3.605000000000000000e+03
3.482000000000000000e+03
3.519000000000000000e+03
3.557000000000000000e+03
3.537000000000000000e+03
3.498000000000000000e+03
3.520000000000000000e+03
3.519000000000000000e+03
3.498000000000000000e+03
3.462000000000000000e+03
3.544000000000000000e+03
3.436000000000000000e+03
3.490000000000000000e+03
3.453000000000000000e+03
3.436000000000000000e+03
3.453000000000000000e+03
3.437000000000000000e+03
3.448000000000000000e+03
3.438000000000000000e+03
3.437000000000000000e+03
3.463000000000000000e+03
3.394000000000000000e+03
3.409000000000000000e+03
3.436000000000000000e+03
3.447000000000000000e+03
3.447000000000000000e+03
3.425000000000000000e+03
3.403000000000000000e+03
3.337000000000000000e+03
3.331000000000000000e+03
3.414000000000000000e+03
3.278000000000000000e+03
3.403000000000000000e+03
3.355000000000000000e+03
3.379000000000000000e+03
3.416000000000000000e+03
3.296000000000000000e+03
3.330000000000000000e+03
3.326000000000000000e+03
3.339000000000000000e+03
3.368000000000000000e+03
3.304000000000000000e+03
3.396000000000000000e+03
3.321000000000000000e+03
3.374000000000000000e+03
3.332000000000000000e+03
3.320000000000000000e+03
3.292000000000000000e+03
3.271000000000000000e+03
3.300000000000000000e+03
3.284000000000000000e+03
3.269000000000000000e+03
3.252000000000000000e+03
3.246000000000000000e+03
3.225000000000000000e+03
3.261000000000000000e+03
3.187000000000000000e+03
3.245000000000000000e+03
3.233000000000000000e+03
3.155000000000000000e+03
3.266000000000000000e+03
3.198000000000000000e+03
3.194000000000000000e+03
3.191000000000000000e+03
3.162000000000000000e+03
3.165000000000000000e+03
3.116000000000000000e+03
3.177000000000000000e+03
3.167000000000000000e+03
3.177000000000000000e+03
3.090000000000000000e+03
3.144000000000000000e+03
3.162000000000000000e+03
3.134000000000000000e+03
3.095000000000000000e+03
3.161000000000000000e+03
3.156000000000000000e+03
3.080000000000000000e+03
3.100000000000000000e+03
3.090000000000000000e+03
3.078000000000000000e+03
3.068000000000000000e+03
3.076000000000000000e+03
3.004000000000000000e+03
3.028000000000000000e+03
3.261000000000000000e+03
2.969000000000000000e+03
3.041000000000000000e+03
2.981000000000000000e+03
2.984000000000000000e+03
2.943000000000000000e+03
2.990000000000000000e+03
2.918000000000000000e+03
2.951000000000000000e+03
2.924000000000000000e+03
2.963000000000000000e+03
3.044000000000000000e+03
2.957000000000000000e+03
2.870000000000000000e+03
2.908000000000000000e+03
2.875000000000000000e+03
2.813000000000000000e+03
2.851000000000000000e+03
2.880000000000000000e+03
2.876000000000000000e+03
2.854000000000000000e+03
2.815000000000000000e+03
2.863000000000000000e+03
2.817000000000000000e+03
2.808000000000000000e+03
2.805000000000000000e+03
2.811000000000000000e+03
2.778000000000000000e+03
2.715000000000000000e+03
2.748000000000000000e+03
2.766000000000000000e+03
2.758000000000000000e+03
2.705000000000000000e+03
2.726000000000000000e+03
2.729000000000000000e+03
2.709000000000000000e+03
2.665000000000000000e+03
2.651000000000000000e+03
2.636000000000000000e+03
2.650000000000000000e+03
2.667000000000000000e+03
2.602000000000000000e+03
2.570000000000000000e+03
2.648000000000000000e+03
2.565000000000000000e+03
2.551000000000000000e+03
2.560000000000000000e+03
2.557000000000000000e+03
2.593000000000000000e+03
2.567000000000000000e+03
2.551000000000000000e+03
2.545000000000000000e+03
2.586000000000000000e+03
2.527000000000000000e+03
2.454000000000000000e+03
2.467000000000000000e+03
2.482000000000000000e+03
2.516000000000000000e+03
2.446000000000000000e+03
2.476000000000000000e+03
2.430000000000000000e+03
2.484000000000000000e+03
2.448000000000000000e+03
2.453000000000000000e+03
2.421000000000000000e+03
2.460000000000000000e+03
2.396000000000000000e+03
2.392000000000000000e+03
2.387000000000000000e+03
2.386000000000000000e+03
2.420000000000000000e+03
2.332000000000000000e+03
2.368000000000000000e+03
2.406000000000000000e+03
2.348000000000000000e+03
2.368000000000000000e+03
2.336000000000000000e+03
2.305000000000000000e+03
2.332000000000000000e+03
2.329000000000000000e+03
2.301000000000000000e+03
2.325000000000000000e+03
2.310000000000000000e+03
2.276000000000000000e+03
