1.603000000000000000e+03
1.619000000000000000e+03
1.620000000000000000e+03
1.597000000000000000e+03
1.631000000000000000e+03
1.586000000000000000e+03
1.618000000000000000e+03
1.592000000000000000e+03
1.647000000000000000e+03
1.666000000000000000e+03
1.685000000000000000e+03
1.676000000000000000e+03
1.652000000000000000e+03
1.635000000000000000e+03
1.740000000000000000e+03
1.722000000000000000e+03
1.668000000000000000e+03
1.692000000000000000e+03
1.710000000000000000e+03
1.725000000000000000e+03
1.660000000000000000e+03
1.700000000000000000e+03
1.740000000000000000e+03
1.761000000000000000e+03
1.690000000000000000e+03
1.764000000000000000e+03
1.737000000000000000e+03
1.737000000000000000e+03
1.766000000000000000e+03
1.761000000000000000e+03
1.748000000000000000e+03
1.719000000000000000e+03
1.742000000000000000e+03
1.764000000000000000e+03
1.746000000000000000e+03
1.804000000000000000e+03
1.795000000000000000e+03
1.761000000000000000e+03
1.792000000000000000e+03
1.764000000000000000e+03
1.872000000000000000e+03
1.803000000000000000e+03
1.855000000000000000e+03
1.781000000000000000e+03
1.825000000000000000e+03
1.832000000000000000e+03
1.882000000000000000e+03
1.874000000000000000e+03
1.822000000000000000e+03
1.855000000000000000e+03
1.857000000000000000e+03
1.868000000000000000e+03
1.861000000000000000e+03
1.852000000000000000e+03
1.878000000000000000e+03
1.906000000000000000e+03
1.884000000000000000e+03
1.847000000000000000e+03
1.913000000000000000e+03
1.901000000000000000e+03
1.904000000000000000e+03
1.905000000000000000e+03
1.915000000000000000e+03
1.871000000000000000e+03
1.902000000000000000e+03
1.912000000000000000e+03
1.971000000000000000e+03
1.994000000000000000e+03
1.886000000000000000e+03
1.897000000000000000e+03
1.945000000000000000e+03
1.935000000000000000e+03
1.928000000000000000e+03
1.924000000000000000e+03
1.919000000000000000e+03
1.934000000000000000e+03
1.943000000000000000e+03
1.941000000000000000e+03
1.989000000000000000e+03
1.998000000000000000e+03
1.964000000000000000e+03
1.990000000000000000e+03
1.986000000000000000e+03
1.990000000000000000e+03
2.016000000000000000e+03
1.989000000000000000e+03
2.000000000000000000e+03
2.024000000000000000e+03
2.029000000000000000e+03
2.041000000000000000e+03
2.015000000000000000e+03
2.049000000000000000e+03
2.008000000000000000e+03
2.050000000000000000e+03
2.067000000000000000e+03
2.026000000000000000e+03
2.046000000000000000e+03
2.096000000000000000e+03
2.065000000000000000e+03
2.062000000000000000e+03
2.085000000000000000e+03
2.093000000000000000e+03
2.160000000000000000e+03
2.071000000000000000e+03
2.104000000000000000e+03
2.131000000000000000e+03
2.126000000000000000e+03
2.137000000000000000e+03
2.166000000000000000e+03
2.145000000000000000e+03
2.183000000000000000e+03
2.169000000000000000e+03
2.198000000000000000e+03
2.225000000000000000e+03
2.195000000000000000e+03
2.254000000000000000e+03
2.219000000000000000e+03
2.248000000000000000e+03
2.283000000000000000e+03
2.271000000000000000e+03
2.273000000000000000e+03
2.294000000000000000e+03
2.276000000000000000e+03
2.271000000000000000e+03
2.379000000000000000e+03
2.334000000000000000e+03
2.397000000000000000e+03
2.308000000000000000e+03
2.322000000000000000e+03
2.306000000000000000e+03
2.348000000000000000e+03
2.383000000000000000e+03
2.380000000000000000e+03
2.429000000000000000e+03
2.437000000000000000e+03
2.460000000000000000e+03
2.419000000000000000e+03
2.432000000000000000e+03
2.518000000000000000e+03
2.543000000000000000e+03
2.509000000000000000e+03
2.502000000000000000e+03
2.508000000000000000e+03
2.561000000000000000e+03
2.578000000000000000e+03
2.586000000000000000e+03
2.564000000000000000e+03
2.557000000000000000e+03
2.566000000000000000e+03
2.640000000000000000e+03
2.564000000000000000e+03
2.616000000000000000e+03
2.579000000000000000e+03
2.677000000000000000e+03
2.665000000000000000e+03
2.648000000000000000e+03
2.649000000000000000e+03
2.706000000000000000e+03
2.710000000000000000e+03
2.655000000000000000e+03
2.665000000000000000e+03
2.702000000000000000e+03
2.740000000000000000e+03
2.668000000000000000e+03
2.762000000000000000e+03
2.746000000000000000e+03
2.769000000000000000e+03
2.769000000000000000e+03
2.744000000000000000e+03
2.736000000000000000e+03
2.788000000000000000e+03
2.759000000000000000e+03
2.778000000000000000e+03
2.845000000000000000e+03
2.912000000000000000e+03
2.857000000000000000e+03
2.810000000000000000e+03
2.868000000000000000e+03
2.847000000000000000e+03
2.848000000000000000e+03
2.875000000000000000e+03
2.881000000000000000e+03
2.845000000000000000e+03
2.914000000000000000e+03
2.985000000000000000e+03
3.315000000000000000e+03
3.419000000000000000e+03
3.050000000000000000e+03
2.948000000000000000e+03
2.962000000000000000e+03
3.023000000000000000e+03
3.014000000000000000e+03
2.940000000000000000e+03
3.008000000000000000e+03
2.977000000000000000e+03
3.027000000000000000e+03
3.012000000000000000e+03
2.964000000000000000e+03
2.981000000000000000e+03
2.975000000000000000e+03
3.034000000000000000e+03
3.064000000000000000e+03
3.088000000000000000e+03
3.042000000000000000e+03
3.079000000000000000e+03
3.032000000000000000e+03
3.088000000000000000e+03
3.181000000000000000e+03
3.149000000000000000e+03
3.154000000000000000e+03
3.097000000000000000e+03
3.169000000000000000e+03
3.159000000000000000e+03
3.166000000000000000e+03
3.152000000000000000e+03
3.255000000000000000e+03
3.283000000000000000e+03
3.231000000000000000e+03
3.276000000000000000e+03
3.257000000000000000e+03
3.383000000000000000e+03
3.287000000000000000e+03
3.358000000000000000e+03
3.373000000000000000e+03
3.331000000000000000e+03
3.315000000000000000e+03
3.378000000000000000e+03
3.388000000000000000e+03
3.394000000000000000e+03
3.446000000000000000e+03
3.367000000000000000e+03
3.385000000000000000e+03
3.440000000000000000e+03
3.505000000000000000e+03
3.464000000000000000e+03
3.530000000000000000e+03
3.503000000000000000e+03
3.640000000000000000e+03
3.559000000000000000e+03
3.536000000000000000e+03
3.632000000000000000e+03
3.571000000000000000e+03
3.628000000000000000e+03
3.683000000000000000e+03
3.673000000000000000e+03
3.704000000000000000e+03
3.683000000000000000e+03
3.656000000000000000e+03
3.694000000000000000e+03
3.719000000000000000e+03
3.740000000000000000e+03
3.783000000000000000e+03
3.836000000000000000e+03
3.785000000000000000e+03
3.814000000000000000e+03
3.784000000000000000e+03
3.839000000000000000e+03
3.893000000000000000e+03
3.906000000000000000e+03
3.908000000000000000e+03
3.952000000000000000e+03
3.942000000000000000e+03
3.947000000000000000e+03
4.080000000000000000e+03
4.013000000000000000e+03
3.900000000000000000e+03
3.920000000000000000e+03
4.018000000000000000e+03
3.928000000000000000e+03
4.010000000000000000e+03
3.929000000000000000e+03
3.964000000000000000e+03
3.977000000000000000e+03
4.028000000000000000e+03
4.060000000000000000e+03
3.946000000000000000e+03
4.040000000000000000e+03
4.091000000000000000e+03
4.016000000000000000e+03
4.129000000000000000e+03
4.088000000000000000e+03
4.000000000000000000e+03
4.083000000000000000e+03
3.997000000000000000e+03
4.139000000000000000e+03
4.052000000000000000e+03
4.152000000000000000e+03
4.203000000000000000e+03
4.203000000000000000e+03
4.114000000000000000e+03
4.120000000000000000e+03
4.136000000000000000e+03
4.087000000000000000e+03
4.199000000000000000e+03
4.133000000000000000e+03
4.185000000000000000e+03
4.160000000000000000e+03
4.239000000000000000e+03
4.162000000000000000e+03
4.103000000000000000e+03
4.154000000000000000e+03
4.185000000000000000e+03
4.187000000000000000e+03
4.265000000000000000e+03
4.271000000000000000e+03
4.228000000000000000e+03
4.234000000000000000e+03
4.163000000000000000e+03
4.234000000000000000e+03
4.278000000000000000e+03
4.268000000000000000e+03
4.221000000000000000e+03
4.206000000000000000e+03
4.260000000000000000e+03
4.220000000000000000e+03
4.281000000000000000e+03
4.191000000000000000e+03
4.260000000000000000e+03
4.209000000000000000e+03
4.281000000000000000e+03
4.230000000000000000e+03
4.274000000000000000e+03
4.337000000000000000e+03
4.291000000000000000e+03
4.342000000000000000e+03
4.260000000000000000e+03
4.297000000000000000e+03
4.270000000000000000e+03
4.322000000000000000e+03
4.261000000000000000e+03
4.297000000000000000e+03
4.247000000000000000e+03
4.301000000000000000e+03
4.244000000000000000e+03
4.322000000000000000e+03
4.258000000000000000e+03
4.302000000000000000e+03
4.255000000000000000e+03
4.245000000000000000e+03
4.321000000000000000e+03
4.273000000000000000e+03
4.281000000000000000e+03
4.310000000000000000e+03
4.235000000000000000e+03
4.299000000000000000e+03
4.243000000000000000e+03
4.342000000000000000e+03
4.293000000000000000e+03
4.299000000000000000e+03
4.279000000000000000e+03
4.350000000000000000e+03
4.349000000000000000e+03
4.282000000000000000e+03
4.259000000000000000e+03
4.247000000000000000e+03
4.480000000000000000e+03
4.347000000000000000e+03
4.305000000000000000e+03
4.283000000000000000e+03
4.362000000000000000e+03
4.288000000000000000e+03
4.322000000000000000e+03
4.394000000000000000e+03
4.362000000000000000e+03
4.312000000000000000e+03
4.360000000000000000e+03
4.308000000000000000e+03
4.385000000000000000e+03
4.308000000000000000e+03
4.380000000000000000e+03
4.377000000000000000e+03
4.417000000000000000e+03
4.398000000000000000e+03
4.425000000000000000e+03
4.417000000000000000e+03
4.475000000000000000e+03
4.535000000000000000e+03
4.432000000000000000e+03
4.383000000000000000e+03
4.431000000000000000e+03
4.411000000000000000e+03
4.463000000000000000e+03
4.501000000000000000e+03
4.487000000000000000e+03
4.426000000000000000e+03
4.438000000000000000e+03
4.490000000000000000e+03
4.547000000000000000e+03
4.483000000000000000e+03
4.481000000000000000e+03
4.532000000000000000e+03
4.484000000000000000e+03
4.539000000000000000e+03
4.559000000000000000e+03
4.483000000000000000e+03
4.469000000000000000e+03
4.497000000000000000e+03
4.482000000000000000e+03
4.531000000000000000e+03
4.647000000000000000e+03
4.534000000000000000e+03
4.563000000000000000e+03
4.552000000000000000e+03
4.546000000000000000e+03
4.543000000000000000e+03
4.552000000000000000e+03
4.554000000000000000e+03
4.569000000000000000e+03
4.580000000000000000e+03
4.575000000000000000e+03
4.520000000000000000e+03
4.577000000000000000e+03
4.615000000000000000e+03
4.528000000000000000e+03
4.567000000000000000e+03
4.764000000000000000e+03
4.627000000000000000e+03
4.627000000000000000e+03
4.640000000000000000e+03
4.671000000000000000e+03
4.633000000000000000e+03
4.674000000000000000e+03
4.670000000000000000e+03
4.693000000000000000e+03
4.634000000000000000e+03
4.707000000000000000e+03
4.649000000000000000e+03
4.697000000000000000e+03
4.674000000000000000e+03
4.633000000000000000e+03
4.638000000000000000e+03
4.763000000000000000e+03
4.679000000000000000e+03
4.709000000000000000e+03
4.667000000000000000e+03
4.732000000000000000e+03
4.747000000000000000e+03
4.675000000000000000e+03
4.699000000000000000e+03
4.643000000000000000e+03
4.720000000000000000e+03
4.695000000000000000e+03
4.619000000000000000e+03
4.707000000000000000e+03
4.691000000000000000e+03
4.721000000000000000e+03
4.754000000000000000e+03
4.766000000000000000e+03
4.671000000000000000e+03
4.759000000000000000e+03
4.658000000000000000e+03
4.685000000000000000e+03
4.717000000000000000e+03
4.643000000000000000e+03
4.703000000000000000e+03
4.740000000000000000e+03
4.667000000000000000e+03
4.663000000000000000e+03
4.754000000000000000e+03
4.727000000000000000e+03
4.716000000000000000e+03
4.634000000000000000e+03
4.631000000000000000e+03
4.704000000000000000e+03
4.746000000000000000e+03
4.624000000000000000e+03
4.612000000000000000e+03
4.782000000000000000e+03
4.628000000000000000e+03
4.656000000000000000e+03
4.684000000000000000e+03
4.605000000000000000e+03
4.593000000000000000e+03
4.668000000000000000e+03
4.633000000000000000e+03
4.576000000000000000e+03
4.626000000000000000e+03
4.523000000000000000e+03
4.740000000000000000e+03
4.582000000000000000e+03
4.492000000000000000e+03
4.492000000000000000e+03
4.646000000000000000e+03
4.589000000000000000e+03
4.540000000000000000e+03
4.565000000000000000e+03
4.548000000000000000e+03
4.528000000000000000e+03
4.654000000000000000e+03
4.481000000000000000e+03
4.499000000000000000e+03
4.589000000000000000e+03
4.504000000000000000e+03
4.512000000000000000e+03
4.542000000000000000e+03
4.563000000000000000e+03
4.538000000000000000e+03
4.552000000000000000e+03
4.564000000000000000e+03
4.556000000000000000e+03
4.515000000000000000e+03
4.569000000000000000e+03
4.500000000000000000e+03
4.572000000000000000e+03
4.380000000000000000e+03
4.423000000000000000e+03
4.355000000000000000e+03
4.501000000000000000e+03
4.417000000000000000e+03
4.376000000000000000e+03
4.387000000000000000e+03
4.390000000000000000e+03
4.331000000000000000e+03
4.382000000000000000e+03
4.408000000000000000e+03
4.451000000000000000e+03
4.292000000000000000e+03
4.359000000000000000e+03
4.348000000000000000e+03
4.357000000000000000e+03
4.347000000000000000e+03
4.305000000000000000e+03
4.342000000000000000e+03
4.240000000000000000e+03
4.258000000000000000e+03
4.266000000000000000e+03
4.262000000000000000e+03
4.241000000000000000e+03
4.225000000000000000e+03
4.253000000000000000e+03
4.225000000000000000e+03
4.221000000000000000e+03
4.183000000000000000e+03
4.251000000000000000e+03
4.166000000000000000e+03
4.163000000000000000e+03
4.242000000000000000e+03
4.210000000000000000e+03
4.098000000000000000e+03
4.197000000000000000e+03
4.150000000000000000e+03
4.105000000000000000e+03
4.117000000000000000e+03
4.085000000000000000e+03
4.131000000000000000e+03
4.189000000000000000e+03
4.067000000000000000e+03
4.054000000000000000e+03
4.134000000000000000e+03
4.010000000000000000e+03
4.031000000000000000e+03
4.055000000000000000e+03
4.072000000000000000e+03
4.013000000000000000e+03
4.161000000000000000e+03
4.066000000000000000e+03
4.031000000000000000e+03
4.057000000000000000e+03
4.042000000000000000e+03
4.018000000000000000e+03
4.029000000000000000e+03
4.059000000000000000e+03
3.971000000000000000e+03
4.012000000000000000e+03
4.013000000000000000e+03
4.022000000000000000e+03
3.974000000000000000e+03
3.931000000000000000e+03
4.004000000000000000e+03
3.982000000000000000e+03
3.945000000000000000e+03
3.980000000000000000e+03
4.055000000000000000e+03
4.012000000000000000e+03
3.897000000000000000e+03
3.951000000000000000e+03
3.940000000000000000e+03
3.938000000000000000e+03
3.977000000000000000e+03
3.982000000000000000e+03
3.923000000000000000e+03
3.869000000000000000e+03
3.944000000000000000e+03
3.970000000000000000e+03
3.920000000000000000e+03
3.926000000000000000e+03
3.938000000000000000e+03
3.852000000000000000e+03
3.893000000000000000e+03
3.928000000000000000e+03
3.889000000000000000e+03
3.872000000000000000e+03
3.820000000000000000e+03
3.914000000000000000e+03
3.913000000000000000e+03
3.798000000000000000e+03
3.829000000000000000e+03
3.893000000000000000e+03
3.805000000000000000e+03
3.775000000000000000e+03
3.789000000000000000e+03
3.802000000000000000e+03
3.806000000000000000e+03
3.799000000000000000e+03
3.823000000000000000e+03
3.870000000000000000e+03
3.749000000000000000e+03
3.840000000000000000e+03
3.779000000000000000e+03
3.702000000000000000e+03
3.769000000000000000e+03
3.778000000000000000e+03
3.729000000000000000e+03
3.691000000000000000e+03
3.725000000000000000e+03
3.739000000000000000e+03
3.684000000000000000e+03
3.742000000000000000e+03
3.710000000000000000e+03
3.722000000000000000e+03
3.683000000000000000e+03
3.680000000000000000e+03
3.752000000000000000e+03
3.637000000000000000e+03
3.580000000000000000e+03
3.662000000000000000e+03
3.708000000000000000e+03
3.665000000000000000e+03
3.606000000000000000e+03
3.660000000000000000e+03
3.624000000000000000e+03
3.636000000000000000e+03
3.635000000000000000e+03
3.568000000000000000e+03
3.589000000000000000e+03
3.537000000000000000e+03
3.673000000000000000e+03
3.623000000000000000e+03
3.525000000000000000e+03
3.591000000000000000e+03
3.611000000000000000e+03
3.554000000000000000e+03
3.562000000000000000e+03
3.558000000000000000e+03
3.555000000000000000e+03
3.638000000000000000e+03
3.537000000000000000e+03
3.516000000000000000e+03
3.592000000000000000e+03
3.502000000000000000e+03
3.477000000000000000e+03
3.527000000000000000e+03
3.520000000000000000e+03
3.436000000000000000e+03
3.576000000000000000e+03
3.515000000000000000e+03
3.495000000000000000e+03
3.476000000000000000e+03
3.500000000000000000e+03
3.469000000000000000e+03
3.470000000000000000e+03
3.454000000000000000e+03
3.401000000000000000e+03
3.484000000000000000e+03
3.418000000000000000e+03
3.393000000000000000e+03
3.469000000000000000e+03
3.363000000000000000e+03
3.452000000000000000e+03
3.377000000000000000e+03
3.354000000000000000e+03
3.350000000000000000e+03
3.358000000000000000e+03
3.341000000000000000e+03
3.347000000000000000e+03
3.336000000000000000e+03
3.357000000000000000e+03
3.272000000000000000e+03
3.359000000000000000e+03
3.290000000000000000e+03
3.284000000000000000e+03
3.231000000000000000e+03
3.317000000000000000e+03
3.267000000000000000e+03
3.209000000000000000e+03
3.192000000000000000e+03
3.186000000000000000e+03
3.187000000000000000e+03
3.155000000000000000e+03
3.171000000000000000e+03
3.285000000000000000e+03
3.169000000000000000e+03
3.247000000000000000e+03
3.102000000000000000e+03
3.151000000000000000e+03
3.118000000000000000e+03
3.071000000000000000e+03
3.106000000000000000e+03
3.048000000000000000e+03
3.091000000000000000e+03
3.097000000000000000e+03
3.046000000000000000e+03
3.048000000000000000e+03
3.017000000000000000e+03
2.987000000000000000e+03
3.007000000000000000e+03
3.017000000000000000e+03
2.969000000000000000e+03
3.003000000000000000e+03
2.983000000000000000e+03
2.910000000000000000e+03
2.882000000000000000e+03
2.963000000000000000e+03
2.978000000000000000e+03
2.910000000000000000e+03
2.953000000000000000e+03
2.848000000000000000e+03
2.846000000000000000e+03
2.880000000000000000e+03
2.816000000000000000e+03
2.827000000000000000e+03
2.832000000000000000e+03
2.773000000000000000e+03
2.828000000000000000e+03
2.772000000000000000e+03
2.723000000000000000e+03
2.817000000000000000e+03
2.743000000000000000e+03
2.749000000000000000e+03
2.753000000000000000e+03
2.731000000000000000e+03
2.695000000000000000e+03
2.695000000000000000e+03
2.723000000000000000e+03
2.707000000000000000e+03
2.842000000000000000e+03
2.666000000000000000e+03
2.679000000000000000e+03
2.695000000000000000e+03
2.675000000000000000e+03
2.681000000000000000e+03
2.640000000000000000e+03
2.594000000000000000e+03
2.650000000000000000e+03
2.623000000000000000e+03
2.690000000000000000e+03
2.601000000000000000e+03
2.621000000000000000e+03
2.621000000000000000e+03
2.550000000000000000e+03
2.533000000000000000e+03
2.551000000000000000e+03
2.506000000000000000e+03
2.555000000000000000e+03
2.561000000000000000e+03
2.634000000000000000e+03
2.491000000000000000e+03
2.513000000000000000e+03
2.466000000000000000e+03
2.455000000000000000e+03
2.464000000000000000e+03
2.495000000000000000e+03
2.463000000000000000e+03
2.504000000000000000e+03
2.431000000000000000e+03
