1.310000000000000000e+03
1.379000000000000000e+03
1.407000000000000000e+03
1.362000000000000000e+03
1.370000000000000000e+03
1.468000000000000000e+03
1.386000000000000000e+03
1.387000000000000000e+03
1.421000000000000000e+03
1.400000000000000000e+03
1.421000000000000000e+03
1.413000000000000000e+03
1.434000000000000000e+03
1.435000000000000000e+03
1.449000000000000000e+03
1.430000000000000000e+03
1.434000000000000000e+03
1.429000000000000000e+03
1.443000000000000000e+03
1.451000000000000000e+03
1.473000000000000000e+03
1.469000000000000000e+03
1.479000000000000000e+03
1.487000000000000000e+03
1.475000000000000000e+03
1.462000000000000000e+03
1.515000000000000000e+03
1.451000000000000000e+03
1.499000000000000000e+03
1.522000000000000000e+03
1.528000000000000000e+03
1.502000000000000000e+03
1.510000000000000000e+03
1.502000000000000000e+03
1.517000000000000000e+03
1.540000000000000000e+03
1.584000000000000000e+03
1.536000000000000000e+03
1.484000000000000000e+03
1.530000000000000000e+03
1.557000000000000000e+03
1.513000000000000000e+03
1.596000000000000000e+03
1.581000000000000000e+03
1.541000000000000000e+03
1.534000000000000000e+03
1.547000000000000000e+03
1.561000000000000000e+03
1.586000000000000000e+03
1.559000000000000000e+03
1.572000000000000000e+03
1.574000000000000000e+03
1.679000000000000000e+03
1.600000000000000000e+03
1.583000000000000000e+03
1.572000000000000000e+03
1.569000000000000000e+03
1.610000000000000000e+03
1.669000000000000000e+03
1.635000000000000000e+03
1.625000000000000000e+03
1.634000000000000000e+03
1.600000000000000000e+03
1.606000000000000000e+03
1.663000000000000000e+03
1.654000000000000000e+03
1.708000000000000000e+03
1.640000000000000000e+03
1.632000000000000000e+03
1.630000000000000000e+03
1.661000000000000000e+03
1.688000000000000000e+03
1.636000000000000000e+03
1.636000000000000000e+03
1.656000000000000000e+03
1.627000000000000000e+03
1.613000000000000000e+03
1.644000000000000000e+03
1.664000000000000000e+03
1.681000000000000000e+03
1.695000000000000000e+03
1.646000000000000000e+03
1.688000000000000000e+03
1.677000000000000000e+03
1.662000000000000000e+03
1.718000000000000000e+03
1.704000000000000000e+03
1.669000000000000000e+03
1.715000000000000000e+03
1.720000000000000000e+03
1.696000000000000000e+03
1.700000000000000000e+03
1.767000000000000000e+03
1.643000000000000000e+03
1.713000000000000000e+03
1.773000000000000000e+03
1.716000000000000000e+03
1.754000000000000000e+03
1.806000000000000000e+03
1.755000000000000000e+03
1.766000000000000000e+03
1.776000000000000000e+03
1.772000000000000000e+03
1.777000000000000000e+03
1.790000000000000000e+03
1.824000000000000000e+03
1.816000000000000000e+03
1.797000000000000000e+03
1.810000000000000000e+03
1.841000000000000000e+03
1.816000000000000000e+03
1.833000000000000000e+03
1.815000000000000000e+03
1.872000000000000000e+03
1.862000000000000000e+03
1.796000000000000000e+03
1.859000000000000000e+03
1.922000000000000000e+03
1.892000000000000000e+03
1.857000000000000000e+03
1.892000000000000000e+03
1.923000000000000000e+03
1.876000000000000000e+03
1.889000000000000000e+03
1.919000000000000000e+03
1.933000000000000000e+03
1.922000000000000000e+03
1.924000000000000000e+03
1.975000000000000000e+03
2.015000000000000000e+03
1.979000000000000000e+03
1.972000000000000000e+03
1.977000000000000000e+03
1.970000000000000000e+03
1.982000000000000000e+03
2.026000000000000000e+03
2.044000000000000000e+03
2.010000000000000000e+03
2.069000000000000000e+03
2.021000000000000000e+03
2.077000000000000000e+03
2.077000000000000000e+03
2.056000000000000000e+03
2.086000000000000000e+03
2.075000000000000000e+03
2.083000000000000000e+03
2.126000000000000000e+03
2.108000000000000000e+03
2.141000000000000000e+03
2.182000000000000000e+03
2.142000000000000000e+03
2.112000000000000000e+03
2.193000000000000000e+03
2.262000000000000000e+03
2.180000000000000000e+03
2.145000000000000000e+03
2.173000000000000000e+03
2.270000000000000000e+03
2.236000000000000000e+03
2.232000000000000000e+03
2.243000000000000000e+03
2.171000000000000000e+03
2.261000000000000000e+03
2.281000000000000000e+03
2.313000000000000000e+03
2.223000000000000000e+03
2.247000000000000000e+03
2.266000000000000000e+03
2.302000000000000000e+03
2.279000000000000000e+03
2.298000000000000000e+03
2.283000000000000000e+03
2.288000000000000000e+03
2.296000000000000000e+03
2.374000000000000000e+03
2.393000000000000000e+03
2.351000000000000000e+03
2.344000000000000000e+03
2.356000000000000000e+03
2.380000000000000000e+03
2.402000000000000000e+03
2.366000000000000000e+03
2.353000000000000000e+03
2.365000000000000000e+03
2.421000000000000000e+03
2.357000000000000000e+03
2.405000000000000000e+03
2.431000000000000000e+03
2.727000000000000000e+03
2.815000000000000000e+03
2.623000000000000000e+03
2.459000000000000000e+03
2.422000000000000000e+03
2.426000000000000000e+03
2.463000000000000000e+03
2.451000000000000000e+03
2.494000000000000000e+03
2.464000000000000000e+03
2.448000000000000000e+03
2.511000000000000000e+03
2.474000000000000000e+03
2.472000000000000000e+03
2.540000000000000000e+03
2.565000000000000000e+03
2.519000000000000000e+03
2.505000000000000000e+03
2.532000000000000000e+03
2.605000000000000000e+03
2.583000000000000000e+03
2.582000000000000000e+03
2.567000000000000000e+03
2.613000000000000000e+03
2.598000000000000000e+03
2.579000000000000000e+03
2.661000000000000000e+03
2.618000000000000000e+03
2.663000000000000000e+03
2.656000000000000000e+03
2.647000000000000000e+03
2.735000000000000000e+03
2.688000000000000000e+03
2.730000000000000000e+03
2.732000000000000000e+03
2.671000000000000000e+03
2.722000000000000000e+03
2.737000000000000000e+03
2.736000000000000000e+03
2.793000000000000000e+03
2.807000000000000000e+03
2.808000000000000000e+03
2.847000000000000000e+03
2.872000000000000000e+03
2.858000000000000000e+03
2.907000000000000000e+03
2.829000000000000000e+03
2.882000000000000000e+03
2.941000000000000000e+03
2.880000000000000000e+03
2.918000000000000000e+03
2.911000000000000000e+03
2.945000000000000000e+03
2.994000000000000000e+03
2.980000000000000000e+03
2.993000000000000000e+03
3.022000000000000000e+03
3.027000000000000000e+03
3.060000000000000000e+03
3.073000000000000000e+03
3.055000000000000000e+03
3.057000000000000000e+03
3.099000000000000000e+03
3.072000000000000000e+03
3.075000000000000000e+03
3.139000000000000000e+03
3.151000000000000000e+03
3.127000000000000000e+03
3.188000000000000000e+03
3.158000000000000000e+03
3.187000000000000000e+03
3.266000000000000000e+03
3.207000000000000000e+03
3.301000000000000000e+03
3.245000000000000000e+03
3.190000000000000000e+03
3.325000000000000000e+03
3.347000000000000000e+03
3.307000000000000000e+03
3.294000000000000000e+03
3.301000000000000000e+03
3.266000000000000000e+03
3.298000000000000000e+03
3.302000000000000000e+03
3.332000000000000000e+03
3.306000000000000000e+03
3.372000000000000000e+03
3.268000000000000000e+03
3.297000000000000000e+03
3.372000000000000000e+03
3.384000000000000000e+03
3.337000000000000000e+03
3.336000000000000000e+03
3.415000000000000000e+03
3.392000000000000000e+03
3.380000000000000000e+03
3.406000000000000000e+03
3.404000000000000000e+03
3.442000000000000000e+03
3.400000000000000000e+03
3.389000000000000000e+03
3.440000000000000000e+03
3.424000000000000000e+03
3.397000000000000000e+03
3.377000000000000000e+03
3.382000000000000000e+03
3.372000000000000000e+03
3.480000000000000000e+03
3.391000000000000000e+03
3.435000000000000000e+03
3.453000000000000000e+03
3.456000000000000000e+03
3.484000000000000000e+03
3.479000000000000000e+03
3.419000000000000000e+03
3.443000000000000000e+03
3.433000000000000000e+03
3.460000000000000000e+03
3.451000000000000000e+03
3.510000000000000000e+03
3.483000000000000000e+03
3.494000000000000000e+03
3.529000000000000000e+03
3.426000000000000000e+03
3.489000000000000000e+03
3.539000000000000000e+03
3.469000000000000000e+03
3.510000000000000000e+03
3.533000000000000000e+03
3.499000000000000000e+03
3.495000000000000000e+03
3.530000000000000000e+03
3.492000000000000000e+03
3.499000000000000000e+03
3.550000000000000000e+03
3.510000000000000000e+03
3.504000000000000000e+03
3.473000000000000000e+03
3.550000000000000000e+03
3.520000000000000000e+03
3.573000000000000000e+03
3.552000000000000000e+03
3.487000000000000000e+03
3.549000000000000000e+03
3.489000000000000000e+03
3.503000000000000000e+03
3.532000000000000000e+03
3.579000000000000000e+03
3.522000000000000000e+03
3.502000000000000000e+03
3.559000000000000000e+03
3.536000000000000000e+03
3.543000000000000000e+03
3.553000000000000000e+03
3.464000000000000000e+03
3.475000000000000000e+03
3.524000000000000000e+03
3.523000000000000000e+03
3.539000000000000000e+03
3.525000000000000000e+03
3.454000000000000000e+03
3.560000000000000000e+03
3.543000000000000000e+03
3.487000000000000000e+03
3.547000000000000000e+03
3.533000000000000000e+03
3.528000000000000000e+03
3.591000000000000000e+03
3.487000000000000000e+03
3.522000000000000000e+03
3.535000000000000000e+03
3.512000000000000000e+03
3.578000000000000000e+03
3.502000000000000000e+03
3.609000000000000000e+03
3.570000000000000000e+03
3.529000000000000000e+03
3.485000000000000000e+03
3.560000000000000000e+03
3.550000000000000000e+03
3.621000000000000000e+03
3.603000000000000000e+03
3.510000000000000000e+03
3.577000000000000000e+03
3.565000000000000000e+03
3.655000000000000000e+03
3.606000000000000000e+03
3.593000000000000000e+03
3.599000000000000000e+03
3.602000000000000000e+03
3.643000000000000000e+03
3.720000000000000000e+03
3.622000000000000000e+03
3.671000000000000000e+03
3.697000000000000000e+03
3.594000000000000000e+03
3.684000000000000000e+03
3.616000000000000000e+03
3.711000000000000000e+03
3.690000000000000000e+03
3.629000000000000000e+03
3.657000000000000000e+03
3.696000000000000000e+03
3.662000000000000000e+03
3.752000000000000000e+03
3.742000000000000000e+03
3.690000000000000000e+03
3.681000000000000000e+03
3.708000000000000000e+03
3.820000000000000000e+03
3.669000000000000000e+03
3.737000000000000000e+03
3.722000000000000000e+03
3.669000000000000000e+03
3.752000000000000000e+03
3.678000000000000000e+03
3.730000000000000000e+03
3.657000000000000000e+03
3.674000000000000000e+03
3.680000000000000000e+03
3.664000000000000000e+03
3.737000000000000000e+03
3.695000000000000000e+03
3.712000000000000000e+03
3.624000000000000000e+03
3.713000000000000000e+03
3.658000000000000000e+03
3.707000000000000000e+03
3.784000000000000000e+03
3.785000000000000000e+03
3.762000000000000000e+03
3.717000000000000000e+03
3.771000000000000000e+03
3.773000000000000000e+03
3.786000000000000000e+03
3.805000000000000000e+03
3.775000000000000000e+03
3.771000000000000000e+03
3.719000000000000000e+03
3.792000000000000000e+03
3.742000000000000000e+03
3.846000000000000000e+03
3.802000000000000000e+03
3.795000000000000000e+03
3.733000000000000000e+03
3.889000000000000000e+03
3.793000000000000000e+03
3.781000000000000000e+03
3.778000000000000000e+03
3.778000000000000000e+03
3.807000000000000000e+03
3.819000000000000000e+03
3.882000000000000000e+03
3.804000000000000000e+03
3.801000000000000000e+03
3.907000000000000000e+03
3.774000000000000000e+03
3.829000000000000000e+03
3.853000000000000000e+03
3.787000000000000000e+03
3.887000000000000000e+03
3.861000000000000000e+03
3.847000000000000000e+03
3.819000000000000000e+03
3.766000000000000000e+03
3.814000000000000000e+03
3.798000000000000000e+03
3.835000000000000000e+03
3.842000000000000000e+03
3.832000000000000000e+03
3.777000000000000000e+03
3.808000000000000000e+03
3.902000000000000000e+03
3.804000000000000000e+03
3.833000000000000000e+03
3.862000000000000000e+03
3.816000000000000000e+03
3.792000000000000000e+03
3.785000000000000000e+03
3.754000000000000000e+03
3.736000000000000000e+03
3.808000000000000000e+03
3.796000000000000000e+03
3.806000000000000000e+03
3.752000000000000000e+03
3.800000000000000000e+03
3.768000000000000000e+03
3.760000000000000000e+03
3.736000000000000000e+03
3.769000000000000000e+03
3.785000000000000000e+03
3.745000000000000000e+03
3.761000000000000000e+03
3.716000000000000000e+03
3.754000000000000000e+03
3.747000000000000000e+03
3.763000000000000000e+03
3.731000000000000000e+03
3.708000000000000000e+03
3.729000000000000000e+03
3.654000000000000000e+03
3.727000000000000000e+03
3.750000000000000000e+03
3.700000000000000000e+03
3.674000000000000000e+03
3.697000000000000000e+03
3.735000000000000000e+03
3.625000000000000000e+03
3.692000000000000000e+03
3.676000000000000000e+03
3.714000000000000000e+03
3.631000000000000000e+03
3.619000000000000000e+03
3.745000000000000000e+03
3.645000000000000000e+03
3.641000000000000000e+03
3.643000000000000000e+03
3.639000000000000000e+03
3.554000000000000000e+03
3.630000000000000000e+03
3.591000000000000000e+03
3.642000000000000000e+03
3.634000000000000000e+03
3.544000000000000000e+03
3.572000000000000000e+03
3.555000000000000000e+03
3.512000000000000000e+03
3.589000000000000000e+03
3.576000000000000000e+03
3.537000000000000000e+03
3.615000000000000000e+03
3.572000000000000000e+03
3.567000000000000000e+03
3.500000000000000000e+03
3.519000000000000000e+03
3.590000000000000000e+03
3.544000000000000000e+03
3.607000000000000000e+03
3.496000000000000000e+03
3.466000000000000000e+03
3.477000000000000000e+03
3.468000000000000000e+03
3.402000000000000000e+03
3.448000000000000000e+03
3.497000000000000000e+03
3.530000000000000000e+03
3.477000000000000000e+03
3.464000000000000000e+03
3.437000000000000000e+03
3.450000000000000000e+03
3.496000000000000000e+03
3.386000000000000000e+03
3.412000000000000000e+03
3.391000000000000000e+03
3.372000000000000000e+03
3.368000000000000000e+03
3.460000000000000000e+03
3.336000000000000000e+03
3.355000000000000000e+03
3.384000000000000000e+03
3.365000000000000000e+03
3.324000000000000000e+03
3.320000000000000000e+03
3.298000000000000000e+03
3.321000000000000000e+03
3.322000000000000000e+03
3.341000000000000000e+03
3.320000000000000000e+03
3.325000000000000000e+03
3.323000000000000000e+03
3.341000000000000000e+03
3.283000000000000000e+03
3.316000000000000000e+03
3.291000000000000000e+03
3.286000000000000000e+03
3.271000000000000000e+03
3.234000000000000000e+03
3.313000000000000000e+03
3.227000000000000000e+03
3.229000000000000000e+03
3.306000000000000000e+03
3.236000000000000000e+03
3.254000000000000000e+03
3.266000000000000000e+03
3.279000000000000000e+03
3.256000000000000000e+03
3.221000000000000000e+03
3.248000000000000000e+03
3.209000000000000000e+03
3.263000000000000000e+03
3.217000000000000000e+03
3.267000000000000000e+03
3.228000000000000000e+03
3.171000000000000000e+03
3.195000000000000000e+03
3.194000000000000000e+03
3.147000000000000000e+03
3.212000000000000000e+03
3.154000000000000000e+03
3.190000000000000000e+03
3.320000000000000000e+03
3.155000000000000000e+03
3.200000000000000000e+03
3.188000000000000000e+03
3.289000000000000000e+03
3.141000000000000000e+03
3.155000000000000000e+03
3.180000000000000000e+03
3.124000000000000000e+03
3.139000000000000000e+03
3.119000000000000000e+03
3.154000000000000000e+03
3.184000000000000000e+03
3.121000000000000000e+03
3.154000000000000000e+03
3.162000000000000000e+03
3.089000000000000000e+03
3.113000000000000000e+03
3.070000000000000000e+03
3.165000000000000000e+03
3.168000000000000000e+03
3.078000000000000000e+03
3.098000000000000000e+03
3.109000000000000000e+03
3.051000000000000000e+03
3.045000000000000000e+03
3.097000000000000000e+03
3.084000000000000000e+03
3.078000000000000000e+03
3.027000000000000000e+03
3.078000000000000000e+03
3.034000000000000000e+03
2.996000000000000000e+03
3.017000000000000000e+03
3.050000000000000000e+03
3.056000000000000000e+03
3.040000000000000000e+03
3.053000000000000000e+03
3.134000000000000000e+03
2.993000000000000000e+03
3.028000000000000000e+03
3.032000000000000000e+03
3.039000000000000000e+03
2.985000000000000000e+03
2.990000000000000000e+03
3.232000000000000000e+03
3.008000000000000000e+03
2.963000000000000000e+03
2.994000000000000000e+03
2.972000000000000000e+03
2.937000000000000000e+03
2.980000000000000000e+03
3.091000000000000000e+03
2.972000000000000000e+03
3.028000000000000000e+03
2.922000000000000000e+03
2.921000000000000000e+03
2.903000000000000000e+03
2.968000000000000000e+03
2.884000000000000000e+03
2.924000000000000000e+03
2.887000000000000000e+03
2.914000000000000000e+03
2.897000000000000000e+03
2.953000000000000000e+03
2.881000000000000000e+03
2.934000000000000000e+03
2.849000000000000000e+03
2.867000000000000000e+03
2.911000000000000000e+03
2.926000000000000000e+03
2.876000000000000000e+03
2.903000000000000000e+03
2.827000000000000000e+03
2.871000000000000000e+03
2.825000000000000000e+03
2.808000000000000000e+03
2.871000000000000000e+03
2.810000000000000000e+03
2.783000000000000000e+03
2.806000000000000000e+03
2.780000000000000000e+03
2.803000000000000000e+03
2.813000000000000000e+03
2.743000000000000000e+03
2.708000000000000000e+03
2.817000000000000000e+03
2.778000000000000000e+03
2.842000000000000000e+03
2.763000000000000000e+03
2.712000000000000000e+03
2.703000000000000000e+03
2.749000000000000000e+03
2.752000000000000000e+03
2.703000000000000000e+03
2.724000000000000000e+03
2.703000000000000000e+03
2.715000000000000000e+03
2.652000000000000000e+03
2.667000000000000000e+03
2.653000000000000000e+03
2.611000000000000000e+03
2.679000000000000000e+03
2.604000000000000000e+03
2.595000000000000000e+03
2.678000000000000000e+03
2.607000000000000000e+03
2.539000000000000000e+03
2.632000000000000000e+03
2.663000000000000000e+03
2.588000000000000000e+03
2.566000000000000000e+03
2.602000000000000000e+03
2.565000000000000000e+03
2.606000000000000000e+03
2.581000000000000000e+03
2.577000000000000000e+03
2.488000000000000000e+03
2.482000000000000000e+03
2.497000000000000000e+03
2.507000000000000000e+03
2.574000000000000000e+03
2.453000000000000000e+03
2.412000000000000000e+03
2.422000000000000000e+03
2.475000000000000000e+03
2.376000000000000000e+03
2.374000000000000000e+03
2.404000000000000000e+03
2.400000000000000000e+03
2.463000000000000000e+03
2.420000000000000000e+03
2.404000000000000000e+03
2.380000000000000000e+03
2.356000000000000000e+03
2.363000000000000000e+03
2.293000000000000000e+03
2.309000000000000000e+03
2.293000000000000000e+03
2.336000000000000000e+03
2.263000000000000000e+03
2.347000000000000000e+03
2.223000000000000000e+03
2.302000000000000000e+03
2.289000000000000000e+03
2.259000000000000000e+03
2.211000000000000000e+03
2.255000000000000000e+03
2.280000000000000000e+03
2.314000000000000000e+03
2.239000000000000000e+03
2.179000000000000000e+03
2.235000000000000000e+03
2.220000000000000000e+03
2.216000000000000000e+03
2.179000000000000000e+03
2.207000000000000000e+03
2.203000000000000000e+03
2.216000000000000000e+03
2.156000000000000000e+03
2.127000000000000000e+03
2.266000000000000000e+03
2.162000000000000000e+03
2.177000000000000000e+03
2.105000000000000000e+03
2.126000000000000000e+03
2.153000000000000000e+03
2.141000000000000000e+03
2.143000000000000000e+03
2.151000000000000000e+03
2.137000000000000000e+03
2.115000000000000000e+03
2.099000000000000000e+03
2.054000000000000000e+03
2.142000000000000000e+03
2.103000000000000000e+03
2.070000000000000000e+03
