1.588000000000000000e+03
1.664000000000000000e+03
1.650000000000000000e+03
1.607000000000000000e+03
1.616000000000000000e+03
1.680000000000000000e+03
1.672000000000000000e+03
1.692000000000000000e+03
1.690000000000000000e+03
1.644000000000000000e+03
1.701000000000000000e+03
1.677000000000000000e+03
1.641000000000000000e+03
1.660000000000000000e+03
1.724000000000000000e+03
1.719000000000000000e+03
1.682000000000000000e+03
1.687000000000000000e+03
1.733000000000000000e+03
1.725000000000000000e+03
1.690000000000000000e+03
1.752000000000000000e+03
1.755000000000000000e+03
1.730000000000000000e+03
1.775000000000000000e+03
1.724000000000000000e+03
1.781000000000000000e+03
1.754000000000000000e+03
1.772000000000000000e+03
1.838000000000000000e+03
1.821000000000000000e+03
1.839000000000000000e+03
1.809000000000000000e+03
1.768000000000000000e+03
1.828000000000000000e+03
1.915000000000000000e+03
1.790000000000000000e+03
1.802000000000000000e+03
1.828000000000000000e+03
1.785000000000000000e+03
1.834000000000000000e+03
1.845000000000000000e+03
1.853000000000000000e+03
1.816000000000000000e+03
1.847000000000000000e+03
1.840000000000000000e+03
1.891000000000000000e+03
1.863000000000000000e+03
1.813000000000000000e+03
1.875000000000000000e+03
1.892000000000000000e+03
1.875000000000000000e+03
1.898000000000000000e+03
1.891000000000000000e+03
1.898000000000000000e+03
1.924000000000000000e+03
1.931000000000000000e+03
1.944000000000000000e+03
1.891000000000000000e+03
1.916000000000000000e+03
1.916000000000000000e+03
1.934000000000000000e+03
1.917000000000000000e+03
1.951000000000000000e+03
1.992000000000000000e+03
1.920000000000000000e+03
1.929000000000000000e+03
1.922000000000000000e+03
1.975000000000000000e+03
1.981000000000000000e+03
1.965000000000000000e+03
1.943000000000000000e+03
1.981000000000000000e+03
1.959000000000000000e+03
1.987000000000000000e+03
1.982000000000000000e+03
1.987000000000000000e+03
2.030000000000000000e+03
1.990000000000000000e+03
2.006000000000000000e+03
2.017000000000000000e+03
2.018000000000000000e+03
2.049000000000000000e+03
2.049000000000000000e+03
2.041000000000000000e+03
2.018000000000000000e+03
2.024000000000000000e+03
2.123000000000000000e+03
2.078000000000000000e+03
2.075000000000000000e+03
2.044000000000000000e+03
2.148000000000000000e+03
2.078000000000000000e+03
2.148000000000000000e+03
2.142000000000000000e+03
2.116000000000000000e+03
2.104000000000000000e+03
2.136000000000000000e+03
2.080000000000000000e+03
2.120000000000000000e+03
2.193000000000000000e+03
2.128000000000000000e+03
2.197000000000000000e+03
2.148000000000000000e+03
2.181000000000000000e+03
2.179000000000000000e+03
2.157000000000000000e+03
2.191000000000000000e+03
2.217000000000000000e+03
2.211000000000000000e+03
2.210000000000000000e+03
2.306000000000000000e+03
2.247000000000000000e+03
2.275000000000000000e+03
2.294000000000000000e+03
2.248000000000000000e+03
2.320000000000000000e+03
2.279000000000000000e+03
2.315000000000000000e+03
2.305000000000000000e+03
2.324000000000000000e+03
2.292000000000000000e+03
2.294000000000000000e+03
2.351000000000000000e+03
2.307000000000000000e+03
2.308000000000000000e+03
2.464000000000000000e+03
2.465000000000000000e+03
2.395000000000000000e+03
2.442000000000000000e+03
2.405000000000000000e+03
2.421000000000000000e+03
2.450000000000000000e+03
2.451000000000000000e+03
2.533000000000000000e+03
2.579000000000000000e+03
2.466000000000000000e+03
2.561000000000000000e+03
2.539000000000000000e+03
2.571000000000000000e+03
2.558000000000000000e+03
2.568000000000000000e+03
2.507000000000000000e+03
2.566000000000000000e+03
2.610000000000000000e+03
2.616000000000000000e+03
2.597000000000000000e+03
2.603000000000000000e+03
2.652000000000000000e+03
2.633000000000000000e+03
2.700000000000000000e+03
2.711000000000000000e+03
2.779000000000000000e+03
2.660000000000000000e+03
2.694000000000000000e+03
2.701000000000000000e+03
2.758000000000000000e+03
2.831000000000000000e+03
2.741000000000000000e+03
2.732000000000000000e+03
2.755000000000000000e+03
2.760000000000000000e+03
2.798000000000000000e+03
2.811000000000000000e+03
2.732000000000000000e+03
2.767000000000000000e+03
2.836000000000000000e+03
2.824000000000000000e+03
2.874000000000000000e+03
2.785000000000000000e+03
2.843000000000000000e+03
2.836000000000000000e+03
2.837000000000000000e+03
2.856000000000000000e+03
2.870000000000000000e+03
2.922000000000000000e+03
2.920000000000000000e+03
2.850000000000000000e+03
2.961000000000000000e+03
2.953000000000000000e+03
2.888000000000000000e+03
2.964000000000000000e+03
2.993000000000000000e+03
2.998000000000000000e+03
3.111000000000000000e+03
3.509000000000000000e+03
3.397000000000000000e+03
3.034000000000000000e+03
3.013000000000000000e+03
2.962000000000000000e+03
3.026000000000000000e+03
3.030000000000000000e+03
3.069000000000000000e+03
3.075000000000000000e+03
3.072000000000000000e+03
3.049000000000000000e+03
3.056000000000000000e+03
3.074000000000000000e+03
3.122000000000000000e+03
3.081000000000000000e+03
3.075000000000000000e+03
3.205000000000000000e+03
3.160000000000000000e+03
3.177000000000000000e+03
3.123000000000000000e+03
3.163000000000000000e+03
3.170000000000000000e+03
3.169000000000000000e+03
3.182000000000000000e+03
3.290000000000000000e+03
3.199000000000000000e+03
3.296000000000000000e+03
3.295000000000000000e+03
3.233000000000000000e+03
3.337000000000000000e+03
3.322000000000000000e+03
3.336000000000000000e+03
3.335000000000000000e+03
3.394000000000000000e+03
3.363000000000000000e+03
3.345000000000000000e+03
3.385000000000000000e+03
3.370000000000000000e+03
3.476000000000000000e+03
3.455000000000000000e+03
3.370000000000000000e+03
3.490000000000000000e+03
3.600000000000000000e+03
3.500000000000000000e+03
3.574000000000000000e+03
3.544000000000000000e+03
3.497000000000000000e+03
3.588000000000000000e+03
3.537000000000000000e+03
3.572000000000000000e+03
3.632000000000000000e+03
3.602000000000000000e+03
3.640000000000000000e+03
3.618000000000000000e+03
3.628000000000000000e+03
3.669000000000000000e+03
3.757000000000000000e+03
3.696000000000000000e+03
3.672000000000000000e+03
3.761000000000000000e+03
3.798000000000000000e+03
3.826000000000000000e+03
3.748000000000000000e+03
3.813000000000000000e+03
3.882000000000000000e+03
3.881000000000000000e+03
3.912000000000000000e+03
3.893000000000000000e+03
3.850000000000000000e+03
3.869000000000000000e+03
3.918000000000000000e+03
3.904000000000000000e+03
4.010000000000000000e+03
3.964000000000000000e+03
3.923000000000000000e+03
4.037000000000000000e+03
3.989000000000000000e+03
4.092000000000000000e+03
4.180000000000000000e+03
4.030000000000000000e+03
4.014000000000000000e+03
4.078000000000000000e+03
3.985000000000000000e+03
4.133000000000000000e+03
4.012000000000000000e+03
4.036000000000000000e+03
4.088000000000000000e+03
4.111000000000000000e+03
4.126000000000000000e+03
4.149000000000000000e+03
4.133000000000000000e+03
4.089000000000000000e+03
4.123000000000000000e+03
4.148000000000000000e+03
4.203000000000000000e+03
4.142000000000000000e+03
4.107000000000000000e+03
4.234000000000000000e+03
4.209000000000000000e+03
4.131000000000000000e+03
4.212000000000000000e+03
4.143000000000000000e+03
4.168000000000000000e+03
4.203000000000000000e+03
4.270000000000000000e+03
4.221000000000000000e+03
4.262000000000000000e+03
4.276000000000000000e+03
4.259000000000000000e+03
4.261000000000000000e+03
4.303000000000000000e+03
4.168000000000000000e+03
4.237000000000000000e+03
4.274000000000000000e+03
4.382000000000000000e+03
4.391000000000000000e+03
4.276000000000000000e+03
4.374000000000000000e+03
4.300000000000000000e+03
4.340000000000000000e+03
4.275000000000000000e+03
4.396000000000000000e+03
4.317000000000000000e+03
4.305000000000000000e+03
4.332000000000000000e+03
4.234000000000000000e+03
4.297000000000000000e+03
4.323000000000000000e+03
4.290000000000000000e+03
4.316000000000000000e+03
4.417000000000000000e+03
4.335000000000000000e+03
4.383000000000000000e+03
4.337000000000000000e+03
4.369000000000000000e+03
4.355000000000000000e+03
4.342000000000000000e+03
4.339000000000000000e+03
4.350000000000000000e+03
4.355000000000000000e+03
4.443000000000000000e+03
4.361000000000000000e+03
4.390000000000000000e+03
4.420000000000000000e+03
4.326000000000000000e+03
4.430000000000000000e+03
4.407000000000000000e+03
4.304000000000000000e+03
4.392000000000000000e+03
4.392000000000000000e+03
4.369000000000000000e+03
4.410000000000000000e+03
4.384000000000000000e+03
4.364000000000000000e+03
4.309000000000000000e+03
4.382000000000000000e+03
4.428000000000000000e+03
4.377000000000000000e+03
4.488000000000000000e+03
4.362000000000000000e+03
4.365000000000000000e+03
4.369000000000000000e+03
4.450000000000000000e+03
4.376000000000000000e+03
4.345000000000000000e+03
4.390000000000000000e+03
4.398000000000000000e+03
4.440000000000000000e+03
4.409000000000000000e+03
4.503000000000000000e+03
4.441000000000000000e+03
4.421000000000000000e+03
4.408000000000000000e+03
4.422000000000000000e+03
4.558000000000000000e+03
4.442000000000000000e+03
4.439000000000000000e+03
4.489000000000000000e+03
4.429000000000000000e+03
4.477000000000000000e+03
4.440000000000000000e+03
4.450000000000000000e+03
4.455000000000000000e+03
4.459000000000000000e+03
4.491000000000000000e+03
4.461000000000000000e+03
4.493000000000000000e+03
4.522000000000000000e+03
4.574000000000000000e+03
4.567000000000000000e+03
4.503000000000000000e+03
4.579000000000000000e+03
4.460000000000000000e+03
4.609000000000000000e+03
4.527000000000000000e+03
4.534000000000000000e+03
4.563000000000000000e+03
4.576000000000000000e+03
4.643000000000000000e+03
4.642000000000000000e+03
4.593000000000000000e+03
4.631000000000000000e+03
4.544000000000000000e+03
4.639000000000000000e+03
4.605000000000000000e+03
4.667000000000000000e+03
4.646000000000000000e+03
4.621000000000000000e+03
4.647000000000000000e+03
4.618000000000000000e+03
4.639000000000000000e+03
4.669000000000000000e+03
4.623000000000000000e+03
4.598000000000000000e+03
4.529000000000000000e+03
4.559000000000000000e+03
4.674000000000000000e+03
4.646000000000000000e+03
4.733000000000000000e+03
4.730000000000000000e+03
4.607000000000000000e+03
4.693000000000000000e+03
4.625000000000000000e+03
4.723000000000000000e+03
4.696000000000000000e+03
4.723000000000000000e+03
4.651000000000000000e+03
4.631000000000000000e+03
4.627000000000000000e+03
4.721000000000000000e+03
4.747000000000000000e+03
4.730000000000000000e+03
4.775000000000000000e+03
4.767000000000000000e+03
4.715000000000000000e+03
4.747000000000000000e+03
4.749000000000000000e+03
4.747000000000000000e+03
4.790000000000000000e+03
4.731000000000000000e+03
4.779000000000000000e+03
4.831000000000000000e+03
4.758000000000000000e+03
4.753000000000000000e+03
4.826000000000000000e+03
4.810000000000000000e+03
4.783000000000000000e+03
4.732000000000000000e+03
4.790000000000000000e+03
4.832000000000000000e+03
4.788000000000000000e+03
4.774000000000000000e+03
4.768000000000000000e+03
4.740000000000000000e+03
4.872000000000000000e+03
4.708000000000000000e+03
4.857000000000000000e+03
4.760000000000000000e+03
4.800000000000000000e+03
4.849000000000000000e+03
4.724000000000000000e+03
4.846000000000000000e+03
4.821000000000000000e+03
4.797000000000000000e+03
4.774000000000000000e+03
4.801000000000000000e+03
4.829000000000000000e+03
4.767000000000000000e+03
4.787000000000000000e+03
4.820000000000000000e+03
4.802000000000000000e+03
4.759000000000000000e+03
4.811000000000000000e+03
4.835000000000000000e+03
4.788000000000000000e+03
4.772000000000000000e+03
4.818000000000000000e+03
4.763000000000000000e+03
4.783000000000000000e+03
4.817000000000000000e+03
4.676000000000000000e+03
4.705000000000000000e+03
4.770000000000000000e+03
4.659000000000000000e+03
4.751000000000000000e+03
4.709000000000000000e+03
4.734000000000000000e+03
4.717000000000000000e+03
4.703000000000000000e+03
4.835000000000000000e+03
4.755000000000000000e+03
4.685000000000000000e+03
4.735000000000000000e+03
4.783000000000000000e+03
4.766000000000000000e+03
4.646000000000000000e+03
4.655000000000000000e+03
4.654000000000000000e+03
4.682000000000000000e+03
4.708000000000000000e+03
4.617000000000000000e+03
4.695000000000000000e+03
4.640000000000000000e+03
4.725000000000000000e+03
4.605000000000000000e+03
4.623000000000000000e+03
4.587000000000000000e+03
4.632000000000000000e+03
4.699000000000000000e+03
4.611000000000000000e+03
4.598000000000000000e+03
4.650000000000000000e+03
4.653000000000000000e+03
4.662000000000000000e+03
4.582000000000000000e+03
4.565000000000000000e+03
4.504000000000000000e+03
4.534000000000000000e+03
4.581000000000000000e+03
4.497000000000000000e+03
4.519000000000000000e+03
4.489000000000000000e+03
4.488000000000000000e+03
4.446000000000000000e+03
4.570000000000000000e+03
4.486000000000000000e+03
4.442000000000000000e+03
4.437000000000000000e+03
4.528000000000000000e+03
4.420000000000000000e+03
4.513000000000000000e+03
4.496000000000000000e+03
4.519000000000000000e+03
4.453000000000000000e+03
4.440000000000000000e+03
4.402000000000000000e+03
4.372000000000000000e+03
4.422000000000000000e+03
4.487000000000000000e+03
4.401000000000000000e+03
4.348000000000000000e+03
4.376000000000000000e+03
4.280000000000000000e+03
4.378000000000000000e+03
4.314000000000000000e+03
4.316000000000000000e+03
4.288000000000000000e+03
4.277000000000000000e+03
4.313000000000000000e+03
4.329000000000000000e+03
4.384000000000000000e+03
4.324000000000000000e+03
4.307000000000000000e+03
4.259000000000000000e+03
4.343000000000000000e+03
4.189000000000000000e+03
4.196000000000000000e+03
4.247000000000000000e+03
4.295000000000000000e+03
4.199000000000000000e+03
4.178000000000000000e+03
4.284000000000000000e+03
4.230000000000000000e+03
4.178000000000000000e+03
4.170000000000000000e+03
4.197000000000000000e+03
4.201000000000000000e+03
4.213000000000000000e+03
4.176000000000000000e+03
4.144000000000000000e+03
4.090000000000000000e+03
4.163000000000000000e+03
4.178000000000000000e+03
4.140000000000000000e+03
4.069000000000000000e+03
4.161000000000000000e+03
4.143000000000000000e+03
4.105000000000000000e+03
4.001000000000000000e+03
4.047000000000000000e+03
4.103000000000000000e+03
4.078000000000000000e+03
4.123000000000000000e+03
4.167000000000000000e+03
4.082000000000000000e+03
4.082000000000000000e+03
4.028000000000000000e+03
4.087000000000000000e+03
3.983000000000000000e+03
4.021000000000000000e+03
4.001000000000000000e+03
4.041000000000000000e+03
4.003000000000000000e+03
3.986000000000000000e+03
4.070000000000000000e+03
3.950000000000000000e+03
3.938000000000000000e+03
4.059000000000000000e+03
3.997000000000000000e+03
3.972000000000000000e+03
3.953000000000000000e+03
4.001000000000000000e+03
3.974000000000000000e+03
3.943000000000000000e+03
4.041000000000000000e+03
3.942000000000000000e+03
3.970000000000000000e+03
3.977000000000000000e+03
4.034000000000000000e+03
3.947000000000000000e+03
3.964000000000000000e+03
3.905000000000000000e+03
3.987000000000000000e+03
3.940000000000000000e+03
3.967000000000000000e+03
3.829000000000000000e+03
3.870000000000000000e+03
3.871000000000000000e+03
3.796000000000000000e+03
3.835000000000000000e+03
3.894000000000000000e+03
3.833000000000000000e+03
3.783000000000000000e+03
3.904000000000000000e+03
3.814000000000000000e+03
3.801000000000000000e+03
3.862000000000000000e+03
3.839000000000000000e+03
3.853000000000000000e+03
3.796000000000000000e+03
3.870000000000000000e+03
3.776000000000000000e+03
3.774000000000000000e+03
3.811000000000000000e+03
3.732000000000000000e+03
3.753000000000000000e+03
3.765000000000000000e+03
3.720000000000000000e+03
3.846000000000000000e+03
3.805000000000000000e+03
3.754000000000000000e+03
3.747000000000000000e+03
3.725000000000000000e+03
3.613000000000000000e+03
3.703000000000000000e+03
3.692000000000000000e+03
3.739000000000000000e+03
3.663000000000000000e+03
3.611000000000000000e+03
3.666000000000000000e+03
3.669000000000000000e+03
3.666000000000000000e+03
3.658000000000000000e+03
3.699000000000000000e+03
3.653000000000000000e+03
3.683000000000000000e+03
3.632000000000000000e+03
3.716000000000000000e+03
3.647000000000000000e+03
3.603000000000000000e+03
3.666000000000000000e+03
3.597000000000000000e+03
3.724000000000000000e+03
3.619000000000000000e+03
3.587000000000000000e+03
3.597000000000000000e+03
3.795000000000000000e+03
3.529000000000000000e+03
3.567000000000000000e+03
3.531000000000000000e+03
3.546000000000000000e+03
3.607000000000000000e+03
3.559000000000000000e+03
3.566000000000000000e+03
3.458000000000000000e+03
3.525000000000000000e+03
3.527000000000000000e+03
3.515000000000000000e+03
3.501000000000000000e+03
3.437000000000000000e+03
3.491000000000000000e+03
3.450000000000000000e+03
3.526000000000000000e+03
3.455000000000000000e+03
3.386000000000000000e+03
3.435000000000000000e+03
3.465000000000000000e+03
3.413000000000000000e+03
3.379000000000000000e+03
3.509000000000000000e+03
3.439000000000000000e+03
3.363000000000000000e+03
3.671000000000000000e+03
3.363000000000000000e+03
3.311000000000000000e+03
3.426000000000000000e+03
3.403000000000000000e+03
3.355000000000000000e+03
3.303000000000000000e+03
3.318000000000000000e+03
3.241000000000000000e+03
3.251000000000000000e+03
3.230000000000000000e+03
3.179000000000000000e+03
3.229000000000000000e+03
3.294000000000000000e+03
3.206000000000000000e+03
3.236000000000000000e+03
3.126000000000000000e+03
3.219000000000000000e+03
3.212000000000000000e+03
3.196000000000000000e+03
3.177000000000000000e+03
3.136000000000000000e+03
3.078000000000000000e+03
3.133000000000000000e+03
3.096000000000000000e+03
3.094000000000000000e+03
3.109000000000000000e+03
3.060000000000000000e+03
3.143000000000000000e+03
3.061000000000000000e+03
3.044000000000000000e+03
3.059000000000000000e+03
2.976000000000000000e+03
3.022000000000000000e+03
2.951000000000000000e+03
3.021000000000000000e+03
3.030000000000000000e+03
2.969000000000000000e+03
2.936000000000000000e+03
2.895000000000000000e+03
2.894000000000000000e+03
2.889000000000000000e+03
2.887000000000000000e+03
2.921000000000000000e+03
2.918000000000000000e+03
2.881000000000000000e+03
2.862000000000000000e+03
2.847000000000000000e+03
2.787000000000000000e+03
2.837000000000000000e+03
2.838000000000000000e+03
2.829000000000000000e+03
2.834000000000000000e+03
2.786000000000000000e+03
2.743000000000000000e+03
2.777000000000000000e+03
2.794000000000000000e+03
2.772000000000000000e+03
2.744000000000000000e+03
2.782000000000000000e+03
2.754000000000000000e+03
2.713000000000000000e+03
2.716000000000000000e+03
2.713000000000000000e+03
2.693000000000000000e+03
2.657000000000000000e+03
2.695000000000000000e+03
2.653000000000000000e+03
2.647000000000000000e+03
2.670000000000000000e+03
2.643000000000000000e+03
2.650000000000000000e+03
2.650000000000000000e+03
2.643000000000000000e+03
2.632000000000000000e+03
2.603000000000000000e+03
2.605000000000000000e+03
2.589000000000000000e+03
2.606000000000000000e+03
2.533000000000000000e+03
2.599000000000000000e+03
2.595000000000000000e+03
2.582000000000000000e+03
2.572000000000000000e+03
2.546000000000000000e+03
2.515000000000000000e+03
2.586000000000000000e+03
2.481000000000000000e+03
