1.384000000000000000e+03
1.381000000000000000e+03
1.450000000000000000e+03
1.399000000000000000e+03
1.402000000000000000e+03
1.428000000000000000e+03
1.387000000000000000e+03
1.428000000000000000e+03
1.439000000000000000e+03
1.429000000000000000e+03
1.437000000000000000e+03
1.462000000000000000e+03
1.404000000000000000e+03
1.431000000000000000e+03
1.438000000000000000e+03
1.454000000000000000e+03
1.448000000000000000e+03
1.437000000000000000e+03
1.471000000000000000e+03
1.489000000000000000e+03
1.456000000000000000e+03
1.496000000000000000e+03
1.519000000000000000e+03
1.530000000000000000e+03
1.542000000000000000e+03
1.484000000000000000e+03
1.532000000000000000e+03
1.543000000000000000e+03
1.536000000000000000e+03
1.549000000000000000e+03
1.556000000000000000e+03
1.520000000000000000e+03
1.554000000000000000e+03
1.576000000000000000e+03
1.562000000000000000e+03
1.540000000000000000e+03
1.589000000000000000e+03
1.541000000000000000e+03
1.552000000000000000e+03
1.568000000000000000e+03
1.580000000000000000e+03
1.591000000000000000e+03
1.574000000000000000e+03
1.568000000000000000e+03
1.553000000000000000e+03
1.569000000000000000e+03
1.603000000000000000e+03
1.573000000000000000e+03
1.616000000000000000e+03
1.594000000000000000e+03
1.542000000000000000e+03
1.751000000000000000e+03
1.622000000000000000e+03
1.665000000000000000e+03
1.617000000000000000e+03
1.669000000000000000e+03
1.658000000000000000e+03
1.576000000000000000e+03
1.630000000000000000e+03
1.615000000000000000e+03
1.635000000000000000e+03
1.616000000000000000e+03
1.653000000000000000e+03
1.696000000000000000e+03
1.639000000000000000e+03
1.638000000000000000e+03
1.696000000000000000e+03
1.670000000000000000e+03
1.717000000000000000e+03
1.718000000000000000e+03
1.644000000000000000e+03
1.697000000000000000e+03
1.656000000000000000e+03
1.699000000000000000e+03
1.716000000000000000e+03
1.693000000000000000e+03
1.679000000000000000e+03
1.713000000000000000e+03
1.667000000000000000e+03
1.689000000000000000e+03
1.739000000000000000e+03
1.726000000000000000e+03
1.742000000000000000e+03
1.726000000000000000e+03
1.718000000000000000e+03
1.694000000000000000e+03
1.689000000000000000e+03
1.740000000000000000e+03
1.769000000000000000e+03
1.737000000000000000e+03
1.749000000000000000e+03
1.746000000000000000e+03
1.760000000000000000e+03
1.791000000000000000e+03
1.727000000000000000e+03
1.775000000000000000e+03
1.773000000000000000e+03
1.748000000000000000e+03
1.791000000000000000e+03
1.810000000000000000e+03
1.762000000000000000e+03
1.807000000000000000e+03
1.832000000000000000e+03
1.798000000000000000e+03
1.801000000000000000e+03
1.868000000000000000e+03
1.867000000000000000e+03
1.776000000000000000e+03
1.833000000000000000e+03
1.874000000000000000e+03
1.869000000000000000e+03
1.899000000000000000e+03
1.873000000000000000e+03
1.859000000000000000e+03
1.881000000000000000e+03
1.915000000000000000e+03
1.934000000000000000e+03
1.886000000000000000e+03
1.935000000000000000e+03
1.998000000000000000e+03
1.946000000000000000e+03
1.969000000000000000e+03
1.973000000000000000e+03
1.922000000000000000e+03
2.004000000000000000e+03
1.936000000000000000e+03
1.982000000000000000e+03
1.995000000000000000e+03
1.989000000000000000e+03
2.028000000000000000e+03
2.036000000000000000e+03
1.977000000000000000e+03
1.995000000000000000e+03
2.054000000000000000e+03
2.064000000000000000e+03
2.049000000000000000e+03
2.098000000000000000e+03
2.118000000000000000e+03
2.105000000000000000e+03
2.152000000000000000e+03
2.114000000000000000e+03
2.092000000000000000e+03
2.101000000000000000e+03
2.130000000000000000e+03
2.153000000000000000e+03
2.200000000000000000e+03
2.152000000000000000e+03
2.175000000000000000e+03
2.193000000000000000e+03
2.203000000000000000e+03
2.220000000000000000e+03
2.204000000000000000e+03
2.183000000000000000e+03
2.254000000000000000e+03
2.283000000000000000e+03
2.232000000000000000e+03
2.268000000000000000e+03
2.307000000000000000e+03
2.321000000000000000e+03
2.251000000000000000e+03
2.297000000000000000e+03
2.280000000000000000e+03
2.342000000000000000e+03
2.279000000000000000e+03
2.339000000000000000e+03
2.311000000000000000e+03
2.344000000000000000e+03
2.345000000000000000e+03
2.318000000000000000e+03
2.342000000000000000e+03
2.346000000000000000e+03
2.417000000000000000e+03
2.426000000000000000e+03
2.360000000000000000e+03
2.449000000000000000e+03
2.493000000000000000e+03
2.523000000000000000e+03
2.449000000000000000e+03
2.448000000000000000e+03
2.435000000000000000e+03
2.502000000000000000e+03
2.435000000000000000e+03
2.435000000000000000e+03
2.492000000000000000e+03
2.447000000000000000e+03
2.437000000000000000e+03
2.459000000000000000e+03
2.582000000000000000e+03
2.937000000000000000e+03
2.839000000000000000e+03
2.582000000000000000e+03
2.522000000000000000e+03
2.561000000000000000e+03
2.511000000000000000e+03
2.519000000000000000e+03
2.524000000000000000e+03
2.549000000000000000e+03
2.554000000000000000e+03
2.599000000000000000e+03
2.555000000000000000e+03
2.536000000000000000e+03
2.627000000000000000e+03
2.569000000000000000e+03
2.639000000000000000e+03
2.611000000000000000e+03
2.608000000000000000e+03
2.611000000000000000e+03
2.639000000000000000e+03
2.711000000000000000e+03
2.667000000000000000e+03
2.713000000000000000e+03
2.699000000000000000e+03
2.658000000000000000e+03
2.707000000000000000e+03
2.747000000000000000e+03
2.719000000000000000e+03
2.730000000000000000e+03
2.837000000000000000e+03
2.731000000000000000e+03
2.838000000000000000e+03
2.726000000000000000e+03
2.773000000000000000e+03
2.815000000000000000e+03
2.750000000000000000e+03
2.857000000000000000e+03
2.868000000000000000e+03
2.830000000000000000e+03
2.959000000000000000e+03
2.876000000000000000e+03
2.882000000000000000e+03
2.888000000000000000e+03
2.912000000000000000e+03
2.962000000000000000e+03
2.936000000000000000e+03
2.976000000000000000e+03
2.968000000000000000e+03
3.048000000000000000e+03
3.129000000000000000e+03
3.064000000000000000e+03
3.076000000000000000e+03
3.009000000000000000e+03
3.045000000000000000e+03
3.086000000000000000e+03
3.153000000000000000e+03
3.156000000000000000e+03
3.079000000000000000e+03
3.127000000000000000e+03
3.156000000000000000e+03
3.202000000000000000e+03
3.221000000000000000e+03
3.247000000000000000e+03
3.251000000000000000e+03
3.253000000000000000e+03
3.248000000000000000e+03
3.290000000000000000e+03
3.254000000000000000e+03
3.239000000000000000e+03
3.175000000000000000e+03
3.289000000000000000e+03
3.352000000000000000e+03
3.324000000000000000e+03
3.350000000000000000e+03
3.342000000000000000e+03
3.371000000000000000e+03
3.401000000000000000e+03
3.432000000000000000e+03
3.417000000000000000e+03
3.380000000000000000e+03
3.370000000000000000e+03
3.394000000000000000e+03
3.424000000000000000e+03
3.454000000000000000e+03
3.437000000000000000e+03
3.413000000000000000e+03
3.452000000000000000e+03
3.473000000000000000e+03
3.477000000000000000e+03
3.438000000000000000e+03
3.474000000000000000e+03
3.440000000000000000e+03
3.499000000000000000e+03
3.442000000000000000e+03
3.448000000000000000e+03
3.529000000000000000e+03
3.541000000000000000e+03
3.479000000000000000e+03
3.552000000000000000e+03
3.568000000000000000e+03
3.455000000000000000e+03
3.558000000000000000e+03
3.447000000000000000e+03
3.569000000000000000e+03
3.629000000000000000e+03
3.594000000000000000e+03
3.500000000000000000e+03
3.614000000000000000e+03
3.519000000000000000e+03
3.590000000000000000e+03
3.572000000000000000e+03
3.556000000000000000e+03
3.540000000000000000e+03
3.646000000000000000e+03
3.573000000000000000e+03
3.585000000000000000e+03
3.601000000000000000e+03
3.597000000000000000e+03
3.636000000000000000e+03
3.566000000000000000e+03
3.627000000000000000e+03
3.586000000000000000e+03
3.602000000000000000e+03
3.660000000000000000e+03
3.673000000000000000e+03
3.702000000000000000e+03
3.673000000000000000e+03
3.661000000000000000e+03
3.644000000000000000e+03
3.647000000000000000e+03
3.676000000000000000e+03
3.703000000000000000e+03
3.658000000000000000e+03
3.640000000000000000e+03
3.674000000000000000e+03
3.597000000000000000e+03
3.615000000000000000e+03
3.609000000000000000e+03
3.700000000000000000e+03
3.705000000000000000e+03
3.659000000000000000e+03
3.650000000000000000e+03
3.631000000000000000e+03
3.668000000000000000e+03
3.687000000000000000e+03
3.599000000000000000e+03
3.729000000000000000e+03
3.686000000000000000e+03
3.648000000000000000e+03
3.811000000000000000e+03
3.591000000000000000e+03
3.674000000000000000e+03
3.637000000000000000e+03
3.676000000000000000e+03
3.638000000000000000e+03
3.786000000000000000e+03
3.648000000000000000e+03
3.647000000000000000e+03
3.585000000000000000e+03
3.765000000000000000e+03
3.593000000000000000e+03
3.617000000000000000e+03
3.703000000000000000e+03
3.678000000000000000e+03
3.695000000000000000e+03
3.659000000000000000e+03
3.691000000000000000e+03
3.659000000000000000e+03
3.660000000000000000e+03
3.603000000000000000e+03
3.659000000000000000e+03
3.662000000000000000e+03
3.730000000000000000e+03
3.612000000000000000e+03
3.598000000000000000e+03
3.686000000000000000e+03
3.709000000000000000e+03
3.740000000000000000e+03
3.745000000000000000e+03
3.692000000000000000e+03
3.689000000000000000e+03
3.778000000000000000e+03
3.668000000000000000e+03
3.659000000000000000e+03
3.744000000000000000e+03
3.742000000000000000e+03
3.741000000000000000e+03
3.712000000000000000e+03
3.743000000000000000e+03
3.785000000000000000e+03
3.760000000000000000e+03
3.771000000000000000e+03
3.813000000000000000e+03
3.783000000000000000e+03
3.871000000000000000e+03
3.889000000000000000e+03
3.778000000000000000e+03
3.762000000000000000e+03
3.798000000000000000e+03
3.827000000000000000e+03
3.751000000000000000e+03
3.828000000000000000e+03
3.780000000000000000e+03
3.865000000000000000e+03
3.751000000000000000e+03
3.818000000000000000e+03
3.872000000000000000e+03
3.792000000000000000e+03
3.838000000000000000e+03
3.831000000000000000e+03
3.893000000000000000e+03
3.788000000000000000e+03
3.840000000000000000e+03
3.833000000000000000e+03
3.854000000000000000e+03
3.843000000000000000e+03
3.901000000000000000e+03
3.872000000000000000e+03
3.895000000000000000e+03
3.937000000000000000e+03
3.906000000000000000e+03
3.822000000000000000e+03
3.832000000000000000e+03
3.875000000000000000e+03
3.846000000000000000e+03
3.916000000000000000e+03
3.896000000000000000e+03
3.829000000000000000e+03
3.910000000000000000e+03
3.912000000000000000e+03
3.900000000000000000e+03
3.921000000000000000e+03
3.867000000000000000e+03
3.833000000000000000e+03
3.877000000000000000e+03
3.981000000000000000e+03
3.854000000000000000e+03
3.966000000000000000e+03
3.959000000000000000e+03
3.927000000000000000e+03
3.898000000000000000e+03
3.917000000000000000e+03
4.056000000000000000e+03
3.878000000000000000e+03
3.967000000000000000e+03
4.033000000000000000e+03
3.959000000000000000e+03
3.944000000000000000e+03
3.941000000000000000e+03
3.966000000000000000e+03
3.951000000000000000e+03
3.978000000000000000e+03
3.968000000000000000e+03
3.942000000000000000e+03
3.965000000000000000e+03
3.975000000000000000e+03
3.936000000000000000e+03
3.957000000000000000e+03
3.949000000000000000e+03
3.858000000000000000e+03
3.955000000000000000e+03
4.028000000000000000e+03
3.955000000000000000e+03
4.007000000000000000e+03
3.940000000000000000e+03
3.858000000000000000e+03
3.941000000000000000e+03
3.991000000000000000e+03
3.951000000000000000e+03
4.061000000000000000e+03
3.945000000000000000e+03
3.975000000000000000e+03
3.982000000000000000e+03
3.951000000000000000e+03
3.958000000000000000e+03
3.906000000000000000e+03
3.954000000000000000e+03
3.937000000000000000e+03
4.019000000000000000e+03
4.040000000000000000e+03
3.969000000000000000e+03
4.004000000000000000e+03
3.954000000000000000e+03
3.943000000000000000e+03
3.989000000000000000e+03
3.950000000000000000e+03
3.912000000000000000e+03
3.909000000000000000e+03
3.938000000000000000e+03
3.899000000000000000e+03
3.964000000000000000e+03
3.948000000000000000e+03
3.891000000000000000e+03
3.888000000000000000e+03
3.926000000000000000e+03
3.861000000000000000e+03
3.824000000000000000e+03
3.887000000000000000e+03
3.865000000000000000e+03
3.821000000000000000e+03
3.858000000000000000e+03
3.824000000000000000e+03
3.867000000000000000e+03
3.826000000000000000e+03
3.971000000000000000e+03
3.789000000000000000e+03
3.825000000000000000e+03
3.866000000000000000e+03
3.837000000000000000e+03
3.843000000000000000e+03
3.807000000000000000e+03
3.826000000000000000e+03
3.841000000000000000e+03
3.850000000000000000e+03
3.762000000000000000e+03
3.782000000000000000e+03
3.785000000000000000e+03
3.750000000000000000e+03
3.729000000000000000e+03
3.776000000000000000e+03
3.740000000000000000e+03
3.750000000000000000e+03
3.748000000000000000e+03
3.706000000000000000e+03
3.712000000000000000e+03
3.681000000000000000e+03
3.761000000000000000e+03
3.700000000000000000e+03
3.704000000000000000e+03
3.693000000000000000e+03
3.586000000000000000e+03
3.682000000000000000e+03
3.696000000000000000e+03
3.660000000000000000e+03
3.682000000000000000e+03
3.720000000000000000e+03
3.633000000000000000e+03
3.620000000000000000e+03
3.593000000000000000e+03
3.628000000000000000e+03
3.625000000000000000e+03
3.643000000000000000e+03
3.553000000000000000e+03
3.603000000000000000e+03
3.604000000000000000e+03
3.622000000000000000e+03
3.598000000000000000e+03
3.535000000000000000e+03
3.603000000000000000e+03
3.473000000000000000e+03
3.633000000000000000e+03
3.501000000000000000e+03
3.566000000000000000e+03
3.562000000000000000e+03
3.523000000000000000e+03
3.563000000000000000e+03
3.507000000000000000e+03
3.524000000000000000e+03
3.552000000000000000e+03
3.398000000000000000e+03
3.491000000000000000e+03
3.506000000000000000e+03
3.493000000000000000e+03
3.441000000000000000e+03
3.517000000000000000e+03
3.399000000000000000e+03
3.393000000000000000e+03
3.435000000000000000e+03
3.447000000000000000e+03
3.430000000000000000e+03
3.390000000000000000e+03
3.486000000000000000e+03
3.438000000000000000e+03
3.386000000000000000e+03
3.484000000000000000e+03
3.392000000000000000e+03
3.436000000000000000e+03
3.405000000000000000e+03
3.341000000000000000e+03
3.332000000000000000e+03
3.381000000000000000e+03
3.357000000000000000e+03
3.335000000000000000e+03
3.302000000000000000e+03
3.376000000000000000e+03
3.287000000000000000e+03
3.291000000000000000e+03
3.330000000000000000e+03
3.305000000000000000e+03
3.333000000000000000e+03
3.366000000000000000e+03
3.319000000000000000e+03
3.337000000000000000e+03
3.290000000000000000e+03
3.322000000000000000e+03
3.328000000000000000e+03
3.359000000000000000e+03
3.371000000000000000e+03
3.321000000000000000e+03
3.344000000000000000e+03
3.284000000000000000e+03
3.314000000000000000e+03
3.286000000000000000e+03
3.358000000000000000e+03
3.309000000000000000e+03
3.300000000000000000e+03
3.256000000000000000e+03
3.257000000000000000e+03
3.313000000000000000e+03
3.271000000000000000e+03
3.205000000000000000e+03
3.269000000000000000e+03
3.226000000000000000e+03
3.207000000000000000e+03
3.239000000000000000e+03
3.279000000000000000e+03
3.199000000000000000e+03
3.177000000000000000e+03
3.254000000000000000e+03
3.282000000000000000e+03
3.142000000000000000e+03
3.210000000000000000e+03
3.302000000000000000e+03
3.152000000000000000e+03
3.229000000000000000e+03
3.141000000000000000e+03
3.121000000000000000e+03
3.196000000000000000e+03
3.196000000000000000e+03
3.167000000000000000e+03
3.135000000000000000e+03
3.171000000000000000e+03
3.161000000000000000e+03
3.157000000000000000e+03
3.123000000000000000e+03
3.127000000000000000e+03
3.135000000000000000e+03
3.126000000000000000e+03
3.167000000000000000e+03
3.147000000000000000e+03
3.110000000000000000e+03
3.123000000000000000e+03
3.129000000000000000e+03
3.063000000000000000e+03
3.050000000000000000e+03
3.140000000000000000e+03
3.070000000000000000e+03
2.999000000000000000e+03
3.071000000000000000e+03
3.064000000000000000e+03
3.093000000000000000e+03
3.049000000000000000e+03
3.067000000000000000e+03
3.082000000000000000e+03
3.125000000000000000e+03
3.051000000000000000e+03
3.022000000000000000e+03
3.035000000000000000e+03
3.113000000000000000e+03
3.106000000000000000e+03
2.939000000000000000e+03
2.957000000000000000e+03
2.995000000000000000e+03
3.039000000000000000e+03
3.017000000000000000e+03
3.030000000000000000e+03
3.023000000000000000e+03
2.951000000000000000e+03
2.970000000000000000e+03
2.934000000000000000e+03
2.928000000000000000e+03
2.939000000000000000e+03
2.934000000000000000e+03
2.920000000000000000e+03
2.944000000000000000e+03
2.888000000000000000e+03
2.918000000000000000e+03
2.848000000000000000e+03
2.945000000000000000e+03
2.908000000000000000e+03
2.968000000000000000e+03
2.912000000000000000e+03
2.888000000000000000e+03
2.938000000000000000e+03
2.905000000000000000e+03
2.924000000000000000e+03
2.848000000000000000e+03
2.829000000000000000e+03
2.836000000000000000e+03
2.838000000000000000e+03
2.840000000000000000e+03
2.820000000000000000e+03
2.834000000000000000e+03
2.785000000000000000e+03
2.817000000000000000e+03
2.833000000000000000e+03
2.821000000000000000e+03
2.704000000000000000e+03
2.754000000000000000e+03
2.746000000000000000e+03
2.739000000000000000e+03
2.695000000000000000e+03
2.733000000000000000e+03
2.733000000000000000e+03
2.644000000000000000e+03
2.718000000000000000e+03
2.754000000000000000e+03
2.723000000000000000e+03
2.675000000000000000e+03
2.656000000000000000e+03
2.748000000000000000e+03
2.644000000000000000e+03
2.594000000000000000e+03
2.635000000000000000e+03
3.177000000000000000e+03
2.581000000000000000e+03
2.560000000000000000e+03
2.600000000000000000e+03
2.575000000000000000e+03
2.602000000000000000e+03
2.590000000000000000e+03
2.609000000000000000e+03
2.541000000000000000e+03
2.515000000000000000e+03
2.504000000000000000e+03
2.481000000000000000e+03
2.559000000000000000e+03
2.546000000000000000e+03
2.511000000000000000e+03
2.472000000000000000e+03
2.527000000000000000e+03
2.454000000000000000e+03
2.448000000000000000e+03
2.411000000000000000e+03
2.425000000000000000e+03
2.479000000000000000e+03
2.356000000000000000e+03
2.368000000000000000e+03
2.471000000000000000e+03
2.430000000000000000e+03
2.358000000000000000e+03
2.368000000000000000e+03
2.393000000000000000e+03
2.414000000000000000e+03
2.321000000000000000e+03
2.392000000000000000e+03
2.344000000000000000e+03
2.335000000000000000e+03
2.312000000000000000e+03
2.275000000000000000e+03
2.329000000000000000e+03
2.328000000000000000e+03
2.314000000000000000e+03
2.285000000000000000e+03
2.279000000000000000e+03
2.374000000000000000e+03
2.332000000000000000e+03
2.244000000000000000e+03
2.270000000000000000e+03
2.194000000000000000e+03
2.176000000000000000e+03
2.277000000000000000e+03
2.281000000000000000e+03
2.232000000000000000e+03
2.196000000000000000e+03
2.236000000000000000e+03
2.267000000000000000e+03
2.158000000000000000e+03
2.197000000000000000e+03
2.157000000000000000e+03
2.197000000000000000e+03
2.234000000000000000e+03
2.153000000000000000e+03
2.178000000000000000e+03
2.198000000000000000e+03
2.155000000000000000e+03
2.093000000000000000e+03
