1.599000000000000000e+03
1.659000000000000000e+03
1.618000000000000000e+03
1.671000000000000000e+03
1.732000000000000000e+03
1.687000000000000000e+03
1.671000000000000000e+03
1.700000000000000000e+03
1.671000000000000000e+03
1.721000000000000000e+03
1.739000000000000000e+03
1.694000000000000000e+03
1.716000000000000000e+03
1.762000000000000000e+03
1.755000000000000000e+03
1.771000000000000000e+03
1.729000000000000000e+03
1.772000000000000000e+03
1.764000000000000000e+03
1.747000000000000000e+03
1.762000000000000000e+03
1.814000000000000000e+03
1.905000000000000000e+03
1.804000000000000000e+03
1.839000000000000000e+03
1.793000000000000000e+03
1.764000000000000000e+03
1.834000000000000000e+03
1.789000000000000000e+03
1.795000000000000000e+03
1.810000000000000000e+03
1.825000000000000000e+03
1.836000000000000000e+03
1.822000000000000000e+03
1.811000000000000000e+03
1.928000000000000000e+03
1.831000000000000000e+03
1.904000000000000000e+03
1.901000000000000000e+03
1.875000000000000000e+03
1.820000000000000000e+03
1.915000000000000000e+03
1.920000000000000000e+03
1.895000000000000000e+03
1.887000000000000000e+03
1.901000000000000000e+03
1.874000000000000000e+03
1.861000000000000000e+03
1.914000000000000000e+03
1.926000000000000000e+03
1.855000000000000000e+03
1.941000000000000000e+03
1.927000000000000000e+03
2.001000000000000000e+03
1.893000000000000000e+03
1.970000000000000000e+03
1.999000000000000000e+03
1.946000000000000000e+03
2.019000000000000000e+03
1.987000000000000000e+03
2.001000000000000000e+03
1.979000000000000000e+03
1.932000000000000000e+03
1.979000000000000000e+03
2.015000000000000000e+03
2.019000000000000000e+03
2.011000000000000000e+03
1.976000000000000000e+03
2.039000000000000000e+03
2.039000000000000000e+03
1.986000000000000000e+03
2.022000000000000000e+03
1.997000000000000000e+03
2.007000000000000000e+03
2.063000000000000000e+03
1.973000000000000000e+03
2.021000000000000000e+03
2.075000000000000000e+03
2.099000000000000000e+03
2.055000000000000000e+03
2.038000000000000000e+03
2.063000000000000000e+03
2.086000000000000000e+03
2.074000000000000000e+03
2.075000000000000000e+03
2.108000000000000000e+03
2.102000000000000000e+03
2.152000000000000000e+03
2.092000000000000000e+03
2.142000000000000000e+03
2.144000000000000000e+03
2.100000000000000000e+03
2.201000000000000000e+03
2.132000000000000000e+03
2.140000000000000000e+03
2.112000000000000000e+03
2.165000000000000000e+03
2.118000000000000000e+03
2.204000000000000000e+03
2.225000000000000000e+03
2.228000000000000000e+03
2.190000000000000000e+03
2.129000000000000000e+03
2.184000000000000000e+03
2.194000000000000000e+03
2.260000000000000000e+03
2.164000000000000000e+03
2.279000000000000000e+03
2.233000000000000000e+03
2.256000000000000000e+03
2.264000000000000000e+03
2.320000000000000000e+03
2.299000000000000000e+03
2.283000000000000000e+03
2.305000000000000000e+03
2.360000000000000000e+03
2.404000000000000000e+03
2.343000000000000000e+03
2.315000000000000000e+03
2.419000000000000000e+03
2.392000000000000000e+03
2.429000000000000000e+03
2.438000000000000000e+03
2.491000000000000000e+03
2.415000000000000000e+03
2.453000000000000000e+03
2.414000000000000000e+03
2.461000000000000000e+03
2.430000000000000000e+03
2.459000000000000000e+03
2.510000000000000000e+03
2.509000000000000000e+03
2.607000000000000000e+03
2.504000000000000000e+03
2.522000000000000000e+03
2.536000000000000000e+03
2.575000000000000000e+03
2.586000000000000000e+03
2.588000000000000000e+03
2.621000000000000000e+03
2.617000000000000000e+03
2.631000000000000000e+03
2.573000000000000000e+03
2.589000000000000000e+03
2.671000000000000000e+03
2.646000000000000000e+03
2.691000000000000000e+03
2.662000000000000000e+03
2.750000000000000000e+03
2.731000000000000000e+03
2.688000000000000000e+03
2.723000000000000000e+03
2.765000000000000000e+03
2.805000000000000000e+03
2.767000000000000000e+03
2.780000000000000000e+03
2.843000000000000000e+03
2.787000000000000000e+03
2.791000000000000000e+03
2.830000000000000000e+03
2.808000000000000000e+03
2.791000000000000000e+03
2.847000000000000000e+03
2.839000000000000000e+03
2.825000000000000000e+03
2.893000000000000000e+03
2.895000000000000000e+03
2.875000000000000000e+03
2.951000000000000000e+03
2.867000000000000000e+03
2.950000000000000000e+03
2.943000000000000000e+03
2.934000000000000000e+03
2.907000000000000000e+03
3.019000000000000000e+03
2.921000000000000000e+03
3.023000000000000000e+03
2.981000000000000000e+03
2.979000000000000000e+03
3.043000000000000000e+03
3.058000000000000000e+03
2.955000000000000000e+03
2.995000000000000000e+03
3.086000000000000000e+03
3.414000000000000000e+03
3.552000000000000000e+03
3.334000000000000000e+03
3.014000000000000000e+03
3.164000000000000000e+03
3.040000000000000000e+03
3.100000000000000000e+03
3.052000000000000000e+03
3.132000000000000000e+03
3.164000000000000000e+03
3.100000000000000000e+03
3.109000000000000000e+03
3.152000000000000000e+03
3.209000000000000000e+03
3.117000000000000000e+03
3.196000000000000000e+03
3.187000000000000000e+03
3.177000000000000000e+03
3.218000000000000000e+03
3.343000000000000000e+03
3.237000000000000000e+03
3.247000000000000000e+03
3.287000000000000000e+03
3.321000000000000000e+03
3.250000000000000000e+03
3.282000000000000000e+03
3.390000000000000000e+03
3.291000000000000000e+03
3.351000000000000000e+03
3.373000000000000000e+03
3.352000000000000000e+03
3.316000000000000000e+03
3.446000000000000000e+03
3.443000000000000000e+03
3.439000000000000000e+03
3.441000000000000000e+03
3.557000000000000000e+03
3.460000000000000000e+03
3.447000000000000000e+03
3.487000000000000000e+03
3.483000000000000000e+03
3.475000000000000000e+03
3.573000000000000000e+03
3.578000000000000000e+03
3.611000000000000000e+03
3.631000000000000000e+03
3.578000000000000000e+03
3.579000000000000000e+03
3.617000000000000000e+03
3.691000000000000000e+03
3.642000000000000000e+03
3.644000000000000000e+03
3.687000000000000000e+03
3.702000000000000000e+03
3.706000000000000000e+03
3.708000000000000000e+03
3.781000000000000000e+03
3.779000000000000000e+03
3.856000000000000000e+03
3.809000000000000000e+03
3.805000000000000000e+03
3.758000000000000000e+03
3.882000000000000000e+03
3.861000000000000000e+03
3.898000000000000000e+03
3.906000000000000000e+03
3.913000000000000000e+03
3.820000000000000000e+03
3.971000000000000000e+03
3.953000000000000000e+03
3.980000000000000000e+03
3.998000000000000000e+03
4.037000000000000000e+03
4.134000000000000000e+03
4.086000000000000000e+03
4.024000000000000000e+03
4.153000000000000000e+03
4.150000000000000000e+03
4.201000000000000000e+03
4.132000000000000000e+03
4.021000000000000000e+03
4.111000000000000000e+03
4.164000000000000000e+03
4.162000000000000000e+03
4.029000000000000000e+03
4.134000000000000000e+03
4.099000000000000000e+03
4.268000000000000000e+03
4.068000000000000000e+03
4.230000000000000000e+03
4.237000000000000000e+03
4.150000000000000000e+03
4.213000000000000000e+03
4.249000000000000000e+03
4.156000000000000000e+03
4.330000000000000000e+03
4.172000000000000000e+03
4.202000000000000000e+03
4.195000000000000000e+03
4.177000000000000000e+03
4.301000000000000000e+03
4.293000000000000000e+03
4.268000000000000000e+03
4.227000000000000000e+03
4.318000000000000000e+03
4.266000000000000000e+03
4.327000000000000000e+03
4.305000000000000000e+03
4.243000000000000000e+03
4.257000000000000000e+03
4.300000000000000000e+03
4.255000000000000000e+03
4.342000000000000000e+03
4.363000000000000000e+03
4.394000000000000000e+03
4.364000000000000000e+03
4.366000000000000000e+03
4.340000000000000000e+03
4.354000000000000000e+03
4.373000000000000000e+03
4.369000000000000000e+03
4.429000000000000000e+03
4.368000000000000000e+03
4.437000000000000000e+03
4.439000000000000000e+03
4.382000000000000000e+03
4.391000000000000000e+03
4.440000000000000000e+03
4.426000000000000000e+03
4.474000000000000000e+03
4.385000000000000000e+03
4.406000000000000000e+03
4.388000000000000000e+03
4.365000000000000000e+03
4.440000000000000000e+03
4.483000000000000000e+03
4.437000000000000000e+03
4.417000000000000000e+03
4.439000000000000000e+03
4.444000000000000000e+03
4.406000000000000000e+03
4.530000000000000000e+03
4.455000000000000000e+03
4.423000000000000000e+03
4.448000000000000000e+03
4.489000000000000000e+03
4.365000000000000000e+03
4.487000000000000000e+03
4.539000000000000000e+03
4.413000000000000000e+03
4.482000000000000000e+03
4.319000000000000000e+03
4.590000000000000000e+03
4.399000000000000000e+03
4.478000000000000000e+03
4.372000000000000000e+03
4.466000000000000000e+03
4.485000000000000000e+03
4.426000000000000000e+03
4.429000000000000000e+03
4.401000000000000000e+03
4.428000000000000000e+03
4.419000000000000000e+03
4.429000000000000000e+03
4.479000000000000000e+03
4.422000000000000000e+03
4.508000000000000000e+03
4.507000000000000000e+03
4.478000000000000000e+03
4.435000000000000000e+03
4.449000000000000000e+03
4.436000000000000000e+03
4.419000000000000000e+03
4.465000000000000000e+03
4.506000000000000000e+03
4.506000000000000000e+03
4.525000000000000000e+03
4.503000000000000000e+03
4.562000000000000000e+03
4.512000000000000000e+03
4.432000000000000000e+03
4.523000000000000000e+03
4.550000000000000000e+03
4.465000000000000000e+03
4.509000000000000000e+03
4.604000000000000000e+03
4.554000000000000000e+03
4.637000000000000000e+03
4.622000000000000000e+03
4.630000000000000000e+03
4.552000000000000000e+03
4.649000000000000000e+03
4.642000000000000000e+03
4.549000000000000000e+03
4.597000000000000000e+03
4.560000000000000000e+03
4.586000000000000000e+03
4.589000000000000000e+03
4.590000000000000000e+03
4.691000000000000000e+03
4.616000000000000000e+03
4.616000000000000000e+03
4.703000000000000000e+03
4.753000000000000000e+03
4.619000000000000000e+03
4.652000000000000000e+03
4.673000000000000000e+03
4.654000000000000000e+03
4.634000000000000000e+03
4.707000000000000000e+03
4.669000000000000000e+03
4.651000000000000000e+03
4.741000000000000000e+03
4.724000000000000000e+03
4.706000000000000000e+03
4.710000000000000000e+03
4.658000000000000000e+03
4.795000000000000000e+03
4.668000000000000000e+03
4.628000000000000000e+03
4.724000000000000000e+03
4.809000000000000000e+03
4.766000000000000000e+03
4.693000000000000000e+03
4.777000000000000000e+03
4.725000000000000000e+03
4.718000000000000000e+03
4.749000000000000000e+03
4.703000000000000000e+03
4.726000000000000000e+03
4.786000000000000000e+03
4.785000000000000000e+03
4.867000000000000000e+03
4.803000000000000000e+03
4.913000000000000000e+03
4.813000000000000000e+03
4.819000000000000000e+03
4.835000000000000000e+03
4.834000000000000000e+03
4.802000000000000000e+03
4.806000000000000000e+03
5.539000000000000000e+03
4.786000000000000000e+03
4.833000000000000000e+03
4.880000000000000000e+03
4.817000000000000000e+03
4.859000000000000000e+03
4.785000000000000000e+03
4.867000000000000000e+03
4.869000000000000000e+03
4.839000000000000000e+03
4.802000000000000000e+03
4.803000000000000000e+03
4.827000000000000000e+03
4.855000000000000000e+03
4.938000000000000000e+03
4.845000000000000000e+03
4.891000000000000000e+03
4.878000000000000000e+03
4.827000000000000000e+03
4.873000000000000000e+03
4.950000000000000000e+03
4.839000000000000000e+03
4.836000000000000000e+03
4.971000000000000000e+03
4.822000000000000000e+03
4.876000000000000000e+03
4.866000000000000000e+03
4.820000000000000000e+03
4.875000000000000000e+03
4.880000000000000000e+03
4.828000000000000000e+03
4.805000000000000000e+03
4.912000000000000000e+03
4.854000000000000000e+03
4.897000000000000000e+03
4.853000000000000000e+03
4.790000000000000000e+03
4.897000000000000000e+03
4.829000000000000000e+03
4.815000000000000000e+03
4.783000000000000000e+03
4.845000000000000000e+03
4.734000000000000000e+03
4.815000000000000000e+03
4.867000000000000000e+03
4.775000000000000000e+03
4.887000000000000000e+03
4.724000000000000000e+03
4.775000000000000000e+03
4.886000000000000000e+03
4.731000000000000000e+03
4.798000000000000000e+03
4.745000000000000000e+03
4.763000000000000000e+03
4.697000000000000000e+03
4.770000000000000000e+03
4.829000000000000000e+03
4.690000000000000000e+03
4.739000000000000000e+03
4.683000000000000000e+03
4.764000000000000000e+03
4.730000000000000000e+03
4.717000000000000000e+03
4.718000000000000000e+03
4.650000000000000000e+03
4.717000000000000000e+03
4.672000000000000000e+03
4.707000000000000000e+03
4.773000000000000000e+03
4.652000000000000000e+03
4.675000000000000000e+03
4.669000000000000000e+03
4.607000000000000000e+03
4.627000000000000000e+03
4.616000000000000000e+03
4.619000000000000000e+03
4.578000000000000000e+03
4.606000000000000000e+03
4.611000000000000000e+03
4.576000000000000000e+03
4.547000000000000000e+03
4.553000000000000000e+03
4.553000000000000000e+03
4.623000000000000000e+03
4.581000000000000000e+03
4.582000000000000000e+03
4.542000000000000000e+03
4.503000000000000000e+03
4.507000000000000000e+03
4.495000000000000000e+03
4.505000000000000000e+03
4.516000000000000000e+03
4.407000000000000000e+03
4.475000000000000000e+03
4.507000000000000000e+03
4.423000000000000000e+03
4.441000000000000000e+03
4.463000000000000000e+03
4.487000000000000000e+03
4.362000000000000000e+03
4.367000000000000000e+03
4.418000000000000000e+03
4.387000000000000000e+03
4.443000000000000000e+03
4.385000000000000000e+03
4.359000000000000000e+03
4.289000000000000000e+03
4.287000000000000000e+03
4.299000000000000000e+03
4.303000000000000000e+03
4.334000000000000000e+03
4.330000000000000000e+03
4.239000000000000000e+03
4.286000000000000000e+03
4.326000000000000000e+03
4.233000000000000000e+03
4.233000000000000000e+03
4.294000000000000000e+03
4.265000000000000000e+03
4.273000000000000000e+03
4.226000000000000000e+03
4.187000000000000000e+03
4.269000000000000000e+03
4.222000000000000000e+03
4.266000000000000000e+03
4.225000000000000000e+03
4.179000000000000000e+03
4.190000000000000000e+03
4.269000000000000000e+03
4.149000000000000000e+03
4.218000000000000000e+03
4.195000000000000000e+03
4.125000000000000000e+03
4.114000000000000000e+03
4.091000000000000000e+03
4.164000000000000000e+03
4.191000000000000000e+03
4.247000000000000000e+03
4.185000000000000000e+03
4.154000000000000000e+03
4.129000000000000000e+03
4.163000000000000000e+03
4.151000000000000000e+03
4.055000000000000000e+03
4.085000000000000000e+03
4.178000000000000000e+03
4.167000000000000000e+03
4.167000000000000000e+03
4.111000000000000000e+03
4.086000000000000000e+03
4.049000000000000000e+03
4.099000000000000000e+03
4.127000000000000000e+03
4.019000000000000000e+03
4.049000000000000000e+03
4.086000000000000000e+03
4.059000000000000000e+03
4.051000000000000000e+03
4.079000000000000000e+03
4.095000000000000000e+03
4.140000000000000000e+03
4.035000000000000000e+03
4.143000000000000000e+03
4.062000000000000000e+03
3.970000000000000000e+03
3.993000000000000000e+03
4.094000000000000000e+03
3.994000000000000000e+03
4.053000000000000000e+03
3.964000000000000000e+03
3.991000000000000000e+03
3.981000000000000000e+03
4.024000000000000000e+03
3.947000000000000000e+03
4.000000000000000000e+03
3.978000000000000000e+03
3.891000000000000000e+03
3.872000000000000000e+03
3.978000000000000000e+03
3.941000000000000000e+03
3.913000000000000000e+03
3.902000000000000000e+03
3.921000000000000000e+03
3.865000000000000000e+03
3.842000000000000000e+03
3.870000000000000000e+03
4.021000000000000000e+03
3.826000000000000000e+03
3.875000000000000000e+03
3.868000000000000000e+03
3.800000000000000000e+03
3.842000000000000000e+03
3.849000000000000000e+03
3.826000000000000000e+03
3.777000000000000000e+03
3.805000000000000000e+03
3.840000000000000000e+03
3.798000000000000000e+03
3.861000000000000000e+03
3.783000000000000000e+03
3.779000000000000000e+03
3.817000000000000000e+03
3.792000000000000000e+03
3.810000000000000000e+03
3.779000000000000000e+03
3.738000000000000000e+03
3.731000000000000000e+03
3.761000000000000000e+03
3.740000000000000000e+03
3.694000000000000000e+03
3.732000000000000000e+03
3.650000000000000000e+03
3.771000000000000000e+03
3.764000000000000000e+03
3.669000000000000000e+03
3.712000000000000000e+03
3.669000000000000000e+03
3.667000000000000000e+03
3.709000000000000000e+03
3.683000000000000000e+03
3.709000000000000000e+03
3.626000000000000000e+03
3.698000000000000000e+03
3.607000000000000000e+03
3.674000000000000000e+03
3.626000000000000000e+03
3.573000000000000000e+03
3.609000000000000000e+03
3.619000000000000000e+03
3.677000000000000000e+03
3.600000000000000000e+03
3.571000000000000000e+03
3.631000000000000000e+03
3.619000000000000000e+03
3.654000000000000000e+03
3.576000000000000000e+03
3.610000000000000000e+03
3.490000000000000000e+03
3.539000000000000000e+03
3.528000000000000000e+03
3.525000000000000000e+03
3.517000000000000000e+03
3.460000000000000000e+03
3.467000000000000000e+03
3.513000000000000000e+03
3.458000000000000000e+03
3.406000000000000000e+03
3.564000000000000000e+03
3.478000000000000000e+03
3.399000000000000000e+03
3.417000000000000000e+03
3.408000000000000000e+03
3.413000000000000000e+03
3.361000000000000000e+03
3.350000000000000000e+03
3.414000000000000000e+03
3.413000000000000000e+03
3.390000000000000000e+03
3.362000000000000000e+03
3.288000000000000000e+03
3.345000000000000000e+03
3.323000000000000000e+03
3.317000000000000000e+03
3.301000000000000000e+03
3.284000000000000000e+03
3.267000000000000000e+03
3.203000000000000000e+03
3.231000000000000000e+03
3.263000000000000000e+03
3.193000000000000000e+03
3.214000000000000000e+03
3.170000000000000000e+03
3.190000000000000000e+03
3.203000000000000000e+03
3.154000000000000000e+03
3.200000000000000000e+03
3.116000000000000000e+03
3.200000000000000000e+03
3.078000000000000000e+03
3.141000000000000000e+03
3.189000000000000000e+03
3.144000000000000000e+03
3.068000000000000000e+03
3.056000000000000000e+03
3.087000000000000000e+03
3.074000000000000000e+03
3.020000000000000000e+03
3.013000000000000000e+03
3.000000000000000000e+03
3.063000000000000000e+03
3.005000000000000000e+03
2.952000000000000000e+03
3.075000000000000000e+03
2.921000000000000000e+03
2.934000000000000000e+03
3.058000000000000000e+03
2.880000000000000000e+03
2.927000000000000000e+03
2.918000000000000000e+03
2.905000000000000000e+03
2.836000000000000000e+03
2.905000000000000000e+03
2.858000000000000000e+03
2.869000000000000000e+03
2.807000000000000000e+03
2.856000000000000000e+03
2.822000000000000000e+03
2.856000000000000000e+03
2.847000000000000000e+03
2.894000000000000000e+03
2.881000000000000000e+03
2.796000000000000000e+03
2.752000000000000000e+03
2.778000000000000000e+03
2.780000000000000000e+03
2.754000000000000000e+03
2.701000000000000000e+03
2.672000000000000000e+03
2.712000000000000000e+03
2.668000000000000000e+03
2.741000000000000000e+03
2.743000000000000000e+03
2.664000000000000000e+03
2.676000000000000000e+03
2.653000000000000000e+03
2.655000000000000000e+03
2.698000000000000000e+03
2.652000000000000000e+03
2.665000000000000000e+03
2.694000000000000000e+03
2.619000000000000000e+03
2.604000000000000000e+03
2.605000000000000000e+03
2.571000000000000000e+03
2.633000000000000000e+03
2.603000000000000000e+03
2.616000000000000000e+03
2.594000000000000000e+03
2.566000000000000000e+03
2.531000000000000000e+03
