1.590000000000000000e+03
1.552000000000000000e+03
1.637000000000000000e+03
1.602000000000000000e+03
1.566000000000000000e+03
1.585000000000000000e+03
1.584000000000000000e+03
1.642000000000000000e+03
1.625000000000000000e+03
1.624000000000000000e+03
1.627000000000000000e+03
1.668000000000000000e+03
1.664000000000000000e+03
1.651000000000000000e+03
1.701000000000000000e+03
1.659000000000000000e+03
1.677000000000000000e+03
1.680000000000000000e+03
1.683000000000000000e+03
1.698000000000000000e+03
1.698000000000000000e+03
1.718000000000000000e+03
1.685000000000000000e+03
1.690000000000000000e+03
1.716000000000000000e+03
1.748000000000000000e+03
1.769000000000000000e+03
1.742000000000000000e+03
1.721000000000000000e+03
1.732000000000000000e+03
1.764000000000000000e+03
1.706000000000000000e+03
1.753000000000000000e+03
1.718000000000000000e+03
1.781000000000000000e+03
1.753000000000000000e+03
1.761000000000000000e+03
1.738000000000000000e+03
1.785000000000000000e+03
1.751000000000000000e+03
1.746000000000000000e+03
1.783000000000000000e+03
1.732000000000000000e+03
1.774000000000000000e+03
1.810000000000000000e+03
1.805000000000000000e+03
1.827000000000000000e+03
1.804000000000000000e+03
1.760000000000000000e+03
1.856000000000000000e+03
1.811000000000000000e+03
1.822000000000000000e+03
1.841000000000000000e+03
1.873000000000000000e+03
1.849000000000000000e+03
1.862000000000000000e+03
1.896000000000000000e+03
1.855000000000000000e+03
1.879000000000000000e+03
1.882000000000000000e+03
1.861000000000000000e+03
1.849000000000000000e+03
1.871000000000000000e+03
1.835000000000000000e+03
1.849000000000000000e+03
1.866000000000000000e+03
1.903000000000000000e+03
1.878000000000000000e+03
1.887000000000000000e+03
1.878000000000000000e+03
1.916000000000000000e+03
1.931000000000000000e+03
1.889000000000000000e+03
1.863000000000000000e+03
1.904000000000000000e+03
1.921000000000000000e+03
1.878000000000000000e+03
2.022000000000000000e+03
1.895000000000000000e+03
1.988000000000000000e+03
1.951000000000000000e+03
1.928000000000000000e+03
1.936000000000000000e+03
1.931000000000000000e+03
1.965000000000000000e+03
2.002000000000000000e+03
1.957000000000000000e+03
1.977000000000000000e+03
1.966000000000000000e+03
1.971000000000000000e+03
2.000000000000000000e+03
2.066000000000000000e+03
1.998000000000000000e+03
2.004000000000000000e+03
1.999000000000000000e+03
2.017000000000000000e+03
2.056000000000000000e+03
2.005000000000000000e+03
2.029000000000000000e+03
2.047000000000000000e+03
2.079000000000000000e+03
2.016000000000000000e+03
2.022000000000000000e+03
2.107000000000000000e+03
2.055000000000000000e+03
2.118000000000000000e+03
2.076000000000000000e+03
2.108000000000000000e+03
2.138000000000000000e+03
2.118000000000000000e+03
2.113000000000000000e+03
2.132000000000000000e+03
2.136000000000000000e+03
2.156000000000000000e+03
2.204000000000000000e+03
2.159000000000000000e+03
2.137000000000000000e+03
2.189000000000000000e+03
2.184000000000000000e+03
2.233000000000000000e+03
2.207000000000000000e+03
2.219000000000000000e+03
2.235000000000000000e+03
2.289000000000000000e+03
2.291000000000000000e+03
2.243000000000000000e+03
2.250000000000000000e+03
2.290000000000000000e+03
2.303000000000000000e+03
2.302000000000000000e+03
2.331000000000000000e+03
2.352000000000000000e+03
2.381000000000000000e+03
2.346000000000000000e+03
2.353000000000000000e+03
2.331000000000000000e+03
2.361000000000000000e+03
2.426000000000000000e+03
2.412000000000000000e+03
2.406000000000000000e+03
2.462000000000000000e+03
2.454000000000000000e+03
2.416000000000000000e+03
2.493000000000000000e+03
2.452000000000000000e+03
2.520000000000000000e+03
2.489000000000000000e+03
2.512000000000000000e+03
2.490000000000000000e+03
2.533000000000000000e+03
2.524000000000000000e+03
2.547000000000000000e+03
2.528000000000000000e+03
2.548000000000000000e+03
2.550000000000000000e+03
2.556000000000000000e+03
2.599000000000000000e+03
2.520000000000000000e+03
2.625000000000000000e+03
2.657000000000000000e+03
2.620000000000000000e+03
2.671000000000000000e+03
2.668000000000000000e+03
2.663000000000000000e+03
2.726000000000000000e+03
2.709000000000000000e+03
2.730000000000000000e+03
2.737000000000000000e+03
2.663000000000000000e+03
2.741000000000000000e+03
2.706000000000000000e+03
2.773000000000000000e+03
2.722000000000000000e+03
2.795000000000000000e+03
2.743000000000000000e+03
2.741000000000000000e+03
2.791000000000000000e+03
2.804000000000000000e+03
2.810000000000000000e+03
2.850000000000000000e+03
2.827000000000000000e+03
2.942000000000000000e+03
2.821000000000000000e+03
2.789000000000000000e+03
2.820000000000000000e+03
2.930000000000000000e+03
3.389000000000000000e+03
3.227000000000000000e+03
2.942000000000000000e+03
2.884000000000000000e+03
2.833000000000000000e+03
2.891000000000000000e+03
2.902000000000000000e+03
2.893000000000000000e+03
2.865000000000000000e+03
2.919000000000000000e+03
2.883000000000000000e+03
2.952000000000000000e+03
2.951000000000000000e+03
2.947000000000000000e+03
2.974000000000000000e+03
3.055000000000000000e+03
3.068000000000000000e+03
3.015000000000000000e+03
3.014000000000000000e+03
2.992000000000000000e+03
3.098000000000000000e+03
3.036000000000000000e+03
3.002000000000000000e+03
3.109000000000000000e+03
3.117000000000000000e+03
3.068000000000000000e+03
3.141000000000000000e+03
3.108000000000000000e+03
3.143000000000000000e+03
3.159000000000000000e+03
3.100000000000000000e+03
3.178000000000000000e+03
3.161000000000000000e+03
3.182000000000000000e+03
3.174000000000000000e+03
3.253000000000000000e+03
3.237000000000000000e+03
3.222000000000000000e+03
3.289000000000000000e+03
3.280000000000000000e+03
3.294000000000000000e+03
3.370000000000000000e+03
3.236000000000000000e+03
3.327000000000000000e+03
3.401000000000000000e+03
3.305000000000000000e+03
3.380000000000000000e+03
3.336000000000000000e+03
3.439000000000000000e+03
3.502000000000000000e+03
3.491000000000000000e+03
3.457000000000000000e+03
3.417000000000000000e+03
3.439000000000000000e+03
3.461000000000000000e+03
3.510000000000000000e+03
3.558000000000000000e+03
3.535000000000000000e+03
3.519000000000000000e+03
3.591000000000000000e+03
3.545000000000000000e+03
3.609000000000000000e+03
3.586000000000000000e+03
3.687000000000000000e+03
3.610000000000000000e+03
3.651000000000000000e+03
3.666000000000000000e+03
3.773000000000000000e+03
3.723000000000000000e+03
3.768000000000000000e+03
3.735000000000000000e+03
3.744000000000000000e+03
3.871000000000000000e+03
3.935000000000000000e+03
3.805000000000000000e+03
3.895000000000000000e+03
3.781000000000000000e+03
3.951000000000000000e+03
3.883000000000000000e+03
3.851000000000000000e+03
3.938000000000000000e+03
3.846000000000000000e+03
3.843000000000000000e+03
3.954000000000000000e+03
3.926000000000000000e+03
3.849000000000000000e+03
3.908000000000000000e+03
3.899000000000000000e+03
3.937000000000000000e+03
3.977000000000000000e+03
3.935000000000000000e+03
3.940000000000000000e+03
3.835000000000000000e+03
3.915000000000000000e+03
3.963000000000000000e+03
3.967000000000000000e+03
3.980000000000000000e+03
3.999000000000000000e+03
3.999000000000000000e+03
4.018000000000000000e+03
3.959000000000000000e+03
3.957000000000000000e+03
4.018000000000000000e+03
3.983000000000000000e+03
4.009000000000000000e+03
3.999000000000000000e+03
4.058000000000000000e+03
4.065000000000000000e+03
4.018000000000000000e+03
4.031000000000000000e+03
4.035000000000000000e+03
4.089000000000000000e+03
4.059000000000000000e+03
4.037000000000000000e+03
4.079000000000000000e+03
4.043000000000000000e+03
4.130000000000000000e+03
4.107000000000000000e+03
3.999000000000000000e+03
4.082000000000000000e+03
4.035000000000000000e+03
4.072000000000000000e+03
4.042000000000000000e+03
4.103000000000000000e+03
4.253000000000000000e+03
4.070000000000000000e+03
4.109000000000000000e+03
4.156000000000000000e+03
4.166000000000000000e+03
4.147000000000000000e+03
4.124000000000000000e+03
4.135000000000000000e+03
4.145000000000000000e+03
4.165000000000000000e+03
4.091000000000000000e+03
4.165000000000000000e+03
4.271000000000000000e+03
4.243000000000000000e+03
4.179000000000000000e+03
4.151000000000000000e+03
4.183000000000000000e+03
4.122000000000000000e+03
4.231000000000000000e+03
4.191000000000000000e+03
4.219000000000000000e+03
4.151000000000000000e+03
4.108000000000000000e+03
4.198000000000000000e+03
4.219000000000000000e+03
4.134000000000000000e+03
4.199000000000000000e+03
4.157000000000000000e+03
4.117000000000000000e+03
4.162000000000000000e+03
4.201000000000000000e+03
4.214000000000000000e+03
4.102000000000000000e+03
4.179000000000000000e+03
4.236000000000000000e+03
4.206000000000000000e+03
4.093000000000000000e+03
4.180000000000000000e+03
4.162000000000000000e+03
4.237000000000000000e+03
4.120000000000000000e+03
4.162000000000000000e+03
4.156000000000000000e+03
4.208000000000000000e+03
4.178000000000000000e+03
4.196000000000000000e+03
4.224000000000000000e+03
4.201000000000000000e+03
4.221000000000000000e+03
4.200000000000000000e+03
4.180000000000000000e+03
4.133000000000000000e+03
4.202000000000000000e+03
4.366000000000000000e+03
4.260000000000000000e+03
4.324000000000000000e+03
4.203000000000000000e+03
4.325000000000000000e+03
4.292000000000000000e+03
4.256000000000000000e+03
4.316000000000000000e+03
4.274000000000000000e+03
4.243000000000000000e+03
4.337000000000000000e+03
4.260000000000000000e+03
4.300000000000000000e+03
4.440000000000000000e+03
4.383000000000000000e+03
4.375000000000000000e+03
4.329000000000000000e+03
4.344000000000000000e+03
4.352000000000000000e+03
4.271000000000000000e+03
4.378000000000000000e+03
4.371000000000000000e+03
4.380000000000000000e+03
4.404000000000000000e+03
4.322000000000000000e+03
4.385000000000000000e+03
4.435000000000000000e+03
4.409000000000000000e+03
4.385000000000000000e+03
4.425000000000000000e+03
4.354000000000000000e+03
4.426000000000000000e+03
4.378000000000000000e+03
4.531000000000000000e+03
4.370000000000000000e+03
4.500000000000000000e+03
4.396000000000000000e+03
4.397000000000000000e+03
4.419000000000000000e+03
4.424000000000000000e+03
4.413000000000000000e+03
4.437000000000000000e+03
4.487000000000000000e+03
4.490000000000000000e+03
4.553000000000000000e+03
4.498000000000000000e+03
4.490000000000000000e+03
4.490000000000000000e+03
4.497000000000000000e+03
4.527000000000000000e+03
4.416000000000000000e+03
4.481000000000000000e+03
4.489000000000000000e+03
4.482000000000000000e+03
4.491000000000000000e+03
4.512000000000000000e+03
4.583000000000000000e+03
4.562000000000000000e+03
4.532000000000000000e+03
4.538000000000000000e+03
4.537000000000000000e+03
4.479000000000000000e+03
4.556000000000000000e+03
4.545000000000000000e+03
4.540000000000000000e+03
4.550000000000000000e+03
4.551000000000000000e+03
4.592000000000000000e+03
4.591000000000000000e+03
4.541000000000000000e+03
4.541000000000000000e+03
4.650000000000000000e+03
4.600000000000000000e+03
4.583000000000000000e+03
4.546000000000000000e+03
4.575000000000000000e+03
4.645000000000000000e+03
4.596000000000000000e+03
4.566000000000000000e+03
4.637000000000000000e+03
4.555000000000000000e+03
4.594000000000000000e+03
4.644000000000000000e+03
4.616000000000000000e+03
4.631000000000000000e+03
4.538000000000000000e+03
4.556000000000000000e+03
4.600000000000000000e+03
4.540000000000000000e+03
4.643000000000000000e+03
4.569000000000000000e+03
4.632000000000000000e+03
4.648000000000000000e+03
4.585000000000000000e+03
4.578000000000000000e+03
4.630000000000000000e+03
4.548000000000000000e+03
4.509000000000000000e+03
4.666000000000000000e+03
4.517000000000000000e+03
4.517000000000000000e+03
4.572000000000000000e+03
4.498000000000000000e+03
4.572000000000000000e+03
4.542000000000000000e+03
4.558000000000000000e+03
4.461000000000000000e+03
4.549000000000000000e+03
4.553000000000000000e+03
4.521000000000000000e+03
4.488000000000000000e+03
4.574000000000000000e+03
4.506000000000000000e+03
4.555000000000000000e+03
4.594000000000000000e+03
4.560000000000000000e+03
4.484000000000000000e+03
4.565000000000000000e+03
4.518000000000000000e+03
4.493000000000000000e+03
4.428000000000000000e+03
4.501000000000000000e+03
4.563000000000000000e+03
4.401000000000000000e+03
4.411000000000000000e+03
4.461000000000000000e+03
4.466000000000000000e+03
4.314000000000000000e+03
4.378000000000000000e+03
4.467000000000000000e+03
4.435000000000000000e+03
4.472000000000000000e+03
4.401000000000000000e+03
4.429000000000000000e+03
4.414000000000000000e+03
4.418000000000000000e+03
4.372000000000000000e+03
4.439000000000000000e+03
4.370000000000000000e+03
4.325000000000000000e+03
4.320000000000000000e+03
4.333000000000000000e+03
4.287000000000000000e+03
4.297000000000000000e+03
4.307000000000000000e+03
4.300000000000000000e+03
4.319000000000000000e+03
4.303000000000000000e+03
4.330000000000000000e+03
4.195000000000000000e+03
4.245000000000000000e+03
4.231000000000000000e+03
4.282000000000000000e+03
4.196000000000000000e+03
4.275000000000000000e+03
4.166000000000000000e+03
4.155000000000000000e+03
4.333000000000000000e+03
4.180000000000000000e+03
4.246000000000000000e+03
4.228000000000000000e+03
4.175000000000000000e+03
4.142000000000000000e+03
4.185000000000000000e+03
4.097000000000000000e+03
4.185000000000000000e+03
4.143000000000000000e+03
4.157000000000000000e+03
4.191000000000000000e+03
4.135000000000000000e+03
4.058000000000000000e+03
4.147000000000000000e+03
4.087000000000000000e+03
4.123000000000000000e+03
4.147000000000000000e+03
4.137000000000000000e+03
4.087000000000000000e+03
4.038000000000000000e+03
4.010000000000000000e+03
4.071000000000000000e+03
4.003000000000000000e+03
3.990000000000000000e+03
4.029000000000000000e+03
4.012000000000000000e+03
3.971000000000000000e+03
3.998000000000000000e+03
4.024000000000000000e+03
3.950000000000000000e+03
3.952000000000000000e+03
4.042000000000000000e+03
3.964000000000000000e+03
3.940000000000000000e+03
3.988000000000000000e+03
3.904000000000000000e+03
3.972000000000000000e+03
4.041000000000000000e+03
3.932000000000000000e+03
4.024000000000000000e+03
3.913000000000000000e+03
3.884000000000000000e+03
3.926000000000000000e+03
3.925000000000000000e+03
3.861000000000000000e+03
3.839000000000000000e+03
3.945000000000000000e+03
3.921000000000000000e+03
3.874000000000000000e+03
3.935000000000000000e+03
3.914000000000000000e+03
3.878000000000000000e+03
3.894000000000000000e+03
3.909000000000000000e+03
3.823000000000000000e+03
3.817000000000000000e+03
3.856000000000000000e+03
3.832000000000000000e+03
3.882000000000000000e+03
3.863000000000000000e+03
3.827000000000000000e+03
3.913000000000000000e+03
3.869000000000000000e+03
3.920000000000000000e+03
3.842000000000000000e+03
3.767000000000000000e+03
3.791000000000000000e+03
3.755000000000000000e+03
3.797000000000000000e+03
3.865000000000000000e+03
3.795000000000000000e+03
3.787000000000000000e+03
3.803000000000000000e+03
3.766000000000000000e+03
3.803000000000000000e+03
3.730000000000000000e+03
3.759000000000000000e+03
3.786000000000000000e+03
3.764000000000000000e+03
3.703000000000000000e+03
3.824000000000000000e+03
3.627000000000000000e+03
3.744000000000000000e+03
3.749000000000000000e+03
3.655000000000000000e+03
3.748000000000000000e+03
3.675000000000000000e+03
3.689000000000000000e+03
3.735000000000000000e+03
3.662000000000000000e+03
3.677000000000000000e+03
3.603000000000000000e+03
3.694000000000000000e+03
3.639000000000000000e+03
3.613000000000000000e+03
3.658000000000000000e+03
3.623000000000000000e+03
3.669000000000000000e+03
3.595000000000000000e+03
3.623000000000000000e+03
3.588000000000000000e+03
3.615000000000000000e+03
3.570000000000000000e+03
3.587000000000000000e+03
3.575000000000000000e+03
3.577000000000000000e+03
3.551000000000000000e+03
3.588000000000000000e+03
3.531000000000000000e+03
3.571000000000000000e+03
3.539000000000000000e+03
3.547000000000000000e+03
3.609000000000000000e+03
3.559000000000000000e+03
3.466000000000000000e+03
3.543000000000000000e+03
3.535000000000000000e+03
3.523000000000000000e+03
3.535000000000000000e+03
3.501000000000000000e+03
3.514000000000000000e+03
3.447000000000000000e+03
3.471000000000000000e+03
3.546000000000000000e+03
3.507000000000000000e+03
3.512000000000000000e+03
3.530000000000000000e+03
3.422000000000000000e+03
3.440000000000000000e+03
3.462000000000000000e+03
3.420000000000000000e+03
3.452000000000000000e+03
3.337000000000000000e+03
3.368000000000000000e+03
3.332000000000000000e+03
3.437000000000000000e+03
3.444000000000000000e+03
3.378000000000000000e+03
3.353000000000000000e+03
3.389000000000000000e+03
3.294000000000000000e+03
3.357000000000000000e+03
3.365000000000000000e+03
3.370000000000000000e+03
3.251000000000000000e+03
3.304000000000000000e+03
3.330000000000000000e+03
3.311000000000000000e+03
3.325000000000000000e+03
3.314000000000000000e+03
3.260000000000000000e+03
3.280000000000000000e+03
3.291000000000000000e+03
3.231000000000000000e+03
3.253000000000000000e+03
3.276000000000000000e+03
3.256000000000000000e+03
3.179000000000000000e+03
3.195000000000000000e+03
3.199000000000000000e+03
3.221000000000000000e+03
3.216000000000000000e+03
3.190000000000000000e+03
3.239000000000000000e+03
3.158000000000000000e+03
3.123000000000000000e+03
3.161000000000000000e+03
3.112000000000000000e+03
3.122000000000000000e+03
3.101000000000000000e+03
3.115000000000000000e+03
3.103000000000000000e+03
3.065000000000000000e+03
3.081000000000000000e+03
3.030000000000000000e+03
3.034000000000000000e+03
3.014000000000000000e+03
3.046000000000000000e+03
3.038000000000000000e+03
3.032000000000000000e+03
2.965000000000000000e+03
3.033000000000000000e+03
3.016000000000000000e+03
3.017000000000000000e+03
2.889000000000000000e+03
2.878000000000000000e+03
2.942000000000000000e+03
2.856000000000000000e+03
2.902000000000000000e+03
2.907000000000000000e+03
2.864000000000000000e+03
2.892000000000000000e+03
2.860000000000000000e+03
2.765000000000000000e+03
2.886000000000000000e+03
2.816000000000000000e+03
2.821000000000000000e+03
2.816000000000000000e+03
2.838000000000000000e+03
2.772000000000000000e+03
2.797000000000000000e+03
2.743000000000000000e+03
2.693000000000000000e+03
2.744000000000000000e+03
2.716000000000000000e+03
2.703000000000000000e+03
2.746000000000000000e+03
2.763000000000000000e+03
2.753000000000000000e+03
2.700000000000000000e+03
2.670000000000000000e+03
2.700000000000000000e+03
2.699000000000000000e+03
2.691000000000000000e+03
2.732000000000000000e+03
2.696000000000000000e+03
2.636000000000000000e+03
2.555000000000000000e+03
2.562000000000000000e+03
2.645000000000000000e+03
2.624000000000000000e+03
2.556000000000000000e+03
2.562000000000000000e+03
2.505000000000000000e+03
2.499000000000000000e+03
2.536000000000000000e+03
2.537000000000000000e+03
2.509000000000000000e+03
2.527000000000000000e+03
2.510000000000000000e+03
2.533000000000000000e+03
2.506000000000000000e+03
2.522000000000000000e+03
2.463000000000000000e+03
2.421000000000000000e+03
2.439000000000000000e+03
2.444000000000000000e+03
2.457000000000000000e+03
2.419000000000000000e+03
2.491000000000000000e+03
2.458000000000000000e+03
2.416000000000000000e+03
2.443000000000000000e+03
2.383000000000000000e+03
