1.643000000000000000e+03
1.665000000000000000e+03
1.655000000000000000e+03
1.641000000000000000e+03
1.654000000000000000e+03
1.735000000000000000e+03
1.678000000000000000e+03
1.682000000000000000e+03
1.686000000000000000e+03
1.712000000000000000e+03
1.702000000000000000e+03
1.749000000000000000e+03
1.745000000000000000e+03
1.668000000000000000e+03
1.728000000000000000e+03
1.744000000000000000e+03
1.723000000000000000e+03
1.771000000000000000e+03
1.753000000000000000e+03
1.709000000000000000e+03
1.785000000000000000e+03
1.794000000000000000e+03
1.831000000000000000e+03
1.798000000000000000e+03
1.770000000000000000e+03
1.819000000000000000e+03
1.796000000000000000e+03
1.878000000000000000e+03
1.789000000000000000e+03
1.801000000000000000e+03
1.810000000000000000e+03
1.796000000000000000e+03
1.832000000000000000e+03
1.851000000000000000e+03
1.847000000000000000e+03
1.881000000000000000e+03
1.865000000000000000e+03
1.909000000000000000e+03
1.830000000000000000e+03
1.850000000000000000e+03
1.834000000000000000e+03
1.918000000000000000e+03
1.878000000000000000e+03
1.864000000000000000e+03
1.860000000000000000e+03
1.916000000000000000e+03
1.865000000000000000e+03
1.864000000000000000e+03
1.925000000000000000e+03
1.928000000000000000e+03
1.928000000000000000e+03
1.910000000000000000e+03
1.929000000000000000e+03
1.922000000000000000e+03
1.912000000000000000e+03
1.916000000000000000e+03
1.937000000000000000e+03
1.939000000000000000e+03
1.968000000000000000e+03
1.937000000000000000e+03
1.961000000000000000e+03
1.982000000000000000e+03
1.955000000000000000e+03
1.980000000000000000e+03
1.971000000000000000e+03
1.994000000000000000e+03
1.973000000000000000e+03
1.990000000000000000e+03
1.981000000000000000e+03
2.006000000000000000e+03
2.025000000000000000e+03
2.043000000000000000e+03
2.013000000000000000e+03
2.059000000000000000e+03
2.096000000000000000e+03
2.018000000000000000e+03
2.006000000000000000e+03
2.046000000000000000e+03
1.999000000000000000e+03
2.061000000000000000e+03
2.013000000000000000e+03
2.117000000000000000e+03
2.037000000000000000e+03
2.062000000000000000e+03
2.095000000000000000e+03
2.091000000000000000e+03
2.043000000000000000e+03
2.083000000000000000e+03
2.108000000000000000e+03
2.059000000000000000e+03
2.122000000000000000e+03
2.134000000000000000e+03
2.098000000000000000e+03
2.156000000000000000e+03
2.139000000000000000e+03
2.168000000000000000e+03
2.156000000000000000e+03
2.181000000000000000e+03
2.172000000000000000e+03
2.195000000000000000e+03
2.172000000000000000e+03
2.137000000000000000e+03
2.222000000000000000e+03
2.204000000000000000e+03
2.231000000000000000e+03
2.272000000000000000e+03
2.214000000000000000e+03
2.245000000000000000e+03
2.173000000000000000e+03
2.250000000000000000e+03
2.241000000000000000e+03
2.293000000000000000e+03
2.250000000000000000e+03
2.342000000000000000e+03
2.321000000000000000e+03
2.363000000000000000e+03
2.363000000000000000e+03
2.284000000000000000e+03
2.316000000000000000e+03
2.359000000000000000e+03
2.355000000000000000e+03
2.379000000000000000e+03
2.377000000000000000e+03
2.372000000000000000e+03
2.331000000000000000e+03
2.482000000000000000e+03
2.446000000000000000e+03
2.362000000000000000e+03
2.449000000000000000e+03
2.494000000000000000e+03
2.409000000000000000e+03
2.488000000000000000e+03
2.468000000000000000e+03
2.535000000000000000e+03
2.525000000000000000e+03
2.554000000000000000e+03
2.529000000000000000e+03
2.584000000000000000e+03
2.527000000000000000e+03
2.567000000000000000e+03
2.588000000000000000e+03
2.583000000000000000e+03
2.592000000000000000e+03
2.659000000000000000e+03
2.635000000000000000e+03
2.676000000000000000e+03
2.623000000000000000e+03
2.665000000000000000e+03
2.703000000000000000e+03
2.667000000000000000e+03
2.752000000000000000e+03
2.718000000000000000e+03
2.742000000000000000e+03
2.822000000000000000e+03
2.767000000000000000e+03
2.792000000000000000e+03
2.769000000000000000e+03
2.720000000000000000e+03
2.776000000000000000e+03
2.783000000000000000e+03
2.857000000000000000e+03
2.806000000000000000e+03
2.840000000000000000e+03
2.825000000000000000e+03
2.894000000000000000e+03
2.883000000000000000e+03
2.881000000000000000e+03
2.913000000000000000e+03
2.927000000000000000e+03
2.885000000000000000e+03
2.906000000000000000e+03
2.883000000000000000e+03
2.891000000000000000e+03
2.986000000000000000e+03
2.943000000000000000e+03
2.928000000000000000e+03
2.935000000000000000e+03
2.974000000000000000e+03
2.981000000000000000e+03
2.971000000000000000e+03
3.053000000000000000e+03
2.995000000000000000e+03
3.052000000000000000e+03
3.018000000000000000e+03
3.303000000000000000e+03
3.546000000000000000e+03
3.283000000000000000e+03
3.100000000000000000e+03
3.096000000000000000e+03
3.030000000000000000e+03
3.056000000000000000e+03
3.042000000000000000e+03
3.076000000000000000e+03
3.080000000000000000e+03
3.064000000000000000e+03
3.065000000000000000e+03
3.108000000000000000e+03
3.156000000000000000e+03
3.116000000000000000e+03
3.168000000000000000e+03
3.175000000000000000e+03
3.232000000000000000e+03
3.177000000000000000e+03
3.213000000000000000e+03
3.248000000000000000e+03
3.251000000000000000e+03
3.237000000000000000e+03
3.207000000000000000e+03
3.158000000000000000e+03
3.277000000000000000e+03
3.282000000000000000e+03
3.298000000000000000e+03
3.330000000000000000e+03
3.329000000000000000e+03
3.315000000000000000e+03
3.369000000000000000e+03
3.420000000000000000e+03
3.400000000000000000e+03
3.430000000000000000e+03
3.391000000000000000e+03
3.470000000000000000e+03
3.497000000000000000e+03
3.448000000000000000e+03
3.453000000000000000e+03
3.478000000000000000e+03
3.536000000000000000e+03
3.498000000000000000e+03
3.596000000000000000e+03
3.546000000000000000e+03
3.557000000000000000e+03
3.620000000000000000e+03
3.544000000000000000e+03
3.605000000000000000e+03
3.577000000000000000e+03
3.594000000000000000e+03
3.648000000000000000e+03
3.692000000000000000e+03
3.739000000000000000e+03
3.758000000000000000e+03
3.776000000000000000e+03
3.777000000000000000e+03
3.753000000000000000e+03
3.835000000000000000e+03
3.804000000000000000e+03
3.877000000000000000e+03
3.810000000000000000e+03
3.798000000000000000e+03
3.818000000000000000e+03
3.848000000000000000e+03
3.875000000000000000e+03
3.841000000000000000e+03
3.901000000000000000e+03
3.912000000000000000e+03
3.976000000000000000e+03
3.955000000000000000e+03
3.971000000000000000e+03
3.959000000000000000e+03
4.033000000000000000e+03
4.077000000000000000e+03
4.034000000000000000e+03
4.062000000000000000e+03
4.110000000000000000e+03
4.122000000000000000e+03
4.111000000000000000e+03
4.033000000000000000e+03
4.088000000000000000e+03
4.085000000000000000e+03
4.061000000000000000e+03
4.067000000000000000e+03
4.127000000000000000e+03
4.084000000000000000e+03
4.122000000000000000e+03
4.142000000000000000e+03
4.143000000000000000e+03
4.202000000000000000e+03
4.172000000000000000e+03
4.177000000000000000e+03
4.165000000000000000e+03
4.203000000000000000e+03
4.237000000000000000e+03
4.177000000000000000e+03
4.199000000000000000e+03
4.215000000000000000e+03
4.219000000000000000e+03
4.150000000000000000e+03
4.194000000000000000e+03
4.178000000000000000e+03
4.223000000000000000e+03
4.318000000000000000e+03
4.268000000000000000e+03
4.172000000000000000e+03
4.168000000000000000e+03
4.282000000000000000e+03
4.296000000000000000e+03
4.260000000000000000e+03
4.217000000000000000e+03
4.297000000000000000e+03
4.265000000000000000e+03
4.381000000000000000e+03
4.320000000000000000e+03
4.226000000000000000e+03
4.283000000000000000e+03
4.362000000000000000e+03
4.398000000000000000e+03
4.353000000000000000e+03
4.292000000000000000e+03
4.386000000000000000e+03
4.381000000000000000e+03
4.392000000000000000e+03
4.395000000000000000e+03
4.432000000000000000e+03
4.325000000000000000e+03
4.395000000000000000e+03
4.393000000000000000e+03
4.314000000000000000e+03
4.332000000000000000e+03
4.402000000000000000e+03
4.375000000000000000e+03
4.423000000000000000e+03
4.437000000000000000e+03
4.429000000000000000e+03
4.357000000000000000e+03
4.411000000000000000e+03
4.459000000000000000e+03
4.426000000000000000e+03
4.318000000000000000e+03
4.407000000000000000e+03
4.447000000000000000e+03
4.439000000000000000e+03
4.449000000000000000e+03
4.456000000000000000e+03
4.362000000000000000e+03
4.475000000000000000e+03
4.407000000000000000e+03
4.426000000000000000e+03
4.380000000000000000e+03
4.361000000000000000e+03
4.402000000000000000e+03
4.442000000000000000e+03
4.428000000000000000e+03
4.489000000000000000e+03
4.531000000000000000e+03
4.384000000000000000e+03
4.449000000000000000e+03
4.437000000000000000e+03
4.370000000000000000e+03
4.431000000000000000e+03
4.449000000000000000e+03
4.426000000000000000e+03
4.406000000000000000e+03
4.452000000000000000e+03
4.410000000000000000e+03
4.402000000000000000e+03
4.432000000000000000e+03
4.432000000000000000e+03
4.493000000000000000e+03
4.473000000000000000e+03
4.468000000000000000e+03
4.497000000000000000e+03
4.604000000000000000e+03
4.419000000000000000e+03
4.447000000000000000e+03
4.497000000000000000e+03
4.550000000000000000e+03
4.444000000000000000e+03
4.507000000000000000e+03
4.570000000000000000e+03
4.479000000000000000e+03
4.573000000000000000e+03
4.448000000000000000e+03
4.510000000000000000e+03
4.593000000000000000e+03
4.534000000000000000e+03
4.607000000000000000e+03
4.552000000000000000e+03
4.557000000000000000e+03
4.598000000000000000e+03
4.589000000000000000e+03
4.558000000000000000e+03
4.637000000000000000e+03
4.623000000000000000e+03
4.612000000000000000e+03
4.538000000000000000e+03
4.569000000000000000e+03
4.643000000000000000e+03
4.710000000000000000e+03
4.685000000000000000e+03
4.545000000000000000e+03
4.659000000000000000e+03
4.610000000000000000e+03
4.629000000000000000e+03
4.658000000000000000e+03
4.726000000000000000e+03
4.747000000000000000e+03
4.729000000000000000e+03
4.591000000000000000e+03
4.617000000000000000e+03
4.696000000000000000e+03
4.691000000000000000e+03
4.706000000000000000e+03
4.654000000000000000e+03
4.682000000000000000e+03
4.668000000000000000e+03
4.651000000000000000e+03
4.768000000000000000e+03
4.732000000000000000e+03
4.632000000000000000e+03
4.625000000000000000e+03
4.710000000000000000e+03
4.708000000000000000e+03
4.656000000000000000e+03
4.752000000000000000e+03
4.734000000000000000e+03
4.832000000000000000e+03
4.785000000000000000e+03
4.772000000000000000e+03
4.661000000000000000e+03
4.764000000000000000e+03
4.760000000000000000e+03
4.683000000000000000e+03
4.752000000000000000e+03
4.762000000000000000e+03
4.780000000000000000e+03
4.852000000000000000e+03
4.763000000000000000e+03
4.785000000000000000e+03
4.781000000000000000e+03
4.736000000000000000e+03
4.809000000000000000e+03
4.798000000000000000e+03
4.703000000000000000e+03
4.826000000000000000e+03
4.824000000000000000e+03
4.822000000000000000e+03
4.789000000000000000e+03
4.843000000000000000e+03
4.809000000000000000e+03
4.736000000000000000e+03
4.952000000000000000e+03
4.799000000000000000e+03
4.851000000000000000e+03
4.874000000000000000e+03
4.852000000000000000e+03
4.796000000000000000e+03
4.826000000000000000e+03
4.843000000000000000e+03
4.845000000000000000e+03
4.849000000000000000e+03
4.832000000000000000e+03
4.809000000000000000e+03
4.863000000000000000e+03
4.898000000000000000e+03
4.782000000000000000e+03
4.837000000000000000e+03
4.843000000000000000e+03
4.850000000000000000e+03
4.736000000000000000e+03
4.772000000000000000e+03
4.811000000000000000e+03
4.798000000000000000e+03
4.808000000000000000e+03
4.829000000000000000e+03
4.857000000000000000e+03
4.731000000000000000e+03
4.765000000000000000e+03
4.761000000000000000e+03
4.774000000000000000e+03
4.750000000000000000e+03
4.818000000000000000e+03
4.759000000000000000e+03
4.794000000000000000e+03
4.772000000000000000e+03
4.833000000000000000e+03
4.773000000000000000e+03
4.754000000000000000e+03
4.765000000000000000e+03
4.708000000000000000e+03
4.811000000000000000e+03
4.659000000000000000e+03
4.728000000000000000e+03
4.750000000000000000e+03
4.680000000000000000e+03
4.699000000000000000e+03
4.706000000000000000e+03
4.705000000000000000e+03
4.608000000000000000e+03
4.700000000000000000e+03
4.695000000000000000e+03
4.676000000000000000e+03
4.770000000000000000e+03
4.621000000000000000e+03
4.709000000000000000e+03
4.643000000000000000e+03
4.564000000000000000e+03
4.713000000000000000e+03
4.650000000000000000e+03
4.635000000000000000e+03
4.635000000000000000e+03
4.684000000000000000e+03
4.626000000000000000e+03
4.665000000000000000e+03
4.571000000000000000e+03
4.662000000000000000e+03
4.605000000000000000e+03
4.616000000000000000e+03
4.531000000000000000e+03
4.610000000000000000e+03
4.508000000000000000e+03
4.554000000000000000e+03
4.560000000000000000e+03
4.535000000000000000e+03
4.505000000000000000e+03
4.544000000000000000e+03
4.528000000000000000e+03
4.444000000000000000e+03
4.442000000000000000e+03
4.426000000000000000e+03
4.456000000000000000e+03
4.445000000000000000e+03
4.432000000000000000e+03
4.441000000000000000e+03
4.377000000000000000e+03
4.436000000000000000e+03
4.438000000000000000e+03
4.428000000000000000e+03
4.442000000000000000e+03
4.266000000000000000e+03
4.389000000000000000e+03
4.444000000000000000e+03
4.361000000000000000e+03
4.461000000000000000e+03
4.317000000000000000e+03
4.366000000000000000e+03
4.328000000000000000e+03
4.302000000000000000e+03
4.334000000000000000e+03
4.258000000000000000e+03
4.341000000000000000e+03
4.317000000000000000e+03
4.361000000000000000e+03
4.272000000000000000e+03
4.256000000000000000e+03
4.210000000000000000e+03
4.266000000000000000e+03
4.223000000000000000e+03
4.308000000000000000e+03
4.220000000000000000e+03
4.272000000000000000e+03
4.181000000000000000e+03
4.187000000000000000e+03
4.229000000000000000e+03
4.136000000000000000e+03
4.217000000000000000e+03
4.182000000000000000e+03
4.118000000000000000e+03
4.223000000000000000e+03
4.128000000000000000e+03
4.155000000000000000e+03
4.152000000000000000e+03
4.169000000000000000e+03
4.150000000000000000e+03
4.149000000000000000e+03
4.079000000000000000e+03
4.156000000000000000e+03
4.043000000000000000e+03
4.136000000000000000e+03
4.147000000000000000e+03
4.074000000000000000e+03
4.077000000000000000e+03
4.063000000000000000e+03
3.997000000000000000e+03
4.154000000000000000e+03
4.084000000000000000e+03
4.091000000000000000e+03
4.074000000000000000e+03
4.066000000000000000e+03
4.052000000000000000e+03
4.104000000000000000e+03
4.011000000000000000e+03
4.001000000000000000e+03
4.128000000000000000e+03
4.044000000000000000e+03
4.017000000000000000e+03
4.007000000000000000e+03
3.978000000000000000e+03
3.984000000000000000e+03
4.013000000000000000e+03
3.986000000000000000e+03
3.943000000000000000e+03
3.941000000000000000e+03
3.997000000000000000e+03
3.979000000000000000e+03
4.020000000000000000e+03
3.915000000000000000e+03
3.919000000000000000e+03
3.938000000000000000e+03
4.002000000000000000e+03
3.920000000000000000e+03
4.010000000000000000e+03
3.955000000000000000e+03
3.925000000000000000e+03
3.921000000000000000e+03
3.904000000000000000e+03
3.893000000000000000e+03
3.955000000000000000e+03
3.895000000000000000e+03
3.966000000000000000e+03
3.889000000000000000e+03
3.807000000000000000e+03
3.883000000000000000e+03
3.830000000000000000e+03
3.841000000000000000e+03
3.822000000000000000e+03
3.782000000000000000e+03
3.819000000000000000e+03
3.788000000000000000e+03
3.870000000000000000e+03
3.756000000000000000e+03
3.856000000000000000e+03
3.766000000000000000e+03
3.761000000000000000e+03
3.789000000000000000e+03
3.749000000000000000e+03
3.780000000000000000e+03
3.853000000000000000e+03
3.791000000000000000e+03
3.674000000000000000e+03
3.746000000000000000e+03
3.809000000000000000e+03
3.810000000000000000e+03
3.846000000000000000e+03
3.756000000000000000e+03
3.684000000000000000e+03
3.714000000000000000e+03
3.672000000000000000e+03
3.693000000000000000e+03
3.744000000000000000e+03
3.673000000000000000e+03
3.736000000000000000e+03
3.676000000000000000e+03
3.758000000000000000e+03
3.605000000000000000e+03
3.651000000000000000e+03
3.713000000000000000e+03
3.688000000000000000e+03
3.629000000000000000e+03
3.643000000000000000e+03
3.638000000000000000e+03
3.654000000000000000e+03
3.593000000000000000e+03
3.630000000000000000e+03
3.683000000000000000e+03
3.548000000000000000e+03
3.584000000000000000e+03
3.610000000000000000e+03
3.533000000000000000e+03
3.567000000000000000e+03
3.565000000000000000e+03
3.592000000000000000e+03
3.572000000000000000e+03
3.543000000000000000e+03
3.539000000000000000e+03
3.574000000000000000e+03
3.528000000000000000e+03
3.512000000000000000e+03
3.579000000000000000e+03
3.486000000000000000e+03
3.480000000000000000e+03
3.429000000000000000e+03
3.481000000000000000e+03
3.482000000000000000e+03
3.473000000000000000e+03
3.448000000000000000e+03
3.403000000000000000e+03
3.395000000000000000e+03
3.437000000000000000e+03
3.355000000000000000e+03
3.384000000000000000e+03
3.374000000000000000e+03
3.338000000000000000e+03
3.390000000000000000e+03
3.310000000000000000e+03
3.304000000000000000e+03
3.277000000000000000e+03
3.325000000000000000e+03
3.272000000000000000e+03
3.277000000000000000e+03
3.392000000000000000e+03
3.283000000000000000e+03
3.214000000000000000e+03
3.288000000000000000e+03
3.198000000000000000e+03
3.225000000000000000e+03
3.198000000000000000e+03
3.244000000000000000e+03
3.220000000000000000e+03
3.240000000000000000e+03
3.195000000000000000e+03
3.232000000000000000e+03
3.148000000000000000e+03
3.133000000000000000e+03
3.124000000000000000e+03
3.051000000000000000e+03
3.092000000000000000e+03
3.093000000000000000e+03
3.138000000000000000e+03
3.069000000000000000e+03
3.062000000000000000e+03
3.072000000000000000e+03
3.055000000000000000e+03
3.069000000000000000e+03
3.090000000000000000e+03
3.072000000000000000e+03
3.049000000000000000e+03
3.015000000000000000e+03
2.955000000000000000e+03
2.956000000000000000e+03
2.909000000000000000e+03
2.978000000000000000e+03
2.931000000000000000e+03
2.966000000000000000e+03
2.849000000000000000e+03
2.915000000000000000e+03
2.869000000000000000e+03
2.898000000000000000e+03
2.849000000000000000e+03
2.866000000000000000e+03
2.838000000000000000e+03
2.814000000000000000e+03
2.864000000000000000e+03
2.879000000000000000e+03
2.856000000000000000e+03
2.841000000000000000e+03
2.828000000000000000e+03
2.812000000000000000e+03
2.759000000000000000e+03
2.729000000000000000e+03
2.687000000000000000e+03
2.733000000000000000e+03
2.729000000000000000e+03
2.707000000000000000e+03
2.734000000000000000e+03
2.759000000000000000e+03
2.694000000000000000e+03
2.634000000000000000e+03
2.726000000000000000e+03
2.696000000000000000e+03
2.642000000000000000e+03
2.676000000000000000e+03
2.661000000000000000e+03
2.600000000000000000e+03
2.689000000000000000e+03
2.624000000000000000e+03
2.613000000000000000e+03
2.562000000000000000e+03
2.608000000000000000e+03
2.578000000000000000e+03
2.596000000000000000e+03
2.611000000000000000e+03
2.657000000000000000e+03
2.616000000000000000e+03
2.645000000000000000e+03
2.633000000000000000e+03
2.550000000000000000e+03
2.491000000000000000e+03
