1.550000000000000000e+03
1.517000000000000000e+03
1.507000000000000000e+03
1.496000000000000000e+03
1.510000000000000000e+03
1.529000000000000000e+03
1.535000000000000000e+03
1.551000000000000000e+03
1.548000000000000000e+03
1.560000000000000000e+03
1.559000000000000000e+03
1.546000000000000000e+03
1.595000000000000000e+03
1.556000000000000000e+03
1.565000000000000000e+03
1.570000000000000000e+03
1.552000000000000000e+03
1.583000000000000000e+03
1.568000000000000000e+03
1.583000000000000000e+03
1.621000000000000000e+03
1.585000000000000000e+03
1.579000000000000000e+03
1.628000000000000000e+03
1.615000000000000000e+03
1.650000000000000000e+03
1.654000000000000000e+03
1.731000000000000000e+03
1.629000000000000000e+03
1.623000000000000000e+03
1.689000000000000000e+03
1.625000000000000000e+03
1.667000000000000000e+03
1.666000000000000000e+03
1.674000000000000000e+03
1.695000000000000000e+03
1.671000000000000000e+03
1.662000000000000000e+03
1.668000000000000000e+03
1.665000000000000000e+03
1.731000000000000000e+03
1.715000000000000000e+03
1.705000000000000000e+03
1.700000000000000000e+03
1.699000000000000000e+03
1.767000000000000000e+03
1.690000000000000000e+03
1.675000000000000000e+03
1.756000000000000000e+03
1.766000000000000000e+03
1.790000000000000000e+03
1.721000000000000000e+03
1.770000000000000000e+03
1.728000000000000000e+03
1.773000000000000000e+03
1.772000000000000000e+03
1.774000000000000000e+03
1.781000000000000000e+03
1.781000000000000000e+03
1.799000000000000000e+03
1.793000000000000000e+03
1.797000000000000000e+03
1.754000000000000000e+03
1.834000000000000000e+03
1.795000000000000000e+03
1.834000000000000000e+03
1.826000000000000000e+03
1.853000000000000000e+03
1.817000000000000000e+03
1.778000000000000000e+03
1.773000000000000000e+03
1.820000000000000000e+03
1.846000000000000000e+03
1.854000000000000000e+03
1.821000000000000000e+03
1.855000000000000000e+03
1.784000000000000000e+03
1.844000000000000000e+03
1.844000000000000000e+03
1.826000000000000000e+03
1.883000000000000000e+03
1.861000000000000000e+03
1.808000000000000000e+03
1.861000000000000000e+03
1.897000000000000000e+03
1.854000000000000000e+03
1.895000000000000000e+03
1.940000000000000000e+03
1.891000000000000000e+03
1.863000000000000000e+03
1.901000000000000000e+03
1.878000000000000000e+03
1.941000000000000000e+03
1.899000000000000000e+03
1.967000000000000000e+03
1.979000000000000000e+03
1.932000000000000000e+03
1.926000000000000000e+03
1.942000000000000000e+03
1.954000000000000000e+03
1.930000000000000000e+03
1.925000000000000000e+03
1.985000000000000000e+03
1.941000000000000000e+03
2.032000000000000000e+03
1.933000000000000000e+03
1.999000000000000000e+03
1.979000000000000000e+03
1.991000000000000000e+03
1.981000000000000000e+03
2.018000000000000000e+03
2.067000000000000000e+03
2.042000000000000000e+03
2.026000000000000000e+03
2.047000000000000000e+03
2.096000000000000000e+03
2.071000000000000000e+03
2.105000000000000000e+03
2.152000000000000000e+03
2.123000000000000000e+03
2.097000000000000000e+03
2.087000000000000000e+03
2.102000000000000000e+03
2.160000000000000000e+03
2.166000000000000000e+03
2.107000000000000000e+03
2.210000000000000000e+03
2.168000000000000000e+03
2.253000000000000000e+03
2.213000000000000000e+03
2.222000000000000000e+03
2.241000000000000000e+03
2.177000000000000000e+03
2.246000000000000000e+03
2.219000000000000000e+03
2.212000000000000000e+03
2.226000000000000000e+03
2.286000000000000000e+03
2.325000000000000000e+03
2.334000000000000000e+03
2.317000000000000000e+03
2.357000000000000000e+03
2.372000000000000000e+03
2.302000000000000000e+03
2.385000000000000000e+03
2.366000000000000000e+03
2.358000000000000000e+03
2.340000000000000000e+03
2.373000000000000000e+03
2.403000000000000000e+03
2.388000000000000000e+03
2.440000000000000000e+03
2.436000000000000000e+03
2.438000000000000000e+03
2.406000000000000000e+03
2.457000000000000000e+03
2.496000000000000000e+03
2.448000000000000000e+03
2.452000000000000000e+03
2.468000000000000000e+03
2.463000000000000000e+03
2.497000000000000000e+03
2.497000000000000000e+03
2.529000000000000000e+03
2.544000000000000000e+03
2.511000000000000000e+03
2.547000000000000000e+03
2.543000000000000000e+03
2.566000000000000000e+03
2.565000000000000000e+03
2.550000000000000000e+03
2.595000000000000000e+03
2.586000000000000000e+03
2.640000000000000000e+03
2.687000000000000000e+03
2.657000000000000000e+03
2.603000000000000000e+03
2.648000000000000000e+03
2.720000000000000000e+03
2.626000000000000000e+03
2.718000000000000000e+03
2.679000000000000000e+03
2.717000000000000000e+03
2.733000000000000000e+03
2.700000000000000000e+03
2.713000000000000000e+03
2.883000000000000000e+03
3.226000000000000000e+03
3.055000000000000000e+03
2.748000000000000000e+03
2.722000000000000000e+03
2.691000000000000000e+03
2.724000000000000000e+03
2.775000000000000000e+03
2.713000000000000000e+03
2.785000000000000000e+03
2.815000000000000000e+03
2.752000000000000000e+03
2.722000000000000000e+03
2.843000000000000000e+03
2.842000000000000000e+03
2.802000000000000000e+03
2.800000000000000000e+03
2.809000000000000000e+03
2.871000000000000000e+03
2.853000000000000000e+03
2.853000000000000000e+03
2.929000000000000000e+03
2.843000000000000000e+03
2.910000000000000000e+03
2.911000000000000000e+03
2.967000000000000000e+03
2.963000000000000000e+03
2.963000000000000000e+03
2.936000000000000000e+03
2.970000000000000000e+03
2.975000000000000000e+03
3.011000000000000000e+03
2.986000000000000000e+03
3.069000000000000000e+03
3.013000000000000000e+03
3.042000000000000000e+03
3.046000000000000000e+03
3.056000000000000000e+03
3.066000000000000000e+03
3.099000000000000000e+03
3.129000000000000000e+03
3.129000000000000000e+03
3.165000000000000000e+03
3.189000000000000000e+03
3.179000000000000000e+03
3.179000000000000000e+03
3.247000000000000000e+03
3.219000000000000000e+03
3.286000000000000000e+03
3.287000000000000000e+03
3.275000000000000000e+03
3.258000000000000000e+03
3.371000000000000000e+03
3.312000000000000000e+03
3.279000000000000000e+03
3.359000000000000000e+03
3.308000000000000000e+03
3.402000000000000000e+03
3.425000000000000000e+03
3.390000000000000000e+03
3.427000000000000000e+03
3.464000000000000000e+03
3.369000000000000000e+03
3.450000000000000000e+03
3.564000000000000000e+03
3.535000000000000000e+03
3.500000000000000000e+03
3.514000000000000000e+03
3.545000000000000000e+03
3.580000000000000000e+03
3.510000000000000000e+03
3.577000000000000000e+03
3.568000000000000000e+03
3.675000000000000000e+03
3.681000000000000000e+03
3.636000000000000000e+03
3.578000000000000000e+03
3.653000000000000000e+03
3.707000000000000000e+03
3.734000000000000000e+03
3.625000000000000000e+03
3.656000000000000000e+03
3.655000000000000000e+03
3.743000000000000000e+03
3.685000000000000000e+03
3.707000000000000000e+03
3.700000000000000000e+03
3.771000000000000000e+03
3.690000000000000000e+03
3.771000000000000000e+03
3.711000000000000000e+03
3.745000000000000000e+03
3.754000000000000000e+03
3.753000000000000000e+03
3.730000000000000000e+03
3.807000000000000000e+03
3.783000000000000000e+03
3.777000000000000000e+03
3.795000000000000000e+03
3.657000000000000000e+03
3.834000000000000000e+03
3.798000000000000000e+03
3.807000000000000000e+03
3.798000000000000000e+03
3.787000000000000000e+03
3.841000000000000000e+03
3.853000000000000000e+03
3.811000000000000000e+03
3.885000000000000000e+03
3.835000000000000000e+03
3.875000000000000000e+03
3.830000000000000000e+03
3.915000000000000000e+03
3.842000000000000000e+03
3.918000000000000000e+03
3.895000000000000000e+03
3.852000000000000000e+03
3.939000000000000000e+03
3.865000000000000000e+03
3.857000000000000000e+03
3.887000000000000000e+03
3.885000000000000000e+03
3.959000000000000000e+03
3.919000000000000000e+03
3.919000000000000000e+03
3.930000000000000000e+03
3.914000000000000000e+03
3.963000000000000000e+03
4.011000000000000000e+03
3.878000000000000000e+03
3.981000000000000000e+03
3.893000000000000000e+03
3.942000000000000000e+03
3.995000000000000000e+03
3.989000000000000000e+03
3.954000000000000000e+03
3.886000000000000000e+03
3.949000000000000000e+03
3.983000000000000000e+03
3.931000000000000000e+03
3.969000000000000000e+03
4.000000000000000000e+03
3.923000000000000000e+03
4.011000000000000000e+03
3.978000000000000000e+03
4.019000000000000000e+03
3.937000000000000000e+03
3.946000000000000000e+03
3.991000000000000000e+03
3.985000000000000000e+03
3.979000000000000000e+03
4.010000000000000000e+03
3.945000000000000000e+03
4.003000000000000000e+03
4.027000000000000000e+03
4.011000000000000000e+03
3.961000000000000000e+03
4.002000000000000000e+03
4.095000000000000000e+03
3.967000000000000000e+03
4.011000000000000000e+03
4.014000000000000000e+03
3.957000000000000000e+03
4.019000000000000000e+03
4.062000000000000000e+03
3.951000000000000000e+03
3.964000000000000000e+03
3.998000000000000000e+03
4.047000000000000000e+03
3.945000000000000000e+03
4.062000000000000000e+03
3.937000000000000000e+03
4.008000000000000000e+03
4.010000000000000000e+03
4.043000000000000000e+03
4.024000000000000000e+03
3.987000000000000000e+03
4.041000000000000000e+03
4.072000000000000000e+03
3.995000000000000000e+03
4.097000000000000000e+03
4.086000000000000000e+03
4.066000000000000000e+03
4.017000000000000000e+03
4.034000000000000000e+03
4.042000000000000000e+03
4.096000000000000000e+03
4.128000000000000000e+03
4.090000000000000000e+03
4.129000000000000000e+03
4.068000000000000000e+03
4.137000000000000000e+03
4.040000000000000000e+03
4.116000000000000000e+03
4.127000000000000000e+03
4.169000000000000000e+03
4.138000000000000000e+03
4.088000000000000000e+03
4.176000000000000000e+03
4.258000000000000000e+03
4.127000000000000000e+03
4.208000000000000000e+03
4.180000000000000000e+03
4.152000000000000000e+03
4.164000000000000000e+03
4.254000000000000000e+03
4.237000000000000000e+03
4.229000000000000000e+03
4.224000000000000000e+03
4.136000000000000000e+03
4.160000000000000000e+03
4.207000000000000000e+03
4.163000000000000000e+03
4.213000000000000000e+03
4.237000000000000000e+03
4.216000000000000000e+03
4.251000000000000000e+03
4.182000000000000000e+03
4.199000000000000000e+03
4.279000000000000000e+03
4.256000000000000000e+03
4.198000000000000000e+03
4.212000000000000000e+03
4.187000000000000000e+03
4.235000000000000000e+03
4.252000000000000000e+03
4.296000000000000000e+03
4.212000000000000000e+03
4.235000000000000000e+03
4.283000000000000000e+03
4.269000000000000000e+03
4.261000000000000000e+03
4.229000000000000000e+03
4.322000000000000000e+03
4.426000000000000000e+03
4.286000000000000000e+03
4.298000000000000000e+03
4.262000000000000000e+03
4.328000000000000000e+03
4.336000000000000000e+03
4.349000000000000000e+03
4.352000000000000000e+03
4.413000000000000000e+03
4.385000000000000000e+03
4.328000000000000000e+03
4.278000000000000000e+03
4.340000000000000000e+03
4.327000000000000000e+03
4.366000000000000000e+03
4.348000000000000000e+03
4.352000000000000000e+03
4.341000000000000000e+03
4.407000000000000000e+03
4.372000000000000000e+03
4.361000000000000000e+03
4.313000000000000000e+03
4.354000000000000000e+03
4.347000000000000000e+03
4.412000000000000000e+03
4.403000000000000000e+03
4.434000000000000000e+03
4.397000000000000000e+03
4.334000000000000000e+03
4.453000000000000000e+03
4.414000000000000000e+03
4.356000000000000000e+03
4.422000000000000000e+03
4.320000000000000000e+03
4.362000000000000000e+03
4.341000000000000000e+03
4.377000000000000000e+03
4.413000000000000000e+03
4.349000000000000000e+03
4.340000000000000000e+03
4.358000000000000000e+03
4.330000000000000000e+03
4.294000000000000000e+03
4.334000000000000000e+03
4.269000000000000000e+03
4.336000000000000000e+03
4.436000000000000000e+03
4.368000000000000000e+03
4.296000000000000000e+03
4.379000000000000000e+03
4.312000000000000000e+03
4.305000000000000000e+03
4.261000000000000000e+03
4.277000000000000000e+03
4.319000000000000000e+03
4.280000000000000000e+03
4.402000000000000000e+03
4.322000000000000000e+03
4.231000000000000000e+03
4.271000000000000000e+03
4.372000000000000000e+03
4.185000000000000000e+03
4.257000000000000000e+03
4.226000000000000000e+03
4.258000000000000000e+03
4.240000000000000000e+03
4.271000000000000000e+03
4.291000000000000000e+03
4.277000000000000000e+03
4.205000000000000000e+03
4.184000000000000000e+03
4.186000000000000000e+03
4.162000000000000000e+03
4.287000000000000000e+03
4.238000000000000000e+03
4.097000000000000000e+03
4.161000000000000000e+03
4.184000000000000000e+03
4.163000000000000000e+03
4.249000000000000000e+03
4.091000000000000000e+03
4.162000000000000000e+03
4.152000000000000000e+03
4.107000000000000000e+03
4.086000000000000000e+03
4.127000000000000000e+03
4.129000000000000000e+03
4.120000000000000000e+03
4.086000000000000000e+03
4.100000000000000000e+03
4.131000000000000000e+03
4.066000000000000000e+03
4.116000000000000000e+03
4.065000000000000000e+03
4.024000000000000000e+03
4.099000000000000000e+03
4.060000000000000000e+03
3.993000000000000000e+03
4.087000000000000000e+03
4.101000000000000000e+03
4.031000000000000000e+03
3.969000000000000000e+03
4.090000000000000000e+03
4.003000000000000000e+03
3.927000000000000000e+03
3.982000000000000000e+03
3.942000000000000000e+03
3.968000000000000000e+03
3.986000000000000000e+03
3.959000000000000000e+03
3.940000000000000000e+03
3.952000000000000000e+03
3.908000000000000000e+03
3.877000000000000000e+03
3.903000000000000000e+03
3.880000000000000000e+03
3.948000000000000000e+03
3.884000000000000000e+03
3.886000000000000000e+03
3.979000000000000000e+03
3.888000000000000000e+03
3.869000000000000000e+03
3.837000000000000000e+03
3.840000000000000000e+03
3.847000000000000000e+03
3.877000000000000000e+03
3.930000000000000000e+03
3.762000000000000000e+03
3.825000000000000000e+03
3.774000000000000000e+03
3.791000000000000000e+03
3.820000000000000000e+03
3.761000000000000000e+03
3.718000000000000000e+03
3.812000000000000000e+03
3.790000000000000000e+03
3.781000000000000000e+03
3.707000000000000000e+03
3.740000000000000000e+03
3.729000000000000000e+03
3.752000000000000000e+03
3.743000000000000000e+03
3.766000000000000000e+03
3.725000000000000000e+03
3.739000000000000000e+03
3.705000000000000000e+03
3.659000000000000000e+03
3.721000000000000000e+03
3.654000000000000000e+03
3.755000000000000000e+03
3.775000000000000000e+03
3.727000000000000000e+03
3.726000000000000000e+03
3.641000000000000000e+03
3.682000000000000000e+03
3.642000000000000000e+03
3.686000000000000000e+03
3.652000000000000000e+03
3.707000000000000000e+03
3.625000000000000000e+03
3.661000000000000000e+03
3.717000000000000000e+03
3.677000000000000000e+03
3.650000000000000000e+03
3.619000000000000000e+03
3.670000000000000000e+03
3.526000000000000000e+03
3.630000000000000000e+03
3.720000000000000000e+03
3.614000000000000000e+03
3.600000000000000000e+03
3.612000000000000000e+03
3.604000000000000000e+03
3.605000000000000000e+03
3.568000000000000000e+03
3.616000000000000000e+03
3.525000000000000000e+03
3.565000000000000000e+03
3.646000000000000000e+03
3.624000000000000000e+03
3.492000000000000000e+03
3.507000000000000000e+03
3.567000000000000000e+03
3.512000000000000000e+03
3.517000000000000000e+03
3.497000000000000000e+03
3.546000000000000000e+03
3.579000000000000000e+03
3.504000000000000000e+03
3.558000000000000000e+03
3.530000000000000000e+03
3.533000000000000000e+03
3.447000000000000000e+03
3.477000000000000000e+03
3.452000000000000000e+03
3.464000000000000000e+03
3.458000000000000000e+03
3.507000000000000000e+03
3.514000000000000000e+03
3.457000000000000000e+03
3.472000000000000000e+03
3.448000000000000000e+03
3.431000000000000000e+03
3.417000000000000000e+03
3.443000000000000000e+03
3.460000000000000000e+03
3.485000000000000000e+03
3.391000000000000000e+03
3.407000000000000000e+03
3.399000000000000000e+03
3.417000000000000000e+03
3.414000000000000000e+03
3.351000000000000000e+03
3.382000000000000000e+03
3.411000000000000000e+03
3.370000000000000000e+03
3.324000000000000000e+03
3.315000000000000000e+03
3.300000000000000000e+03
3.311000000000000000e+03
3.328000000000000000e+03
3.345000000000000000e+03
3.383000000000000000e+03
3.297000000000000000e+03
3.255000000000000000e+03
3.280000000000000000e+03
3.234000000000000000e+03
3.255000000000000000e+03
3.306000000000000000e+03
3.262000000000000000e+03
3.252000000000000000e+03
3.252000000000000000e+03
3.214000000000000000e+03
3.248000000000000000e+03
3.192000000000000000e+03
3.180000000000000000e+03
3.277000000000000000e+03
3.252000000000000000e+03
3.205000000000000000e+03
3.165000000000000000e+03
3.297000000000000000e+03
3.262000000000000000e+03
3.165000000000000000e+03
3.246000000000000000e+03
3.186000000000000000e+03
3.202000000000000000e+03
3.172000000000000000e+03
3.126000000000000000e+03
3.132000000000000000e+03
3.176000000000000000e+03
3.141000000000000000e+03
3.113000000000000000e+03
3.200000000000000000e+03
3.148000000000000000e+03
3.136000000000000000e+03
3.091000000000000000e+03
3.055000000000000000e+03
3.101000000000000000e+03
3.092000000000000000e+03
3.060000000000000000e+03
3.042000000000000000e+03
3.054000000000000000e+03
3.035000000000000000e+03
3.040000000000000000e+03
3.020000000000000000e+03
3.017000000000000000e+03
2.993000000000000000e+03
3.058000000000000000e+03
3.004000000000000000e+03
2.988000000000000000e+03
2.907000000000000000e+03
2.939000000000000000e+03
2.869000000000000000e+03
2.872000000000000000e+03
2.916000000000000000e+03
2.867000000000000000e+03
2.878000000000000000e+03
2.879000000000000000e+03
2.876000000000000000e+03
2.977000000000000000e+03
2.863000000000000000e+03
2.800000000000000000e+03
2.863000000000000000e+03
2.832000000000000000e+03
2.803000000000000000e+03
2.798000000000000000e+03
2.793000000000000000e+03
2.863000000000000000e+03
2.793000000000000000e+03
2.738000000000000000e+03
2.773000000000000000e+03
2.727000000000000000e+03
2.723000000000000000e+03
2.746000000000000000e+03
2.748000000000000000e+03
2.707000000000000000e+03
2.686000000000000000e+03
2.754000000000000000e+03
2.640000000000000000e+03
2.693000000000000000e+03
2.674000000000000000e+03
2.681000000000000000e+03
2.701000000000000000e+03
2.697000000000000000e+03
2.639000000000000000e+03
2.649000000000000000e+03
2.622000000000000000e+03
2.623000000000000000e+03
2.538000000000000000e+03
2.530000000000000000e+03
2.486000000000000000e+03
2.560000000000000000e+03
2.498000000000000000e+03
2.496000000000000000e+03
2.481000000000000000e+03
2.436000000000000000e+03
3.276000000000000000e+03
2.513000000000000000e+03
2.469000000000000000e+03
2.443000000000000000e+03
2.413000000000000000e+03
2.476000000000000000e+03
2.498000000000000000e+03
2.474000000000000000e+03
2.446000000000000000e+03
2.499000000000000000e+03
2.428000000000000000e+03
2.440000000000000000e+03
2.417000000000000000e+03
2.472000000000000000e+03
2.414000000000000000e+03
2.388000000000000000e+03
2.384000000000000000e+03
2.355000000000000000e+03
2.401000000000000000e+03
2.397000000000000000e+03
2.336000000000000000e+03
2.372000000000000000e+03
2.394000000000000000e+03
2.362000000000000000e+03
2.295000000000000000e+03
2.357000000000000000e+03
2.368000000000000000e+03
2.341000000000000000e+03
2.309000000000000000e+03
