1.779000000000000000e+03
1.774000000000000000e+03
1.801000000000000000e+03
1.777000000000000000e+03
1.834000000000000000e+03
1.830000000000000000e+03
1.805000000000000000e+03
1.830000000000000000e+03
1.870000000000000000e+03
1.856000000000000000e+03
1.857000000000000000e+03
1.875000000000000000e+03
1.880000000000000000e+03
1.853000000000000000e+03
1.880000000000000000e+03
1.982000000000000000e+03
1.914000000000000000e+03
1.900000000000000000e+03
1.919000000000000000e+03
1.949000000000000000e+03
1.976000000000000000e+03
1.849000000000000000e+03
1.904000000000000000e+03
1.963000000000000000e+03
1.963000000000000000e+03
1.916000000000000000e+03
1.946000000000000000e+03
1.937000000000000000e+03
1.970000000000000000e+03
1.963000000000000000e+03
2.004000000000000000e+03
1.992000000000000000e+03
1.994000000000000000e+03
1.949000000000000000e+03
1.995000000000000000e+03
1.960000000000000000e+03
1.965000000000000000e+03
2.036000000000000000e+03
2.070000000000000000e+03
2.022000000000000000e+03
2.021000000000000000e+03
2.051000000000000000e+03
2.005000000000000000e+03
2.025000000000000000e+03
2.013000000000000000e+03
2.042000000000000000e+03
2.079000000000000000e+03
2.078000000000000000e+03
2.054000000000000000e+03
2.091000000000000000e+03
2.093000000000000000e+03
2.063000000000000000e+03
2.117000000000000000e+03
2.084000000000000000e+03
2.135000000000000000e+03
2.082000000000000000e+03
2.119000000000000000e+03
2.046000000000000000e+03
2.140000000000000000e+03
2.107000000000000000e+03
2.189000000000000000e+03
2.174000000000000000e+03
2.124000000000000000e+03
2.200000000000000000e+03
2.135000000000000000e+03
2.186000000000000000e+03
2.228000000000000000e+03
2.169000000000000000e+03
2.160000000000000000e+03
2.174000000000000000e+03
2.152000000000000000e+03
2.120000000000000000e+03
2.183000000000000000e+03
2.197000000000000000e+03
2.192000000000000000e+03
2.189000000000000000e+03
2.273000000000000000e+03
2.198000000000000000e+03
2.234000000000000000e+03
2.241000000000000000e+03
2.263000000000000000e+03
2.278000000000000000e+03
2.304000000000000000e+03
2.224000000000000000e+03
2.286000000000000000e+03
2.330000000000000000e+03
2.329000000000000000e+03
2.285000000000000000e+03
2.325000000000000000e+03
2.349000000000000000e+03
2.272000000000000000e+03
2.366000000000000000e+03
2.359000000000000000e+03
2.307000000000000000e+03
2.343000000000000000e+03
2.356000000000000000e+03
2.352000000000000000e+03
2.371000000000000000e+03
2.358000000000000000e+03
2.367000000000000000e+03
2.365000000000000000e+03
2.368000000000000000e+03
2.438000000000000000e+03
2.404000000000000000e+03
2.394000000000000000e+03
2.374000000000000000e+03
2.445000000000000000e+03
2.493000000000000000e+03
2.469000000000000000e+03
2.456000000000000000e+03
2.464000000000000000e+03
2.471000000000000000e+03
2.458000000000000000e+03
2.550000000000000000e+03
2.485000000000000000e+03
2.505000000000000000e+03
2.523000000000000000e+03
2.557000000000000000e+03
2.629000000000000000e+03
2.583000000000000000e+03
2.570000000000000000e+03
2.642000000000000000e+03
2.655000000000000000e+03
2.695000000000000000e+03
2.642000000000000000e+03
2.689000000000000000e+03
2.696000000000000000e+03
2.655000000000000000e+03
2.722000000000000000e+03
2.721000000000000000e+03
2.714000000000000000e+03
2.712000000000000000e+03
2.779000000000000000e+03
2.796000000000000000e+03
2.807000000000000000e+03
2.796000000000000000e+03
2.804000000000000000e+03
2.806000000000000000e+03
2.873000000000000000e+03
2.874000000000000000e+03
2.864000000000000000e+03
2.873000000000000000e+03
2.804000000000000000e+03
2.858000000000000000e+03
2.909000000000000000e+03
2.933000000000000000e+03
2.947000000000000000e+03
2.965000000000000000e+03
2.925000000000000000e+03
3.038000000000000000e+03
2.963000000000000000e+03
2.982000000000000000e+03
3.034000000000000000e+03
3.058000000000000000e+03
3.064000000000000000e+03
3.019000000000000000e+03
3.093000000000000000e+03
3.048000000000000000e+03
3.100000000000000000e+03
3.053000000000000000e+03
3.095000000000000000e+03
3.159000000000000000e+03
3.128000000000000000e+03
3.053000000000000000e+03
3.166000000000000000e+03
3.155000000000000000e+03
3.079000000000000000e+03
3.221000000000000000e+03
3.226000000000000000e+03
3.229000000000000000e+03
3.195000000000000000e+03
3.138000000000000000e+03
3.167000000000000000e+03
3.269000000000000000e+03
3.231000000000000000e+03
3.187000000000000000e+03
3.308000000000000000e+03
3.234000000000000000e+03
3.254000000000000000e+03
3.227000000000000000e+03
3.366000000000000000e+03
3.288000000000000000e+03
3.340000000000000000e+03
3.825000000000000000e+03
3.778000000000000000e+03
3.396000000000000000e+03
3.333000000000000000e+03
3.329000000000000000e+03
3.374000000000000000e+03
3.376000000000000000e+03
3.361000000000000000e+03
3.430000000000000000e+03
3.370000000000000000e+03
3.444000000000000000e+03
3.404000000000000000e+03
3.466000000000000000e+03
3.469000000000000000e+03
3.516000000000000000e+03
3.520000000000000000e+03
3.473000000000000000e+03
3.480000000000000000e+03
3.547000000000000000e+03
3.524000000000000000e+03
3.581000000000000000e+03
3.523000000000000000e+03
3.573000000000000000e+03
3.562000000000000000e+03
3.596000000000000000e+03
3.619000000000000000e+03
3.655000000000000000e+03
3.599000000000000000e+03
3.661000000000000000e+03
3.657000000000000000e+03
3.694000000000000000e+03
3.726000000000000000e+03
3.711000000000000000e+03
3.659000000000000000e+03
3.695000000000000000e+03
3.704000000000000000e+03
3.696000000000000000e+03
3.786000000000000000e+03
3.838000000000000000e+03
3.843000000000000000e+03
3.817000000000000000e+03
3.840000000000000000e+03
3.952000000000000000e+03
3.805000000000000000e+03
3.915000000000000000e+03
3.954000000000000000e+03
3.969000000000000000e+03
3.901000000000000000e+03
3.975000000000000000e+03
3.958000000000000000e+03
4.001000000000000000e+03
4.083000000000000000e+03
3.994000000000000000e+03
4.067000000000000000e+03
4.073000000000000000e+03
4.027000000000000000e+03
4.110000000000000000e+03
4.145000000000000000e+03
4.211000000000000000e+03
4.186000000000000000e+03
4.222000000000000000e+03
4.184000000000000000e+03
4.127000000000000000e+03
4.243000000000000000e+03
4.232000000000000000e+03
4.209000000000000000e+03
4.244000000000000000e+03
4.299000000000000000e+03
4.239000000000000000e+03
4.336000000000000000e+03
4.298000000000000000e+03
4.421000000000000000e+03
4.450000000000000000e+03
4.434000000000000000e+03
4.324000000000000000e+03
4.388000000000000000e+03
4.394000000000000000e+03
4.541000000000000000e+03
4.556000000000000000e+03
4.464000000000000000e+03
4.417000000000000000e+03
4.449000000000000000e+03
4.506000000000000000e+03
4.425000000000000000e+03
4.460000000000000000e+03
4.539000000000000000e+03
4.570000000000000000e+03
4.604000000000000000e+03
4.499000000000000000e+03
4.577000000000000000e+03
4.554000000000000000e+03
4.596000000000000000e+03
4.561000000000000000e+03
4.578000000000000000e+03
4.671000000000000000e+03
4.524000000000000000e+03
4.632000000000000000e+03
4.634000000000000000e+03
4.677000000000000000e+03
4.667000000000000000e+03
4.601000000000000000e+03
4.616000000000000000e+03
4.661000000000000000e+03
4.666000000000000000e+03
4.567000000000000000e+03
4.711000000000000000e+03
4.744000000000000000e+03
4.682000000000000000e+03
4.701000000000000000e+03
4.655000000000000000e+03
4.690000000000000000e+03
4.720000000000000000e+03
4.672000000000000000e+03
4.738000000000000000e+03
4.686000000000000000e+03
4.781000000000000000e+03
4.705000000000000000e+03
4.724000000000000000e+03
4.812000000000000000e+03
4.705000000000000000e+03
4.751000000000000000e+03
4.755000000000000000e+03
4.784000000000000000e+03
4.789000000000000000e+03
4.751000000000000000e+03
4.826000000000000000e+03
4.738000000000000000e+03
4.825000000000000000e+03
4.763000000000000000e+03
4.806000000000000000e+03
4.793000000000000000e+03
4.804000000000000000e+03
4.771000000000000000e+03
4.819000000000000000e+03
4.784000000000000000e+03
4.850000000000000000e+03
4.792000000000000000e+03
4.887000000000000000e+03
4.787000000000000000e+03
4.813000000000000000e+03
4.861000000000000000e+03
4.829000000000000000e+03
4.862000000000000000e+03
4.894000000000000000e+03
4.815000000000000000e+03
4.794000000000000000e+03
4.806000000000000000e+03
4.868000000000000000e+03
4.812000000000000000e+03
4.822000000000000000e+03
4.765000000000000000e+03
4.853000000000000000e+03
4.864000000000000000e+03
4.817000000000000000e+03
4.832000000000000000e+03
4.902000000000000000e+03
4.854000000000000000e+03
4.848000000000000000e+03
4.870000000000000000e+03
4.833000000000000000e+03
4.829000000000000000e+03
4.837000000000000000e+03
4.853000000000000000e+03
4.869000000000000000e+03
4.803000000000000000e+03
4.839000000000000000e+03
4.759000000000000000e+03
4.898000000000000000e+03
4.922000000000000000e+03
4.859000000000000000e+03
4.903000000000000000e+03
4.839000000000000000e+03
4.808000000000000000e+03
4.920000000000000000e+03
4.834000000000000000e+03
4.854000000000000000e+03
4.954000000000000000e+03
4.933000000000000000e+03
4.932000000000000000e+03
4.965000000000000000e+03
4.940000000000000000e+03
4.957000000000000000e+03
4.982000000000000000e+03
4.881000000000000000e+03
4.871000000000000000e+03
5.024000000000000000e+03
4.923000000000000000e+03
4.965000000000000000e+03
4.970000000000000000e+03
4.931000000000000000e+03
4.949000000000000000e+03
4.914000000000000000e+03
5.058000000000000000e+03
4.988000000000000000e+03
4.942000000000000000e+03
4.986000000000000000e+03
5.064000000000000000e+03
4.969000000000000000e+03
4.977000000000000000e+03
5.037000000000000000e+03
5.072000000000000000e+03
5.064000000000000000e+03
5.095000000000000000e+03
5.047000000000000000e+03
5.146000000000000000e+03
5.040000000000000000e+03
5.053000000000000000e+03
5.007000000000000000e+03
5.094000000000000000e+03
5.061000000000000000e+03
5.124000000000000000e+03
5.122000000000000000e+03
5.099000000000000000e+03
5.137000000000000000e+03
5.094000000000000000e+03
5.161000000000000000e+03
5.084000000000000000e+03
5.111000000000000000e+03
5.110000000000000000e+03
5.065000000000000000e+03
5.054000000000000000e+03
5.225000000000000000e+03
5.087000000000000000e+03
5.136000000000000000e+03
5.075000000000000000e+03
5.128000000000000000e+03
5.183000000000000000e+03
5.167000000000000000e+03
5.176000000000000000e+03
5.110000000000000000e+03
5.108000000000000000e+03
5.114000000000000000e+03
5.266000000000000000e+03
5.213000000000000000e+03
5.176000000000000000e+03
5.265000000000000000e+03
5.236000000000000000e+03
5.236000000000000000e+03
5.131000000000000000e+03
5.189000000000000000e+03
5.146000000000000000e+03
5.136000000000000000e+03
5.193000000000000000e+03
5.263000000000000000e+03
5.166000000000000000e+03
5.268000000000000000e+03
5.213000000000000000e+03
5.182000000000000000e+03
5.231000000000000000e+03
5.189000000000000000e+03
5.225000000000000000e+03
5.275000000000000000e+03
5.225000000000000000e+03
5.206000000000000000e+03
5.186000000000000000e+03
5.198000000000000000e+03
5.199000000000000000e+03
5.291000000000000000e+03
5.188000000000000000e+03
5.228000000000000000e+03
5.217000000000000000e+03
5.159000000000000000e+03
5.235000000000000000e+03
5.117000000000000000e+03
5.209000000000000000e+03
5.202000000000000000e+03
5.190000000000000000e+03
5.331000000000000000e+03
5.202000000000000000e+03
5.203000000000000000e+03
5.240000000000000000e+03
5.224000000000000000e+03
5.246000000000000000e+03
5.292000000000000000e+03
5.254000000000000000e+03
5.272000000000000000e+03
5.232000000000000000e+03
5.260000000000000000e+03
5.133000000000000000e+03
5.185000000000000000e+03
5.233000000000000000e+03
5.169000000000000000e+03
5.193000000000000000e+03
5.094000000000000000e+03
5.234000000000000000e+03
5.239000000000000000e+03
5.218000000000000000e+03
5.278000000000000000e+03
5.185000000000000000e+03
5.220000000000000000e+03
5.183000000000000000e+03
5.192000000000000000e+03
5.140000000000000000e+03
5.130000000000000000e+03
5.128000000000000000e+03
5.207000000000000000e+03
5.041000000000000000e+03
5.117000000000000000e+03
5.164000000000000000e+03
5.116000000000000000e+03
5.086000000000000000e+03
5.087000000000000000e+03
5.031000000000000000e+03
5.048000000000000000e+03
5.077000000000000000e+03
5.149000000000000000e+03
4.990000000000000000e+03
5.083000000000000000e+03
5.068000000000000000e+03
5.067000000000000000e+03
5.111000000000000000e+03
5.009000000000000000e+03
5.094000000000000000e+03
5.025000000000000000e+03
5.042000000000000000e+03
4.978000000000000000e+03
5.050000000000000000e+03
4.997000000000000000e+03
5.143000000000000000e+03
4.969000000000000000e+03
4.853000000000000000e+03
4.997000000000000000e+03
4.959000000000000000e+03
4.886000000000000000e+03
5.018000000000000000e+03
4.942000000000000000e+03
4.866000000000000000e+03
4.946000000000000000e+03
4.917000000000000000e+03
4.952000000000000000e+03
4.844000000000000000e+03
4.848000000000000000e+03
4.924000000000000000e+03
4.891000000000000000e+03
4.896000000000000000e+03
4.960000000000000000e+03
4.829000000000000000e+03
4.809000000000000000e+03
4.854000000000000000e+03
4.772000000000000000e+03
4.752000000000000000e+03
4.775000000000000000e+03
4.766000000000000000e+03
4.776000000000000000e+03
4.817000000000000000e+03
4.776000000000000000e+03
4.762000000000000000e+03
4.761000000000000000e+03
4.753000000000000000e+03
4.735000000000000000e+03
4.852000000000000000e+03
4.740000000000000000e+03
4.698000000000000000e+03
4.622000000000000000e+03
4.723000000000000000e+03
4.649000000000000000e+03
4.713000000000000000e+03
4.644000000000000000e+03
4.661000000000000000e+03
4.702000000000000000e+03
4.735000000000000000e+03
4.639000000000000000e+03
4.648000000000000000e+03
4.650000000000000000e+03
4.544000000000000000e+03
4.619000000000000000e+03
4.558000000000000000e+03
4.613000000000000000e+03
4.576000000000000000e+03
4.624000000000000000e+03
4.562000000000000000e+03
4.457000000000000000e+03
4.538000000000000000e+03
4.568000000000000000e+03
4.541000000000000000e+03
4.565000000000000000e+03
4.499000000000000000e+03
4.608000000000000000e+03
4.464000000000000000e+03
4.579000000000000000e+03
4.482000000000000000e+03
4.502000000000000000e+03
4.580000000000000000e+03
4.512000000000000000e+03
4.483000000000000000e+03
4.500000000000000000e+03
4.496000000000000000e+03
4.484000000000000000e+03
4.433000000000000000e+03
4.431000000000000000e+03
4.468000000000000000e+03
4.524000000000000000e+03
4.457000000000000000e+03
4.423000000000000000e+03
4.463000000000000000e+03
4.420000000000000000e+03
4.413000000000000000e+03
4.326000000000000000e+03
4.495000000000000000e+03
4.475000000000000000e+03
4.396000000000000000e+03
4.451000000000000000e+03
4.512000000000000000e+03
4.411000000000000000e+03
4.423000000000000000e+03
4.385000000000000000e+03
4.430000000000000000e+03
4.332000000000000000e+03
4.450000000000000000e+03
4.446000000000000000e+03
4.395000000000000000e+03
4.305000000000000000e+03
4.329000000000000000e+03
4.305000000000000000e+03
4.365000000000000000e+03
4.378000000000000000e+03
4.234000000000000000e+03
4.315000000000000000e+03
4.314000000000000000e+03
4.358000000000000000e+03
4.348000000000000000e+03
4.272000000000000000e+03
4.247000000000000000e+03
4.240000000000000000e+03
4.248000000000000000e+03
4.304000000000000000e+03
4.224000000000000000e+03
4.299000000000000000e+03
4.216000000000000000e+03
4.172000000000000000e+03
4.241000000000000000e+03
4.257000000000000000e+03
4.263000000000000000e+03
4.172000000000000000e+03
4.160000000000000000e+03
4.251000000000000000e+03
4.226000000000000000e+03
4.146000000000000000e+03
4.125000000000000000e+03
4.216000000000000000e+03
4.091000000000000000e+03
4.100000000000000000e+03
4.088000000000000000e+03
4.170000000000000000e+03
4.101000000000000000e+03
4.139000000000000000e+03
4.129000000000000000e+03
4.117000000000000000e+03
4.032000000000000000e+03
4.178000000000000000e+03
4.074000000000000000e+03
4.071000000000000000e+03
4.098000000000000000e+03
4.005000000000000000e+03
4.020000000000000000e+03
4.032000000000000000e+03
3.995000000000000000e+03
4.060000000000000000e+03
4.059000000000000000e+03
4.064000000000000000e+03
3.956000000000000000e+03
4.034000000000000000e+03
3.981000000000000000e+03
4.006000000000000000e+03
4.005000000000000000e+03
3.941000000000000000e+03
3.921000000000000000e+03
3.938000000000000000e+03
3.992000000000000000e+03
3.911000000000000000e+03
3.982000000000000000e+03
3.906000000000000000e+03
3.893000000000000000e+03
3.861000000000000000e+03
3.851000000000000000e+03
3.888000000000000000e+03
3.893000000000000000e+03
3.922000000000000000e+03
3.874000000000000000e+03
3.802000000000000000e+03
3.809000000000000000e+03
3.722000000000000000e+03
3.825000000000000000e+03
3.809000000000000000e+03
3.805000000000000000e+03
3.726000000000000000e+03
3.792000000000000000e+03
3.823000000000000000e+03
3.807000000000000000e+03
3.698000000000000000e+03
3.725000000000000000e+03
3.713000000000000000e+03
3.763000000000000000e+03
3.774000000000000000e+03
3.765000000000000000e+03
3.718000000000000000e+03
3.715000000000000000e+03
3.695000000000000000e+03
3.652000000000000000e+03
3.655000000000000000e+03
3.572000000000000000e+03
3.566000000000000000e+03
3.630000000000000000e+03
3.589000000000000000e+03
3.743000000000000000e+03
3.540000000000000000e+03
3.588000000000000000e+03
3.553000000000000000e+03
3.554000000000000000e+03
3.470000000000000000e+03
3.492000000000000000e+03
3.505000000000000000e+03
3.510000000000000000e+03
3.504000000000000000e+03
3.476000000000000000e+03
3.460000000000000000e+03
3.530000000000000000e+03
3.408000000000000000e+03
3.405000000000000000e+03
3.392000000000000000e+03
3.357000000000000000e+03
3.357000000000000000e+03
3.356000000000000000e+03
3.370000000000000000e+03
3.281000000000000000e+03
3.271000000000000000e+03
3.303000000000000000e+03
3.336000000000000000e+03
3.557000000000000000e+03
3.255000000000000000e+03
3.299000000000000000e+03
3.262000000000000000e+03
3.233000000000000000e+03
3.246000000000000000e+03
3.195000000000000000e+03
3.214000000000000000e+03
3.164000000000000000e+03
3.290000000000000000e+03
3.177000000000000000e+03
3.151000000000000000e+03
3.117000000000000000e+03
3.116000000000000000e+03
3.180000000000000000e+03
3.083000000000000000e+03
3.083000000000000000e+03
3.146000000000000000e+03
3.053000000000000000e+03
3.120000000000000000e+03
3.087000000000000000e+03
3.011000000000000000e+03
3.008000000000000000e+03
3.023000000000000000e+03
3.152000000000000000e+03
3.046000000000000000e+03
3.019000000000000000e+03
3.032000000000000000e+03
3.035000000000000000e+03
2.957000000000000000e+03
2.989000000000000000e+03
2.983000000000000000e+03
2.996000000000000000e+03
2.902000000000000000e+03
2.950000000000000000e+03
2.914000000000000000e+03
2.894000000000000000e+03
2.932000000000000000e+03
2.889000000000000000e+03
2.881000000000000000e+03
2.912000000000000000e+03
2.873000000000000000e+03
2.888000000000000000e+03
2.862000000000000000e+03
2.862000000000000000e+03
2.852000000000000000e+03
2.870000000000000000e+03
2.845000000000000000e+03
2.868000000000000000e+03
2.833000000000000000e+03
2.888000000000000000e+03
2.784000000000000000e+03
2.754000000000000000e+03
2.764000000000000000e+03
