1.773000000000000000e+03
1.744000000000000000e+03
1.792000000000000000e+03
1.712000000000000000e+03
1.784000000000000000e+03
1.762000000000000000e+03
1.793000000000000000e+03
1.793000000000000000e+03
1.777000000000000000e+03
1.849000000000000000e+03
1.829000000000000000e+03
1.763000000000000000e+03
1.871000000000000000e+03
1.831000000000000000e+03
1.887000000000000000e+03
1.847000000000000000e+03
1.923000000000000000e+03
1.842000000000000000e+03
1.831000000000000000e+03
1.895000000000000000e+03
1.891000000000000000e+03
1.862000000000000000e+03
1.872000000000000000e+03
1.890000000000000000e+03
1.915000000000000000e+03
1.934000000000000000e+03
1.909000000000000000e+03
1.916000000000000000e+03
1.953000000000000000e+03
1.934000000000000000e+03
1.921000000000000000e+03
1.995000000000000000e+03
1.948000000000000000e+03
1.995000000000000000e+03
1.973000000000000000e+03
1.954000000000000000e+03
1.959000000000000000e+03
1.957000000000000000e+03
1.966000000000000000e+03
1.987000000000000000e+03
2.001000000000000000e+03
1.982000000000000000e+03
2.006000000000000000e+03
1.973000000000000000e+03
1.978000000000000000e+03
2.026000000000000000e+03
2.060000000000000000e+03
2.025000000000000000e+03
2.027000000000000000e+03
2.088000000000000000e+03
2.076000000000000000e+03
2.165000000000000000e+03
2.047000000000000000e+03
2.054000000000000000e+03
2.040000000000000000e+03
2.109000000000000000e+03
2.070000000000000000e+03
2.075000000000000000e+03
2.085000000000000000e+03
2.080000000000000000e+03
2.158000000000000000e+03
2.129000000000000000e+03
2.158000000000000000e+03
2.103000000000000000e+03
2.125000000000000000e+03
2.180000000000000000e+03
2.194000000000000000e+03
2.168000000000000000e+03
2.162000000000000000e+03
2.187000000000000000e+03
2.173000000000000000e+03
2.173000000000000000e+03
2.173000000000000000e+03
2.209000000000000000e+03
2.170000000000000000e+03
2.194000000000000000e+03
2.179000000000000000e+03
2.170000000000000000e+03
2.199000000000000000e+03
2.176000000000000000e+03
2.224000000000000000e+03
2.218000000000000000e+03
2.340000000000000000e+03
2.266000000000000000e+03
2.229000000000000000e+03
2.265000000000000000e+03
2.228000000000000000e+03
2.216000000000000000e+03
2.285000000000000000e+03
2.290000000000000000e+03
2.247000000000000000e+03
2.288000000000000000e+03
2.285000000000000000e+03
2.242000000000000000e+03
2.324000000000000000e+03
2.387000000000000000e+03
2.356000000000000000e+03
2.362000000000000000e+03
2.385000000000000000e+03
2.373000000000000000e+03
2.343000000000000000e+03
2.365000000000000000e+03
2.388000000000000000e+03
2.371000000000000000e+03
2.382000000000000000e+03
2.399000000000000000e+03
2.422000000000000000e+03
2.429000000000000000e+03
2.442000000000000000e+03
2.408000000000000000e+03
2.459000000000000000e+03
2.469000000000000000e+03
2.539000000000000000e+03
2.565000000000000000e+03
2.496000000000000000e+03
2.571000000000000000e+03
2.546000000000000000e+03
2.550000000000000000e+03
2.558000000000000000e+03
2.497000000000000000e+03
2.538000000000000000e+03
2.597000000000000000e+03
2.600000000000000000e+03
2.580000000000000000e+03
2.635000000000000000e+03
2.640000000000000000e+03
2.658000000000000000e+03
2.732000000000000000e+03
2.628000000000000000e+03
2.719000000000000000e+03
2.732000000000000000e+03
2.713000000000000000e+03
2.705000000000000000e+03
2.721000000000000000e+03
2.746000000000000000e+03
2.733000000000000000e+03
2.783000000000000000e+03
2.762000000000000000e+03
2.831000000000000000e+03
2.788000000000000000e+03
2.774000000000000000e+03
2.822000000000000000e+03
2.797000000000000000e+03
2.931000000000000000e+03
2.872000000000000000e+03
2.828000000000000000e+03
2.929000000000000000e+03
2.959000000000000000e+03
2.943000000000000000e+03
2.905000000000000000e+03
2.976000000000000000e+03
2.942000000000000000e+03
2.994000000000000000e+03
3.003000000000000000e+03
3.038000000000000000e+03
2.993000000000000000e+03
3.073000000000000000e+03
2.956000000000000000e+03
3.035000000000000000e+03
3.016000000000000000e+03
3.034000000000000000e+03
3.055000000000000000e+03
3.069000000000000000e+03
3.090000000000000000e+03
3.084000000000000000e+03
3.136000000000000000e+03
3.163000000000000000e+03
3.110000000000000000e+03
3.156000000000000000e+03
3.180000000000000000e+03
3.181000000000000000e+03
3.202000000000000000e+03
3.200000000000000000e+03
3.145000000000000000e+03
3.148000000000000000e+03
3.199000000000000000e+03
3.180000000000000000e+03
3.237000000000000000e+03
3.191000000000000000e+03
3.245000000000000000e+03
3.307000000000000000e+03
3.257000000000000000e+03
3.290000000000000000e+03
3.715000000000000000e+03
3.726000000000000000e+03
3.427000000000000000e+03
3.319000000000000000e+03
3.296000000000000000e+03
3.334000000000000000e+03
3.260000000000000000e+03
3.287000000000000000e+03
3.314000000000000000e+03
3.329000000000000000e+03
3.352000000000000000e+03
3.461000000000000000e+03
3.359000000000000000e+03
3.369000000000000000e+03
3.398000000000000000e+03
3.453000000000000000e+03
3.442000000000000000e+03
3.462000000000000000e+03
3.462000000000000000e+03
3.468000000000000000e+03
3.438000000000000000e+03
3.464000000000000000e+03
3.500000000000000000e+03
3.508000000000000000e+03
3.597000000000000000e+03
3.532000000000000000e+03
3.557000000000000000e+03
3.601000000000000000e+03
3.612000000000000000e+03
3.654000000000000000e+03
3.676000000000000000e+03
3.635000000000000000e+03
3.670000000000000000e+03
3.765000000000000000e+03
3.777000000000000000e+03
3.781000000000000000e+03
3.651000000000000000e+03
3.689000000000000000e+03
3.759000000000000000e+03
3.790000000000000000e+03
3.779000000000000000e+03
3.894000000000000000e+03
3.827000000000000000e+03
3.886000000000000000e+03
3.941000000000000000e+03
3.958000000000000000e+03
3.845000000000000000e+03
3.894000000000000000e+03
3.925000000000000000e+03
4.011000000000000000e+03
4.061000000000000000e+03
4.031000000000000000e+03
4.053000000000000000e+03
3.994000000000000000e+03
4.038000000000000000e+03
4.038000000000000000e+03
4.074000000000000000e+03
4.123000000000000000e+03
4.100000000000000000e+03
4.124000000000000000e+03
4.093000000000000000e+03
4.148000000000000000e+03
4.158000000000000000e+03
4.165000000000000000e+03
4.149000000000000000e+03
4.198000000000000000e+03
4.280000000000000000e+03
4.269000000000000000e+03
4.259000000000000000e+03
4.290000000000000000e+03
4.288000000000000000e+03
4.325000000000000000e+03
4.375000000000000000e+03
4.446000000000000000e+03
4.337000000000000000e+03
4.293000000000000000e+03
4.354000000000000000e+03
4.495000000000000000e+03
4.492000000000000000e+03
4.359000000000000000e+03
4.346000000000000000e+03
4.461000000000000000e+03
4.399000000000000000e+03
4.445000000000000000e+03
4.410000000000000000e+03
4.465000000000000000e+03
4.486000000000000000e+03
4.503000000000000000e+03
4.515000000000000000e+03
4.440000000000000000e+03
4.522000000000000000e+03
4.488000000000000000e+03
4.474000000000000000e+03
4.518000000000000000e+03
4.521000000000000000e+03
4.553000000000000000e+03
4.520000000000000000e+03
4.525000000000000000e+03
4.580000000000000000e+03
4.634000000000000000e+03
4.611000000000000000e+03
4.577000000000000000e+03
4.606000000000000000e+03
4.668000000000000000e+03
4.605000000000000000e+03
4.523000000000000000e+03
4.590000000000000000e+03
4.609000000000000000e+03
4.597000000000000000e+03
4.631000000000000000e+03
4.643000000000000000e+03
4.640000000000000000e+03
4.607000000000000000e+03
4.599000000000000000e+03
4.687000000000000000e+03
4.738000000000000000e+03
4.628000000000000000e+03
4.786000000000000000e+03
4.759000000000000000e+03
4.742000000000000000e+03
4.744000000000000000e+03
4.752000000000000000e+03
4.752000000000000000e+03
4.671000000000000000e+03
4.689000000000000000e+03
4.672000000000000000e+03
4.753000000000000000e+03
4.716000000000000000e+03
4.731000000000000000e+03
4.707000000000000000e+03
4.796000000000000000e+03
4.726000000000000000e+03
4.665000000000000000e+03
4.758000000000000000e+03
4.762000000000000000e+03
4.725000000000000000e+03
4.817000000000000000e+03
4.698000000000000000e+03
4.757000000000000000e+03
4.717000000000000000e+03
4.847000000000000000e+03
4.802000000000000000e+03
4.756000000000000000e+03
4.743000000000000000e+03
4.779000000000000000e+03
4.803000000000000000e+03
4.820000000000000000e+03
4.804000000000000000e+03
4.731000000000000000e+03
4.758000000000000000e+03
4.839000000000000000e+03
4.857000000000000000e+03
4.757000000000000000e+03
4.771000000000000000e+03
4.733000000000000000e+03
4.738000000000000000e+03
4.706000000000000000e+03
4.827000000000000000e+03
4.811000000000000000e+03
4.791000000000000000e+03
4.789000000000000000e+03
4.749000000000000000e+03
4.818000000000000000e+03
4.743000000000000000e+03
4.819000000000000000e+03
4.862000000000000000e+03
4.766000000000000000e+03
4.852000000000000000e+03
4.770000000000000000e+03
4.778000000000000000e+03
4.792000000000000000e+03
4.869000000000000000e+03
4.805000000000000000e+03
4.852000000000000000e+03
4.812000000000000000e+03
4.849000000000000000e+03
4.806000000000000000e+03
4.902000000000000000e+03
4.901000000000000000e+03
4.904000000000000000e+03
4.887000000000000000e+03
4.928000000000000000e+03
4.912000000000000000e+03
4.899000000000000000e+03
4.952000000000000000e+03
5.066000000000000000e+03
4.841000000000000000e+03
4.965000000000000000e+03
4.854000000000000000e+03
4.989000000000000000e+03
4.924000000000000000e+03
4.947000000000000000e+03
4.994000000000000000e+03
5.009000000000000000e+03
4.922000000000000000e+03
4.997000000000000000e+03
5.011000000000000000e+03
4.992000000000000000e+03
5.022000000000000000e+03
4.960000000000000000e+03
5.006000000000000000e+03
4.967000000000000000e+03
4.953000000000000000e+03
5.052000000000000000e+03
5.092000000000000000e+03
5.089000000000000000e+03
5.063000000000000000e+03
5.027000000000000000e+03
4.997000000000000000e+03
4.980000000000000000e+03
5.046000000000000000e+03
5.039000000000000000e+03
5.014000000000000000e+03
5.083000000000000000e+03
5.061000000000000000e+03
5.081000000000000000e+03
5.019000000000000000e+03
5.044000000000000000e+03
5.071000000000000000e+03
5.090000000000000000e+03
5.098000000000000000e+03
5.035000000000000000e+03
5.037000000000000000e+03
5.047000000000000000e+03
5.072000000000000000e+03
5.028000000000000000e+03
5.071000000000000000e+03
5.130000000000000000e+03
5.055000000000000000e+03
5.092000000000000000e+03
5.096000000000000000e+03
5.031000000000000000e+03
5.128000000000000000e+03
5.062000000000000000e+03
5.088000000000000000e+03
5.049000000000000000e+03
5.146000000000000000e+03
5.125000000000000000e+03
5.137000000000000000e+03
5.080000000000000000e+03
5.111000000000000000e+03
5.181000000000000000e+03
5.199000000000000000e+03
5.219000000000000000e+03
5.220000000000000000e+03
5.122000000000000000e+03
5.203000000000000000e+03
5.154000000000000000e+03
5.190000000000000000e+03
5.152000000000000000e+03
5.217000000000000000e+03
5.150000000000000000e+03
5.161000000000000000e+03
5.269000000000000000e+03
5.145000000000000000e+03
5.170000000000000000e+03
5.149000000000000000e+03
5.210000000000000000e+03
5.167000000000000000e+03
5.174000000000000000e+03
5.192000000000000000e+03
5.206000000000000000e+03
5.136000000000000000e+03
5.194000000000000000e+03
5.229000000000000000e+03
5.152000000000000000e+03
5.224000000000000000e+03
5.133000000000000000e+03
5.088000000000000000e+03
5.207000000000000000e+03
5.164000000000000000e+03
5.152000000000000000e+03
5.186000000000000000e+03
5.185000000000000000e+03
5.163000000000000000e+03
5.128000000000000000e+03
5.128000000000000000e+03
5.165000000000000000e+03
5.166000000000000000e+03
5.202000000000000000e+03
5.252000000000000000e+03
5.072000000000000000e+03
5.227000000000000000e+03
5.180000000000000000e+03
5.233000000000000000e+03
5.096000000000000000e+03
5.161000000000000000e+03
5.114000000000000000e+03
5.129000000000000000e+03
5.035000000000000000e+03
5.173000000000000000e+03
5.070000000000000000e+03
5.117000000000000000e+03
5.138000000000000000e+03
5.098000000000000000e+03
5.110000000000000000e+03
5.025000000000000000e+03
5.115000000000000000e+03
5.096000000000000000e+03
5.065000000000000000e+03
5.108000000000000000e+03
5.103000000000000000e+03
5.075000000000000000e+03
5.097000000000000000e+03
5.066000000000000000e+03
4.980000000000000000e+03
5.010000000000000000e+03
5.018000000000000000e+03
4.891000000000000000e+03
5.032000000000000000e+03
4.969000000000000000e+03
5.001000000000000000e+03
4.997000000000000000e+03
4.943000000000000000e+03
4.969000000000000000e+03
4.939000000000000000e+03
4.926000000000000000e+03
4.947000000000000000e+03
4.934000000000000000e+03
4.879000000000000000e+03
4.982000000000000000e+03
4.924000000000000000e+03
4.879000000000000000e+03
4.901000000000000000e+03
4.890000000000000000e+03
4.848000000000000000e+03
4.961000000000000000e+03
4.854000000000000000e+03
4.866000000000000000e+03
4.868000000000000000e+03
4.765000000000000000e+03
4.879000000000000000e+03
4.817000000000000000e+03
4.869000000000000000e+03
4.780000000000000000e+03
4.835000000000000000e+03
4.815000000000000000e+03
4.838000000000000000e+03
4.803000000000000000e+03
4.773000000000000000e+03
4.826000000000000000e+03
4.770000000000000000e+03
4.705000000000000000e+03
4.783000000000000000e+03
4.770000000000000000e+03
4.712000000000000000e+03
4.776000000000000000e+03
4.770000000000000000e+03
4.718000000000000000e+03
4.681000000000000000e+03
4.741000000000000000e+03
4.816000000000000000e+03
4.632000000000000000e+03
4.664000000000000000e+03
4.643000000000000000e+03
4.618000000000000000e+03
4.652000000000000000e+03
4.657000000000000000e+03
4.608000000000000000e+03
4.523000000000000000e+03
4.553000000000000000e+03
4.652000000000000000e+03
4.650000000000000000e+03
4.597000000000000000e+03
4.554000000000000000e+03
4.535000000000000000e+03
4.596000000000000000e+03
4.548000000000000000e+03
4.555000000000000000e+03
4.529000000000000000e+03
4.523000000000000000e+03
4.600000000000000000e+03
4.524000000000000000e+03
4.450000000000000000e+03
4.442000000000000000e+03
4.442000000000000000e+03
4.469000000000000000e+03
4.453000000000000000e+03
4.453000000000000000e+03
4.433000000000000000e+03
4.472000000000000000e+03
4.462000000000000000e+03
4.459000000000000000e+03
4.391000000000000000e+03
4.438000000000000000e+03
4.449000000000000000e+03
4.480000000000000000e+03
4.399000000000000000e+03
4.487000000000000000e+03
4.341000000000000000e+03
4.427000000000000000e+03
4.380000000000000000e+03
4.382000000000000000e+03
4.311000000000000000e+03
4.318000000000000000e+03
4.438000000000000000e+03
4.316000000000000000e+03
4.393000000000000000e+03
4.519000000000000000e+03
4.393000000000000000e+03
4.328000000000000000e+03
4.421000000000000000e+03
4.375000000000000000e+03
4.342000000000000000e+03
4.363000000000000000e+03
4.272000000000000000e+03
4.327000000000000000e+03
4.299000000000000000e+03
4.284000000000000000e+03
4.322000000000000000e+03
4.261000000000000000e+03
4.275000000000000000e+03
4.294000000000000000e+03
4.265000000000000000e+03
4.333000000000000000e+03
4.318000000000000000e+03
4.330000000000000000e+03
4.248000000000000000e+03
4.266000000000000000e+03
4.315000000000000000e+03
4.285000000000000000e+03
4.273000000000000000e+03
4.185000000000000000e+03
4.261000000000000000e+03
4.271000000000000000e+03
4.258000000000000000e+03
4.175000000000000000e+03
4.203000000000000000e+03
4.183000000000000000e+03
4.115000000000000000e+03
4.164000000000000000e+03
4.211000000000000000e+03
4.115000000000000000e+03
4.215000000000000000e+03
4.078000000000000000e+03
4.137000000000000000e+03
4.139000000000000000e+03
4.143000000000000000e+03
4.131000000000000000e+03
4.097000000000000000e+03
4.158000000000000000e+03
4.122000000000000000e+03
4.106000000000000000e+03
4.111000000000000000e+03
4.102000000000000000e+03
4.100000000000000000e+03
4.013000000000000000e+03
4.028000000000000000e+03
4.034000000000000000e+03
4.057000000000000000e+03
3.997000000000000000e+03
4.062000000000000000e+03
4.009000000000000000e+03
4.061000000000000000e+03
4.026000000000000000e+03
4.006000000000000000e+03
3.981000000000000000e+03
4.006000000000000000e+03
3.982000000000000000e+03
3.956000000000000000e+03
3.940000000000000000e+03
3.942000000000000000e+03
3.932000000000000000e+03
3.908000000000000000e+03
3.964000000000000000e+03
3.877000000000000000e+03
3.913000000000000000e+03
3.949000000000000000e+03
3.945000000000000000e+03
3.872000000000000000e+03
3.802000000000000000e+03
3.923000000000000000e+03
3.843000000000000000e+03
3.831000000000000000e+03
3.817000000000000000e+03
3.901000000000000000e+03
3.838000000000000000e+03
3.851000000000000000e+03
3.831000000000000000e+03
3.839000000000000000e+03
3.798000000000000000e+03
3.817000000000000000e+03
3.850000000000000000e+03
3.823000000000000000e+03
3.786000000000000000e+03
3.817000000000000000e+03
3.726000000000000000e+03
3.837000000000000000e+03
3.838000000000000000e+03
3.701000000000000000e+03
3.731000000000000000e+03
3.728000000000000000e+03
3.679000000000000000e+03
3.761000000000000000e+03
3.639000000000000000e+03
3.634000000000000000e+03
3.645000000000000000e+03
3.639000000000000000e+03
3.602000000000000000e+03
3.547000000000000000e+03
3.565000000000000000e+03
3.555000000000000000e+03
3.475000000000000000e+03
3.517000000000000000e+03
3.511000000000000000e+03
3.562000000000000000e+03
3.527000000000000000e+03
3.514000000000000000e+03
3.486000000000000000e+03
3.510000000000000000e+03
3.500000000000000000e+03
3.443000000000000000e+03
3.488000000000000000e+03
3.437000000000000000e+03
3.413000000000000000e+03
3.376000000000000000e+03
3.398000000000000000e+03
3.393000000000000000e+03
3.402000000000000000e+03
3.346000000000000000e+03
3.320000000000000000e+03
3.380000000000000000e+03
3.298000000000000000e+03
3.313000000000000000e+03
3.332000000000000000e+03
3.344000000000000000e+03
3.333000000000000000e+03
3.308000000000000000e+03
3.270000000000000000e+03
3.285000000000000000e+03
3.181000000000000000e+03
3.234000000000000000e+03
3.184000000000000000e+03
3.252000000000000000e+03
3.187000000000000000e+03
3.191000000000000000e+03
3.136000000000000000e+03
3.112000000000000000e+03
3.129000000000000000e+03
3.238000000000000000e+03
3.155000000000000000e+03
3.112000000000000000e+03
3.044000000000000000e+03
3.110000000000000000e+03
3.045000000000000000e+03
2.987000000000000000e+03
3.029000000000000000e+03
3.080000000000000000e+03
3.029000000000000000e+03
3.082000000000000000e+03
2.959000000000000000e+03
2.919000000000000000e+03
2.977000000000000000e+03
2.958000000000000000e+03
2.945000000000000000e+03
2.947000000000000000e+03
3.035000000000000000e+03
2.922000000000000000e+03
2.936000000000000000e+03
2.903000000000000000e+03
2.878000000000000000e+03
2.895000000000000000e+03
2.924000000000000000e+03
2.928000000000000000e+03
2.842000000000000000e+03
2.872000000000000000e+03
2.907000000000000000e+03
2.861000000000000000e+03
2.829000000000000000e+03
2.885000000000000000e+03
2.821000000000000000e+03
2.811000000000000000e+03
2.862000000000000000e+03
2.855000000000000000e+03
2.826000000000000000e+03
2.746000000000000000e+03
2.787000000000000000e+03
2.752000000000000000e+03
2.775000000000000000e+03
2.837000000000000000e+03
2.744000000000000000e+03
2.735000000000000000e+03
