1.547000000000000000e+03
1.593000000000000000e+03
1.587000000000000000e+03
1.593000000000000000e+03
1.587000000000000000e+03
1.671000000000000000e+03
1.603000000000000000e+03
1.603000000000000000e+03
1.586000000000000000e+03
1.619000000000000000e+03
1.598000000000000000e+03
1.654000000000000000e+03
1.670000000000000000e+03
1.664000000000000000e+03
1.667000000000000000e+03
1.692000000000000000e+03
1.689000000000000000e+03
1.701000000000000000e+03
1.633000000000000000e+03
1.674000000000000000e+03
1.689000000000000000e+03
1.706000000000000000e+03
1.706000000000000000e+03
1.758000000000000000e+03
1.740000000000000000e+03
1.702000000000000000e+03
1.708000000000000000e+03
1.720000000000000000e+03
1.728000000000000000e+03
1.712000000000000000e+03
1.724000000000000000e+03
1.672000000000000000e+03
1.732000000000000000e+03
1.737000000000000000e+03
1.752000000000000000e+03
1.749000000000000000e+03
1.716000000000000000e+03
1.793000000000000000e+03
1.754000000000000000e+03
1.776000000000000000e+03
1.714000000000000000e+03
1.784000000000000000e+03
1.814000000000000000e+03
1.828000000000000000e+03
1.837000000000000000e+03
1.784000000000000000e+03
1.793000000000000000e+03
1.816000000000000000e+03
1.809000000000000000e+03
1.842000000000000000e+03
1.833000000000000000e+03
1.806000000000000000e+03
1.861000000000000000e+03
1.822000000000000000e+03
1.829000000000000000e+03
1.814000000000000000e+03
1.793000000000000000e+03
1.842000000000000000e+03
1.876000000000000000e+03
1.890000000000000000e+03
1.864000000000000000e+03
1.827000000000000000e+03
1.880000000000000000e+03
1.853000000000000000e+03
1.888000000000000000e+03
1.857000000000000000e+03
1.874000000000000000e+03
1.905000000000000000e+03
1.902000000000000000e+03
1.908000000000000000e+03
1.910000000000000000e+03
1.924000000000000000e+03
1.907000000000000000e+03
1.916000000000000000e+03
1.881000000000000000e+03
1.961000000000000000e+03
1.953000000000000000e+03
1.927000000000000000e+03
1.912000000000000000e+03
1.951000000000000000e+03
1.970000000000000000e+03
1.974000000000000000e+03
1.998000000000000000e+03
1.953000000000000000e+03
1.955000000000000000e+03
1.965000000000000000e+03
1.949000000000000000e+03
1.940000000000000000e+03
2.019000000000000000e+03
1.982000000000000000e+03
1.966000000000000000e+03
2.014000000000000000e+03
2.004000000000000000e+03
1.995000000000000000e+03
2.033000000000000000e+03
2.013000000000000000e+03
2.028000000000000000e+03
2.021000000000000000e+03
2.054000000000000000e+03
2.046000000000000000e+03
2.179000000000000000e+03
2.060000000000000000e+03
2.074000000000000000e+03
2.048000000000000000e+03
2.052000000000000000e+03
2.087000000000000000e+03
2.137000000000000000e+03
2.085000000000000000e+03
2.061000000000000000e+03
2.257000000000000000e+03
2.159000000000000000e+03
2.191000000000000000e+03
2.226000000000000000e+03
2.195000000000000000e+03
2.146000000000000000e+03
2.127000000000000000e+03
2.194000000000000000e+03
2.249000000000000000e+03
2.219000000000000000e+03
2.264000000000000000e+03
2.207000000000000000e+03
2.260000000000000000e+03
2.286000000000000000e+03
2.282000000000000000e+03
2.285000000000000000e+03
2.254000000000000000e+03
2.241000000000000000e+03
2.296000000000000000e+03
2.313000000000000000e+03
2.358000000000000000e+03
2.324000000000000000e+03
2.379000000000000000e+03
2.404000000000000000e+03
2.314000000000000000e+03
2.385000000000000000e+03
2.348000000000000000e+03
2.398000000000000000e+03
2.448000000000000000e+03
2.416000000000000000e+03
2.575000000000000000e+03
2.412000000000000000e+03
2.425000000000000000e+03
2.453000000000000000e+03
2.504000000000000000e+03
2.490000000000000000e+03
2.477000000000000000e+03
2.491000000000000000e+03
2.535000000000000000e+03
2.496000000000000000e+03
2.593000000000000000e+03
2.606000000000000000e+03
2.590000000000000000e+03
2.562000000000000000e+03
2.608000000000000000e+03
2.723000000000000000e+03
2.577000000000000000e+03
2.576000000000000000e+03
2.676000000000000000e+03
2.640000000000000000e+03
2.654000000000000000e+03
2.627000000000000000e+03
2.717000000000000000e+03
2.645000000000000000e+03
2.680000000000000000e+03
2.669000000000000000e+03
2.690000000000000000e+03
2.658000000000000000e+03
2.679000000000000000e+03
2.657000000000000000e+03
2.727000000000000000e+03
2.765000000000000000e+03
2.757000000000000000e+03
2.795000000000000000e+03
2.738000000000000000e+03
2.747000000000000000e+03
2.742000000000000000e+03
2.819000000000000000e+03
2.818000000000000000e+03
2.777000000000000000e+03
2.859000000000000000e+03
2.780000000000000000e+03
2.770000000000000000e+03
2.904000000000000000e+03
2.815000000000000000e+03
2.907000000000000000e+03
3.088000000000000000e+03
3.417000000000000000e+03
3.273000000000000000e+03
2.895000000000000000e+03
2.859000000000000000e+03
2.880000000000000000e+03
2.914000000000000000e+03
2.903000000000000000e+03
2.934000000000000000e+03
2.854000000000000000e+03
2.965000000000000000e+03
2.928000000000000000e+03
2.978000000000000000e+03
2.924000000000000000e+03
2.908000000000000000e+03
2.927000000000000000e+03
2.996000000000000000e+03
2.941000000000000000e+03
3.017000000000000000e+03
3.056000000000000000e+03
3.046000000000000000e+03
3.080000000000000000e+03
3.127000000000000000e+03
3.082000000000000000e+03
3.096000000000000000e+03
3.120000000000000000e+03
3.052000000000000000e+03
3.098000000000000000e+03
3.076000000000000000e+03
3.152000000000000000e+03
3.165000000000000000e+03
3.145000000000000000e+03
3.200000000000000000e+03
3.208000000000000000e+03
3.248000000000000000e+03
3.214000000000000000e+03
3.163000000000000000e+03
3.277000000000000000e+03
3.241000000000000000e+03
3.280000000000000000e+03
3.249000000000000000e+03
3.318000000000000000e+03
3.314000000000000000e+03
3.447000000000000000e+03
3.329000000000000000e+03
3.411000000000000000e+03
3.344000000000000000e+03
3.393000000000000000e+03
3.406000000000000000e+03
3.375000000000000000e+03
3.482000000000000000e+03
3.509000000000000000e+03
3.530000000000000000e+03
3.465000000000000000e+03
3.502000000000000000e+03
3.464000000000000000e+03
3.567000000000000000e+03
3.557000000000000000e+03
3.611000000000000000e+03
3.656000000000000000e+03
3.652000000000000000e+03
3.627000000000000000e+03
3.642000000000000000e+03
3.702000000000000000e+03
3.684000000000000000e+03
3.636000000000000000e+03
3.667000000000000000e+03
3.653000000000000000e+03
3.692000000000000000e+03
3.761000000000000000e+03
3.705000000000000000e+03
3.731000000000000000e+03
3.763000000000000000e+03
3.900000000000000000e+03
3.819000000000000000e+03
3.826000000000000000e+03
3.814000000000000000e+03
3.814000000000000000e+03
3.920000000000000000e+03
3.863000000000000000e+03
3.881000000000000000e+03
3.872000000000000000e+03
3.929000000000000000e+03
3.805000000000000000e+03
3.915000000000000000e+03
3.898000000000000000e+03
3.981000000000000000e+03
3.902000000000000000e+03
3.867000000000000000e+03
3.990000000000000000e+03
3.921000000000000000e+03
3.971000000000000000e+03
3.992000000000000000e+03
4.082000000000000000e+03
3.909000000000000000e+03
4.042000000000000000e+03
4.006000000000000000e+03
3.977000000000000000e+03
4.033000000000000000e+03
3.978000000000000000e+03
3.976000000000000000e+03
3.972000000000000000e+03
4.015000000000000000e+03
4.047000000000000000e+03
4.060000000000000000e+03
4.033000000000000000e+03
4.004000000000000000e+03
4.058000000000000000e+03
4.099000000000000000e+03
4.152000000000000000e+03
4.083000000000000000e+03
4.109000000000000000e+03
4.037000000000000000e+03
4.071000000000000000e+03
4.088000000000000000e+03
4.191000000000000000e+03
4.179000000000000000e+03
4.151000000000000000e+03
4.110000000000000000e+03
4.101000000000000000e+03
4.022000000000000000e+03
4.099000000000000000e+03
4.171000000000000000e+03
4.136000000000000000e+03
4.194000000000000000e+03
4.188000000000000000e+03
4.203000000000000000e+03
4.118000000000000000e+03
4.136000000000000000e+03
4.176000000000000000e+03
4.144000000000000000e+03
4.135000000000000000e+03
4.157000000000000000e+03
4.160000000000000000e+03
4.148000000000000000e+03
4.241000000000000000e+03
4.142000000000000000e+03
4.214000000000000000e+03
4.125000000000000000e+03
4.145000000000000000e+03
4.242000000000000000e+03
4.289000000000000000e+03
4.185000000000000000e+03
4.163000000000000000e+03
4.195000000000000000e+03
4.272000000000000000e+03
4.147000000000000000e+03
4.227000000000000000e+03
4.231000000000000000e+03
4.154000000000000000e+03
4.184000000000000000e+03
4.099000000000000000e+03
4.203000000000000000e+03
4.191000000000000000e+03
4.152000000000000000e+03
4.220000000000000000e+03
4.243000000000000000e+03
4.190000000000000000e+03
4.163000000000000000e+03
4.248000000000000000e+03
4.232000000000000000e+03
4.242000000000000000e+03
4.297000000000000000e+03
4.182000000000000000e+03
4.176000000000000000e+03
4.116000000000000000e+03
4.224000000000000000e+03
4.230000000000000000e+03
4.240000000000000000e+03
4.244000000000000000e+03
4.197000000000000000e+03
4.256000000000000000e+03
4.256000000000000000e+03
4.241000000000000000e+03
4.373000000000000000e+03
4.235000000000000000e+03
4.225000000000000000e+03
4.213000000000000000e+03
4.231000000000000000e+03
4.238000000000000000e+03
4.226000000000000000e+03
4.271000000000000000e+03
4.239000000000000000e+03
4.330000000000000000e+03
4.288000000000000000e+03
4.344000000000000000e+03
4.283000000000000000e+03
4.270000000000000000e+03
4.297000000000000000e+03
4.244000000000000000e+03
4.349000000000000000e+03
4.334000000000000000e+03
4.309000000000000000e+03
4.406000000000000000e+03
4.409000000000000000e+03
4.323000000000000000e+03
4.369000000000000000e+03
4.422000000000000000e+03
4.433000000000000000e+03
4.447000000000000000e+03
4.362000000000000000e+03
4.411000000000000000e+03
4.369000000000000000e+03
4.398000000000000000e+03
4.446000000000000000e+03
4.444000000000000000e+03
4.470000000000000000e+03
4.434000000000000000e+03
4.385000000000000000e+03
4.501000000000000000e+03
4.497000000000000000e+03
4.497000000000000000e+03
4.480000000000000000e+03
4.423000000000000000e+03
4.378000000000000000e+03
4.486000000000000000e+03
4.422000000000000000e+03
4.512000000000000000e+03
4.423000000000000000e+03
4.512000000000000000e+03
4.456000000000000000e+03
4.489000000000000000e+03
4.521000000000000000e+03
4.574000000000000000e+03
4.501000000000000000e+03
4.484000000000000000e+03
4.422000000000000000e+03
4.435000000000000000e+03
4.469000000000000000e+03
4.511000000000000000e+03
4.556000000000000000e+03
4.456000000000000000e+03
4.474000000000000000e+03
4.550000000000000000e+03
4.502000000000000000e+03
4.604000000000000000e+03
4.580000000000000000e+03
4.513000000000000000e+03
4.524000000000000000e+03
4.581000000000000000e+03
4.648000000000000000e+03
4.605000000000000000e+03
4.594000000000000000e+03
4.568000000000000000e+03
4.646000000000000000e+03
4.581000000000000000e+03
4.634000000000000000e+03
4.580000000000000000e+03
4.620000000000000000e+03
4.500000000000000000e+03
4.619000000000000000e+03
4.613000000000000000e+03
4.740000000000000000e+03
4.625000000000000000e+03
4.621000000000000000e+03
4.531000000000000000e+03
4.634000000000000000e+03
4.544000000000000000e+03
4.594000000000000000e+03
4.607000000000000000e+03
4.575000000000000000e+03
4.617000000000000000e+03
4.589000000000000000e+03
4.520000000000000000e+03
4.655000000000000000e+03
4.614000000000000000e+03
4.602000000000000000e+03
4.590000000000000000e+03
4.509000000000000000e+03
4.555000000000000000e+03
4.620000000000000000e+03
4.660000000000000000e+03
4.716000000000000000e+03
4.567000000000000000e+03
4.611000000000000000e+03
4.576000000000000000e+03
4.593000000000000000e+03
4.604000000000000000e+03
4.666000000000000000e+03
4.647000000000000000e+03
4.644000000000000000e+03
4.503000000000000000e+03
4.620000000000000000e+03
4.621000000000000000e+03
4.551000000000000000e+03
4.524000000000000000e+03
4.571000000000000000e+03
4.597000000000000000e+03
4.547000000000000000e+03
4.519000000000000000e+03
4.568000000000000000e+03
4.570000000000000000e+03
4.510000000000000000e+03
4.578000000000000000e+03
4.494000000000000000e+03
4.545000000000000000e+03
4.553000000000000000e+03
4.565000000000000000e+03
4.593000000000000000e+03
4.421000000000000000e+03
4.430000000000000000e+03
4.467000000000000000e+03
4.446000000000000000e+03
4.503000000000000000e+03
4.535000000000000000e+03
4.401000000000000000e+03
4.391000000000000000e+03
4.460000000000000000e+03
4.427000000000000000e+03
4.355000000000000000e+03
4.467000000000000000e+03
4.419000000000000000e+03
4.457000000000000000e+03
4.475000000000000000e+03
4.455000000000000000e+03
4.354000000000000000e+03
4.434000000000000000e+03
4.430000000000000000e+03
4.399000000000000000e+03
4.395000000000000000e+03
4.368000000000000000e+03
4.357000000000000000e+03
4.377000000000000000e+03
4.310000000000000000e+03
4.311000000000000000e+03
4.264000000000000000e+03
4.258000000000000000e+03
4.262000000000000000e+03
4.328000000000000000e+03
4.314000000000000000e+03
4.436000000000000000e+03
4.220000000000000000e+03
4.297000000000000000e+03
4.232000000000000000e+03
4.196000000000000000e+03
4.201000000000000000e+03
4.172000000000000000e+03
4.206000000000000000e+03
4.229000000000000000e+03
4.200000000000000000e+03
4.127000000000000000e+03
4.208000000000000000e+03
4.213000000000000000e+03
4.175000000000000000e+03
4.124000000000000000e+03
4.114000000000000000e+03
4.153000000000000000e+03
4.106000000000000000e+03
4.115000000000000000e+03
4.117000000000000000e+03
4.189000000000000000e+03
4.094000000000000000e+03
4.024000000000000000e+03
4.078000000000000000e+03
4.123000000000000000e+03
4.059000000000000000e+03
4.065000000000000000e+03
4.113000000000000000e+03
4.108000000000000000e+03
4.010000000000000000e+03
4.007000000000000000e+03
4.155000000000000000e+03
3.947000000000000000e+03
3.973000000000000000e+03
4.012000000000000000e+03
3.943000000000000000e+03
4.034000000000000000e+03
4.022000000000000000e+03
4.007000000000000000e+03
3.921000000000000000e+03
3.959000000000000000e+03
3.941000000000000000e+03
3.988000000000000000e+03
3.947000000000000000e+03
3.919000000000000000e+03
3.906000000000000000e+03
3.914000000000000000e+03
3.956000000000000000e+03
3.979000000000000000e+03
3.882000000000000000e+03
3.860000000000000000e+03
3.921000000000000000e+03
3.920000000000000000e+03
3.947000000000000000e+03
3.976000000000000000e+03
3.972000000000000000e+03
3.891000000000000000e+03
3.872000000000000000e+03
3.958000000000000000e+03
3.844000000000000000e+03
3.912000000000000000e+03
3.891000000000000000e+03
3.873000000000000000e+03
3.920000000000000000e+03
3.857000000000000000e+03
3.905000000000000000e+03
3.886000000000000000e+03
3.794000000000000000e+03
3.841000000000000000e+03
3.926000000000000000e+03
3.835000000000000000e+03
3.816000000000000000e+03
3.809000000000000000e+03
3.827000000000000000e+03
3.881000000000000000e+03
3.818000000000000000e+03
3.793000000000000000e+03
3.754000000000000000e+03
3.846000000000000000e+03
3.746000000000000000e+03
3.761000000000000000e+03
3.738000000000000000e+03
3.725000000000000000e+03
3.724000000000000000e+03
3.693000000000000000e+03
3.722000000000000000e+03
3.692000000000000000e+03
3.763000000000000000e+03
3.625000000000000000e+03
3.742000000000000000e+03
3.721000000000000000e+03
3.692000000000000000e+03
3.699000000000000000e+03
3.719000000000000000e+03
3.717000000000000000e+03
3.627000000000000000e+03
3.692000000000000000e+03
3.703000000000000000e+03
3.631000000000000000e+03
3.686000000000000000e+03
3.626000000000000000e+03
3.657000000000000000e+03
3.671000000000000000e+03
3.667000000000000000e+03
3.632000000000000000e+03
3.593000000000000000e+03
3.598000000000000000e+03
3.670000000000000000e+03
3.606000000000000000e+03
3.584000000000000000e+03
3.587000000000000000e+03
3.573000000000000000e+03
3.576000000000000000e+03
3.581000000000000000e+03
3.652000000000000000e+03
3.538000000000000000e+03
3.578000000000000000e+03
3.528000000000000000e+03
3.598000000000000000e+03
3.548000000000000000e+03
3.524000000000000000e+03
3.545000000000000000e+03
3.492000000000000000e+03
3.552000000000000000e+03
3.536000000000000000e+03
3.573000000000000000e+03
3.590000000000000000e+03
3.512000000000000000e+03
3.513000000000000000e+03
3.565000000000000000e+03
3.550000000000000000e+03
3.444000000000000000e+03
3.492000000000000000e+03
3.503000000000000000e+03
3.439000000000000000e+03
3.484000000000000000e+03
3.497000000000000000e+03
3.456000000000000000e+03
3.394000000000000000e+03
3.414000000000000000e+03
3.457000000000000000e+03
3.427000000000000000e+03
3.445000000000000000e+03
3.432000000000000000e+03
3.384000000000000000e+03
3.462000000000000000e+03
3.382000000000000000e+03
3.343000000000000000e+03
3.405000000000000000e+03
3.357000000000000000e+03
3.389000000000000000e+03
3.364000000000000000e+03
3.310000000000000000e+03
3.331000000000000000e+03
3.322000000000000000e+03
3.283000000000000000e+03
3.256000000000000000e+03
3.281000000000000000e+03
3.315000000000000000e+03
3.304000000000000000e+03
3.254000000000000000e+03
3.297000000000000000e+03
3.211000000000000000e+03
3.251000000000000000e+03
3.228000000000000000e+03
3.217000000000000000e+03
3.219000000000000000e+03
3.250000000000000000e+03
3.118000000000000000e+03
3.164000000000000000e+03
3.115000000000000000e+03
3.099000000000000000e+03
3.080000000000000000e+03
3.073000000000000000e+03
3.129000000000000000e+03
3.162000000000000000e+03
3.114000000000000000e+03
3.044000000000000000e+03
3.090000000000000000e+03
3.103000000000000000e+03
3.076000000000000000e+03
3.069000000000000000e+03
3.045000000000000000e+03
3.092000000000000000e+03
3.010000000000000000e+03
3.048000000000000000e+03
3.002000000000000000e+03
2.962000000000000000e+03
2.992000000000000000e+03
2.921000000000000000e+03
3.024000000000000000e+03
2.924000000000000000e+03
2.964000000000000000e+03
2.949000000000000000e+03
2.963000000000000000e+03
2.952000000000000000e+03
2.929000000000000000e+03
2.868000000000000000e+03
2.894000000000000000e+03
2.859000000000000000e+03
2.893000000000000000e+03
2.915000000000000000e+03
2.808000000000000000e+03
2.788000000000000000e+03
2.787000000000000000e+03
2.811000000000000000e+03
2.758000000000000000e+03
2.773000000000000000e+03
2.808000000000000000e+03
2.779000000000000000e+03
2.734000000000000000e+03
2.793000000000000000e+03
2.762000000000000000e+03
2.709000000000000000e+03
2.671000000000000000e+03
2.689000000000000000e+03
2.726000000000000000e+03
2.696000000000000000e+03
2.667000000000000000e+03
2.626000000000000000e+03
2.659000000000000000e+03
2.637000000000000000e+03
2.653000000000000000e+03
2.646000000000000000e+03
2.633000000000000000e+03
2.687000000000000000e+03
2.610000000000000000e+03
2.614000000000000000e+03
2.600000000000000000e+03
2.602000000000000000e+03
2.578000000000000000e+03
2.541000000000000000e+03
2.480000000000000000e+03
2.521000000000000000e+03
2.581000000000000000e+03
2.565000000000000000e+03
2.467000000000000000e+03
2.604000000000000000e+03
2.507000000000000000e+03
2.555000000000000000e+03
2.622000000000000000e+03
2.438000000000000000e+03
2.484000000000000000e+03
2.486000000000000000e+03
2.463000000000000000e+03
2.540000000000000000e+03
2.440000000000000000e+03
2.449000000000000000e+03
2.457000000000000000e+03
2.398000000000000000e+03
