1.602000000000000000e+03
1.604000000000000000e+03
1.622000000000000000e+03
1.655000000000000000e+03
1.614000000000000000e+03
1.652000000000000000e+03
1.652000000000000000e+03
1.673000000000000000e+03
1.678000000000000000e+03
1.692000000000000000e+03
1.689000000000000000e+03
1.721000000000000000e+03
1.727000000000000000e+03
1.713000000000000000e+03
1.717000000000000000e+03
1.707000000000000000e+03
1.690000000000000000e+03
1.691000000000000000e+03
1.711000000000000000e+03
1.711000000000000000e+03
1.731000000000000000e+03
1.732000000000000000e+03
1.719000000000000000e+03
1.759000000000000000e+03
1.790000000000000000e+03
1.758000000000000000e+03
1.732000000000000000e+03
1.783000000000000000e+03
1.730000000000000000e+03
1.773000000000000000e+03
1.820000000000000000e+03
1.785000000000000000e+03
1.843000000000000000e+03
1.789000000000000000e+03
1.842000000000000000e+03
1.829000000000000000e+03
1.811000000000000000e+03
1.822000000000000000e+03
1.787000000000000000e+03
1.869000000000000000e+03
1.850000000000000000e+03
1.862000000000000000e+03
1.925000000000000000e+03
1.890000000000000000e+03
1.854000000000000000e+03
1.825000000000000000e+03
1.893000000000000000e+03
1.850000000000000000e+03
1.857000000000000000e+03
1.888000000000000000e+03
1.951000000000000000e+03
1.926000000000000000e+03
1.916000000000000000e+03
1.922000000000000000e+03
1.908000000000000000e+03
1.931000000000000000e+03
1.956000000000000000e+03
1.980000000000000000e+03
1.957000000000000000e+03
1.917000000000000000e+03
1.874000000000000000e+03
1.905000000000000000e+03
1.928000000000000000e+03
1.954000000000000000e+03
1.919000000000000000e+03
1.969000000000000000e+03
1.971000000000000000e+03
1.945000000000000000e+03
1.968000000000000000e+03
1.974000000000000000e+03
2.011000000000000000e+03
1.990000000000000000e+03
2.003000000000000000e+03
1.957000000000000000e+03
2.045000000000000000e+03
2.011000000000000000e+03
2.076000000000000000e+03
2.002000000000000000e+03
2.038000000000000000e+03
2.023000000000000000e+03
2.030000000000000000e+03
2.057000000000000000e+03
2.064000000000000000e+03
2.040000000000000000e+03
2.027000000000000000e+03
2.033000000000000000e+03
2.030000000000000000e+03
2.048000000000000000e+03
2.036000000000000000e+03
2.170000000000000000e+03
2.046000000000000000e+03
2.016000000000000000e+03
2.080000000000000000e+03
2.097000000000000000e+03
2.105000000000000000e+03
2.176000000000000000e+03
2.124000000000000000e+03
2.137000000000000000e+03
2.214000000000000000e+03
2.166000000000000000e+03
2.141000000000000000e+03
2.189000000000000000e+03
2.127000000000000000e+03
2.212000000000000000e+03
2.213000000000000000e+03
2.162000000000000000e+03
2.198000000000000000e+03
2.218000000000000000e+03
2.245000000000000000e+03
2.178000000000000000e+03
2.260000000000000000e+03
2.232000000000000000e+03
2.201000000000000000e+03
2.227000000000000000e+03
2.265000000000000000e+03
2.268000000000000000e+03
2.292000000000000000e+03
2.318000000000000000e+03
2.266000000000000000e+03
2.298000000000000000e+03
2.281000000000000000e+03
2.305000000000000000e+03
2.324000000000000000e+03
2.368000000000000000e+03
2.352000000000000000e+03
2.414000000000000000e+03
2.410000000000000000e+03
2.380000000000000000e+03
2.441000000000000000e+03
2.424000000000000000e+03
2.473000000000000000e+03
2.488000000000000000e+03
2.453000000000000000e+03
2.483000000000000000e+03
2.485000000000000000e+03
2.498000000000000000e+03
2.556000000000000000e+03
2.515000000000000000e+03
2.574000000000000000e+03
2.554000000000000000e+03
2.580000000000000000e+03
2.577000000000000000e+03
2.623000000000000000e+03
2.641000000000000000e+03
2.548000000000000000e+03
2.533000000000000000e+03
2.623000000000000000e+03
2.639000000000000000e+03
2.626000000000000000e+03
2.680000000000000000e+03
2.670000000000000000e+03
2.711000000000000000e+03
2.667000000000000000e+03
2.684000000000000000e+03
2.720000000000000000e+03
2.705000000000000000e+03
2.707000000000000000e+03
2.726000000000000000e+03
2.741000000000000000e+03
2.729000000000000000e+03
2.695000000000000000e+03
2.790000000000000000e+03
2.933000000000000000e+03
2.814000000000000000e+03
2.811000000000000000e+03
2.802000000000000000e+03
2.832000000000000000e+03
2.875000000000000000e+03
2.792000000000000000e+03
2.863000000000000000e+03
2.869000000000000000e+03
2.908000000000000000e+03
2.875000000000000000e+03
2.844000000000000000e+03
2.951000000000000000e+03
2.942000000000000000e+03
2.932000000000000000e+03
2.935000000000000000e+03
2.925000000000000000e+03
2.923000000000000000e+03
2.949000000000000000e+03
2.945000000000000000e+03
2.934000000000000000e+03
2.895000000000000000e+03
3.083000000000000000e+03
3.550000000000000000e+03
3.270000000000000000e+03
3.021000000000000000e+03
2.971000000000000000e+03
2.938000000000000000e+03
3.044000000000000000e+03
2.992000000000000000e+03
3.046000000000000000e+03
3.035000000000000000e+03
3.068000000000000000e+03
3.116000000000000000e+03
3.108000000000000000e+03
3.076000000000000000e+03
3.327000000000000000e+03
3.072000000000000000e+03
3.053000000000000000e+03
3.176000000000000000e+03
3.116000000000000000e+03
3.143000000000000000e+03
3.172000000000000000e+03
3.162000000000000000e+03
3.121000000000000000e+03
3.193000000000000000e+03
3.254000000000000000e+03
3.245000000000000000e+03
3.200000000000000000e+03
3.191000000000000000e+03
3.267000000000000000e+03
3.296000000000000000e+03
3.206000000000000000e+03
3.308000000000000000e+03
3.255000000000000000e+03
3.283000000000000000e+03
3.388000000000000000e+03
3.396000000000000000e+03
3.432000000000000000e+03
3.391000000000000000e+03
3.407000000000000000e+03
3.412000000000000000e+03
3.508000000000000000e+03
3.425000000000000000e+03
3.483000000000000000e+03
3.443000000000000000e+03
3.469000000000000000e+03
3.476000000000000000e+03
3.570000000000000000e+03
3.539000000000000000e+03
3.510000000000000000e+03
3.595000000000000000e+03
3.617000000000000000e+03
3.593000000000000000e+03
3.687000000000000000e+03
3.601000000000000000e+03
3.678000000000000000e+03
3.674000000000000000e+03
3.702000000000000000e+03
3.894000000000000000e+03
3.718000000000000000e+03
3.769000000000000000e+03
3.785000000000000000e+03
3.845000000000000000e+03
3.813000000000000000e+03
3.765000000000000000e+03
3.766000000000000000e+03
3.802000000000000000e+03
3.835000000000000000e+03
3.814000000000000000e+03
3.886000000000000000e+03
3.893000000000000000e+03
3.913000000000000000e+03
3.931000000000000000e+03
3.913000000000000000e+03
4.012000000000000000e+03
3.995000000000000000e+03
3.919000000000000000e+03
3.974000000000000000e+03
4.059000000000000000e+03
4.085000000000000000e+03
4.015000000000000000e+03
4.062000000000000000e+03
4.060000000000000000e+03
4.058000000000000000e+03
4.015000000000000000e+03
3.994000000000000000e+03
3.996000000000000000e+03
4.025000000000000000e+03
4.088000000000000000e+03
4.146000000000000000e+03
4.132000000000000000e+03
4.061000000000000000e+03
4.130000000000000000e+03
4.145000000000000000e+03
4.128000000000000000e+03
4.108000000000000000e+03
4.115000000000000000e+03
4.100000000000000000e+03
4.130000000000000000e+03
4.180000000000000000e+03
4.216000000000000000e+03
4.182000000000000000e+03
4.089000000000000000e+03
4.168000000000000000e+03
4.228000000000000000e+03
4.217000000000000000e+03
4.169000000000000000e+03
4.263000000000000000e+03
4.264000000000000000e+03
4.277000000000000000e+03
4.306000000000000000e+03
4.247000000000000000e+03
4.239000000000000000e+03
4.289000000000000000e+03
4.290000000000000000e+03
4.172000000000000000e+03
4.231000000000000000e+03
4.335000000000000000e+03
4.322000000000000000e+03
4.300000000000000000e+03
4.364000000000000000e+03
4.370000000000000000e+03
4.279000000000000000e+03
4.241000000000000000e+03
4.345000000000000000e+03
4.372000000000000000e+03
4.244000000000000000e+03
4.327000000000000000e+03
4.323000000000000000e+03
4.299000000000000000e+03
4.269000000000000000e+03
4.293000000000000000e+03
4.291000000000000000e+03
4.326000000000000000e+03
4.363000000000000000e+03
4.302000000000000000e+03
4.322000000000000000e+03
4.419000000000000000e+03
4.376000000000000000e+03
4.339000000000000000e+03
4.384000000000000000e+03
4.320000000000000000e+03
4.391000000000000000e+03
4.393000000000000000e+03
4.359000000000000000e+03
4.392000000000000000e+03
4.392000000000000000e+03
4.283000000000000000e+03
4.358000000000000000e+03
4.362000000000000000e+03
4.392000000000000000e+03
4.317000000000000000e+03
4.394000000000000000e+03
4.436000000000000000e+03
4.281000000000000000e+03
4.360000000000000000e+03
4.378000000000000000e+03
4.317000000000000000e+03
4.313000000000000000e+03
4.438000000000000000e+03
4.372000000000000000e+03
4.376000000000000000e+03
4.410000000000000000e+03
4.419000000000000000e+03
4.420000000000000000e+03
4.457000000000000000e+03
4.428000000000000000e+03
4.396000000000000000e+03
4.451000000000000000e+03
4.428000000000000000e+03
4.403000000000000000e+03
4.436000000000000000e+03
4.384000000000000000e+03
4.454000000000000000e+03
4.381000000000000000e+03
4.367000000000000000e+03
4.512000000000000000e+03
4.508000000000000000e+03
4.556000000000000000e+03
4.466000000000000000e+03
4.399000000000000000e+03
4.377000000000000000e+03
4.404000000000000000e+03
4.485000000000000000e+03
4.444000000000000000e+03
4.511000000000000000e+03
4.486000000000000000e+03
4.497000000000000000e+03
4.423000000000000000e+03
4.497000000000000000e+03
4.579000000000000000e+03
4.416000000000000000e+03
4.614000000000000000e+03
4.515000000000000000e+03
4.575000000000000000e+03
4.610000000000000000e+03
4.524000000000000000e+03
4.512000000000000000e+03
4.515000000000000000e+03
4.578000000000000000e+03
4.580000000000000000e+03
4.600000000000000000e+03
4.537000000000000000e+03
4.603000000000000000e+03
4.613000000000000000e+03
4.613000000000000000e+03
4.557000000000000000e+03
4.582000000000000000e+03
4.619000000000000000e+03
4.678000000000000000e+03
4.522000000000000000e+03
4.606000000000000000e+03
4.648000000000000000e+03
4.638000000000000000e+03
4.688000000000000000e+03
4.668000000000000000e+03
4.633000000000000000e+03
4.621000000000000000e+03
4.660000000000000000e+03
4.669000000000000000e+03
4.708000000000000000e+03
4.659000000000000000e+03
4.694000000000000000e+03
4.688000000000000000e+03
4.598000000000000000e+03
4.689000000000000000e+03
4.711000000000000000e+03
4.696000000000000000e+03
4.593000000000000000e+03
4.725000000000000000e+03
4.658000000000000000e+03
4.691000000000000000e+03
4.648000000000000000e+03
4.662000000000000000e+03
4.702000000000000000e+03
4.673000000000000000e+03
4.759000000000000000e+03
4.753000000000000000e+03
4.708000000000000000e+03
4.808000000000000000e+03
4.766000000000000000e+03
4.734000000000000000e+03
4.834000000000000000e+03
4.745000000000000000e+03
4.780000000000000000e+03
4.773000000000000000e+03
4.681000000000000000e+03
4.757000000000000000e+03
4.806000000000000000e+03
4.700000000000000000e+03
4.783000000000000000e+03
4.730000000000000000e+03
4.751000000000000000e+03
4.865000000000000000e+03
4.780000000000000000e+03
4.782000000000000000e+03
4.729000000000000000e+03
4.795000000000000000e+03
4.739000000000000000e+03
4.756000000000000000e+03
4.825000000000000000e+03
4.691000000000000000e+03
4.822000000000000000e+03
4.762000000000000000e+03
4.804000000000000000e+03
4.767000000000000000e+03
4.759000000000000000e+03
4.857000000000000000e+03
4.849000000000000000e+03
4.804000000000000000e+03
4.751000000000000000e+03
4.747000000000000000e+03
4.766000000000000000e+03
4.798000000000000000e+03
4.828000000000000000e+03
4.790000000000000000e+03
4.783000000000000000e+03
4.824000000000000000e+03
4.832000000000000000e+03
4.828000000000000000e+03
4.753000000000000000e+03
4.786000000000000000e+03
4.760000000000000000e+03
4.761000000000000000e+03
4.821000000000000000e+03
4.790000000000000000e+03
4.693000000000000000e+03
4.616000000000000000e+03
4.715000000000000000e+03
4.730000000000000000e+03
4.768000000000000000e+03
4.771000000000000000e+03
4.712000000000000000e+03
4.742000000000000000e+03
4.764000000000000000e+03
4.888000000000000000e+03
4.610000000000000000e+03
4.693000000000000000e+03
4.693000000000000000e+03
4.653000000000000000e+03
4.712000000000000000e+03
4.705000000000000000e+03
4.610000000000000000e+03
4.687000000000000000e+03
4.614000000000000000e+03
4.616000000000000000e+03
4.710000000000000000e+03
4.649000000000000000e+03
4.670000000000000000e+03
4.700000000000000000e+03
4.640000000000000000e+03
4.608000000000000000e+03
4.555000000000000000e+03
4.592000000000000000e+03
4.529000000000000000e+03
4.656000000000000000e+03
4.656000000000000000e+03
4.574000000000000000e+03
4.677000000000000000e+03
4.567000000000000000e+03
4.557000000000000000e+03
4.612000000000000000e+03
4.529000000000000000e+03
4.507000000000000000e+03
4.538000000000000000e+03
4.506000000000000000e+03
4.525000000000000000e+03
4.575000000000000000e+03
4.470000000000000000e+03
4.384000000000000000e+03
4.492000000000000000e+03
4.487000000000000000e+03
4.514000000000000000e+03
4.481000000000000000e+03
4.412000000000000000e+03
4.509000000000000000e+03
4.434000000000000000e+03
4.384000000000000000e+03
4.438000000000000000e+03
4.352000000000000000e+03
4.459000000000000000e+03
4.397000000000000000e+03
4.389000000000000000e+03
4.329000000000000000e+03
4.341000000000000000e+03
4.251000000000000000e+03
4.294000000000000000e+03
4.295000000000000000e+03
4.299000000000000000e+03
4.307000000000000000e+03
4.294000000000000000e+03
4.381000000000000000e+03
4.255000000000000000e+03
4.367000000000000000e+03
4.310000000000000000e+03
4.312000000000000000e+03
4.295000000000000000e+03
4.179000000000000000e+03
4.222000000000000000e+03
4.132000000000000000e+03
4.237000000000000000e+03
4.195000000000000000e+03
4.167000000000000000e+03
4.232000000000000000e+03
4.224000000000000000e+03
4.091000000000000000e+03
4.118000000000000000e+03
4.126000000000000000e+03
4.153000000000000000e+03
4.144000000000000000e+03
4.174000000000000000e+03
4.052000000000000000e+03
4.184000000000000000e+03
4.118000000000000000e+03
4.104000000000000000e+03
4.021000000000000000e+03
4.036000000000000000e+03
4.136000000000000000e+03
4.001000000000000000e+03
4.065000000000000000e+03
4.119000000000000000e+03
4.081000000000000000e+03
4.117000000000000000e+03
4.070000000000000000e+03
4.086000000000000000e+03
4.035000000000000000e+03
4.078000000000000000e+03
4.050000000000000000e+03
4.060000000000000000e+03
4.013000000000000000e+03
3.998000000000000000e+03
3.961000000000000000e+03
4.028000000000000000e+03
3.976000000000000000e+03
4.014000000000000000e+03
4.113000000000000000e+03
3.999000000000000000e+03
4.137000000000000000e+03
3.952000000000000000e+03
4.048000000000000000e+03
4.031000000000000000e+03
3.995000000000000000e+03
3.995000000000000000e+03
3.893000000000000000e+03
3.937000000000000000e+03
3.959000000000000000e+03
3.951000000000000000e+03
3.903000000000000000e+03
3.982000000000000000e+03
3.862000000000000000e+03
3.887000000000000000e+03
3.911000000000000000e+03
3.859000000000000000e+03
3.968000000000000000e+03
3.917000000000000000e+03
3.866000000000000000e+03
3.898000000000000000e+03
3.922000000000000000e+03
3.885000000000000000e+03
3.903000000000000000e+03
3.900000000000000000e+03
3.885000000000000000e+03
3.841000000000000000e+03
3.863000000000000000e+03
3.882000000000000000e+03
3.865000000000000000e+03
3.783000000000000000e+03
3.866000000000000000e+03
3.827000000000000000e+03
3.833000000000000000e+03
3.834000000000000000e+03
3.815000000000000000e+03
3.737000000000000000e+03
3.827000000000000000e+03
3.742000000000000000e+03
3.765000000000000000e+03
3.759000000000000000e+03
3.774000000000000000e+03
3.778000000000000000e+03
3.809000000000000000e+03
3.759000000000000000e+03
3.763000000000000000e+03
3.744000000000000000e+03
3.745000000000000000e+03
3.739000000000000000e+03
3.755000000000000000e+03
3.771000000000000000e+03
3.713000000000000000e+03
3.695000000000000000e+03
3.670000000000000000e+03
3.711000000000000000e+03
3.695000000000000000e+03
3.631000000000000000e+03
3.683000000000000000e+03
3.641000000000000000e+03
3.766000000000000000e+03
3.647000000000000000e+03
3.603000000000000000e+03
3.658000000000000000e+03
3.658000000000000000e+03
3.629000000000000000e+03
3.674000000000000000e+03
3.635000000000000000e+03
3.648000000000000000e+03
3.600000000000000000e+03
3.603000000000000000e+03
3.640000000000000000e+03
3.575000000000000000e+03
3.609000000000000000e+03
3.520000000000000000e+03
3.575000000000000000e+03
3.521000000000000000e+03
3.522000000000000000e+03
3.503000000000000000e+03
3.508000000000000000e+03
3.402000000000000000e+03
3.551000000000000000e+03
3.524000000000000000e+03
3.506000000000000000e+03
3.481000000000000000e+03
3.457000000000000000e+03
3.502000000000000000e+03
3.489000000000000000e+03
3.472000000000000000e+03
3.511000000000000000e+03
3.463000000000000000e+03
3.421000000000000000e+03
3.419000000000000000e+03
3.464000000000000000e+03
3.414000000000000000e+03
3.415000000000000000e+03
3.459000000000000000e+03
3.346000000000000000e+03
3.377000000000000000e+03
3.384000000000000000e+03
3.338000000000000000e+03
3.343000000000000000e+03
3.317000000000000000e+03
3.306000000000000000e+03
3.272000000000000000e+03
3.408000000000000000e+03
3.262000000000000000e+03
3.251000000000000000e+03
3.289000000000000000e+03
3.252000000000000000e+03
3.301000000000000000e+03
3.196000000000000000e+03
3.234000000000000000e+03
3.262000000000000000e+03
3.228000000000000000e+03
3.174000000000000000e+03
3.156000000000000000e+03
3.160000000000000000e+03
3.141000000000000000e+03
3.165000000000000000e+03
3.172000000000000000e+03
3.133000000000000000e+03
3.116000000000000000e+03
3.166000000000000000e+03
3.158000000000000000e+03
3.089000000000000000e+03
3.090000000000000000e+03
3.068000000000000000e+03
3.024000000000000000e+03
3.037000000000000000e+03
3.083000000000000000e+03
3.041000000000000000e+03
3.061000000000000000e+03
2.989000000000000000e+03
3.002000000000000000e+03
3.039000000000000000e+03
2.958000000000000000e+03
2.951000000000000000e+03
2.950000000000000000e+03
2.937000000000000000e+03
2.934000000000000000e+03
2.881000000000000000e+03
2.914000000000000000e+03
2.868000000000000000e+03
2.871000000000000000e+03
2.845000000000000000e+03
2.854000000000000000e+03
2.856000000000000000e+03
2.796000000000000000e+03
2.895000000000000000e+03
2.766000000000000000e+03
2.757000000000000000e+03
2.860000000000000000e+03
2.797000000000000000e+03
2.747000000000000000e+03
2.748000000000000000e+03
2.663000000000000000e+03
2.817000000000000000e+03
2.750000000000000000e+03
2.738000000000000000e+03
2.725000000000000000e+03
2.727000000000000000e+03
2.670000000000000000e+03
2.684000000000000000e+03
2.661000000000000000e+03
2.675000000000000000e+03
2.710000000000000000e+03
2.664000000000000000e+03
2.644000000000000000e+03
2.646000000000000000e+03
2.658000000000000000e+03
2.657000000000000000e+03
2.685000000000000000e+03
2.617000000000000000e+03
2.693000000000000000e+03
2.596000000000000000e+03
2.595000000000000000e+03
2.630000000000000000e+03
2.574000000000000000e+03
2.587000000000000000e+03
2.537000000000000000e+03
2.578000000000000000e+03
2.581000000000000000e+03
2.548000000000000000e+03
2.587000000000000000e+03
2.515000000000000000e+03
2.476000000000000000e+03
