1.433000000000000000e+03
1.445000000000000000e+03
1.447000000000000000e+03
1.394000000000000000e+03
1.446000000000000000e+03
1.475000000000000000e+03
1.458000000000000000e+03
1.467000000000000000e+03
1.505000000000000000e+03
1.485000000000000000e+03
1.474000000000000000e+03
1.425000000000000000e+03
1.534000000000000000e+03
1.515000000000000000e+03
1.495000000000000000e+03
1.545000000000000000e+03
1.494000000000000000e+03
1.477000000000000000e+03
1.526000000000000000e+03
1.551000000000000000e+03
1.554000000000000000e+03
1.537000000000000000e+03
1.547000000000000000e+03
1.512000000000000000e+03
1.587000000000000000e+03
1.557000000000000000e+03
1.550000000000000000e+03
1.591000000000000000e+03
1.532000000000000000e+03
1.575000000000000000e+03
1.575000000000000000e+03
1.577000000000000000e+03
1.527000000000000000e+03
1.625000000000000000e+03
1.615000000000000000e+03
1.570000000000000000e+03
1.583000000000000000e+03
1.642000000000000000e+03
1.574000000000000000e+03
1.571000000000000000e+03
1.608000000000000000e+03
1.667000000000000000e+03
1.641000000000000000e+03
1.613000000000000000e+03
1.587000000000000000e+03
1.620000000000000000e+03
1.639000000000000000e+03
1.647000000000000000e+03
1.615000000000000000e+03
1.795000000000000000e+03
1.673000000000000000e+03
1.614000000000000000e+03
1.651000000000000000e+03
1.622000000000000000e+03
1.678000000000000000e+03
1.687000000000000000e+03
1.684000000000000000e+03
1.686000000000000000e+03
1.641000000000000000e+03
1.668000000000000000e+03
1.651000000000000000e+03
1.717000000000000000e+03
1.685000000000000000e+03
1.662000000000000000e+03
1.717000000000000000e+03
1.666000000000000000e+03
1.690000000000000000e+03
1.775000000000000000e+03
1.704000000000000000e+03
1.734000000000000000e+03
1.688000000000000000e+03
1.724000000000000000e+03
1.742000000000000000e+03
1.740000000000000000e+03
1.780000000000000000e+03
1.764000000000000000e+03
1.725000000000000000e+03
1.740000000000000000e+03
1.733000000000000000e+03
1.768000000000000000e+03
1.784000000000000000e+03
1.786000000000000000e+03
1.785000000000000000e+03
1.778000000000000000e+03
1.781000000000000000e+03
1.821000000000000000e+03
1.740000000000000000e+03
1.819000000000000000e+03
1.720000000000000000e+03
1.794000000000000000e+03
1.778000000000000000e+03
1.805000000000000000e+03
1.770000000000000000e+03
1.817000000000000000e+03
1.840000000000000000e+03
1.825000000000000000e+03
1.818000000000000000e+03
1.833000000000000000e+03
1.866000000000000000e+03
1.837000000000000000e+03
1.822000000000000000e+03
1.840000000000000000e+03
1.826000000000000000e+03
1.856000000000000000e+03
1.843000000000000000e+03
1.849000000000000000e+03
1.889000000000000000e+03
1.885000000000000000e+03
1.904000000000000000e+03
1.879000000000000000e+03
1.871000000000000000e+03
1.895000000000000000e+03
1.939000000000000000e+03
1.972000000000000000e+03
1.930000000000000000e+03
1.926000000000000000e+03
1.974000000000000000e+03
1.951000000000000000e+03
2.012000000000000000e+03
1.949000000000000000e+03
1.953000000000000000e+03
1.989000000000000000e+03
2.015000000000000000e+03
2.012000000000000000e+03
2.083000000000000000e+03
1.954000000000000000e+03
2.019000000000000000e+03
2.014000000000000000e+03
2.033000000000000000e+03
2.003000000000000000e+03
2.048000000000000000e+03
2.095000000000000000e+03
2.053000000000000000e+03
2.071000000000000000e+03
2.047000000000000000e+03
2.125000000000000000e+03
2.183000000000000000e+03
2.127000000000000000e+03
2.090000000000000000e+03
2.202000000000000000e+03
2.086000000000000000e+03
2.163000000000000000e+03
2.170000000000000000e+03
2.217000000000000000e+03
2.225000000000000000e+03
2.216000000000000000e+03
2.471000000000000000e+03
2.269000000000000000e+03
2.235000000000000000e+03
2.215000000000000000e+03
2.200000000000000000e+03
2.255000000000000000e+03
2.294000000000000000e+03
2.254000000000000000e+03
2.339000000000000000e+03
2.293000000000000000e+03
2.322000000000000000e+03
2.357000000000000000e+03
2.333000000000000000e+03
2.354000000000000000e+03
2.375000000000000000e+03
2.353000000000000000e+03
2.394000000000000000e+03
2.378000000000000000e+03
2.408000000000000000e+03
2.475000000000000000e+03
2.398000000000000000e+03
2.393000000000000000e+03
2.497000000000000000e+03
2.440000000000000000e+03
2.478000000000000000e+03
2.473000000000000000e+03
2.478000000000000000e+03
2.458000000000000000e+03
2.441000000000000000e+03
2.477000000000000000e+03
2.514000000000000000e+03
2.572000000000000000e+03
2.484000000000000000e+03
2.506000000000000000e+03
2.462000000000000000e+03
2.505000000000000000e+03
2.496000000000000000e+03
2.600000000000000000e+03
2.572000000000000000e+03
2.528000000000000000e+03
2.630000000000000000e+03
2.789000000000000000e+03
2.973000000000000000e+03
2.769000000000000000e+03
2.601000000000000000e+03
2.496000000000000000e+03
2.575000000000000000e+03
2.643000000000000000e+03
2.663000000000000000e+03
2.614000000000000000e+03
2.633000000000000000e+03
2.590000000000000000e+03
2.631000000000000000e+03
2.651000000000000000e+03
2.608000000000000000e+03
2.662000000000000000e+03
2.664000000000000000e+03
2.651000000000000000e+03
2.695000000000000000e+03
2.697000000000000000e+03
2.681000000000000000e+03
2.736000000000000000e+03
2.718000000000000000e+03
2.762000000000000000e+03
2.719000000000000000e+03
2.771000000000000000e+03
2.696000000000000000e+03
2.777000000000000000e+03
2.809000000000000000e+03
2.786000000000000000e+03
2.766000000000000000e+03
2.841000000000000000e+03
2.842000000000000000e+03
2.818000000000000000e+03
2.816000000000000000e+03
2.820000000000000000e+03
2.915000000000000000e+03
2.952000000000000000e+03
2.940000000000000000e+03
2.916000000000000000e+03
2.949000000000000000e+03
2.935000000000000000e+03
2.956000000000000000e+03
2.973000000000000000e+03
2.945000000000000000e+03
3.018000000000000000e+03
2.998000000000000000e+03
3.084000000000000000e+03
3.055000000000000000e+03
3.062000000000000000e+03
3.100000000000000000e+03
3.128000000000000000e+03
3.064000000000000000e+03
3.062000000000000000e+03
3.109000000000000000e+03
3.133000000000000000e+03
3.192000000000000000e+03
3.172000000000000000e+03
3.116000000000000000e+03
3.203000000000000000e+03
3.183000000000000000e+03
3.216000000000000000e+03
3.260000000000000000e+03
3.236000000000000000e+03
3.215000000000000000e+03
3.238000000000000000e+03
3.240000000000000000e+03
3.332000000000000000e+03
3.316000000000000000e+03
3.290000000000000000e+03
3.313000000000000000e+03
3.281000000000000000e+03
3.309000000000000000e+03
3.469000000000000000e+03
3.484000000000000000e+03
3.414000000000000000e+03
3.394000000000000000e+03
3.411000000000000000e+03
3.435000000000000000e+03
3.612000000000000000e+03
3.553000000000000000e+03
3.500000000000000000e+03
3.459000000000000000e+03
3.522000000000000000e+03
3.476000000000000000e+03
3.527000000000000000e+03
3.505000000000000000e+03
3.547000000000000000e+03
3.552000000000000000e+03
3.589000000000000000e+03
3.542000000000000000e+03
3.471000000000000000e+03
3.558000000000000000e+03
3.569000000000000000e+03
3.586000000000000000e+03
3.632000000000000000e+03
3.539000000000000000e+03
3.628000000000000000e+03
3.558000000000000000e+03
3.604000000000000000e+03
3.613000000000000000e+03
3.599000000000000000e+03
3.652000000000000000e+03
3.613000000000000000e+03
3.608000000000000000e+03
3.570000000000000000e+03
3.598000000000000000e+03
3.564000000000000000e+03
3.595000000000000000e+03
3.729000000000000000e+03
3.676000000000000000e+03
3.653000000000000000e+03
3.621000000000000000e+03
3.651000000000000000e+03
3.615000000000000000e+03
3.760000000000000000e+03
3.707000000000000000e+03
3.730000000000000000e+03
3.678000000000000000e+03
3.690000000000000000e+03
3.685000000000000000e+03
3.666000000000000000e+03
3.845000000000000000e+03
3.736000000000000000e+03
3.717000000000000000e+03
3.763000000000000000e+03
3.740000000000000000e+03
3.742000000000000000e+03
3.741000000000000000e+03
3.683000000000000000e+03
3.767000000000000000e+03
3.812000000000000000e+03
3.796000000000000000e+03
3.727000000000000000e+03
3.726000000000000000e+03
3.807000000000000000e+03
3.725000000000000000e+03
3.796000000000000000e+03
3.783000000000000000e+03
3.785000000000000000e+03
3.747000000000000000e+03
3.819000000000000000e+03
3.696000000000000000e+03
3.754000000000000000e+03
3.686000000000000000e+03
3.734000000000000000e+03
3.867000000000000000e+03
3.788000000000000000e+03
3.729000000000000000e+03
3.733000000000000000e+03
3.792000000000000000e+03
3.762000000000000000e+03
3.808000000000000000e+03
3.702000000000000000e+03
3.726000000000000000e+03
3.744000000000000000e+03
3.801000000000000000e+03
3.777000000000000000e+03
3.696000000000000000e+03
3.932000000000000000e+03
3.741000000000000000e+03
3.726000000000000000e+03
3.723000000000000000e+03
3.789000000000000000e+03
3.676000000000000000e+03
3.755000000000000000e+03
3.809000000000000000e+03
3.807000000000000000e+03
3.742000000000000000e+03
3.796000000000000000e+03
3.782000000000000000e+03
3.778000000000000000e+03
3.755000000000000000e+03
3.808000000000000000e+03
3.832000000000000000e+03
3.784000000000000000e+03
3.729000000000000000e+03
3.759000000000000000e+03
3.757000000000000000e+03
3.808000000000000000e+03
3.764000000000000000e+03
3.763000000000000000e+03
3.790000000000000000e+03
3.859000000000000000e+03
3.736000000000000000e+03
3.752000000000000000e+03
3.878000000000000000e+03
3.720000000000000000e+03
3.838000000000000000e+03
3.773000000000000000e+03
3.848000000000000000e+03
3.904000000000000000e+03
3.849000000000000000e+03
3.893000000000000000e+03
3.859000000000000000e+03
3.896000000000000000e+03
3.880000000000000000e+03
3.995000000000000000e+03
3.899000000000000000e+03
3.983000000000000000e+03
3.900000000000000000e+03
3.893000000000000000e+03
3.923000000000000000e+03
3.986000000000000000e+03
3.906000000000000000e+03
3.904000000000000000e+03
3.902000000000000000e+03
3.879000000000000000e+03
3.940000000000000000e+03
3.857000000000000000e+03
3.948000000000000000e+03
3.993000000000000000e+03
4.042000000000000000e+03
3.881000000000000000e+03
3.959000000000000000e+03
3.945000000000000000e+03
4.014000000000000000e+03
3.973000000000000000e+03
3.923000000000000000e+03
3.998000000000000000e+03
3.934000000000000000e+03
3.972000000000000000e+03
3.938000000000000000e+03
3.998000000000000000e+03
3.984000000000000000e+03
3.949000000000000000e+03
4.012000000000000000e+03
3.944000000000000000e+03
3.976000000000000000e+03
3.949000000000000000e+03
3.991000000000000000e+03
4.005000000000000000e+03
4.029000000000000000e+03
3.976000000000000000e+03
4.007000000000000000e+03
4.042000000000000000e+03
4.026000000000000000e+03
3.994000000000000000e+03
3.964000000000000000e+03
4.022000000000000000e+03
4.120000000000000000e+03
4.057000000000000000e+03
4.016000000000000000e+03
4.036000000000000000e+03
4.136000000000000000e+03
4.089000000000000000e+03
4.095000000000000000e+03
4.081000000000000000e+03
4.076000000000000000e+03
4.028000000000000000e+03
4.019000000000000000e+03
4.019000000000000000e+03
4.107000000000000000e+03
4.136000000000000000e+03
4.021000000000000000e+03
4.055000000000000000e+03
4.070000000000000000e+03
4.111000000000000000e+03
4.112000000000000000e+03
3.990000000000000000e+03
4.114000000000000000e+03
4.133000000000000000e+03
4.091000000000000000e+03
4.057000000000000000e+03
4.220000000000000000e+03
4.096000000000000000e+03
4.055000000000000000e+03
4.087000000000000000e+03
4.087000000000000000e+03
4.024000000000000000e+03
4.089000000000000000e+03
4.111000000000000000e+03
4.130000000000000000e+03
4.034000000000000000e+03
4.060000000000000000e+03
4.034000000000000000e+03
4.082000000000000000e+03
4.120000000000000000e+03
3.977000000000000000e+03
4.028000000000000000e+03
4.092000000000000000e+03
4.024000000000000000e+03
4.080000000000000000e+03
4.079000000000000000e+03
4.033000000000000000e+03
4.021000000000000000e+03
4.065000000000000000e+03
4.009000000000000000e+03
4.039000000000000000e+03
4.054000000000000000e+03
3.966000000000000000e+03
4.015000000000000000e+03
4.050000000000000000e+03
4.042000000000000000e+03
4.032000000000000000e+03
4.004000000000000000e+03
4.078000000000000000e+03
4.001000000000000000e+03
4.033000000000000000e+03
3.965000000000000000e+03
3.948000000000000000e+03
3.964000000000000000e+03
3.902000000000000000e+03
3.934000000000000000e+03
3.907000000000000000e+03
3.953000000000000000e+03
3.961000000000000000e+03
4.052000000000000000e+03
3.853000000000000000e+03
3.919000000000000000e+03
4.002000000000000000e+03
3.919000000000000000e+03
3.933000000000000000e+03
3.922000000000000000e+03
3.970000000000000000e+03
3.864000000000000000e+03
3.834000000000000000e+03
3.935000000000000000e+03
3.881000000000000000e+03
3.869000000000000000e+03
3.880000000000000000e+03
3.896000000000000000e+03
3.911000000000000000e+03
3.886000000000000000e+03
3.882000000000000000e+03
3.784000000000000000e+03
3.833000000000000000e+03
3.855000000000000000e+03
3.833000000000000000e+03
3.845000000000000000e+03
3.793000000000000000e+03
3.903000000000000000e+03
3.742000000000000000e+03
3.791000000000000000e+03
3.743000000000000000e+03
3.759000000000000000e+03
3.715000000000000000e+03
3.749000000000000000e+03
3.702000000000000000e+03
3.798000000000000000e+03
3.718000000000000000e+03
3.683000000000000000e+03
3.634000000000000000e+03
3.688000000000000000e+03
3.705000000000000000e+03
3.597000000000000000e+03
3.755000000000000000e+03
3.649000000000000000e+03
3.700000000000000000e+03
3.710000000000000000e+03
3.742000000000000000e+03
3.622000000000000000e+03
3.582000000000000000e+03
3.624000000000000000e+03
3.640000000000000000e+03
3.612000000000000000e+03
3.632000000000000000e+03
3.621000000000000000e+03
3.688000000000000000e+03
3.584000000000000000e+03
3.621000000000000000e+03
3.600000000000000000e+03
3.590000000000000000e+03
3.564000000000000000e+03
3.561000000000000000e+03
3.519000000000000000e+03
3.572000000000000000e+03
3.580000000000000000e+03
3.540000000000000000e+03
3.542000000000000000e+03
3.542000000000000000e+03
3.468000000000000000e+03
3.496000000000000000e+03
3.541000000000000000e+03
3.445000000000000000e+03
3.437000000000000000e+03
3.476000000000000000e+03
3.452000000000000000e+03
3.438000000000000000e+03
3.511000000000000000e+03
3.479000000000000000e+03
3.481000000000000000e+03
3.429000000000000000e+03
3.444000000000000000e+03
3.450000000000000000e+03
3.507000000000000000e+03
3.451000000000000000e+03
3.479000000000000000e+03
3.448000000000000000e+03
3.481000000000000000e+03
3.439000000000000000e+03
3.527000000000000000e+03
3.406000000000000000e+03
3.432000000000000000e+03
3.482000000000000000e+03
3.423000000000000000e+03
3.403000000000000000e+03
3.397000000000000000e+03
3.497000000000000000e+03
3.429000000000000000e+03
3.367000000000000000e+03
3.362000000000000000e+03
3.382000000000000000e+03
3.374000000000000000e+03
3.350000000000000000e+03
3.406000000000000000e+03
3.424000000000000000e+03
3.360000000000000000e+03
3.313000000000000000e+03
3.349000000000000000e+03
3.280000000000000000e+03
3.317000000000000000e+03
3.349000000000000000e+03
3.323000000000000000e+03
3.319000000000000000e+03
3.377000000000000000e+03
3.323000000000000000e+03
3.322000000000000000e+03
3.394000000000000000e+03
3.246000000000000000e+03
3.326000000000000000e+03
3.286000000000000000e+03
3.328000000000000000e+03
3.304000000000000000e+03
3.236000000000000000e+03
3.280000000000000000e+03
3.257000000000000000e+03
3.265000000000000000e+03
3.253000000000000000e+03
3.288000000000000000e+03
3.256000000000000000e+03
3.270000000000000000e+03
3.263000000000000000e+03
3.290000000000000000e+03
3.236000000000000000e+03
3.252000000000000000e+03
3.196000000000000000e+03
3.250000000000000000e+03
3.152000000000000000e+03
3.204000000000000000e+03
3.232000000000000000e+03
3.236000000000000000e+03
3.169000000000000000e+03
3.161000000000000000e+03
3.097000000000000000e+03
3.148000000000000000e+03
3.176000000000000000e+03
3.174000000000000000e+03
3.155000000000000000e+03
3.231000000000000000e+03
3.157000000000000000e+03
3.149000000000000000e+03
3.209000000000000000e+03
3.143000000000000000e+03
3.194000000000000000e+03
3.042000000000000000e+03
3.278000000000000000e+03
3.114000000000000000e+03
3.159000000000000000e+03
3.181000000000000000e+03
3.145000000000000000e+03
3.108000000000000000e+03
3.036000000000000000e+03
3.122000000000000000e+03
3.055000000000000000e+03
3.055000000000000000e+03
3.021000000000000000e+03
3.053000000000000000e+03
3.077000000000000000e+03
3.079000000000000000e+03
3.082000000000000000e+03
3.074000000000000000e+03
3.034000000000000000e+03
2.978000000000000000e+03
3.006000000000000000e+03
3.024000000000000000e+03
2.968000000000000000e+03
3.012000000000000000e+03
2.956000000000000000e+03
2.977000000000000000e+03
3.021000000000000000e+03
2.985000000000000000e+03
2.960000000000000000e+03
2.933000000000000000e+03
2.891000000000000000e+03
2.878000000000000000e+03
2.966000000000000000e+03
3.036000000000000000e+03
2.923000000000000000e+03
2.926000000000000000e+03
2.920000000000000000e+03
2.893000000000000000e+03
2.896000000000000000e+03
2.914000000000000000e+03
2.877000000000000000e+03
2.901000000000000000e+03
2.847000000000000000e+03
2.880000000000000000e+03
2.896000000000000000e+03
2.902000000000000000e+03
2.823000000000000000e+03
2.855000000000000000e+03
2.793000000000000000e+03
2.840000000000000000e+03
2.829000000000000000e+03
2.891000000000000000e+03
2.726000000000000000e+03
2.810000000000000000e+03
2.849000000000000000e+03
2.746000000000000000e+03
2.707000000000000000e+03
2.880000000000000000e+03
2.681000000000000000e+03
2.683000000000000000e+03
2.689000000000000000e+03
2.690000000000000000e+03
2.669000000000000000e+03
2.654000000000000000e+03
2.663000000000000000e+03
2.663000000000000000e+03
2.620000000000000000e+03
2.647000000000000000e+03
2.588000000000000000e+03
2.639000000000000000e+03
2.642000000000000000e+03
2.544000000000000000e+03
2.627000000000000000e+03
2.628000000000000000e+03
2.579000000000000000e+03
2.593000000000000000e+03
2.580000000000000000e+03
2.554000000000000000e+03
2.568000000000000000e+03
2.542000000000000000e+03
2.507000000000000000e+03
2.476000000000000000e+03
2.465000000000000000e+03
2.549000000000000000e+03
2.420000000000000000e+03
2.403000000000000000e+03
2.484000000000000000e+03
2.466000000000000000e+03
2.474000000000000000e+03
2.464000000000000000e+03
2.430000000000000000e+03
2.437000000000000000e+03
2.424000000000000000e+03
2.397000000000000000e+03
2.393000000000000000e+03
2.389000000000000000e+03
2.422000000000000000e+03
2.393000000000000000e+03
2.350000000000000000e+03
2.358000000000000000e+03
2.379000000000000000e+03
2.269000000000000000e+03
2.303000000000000000e+03
2.308000000000000000e+03
2.344000000000000000e+03
2.327000000000000000e+03
2.331000000000000000e+03
2.286000000000000000e+03
2.305000000000000000e+03
2.252000000000000000e+03
2.270000000000000000e+03
2.234000000000000000e+03
2.265000000000000000e+03
2.239000000000000000e+03
2.269000000000000000e+03
2.340000000000000000e+03
2.261000000000000000e+03
2.234000000000000000e+03
2.226000000000000000e+03
2.247000000000000000e+03
2.232000000000000000e+03
2.243000000000000000e+03
2.229000000000000000e+03
2.265000000000000000e+03
2.138000000000000000e+03
