1.674000000000000000e+03
1.659000000000000000e+03
1.679000000000000000e+03
1.698000000000000000e+03
1.738000000000000000e+03
1.684000000000000000e+03
1.698000000000000000e+03
1.731000000000000000e+03
1.744000000000000000e+03
1.745000000000000000e+03
1.725000000000000000e+03
1.753000000000000000e+03
1.711000000000000000e+03
1.748000000000000000e+03
1.798000000000000000e+03
1.758000000000000000e+03
1.786000000000000000e+03
1.751000000000000000e+03
1.845000000000000000e+03
1.833000000000000000e+03
1.809000000000000000e+03
1.773000000000000000e+03
1.927000000000000000e+03
1.819000000000000000e+03
1.839000000000000000e+03
1.854000000000000000e+03
1.807000000000000000e+03
1.899000000000000000e+03
1.867000000000000000e+03
1.866000000000000000e+03
1.848000000000000000e+03
1.854000000000000000e+03
1.854000000000000000e+03
1.867000000000000000e+03
1.904000000000000000e+03
1.904000000000000000e+03
1.901000000000000000e+03
1.908000000000000000e+03
1.883000000000000000e+03
1.924000000000000000e+03
1.985000000000000000e+03
1.914000000000000000e+03
1.900000000000000000e+03
1.943000000000000000e+03
1.924000000000000000e+03
1.930000000000000000e+03
1.953000000000000000e+03
1.932000000000000000e+03
1.894000000000000000e+03
2.001000000000000000e+03
1.929000000000000000e+03
1.922000000000000000e+03
1.957000000000000000e+03
1.933000000000000000e+03
2.027000000000000000e+03
1.974000000000000000e+03
1.992000000000000000e+03
1.966000000000000000e+03
2.026000000000000000e+03
2.027000000000000000e+03
2.025000000000000000e+03
2.040000000000000000e+03
1.984000000000000000e+03
1.989000000000000000e+03
2.027000000000000000e+03
2.030000000000000000e+03
2.152000000000000000e+03
2.024000000000000000e+03
1.994000000000000000e+03
2.063000000000000000e+03
2.045000000000000000e+03
2.068000000000000000e+03
2.040000000000000000e+03
2.032000000000000000e+03
2.058000000000000000e+03
2.114000000000000000e+03
2.069000000000000000e+03
2.072000000000000000e+03
2.076000000000000000e+03
2.057000000000000000e+03
2.145000000000000000e+03
2.147000000000000000e+03
2.172000000000000000e+03
2.128000000000000000e+03
2.087000000000000000e+03
2.146000000000000000e+03
2.119000000000000000e+03
2.100000000000000000e+03
2.124000000000000000e+03
2.167000000000000000e+03
2.145000000000000000e+03
2.147000000000000000e+03
2.136000000000000000e+03
2.172000000000000000e+03
2.191000000000000000e+03
2.254000000000000000e+03
2.235000000000000000e+03
2.168000000000000000e+03
2.217000000000000000e+03
2.202000000000000000e+03
2.297000000000000000e+03
2.211000000000000000e+03
2.253000000000000000e+03
2.254000000000000000e+03
2.369000000000000000e+03
2.259000000000000000e+03
2.378000000000000000e+03
2.290000000000000000e+03
2.296000000000000000e+03
2.302000000000000000e+03
2.311000000000000000e+03
2.360000000000000000e+03
2.349000000000000000e+03
2.320000000000000000e+03
2.340000000000000000e+03
2.367000000000000000e+03
2.360000000000000000e+03
2.371000000000000000e+03
2.476000000000000000e+03
2.424000000000000000e+03
2.418000000000000000e+03
2.436000000000000000e+03
2.415000000000000000e+03
2.432000000000000000e+03
2.437000000000000000e+03
2.485000000000000000e+03
2.484000000000000000e+03
2.507000000000000000e+03
2.516000000000000000e+03
2.518000000000000000e+03
2.519000000000000000e+03
2.589000000000000000e+03
2.555000000000000000e+03
2.564000000000000000e+03
2.564000000000000000e+03
2.599000000000000000e+03
2.575000000000000000e+03
2.606000000000000000e+03
2.688000000000000000e+03
2.668000000000000000e+03
2.630000000000000000e+03
2.619000000000000000e+03
2.680000000000000000e+03
2.733000000000000000e+03
2.644000000000000000e+03
2.753000000000000000e+03
2.726000000000000000e+03
2.768000000000000000e+03
2.710000000000000000e+03
2.756000000000000000e+03
2.810000000000000000e+03
2.813000000000000000e+03
2.836000000000000000e+03
2.809000000000000000e+03
2.816000000000000000e+03
2.820000000000000000e+03
2.815000000000000000e+03
2.728000000000000000e+03
2.807000000000000000e+03
2.924000000000000000e+03
2.820000000000000000e+03
2.883000000000000000e+03
2.913000000000000000e+03
3.463000000000000000e+03
2.892000000000000000e+03
2.832000000000000000e+03
2.935000000000000000e+03
2.907000000000000000e+03
2.954000000000000000e+03
2.944000000000000000e+03
2.961000000000000000e+03
2.971000000000000000e+03
2.947000000000000000e+03
3.052000000000000000e+03
3.028000000000000000e+03
3.050000000000000000e+03
3.010000000000000000e+03
2.983000000000000000e+03
3.068000000000000000e+03
3.053000000000000000e+03
3.072000000000000000e+03
3.084000000000000000e+03
3.026000000000000000e+03
3.124000000000000000e+03
3.623000000000000000e+03
3.509000000000000000e+03
3.656000000000000000e+03
3.105000000000000000e+03
3.177000000000000000e+03
3.123000000000000000e+03
3.158000000000000000e+03
3.109000000000000000e+03
3.131000000000000000e+03
3.187000000000000000e+03
3.226000000000000000e+03
3.153000000000000000e+03
3.179000000000000000e+03
3.226000000000000000e+03
3.246000000000000000e+03
3.272000000000000000e+03
3.275000000000000000e+03
3.323000000000000000e+03
3.296000000000000000e+03
3.288000000000000000e+03
3.297000000000000000e+03
3.331000000000000000e+03
3.307000000000000000e+03
3.444000000000000000e+03
3.396000000000000000e+03
3.435000000000000000e+03
3.358000000000000000e+03
3.363000000000000000e+03
3.397000000000000000e+03
3.364000000000000000e+03
3.479000000000000000e+03
3.444000000000000000e+03
3.414000000000000000e+03
3.475000000000000000e+03
3.428000000000000000e+03
3.491000000000000000e+03
3.497000000000000000e+03
3.580000000000000000e+03
3.610000000000000000e+03
3.628000000000000000e+03
3.591000000000000000e+03
3.662000000000000000e+03
3.548000000000000000e+03
3.612000000000000000e+03
3.633000000000000000e+03
3.618000000000000000e+03
3.636000000000000000e+03
3.737000000000000000e+03
3.713000000000000000e+03
3.675000000000000000e+03
3.741000000000000000e+03
3.760000000000000000e+03
3.815000000000000000e+03
3.819000000000000000e+03
3.823000000000000000e+03
3.867000000000000000e+03
3.844000000000000000e+03
3.862000000000000000e+03
3.963000000000000000e+03
3.855000000000000000e+03
3.934000000000000000e+03
3.925000000000000000e+03
3.956000000000000000e+03
3.883000000000000000e+03
3.906000000000000000e+03
3.968000000000000000e+03
4.062000000000000000e+03
4.129000000000000000e+03
4.031000000000000000e+03
4.064000000000000000e+03
4.040000000000000000e+03
4.112000000000000000e+03
4.142000000000000000e+03
4.186000000000000000e+03
4.168000000000000000e+03
4.140000000000000000e+03
4.189000000000000000e+03
4.224000000000000000e+03
4.204000000000000000e+03
4.141000000000000000e+03
4.140000000000000000e+03
4.207000000000000000e+03
4.184000000000000000e+03
4.212000000000000000e+03
4.231000000000000000e+03
4.269000000000000000e+03
4.230000000000000000e+03
4.236000000000000000e+03
4.161000000000000000e+03
4.287000000000000000e+03
4.255000000000000000e+03
4.276000000000000000e+03
4.293000000000000000e+03
4.263000000000000000e+03
4.307000000000000000e+03
4.350000000000000000e+03
4.292000000000000000e+03
4.250000000000000000e+03
4.307000000000000000e+03
4.387000000000000000e+03
4.353000000000000000e+03
4.385000000000000000e+03
4.396000000000000000e+03
4.334000000000000000e+03
4.307000000000000000e+03
4.311000000000000000e+03
4.382000000000000000e+03
4.388000000000000000e+03
4.332000000000000000e+03
4.374000000000000000e+03
4.350000000000000000e+03
4.277000000000000000e+03
4.389000000000000000e+03
4.424000000000000000e+03
4.413000000000000000e+03
4.417000000000000000e+03
4.387000000000000000e+03
4.447000000000000000e+03
4.437000000000000000e+03
4.475000000000000000e+03
4.502000000000000000e+03
4.466000000000000000e+03
4.478000000000000000e+03
4.426000000000000000e+03
4.442000000000000000e+03
4.396000000000000000e+03
4.528000000000000000e+03
4.477000000000000000e+03
4.549000000000000000e+03
4.552000000000000000e+03
4.441000000000000000e+03
4.460000000000000000e+03
4.479000000000000000e+03
4.470000000000000000e+03
4.469000000000000000e+03
4.478000000000000000e+03
4.520000000000000000e+03
4.555000000000000000e+03
4.589000000000000000e+03
4.550000000000000000e+03
4.517000000000000000e+03
4.509000000000000000e+03
4.514000000000000000e+03
4.455000000000000000e+03
4.413000000000000000e+03
4.515000000000000000e+03
4.518000000000000000e+03
4.492000000000000000e+03
4.558000000000000000e+03
4.559000000000000000e+03
4.539000000000000000e+03
4.465000000000000000e+03
4.501000000000000000e+03
4.525000000000000000e+03
4.590000000000000000e+03
4.563000000000000000e+03
4.558000000000000000e+03
4.594000000000000000e+03
4.590000000000000000e+03
4.528000000000000000e+03
4.547000000000000000e+03
4.501000000000000000e+03
4.548000000000000000e+03
4.517000000000000000e+03
4.476000000000000000e+03
4.542000000000000000e+03
4.587000000000000000e+03
4.577000000000000000e+03
4.606000000000000000e+03
4.445000000000000000e+03
4.581000000000000000e+03
4.579000000000000000e+03
4.590000000000000000e+03
4.540000000000000000e+03
4.631000000000000000e+03
4.658000000000000000e+03
4.682000000000000000e+03
4.593000000000000000e+03
4.668000000000000000e+03
4.547000000000000000e+03
4.673000000000000000e+03
4.581000000000000000e+03
4.542000000000000000e+03
4.616000000000000000e+03
4.598000000000000000e+03
4.630000000000000000e+03
4.686000000000000000e+03
4.697000000000000000e+03
4.716000000000000000e+03
4.553000000000000000e+03
4.672000000000000000e+03
4.636000000000000000e+03
4.607000000000000000e+03
4.721000000000000000e+03
4.694000000000000000e+03
4.629000000000000000e+03
4.701000000000000000e+03
4.759000000000000000e+03
4.746000000000000000e+03
4.689000000000000000e+03
4.822000000000000000e+03
4.723000000000000000e+03
4.795000000000000000e+03
4.805000000000000000e+03
4.659000000000000000e+03
4.649000000000000000e+03
4.735000000000000000e+03
4.722000000000000000e+03
4.782000000000000000e+03
4.730000000000000000e+03
4.759000000000000000e+03
4.771000000000000000e+03
4.756000000000000000e+03
4.764000000000000000e+03
4.809000000000000000e+03
4.731000000000000000e+03
4.819000000000000000e+03
4.765000000000000000e+03
4.797000000000000000e+03
4.790000000000000000e+03
4.831000000000000000e+03
4.731000000000000000e+03
4.830000000000000000e+03
4.770000000000000000e+03
4.845000000000000000e+03
4.715000000000000000e+03
4.730000000000000000e+03
4.805000000000000000e+03
4.769000000000000000e+03
4.810000000000000000e+03
4.875000000000000000e+03
4.869000000000000000e+03
4.831000000000000000e+03
4.890000000000000000e+03
4.812000000000000000e+03
4.823000000000000000e+03
4.874000000000000000e+03
4.879000000000000000e+03
4.936000000000000000e+03
4.928000000000000000e+03
4.795000000000000000e+03
4.896000000000000000e+03
4.842000000000000000e+03
5.001000000000000000e+03
4.809000000000000000e+03
4.958000000000000000e+03
4.909000000000000000e+03
4.972000000000000000e+03
4.879000000000000000e+03
4.947000000000000000e+03
4.924000000000000000e+03
4.830000000000000000e+03
4.873000000000000000e+03
4.898000000000000000e+03
4.895000000000000000e+03
4.937000000000000000e+03
4.904000000000000000e+03
4.907000000000000000e+03
4.908000000000000000e+03
4.971000000000000000e+03
4.883000000000000000e+03
4.933000000000000000e+03
4.955000000000000000e+03
4.936000000000000000e+03
4.938000000000000000e+03
4.831000000000000000e+03
4.899000000000000000e+03
4.959000000000000000e+03
4.925000000000000000e+03
4.897000000000000000e+03
4.898000000000000000e+03
4.931000000000000000e+03
4.922000000000000000e+03
4.886000000000000000e+03
4.995000000000000000e+03
4.893000000000000000e+03
4.867000000000000000e+03
4.909000000000000000e+03
4.852000000000000000e+03
4.907000000000000000e+03
4.895000000000000000e+03
4.907000000000000000e+03
4.823000000000000000e+03
4.896000000000000000e+03
4.915000000000000000e+03
4.827000000000000000e+03
4.902000000000000000e+03
4.867000000000000000e+03
4.832000000000000000e+03
4.835000000000000000e+03
4.831000000000000000e+03
4.920000000000000000e+03
4.871000000000000000e+03
4.905000000000000000e+03
4.770000000000000000e+03
4.838000000000000000e+03
4.921000000000000000e+03
4.775000000000000000e+03
4.819000000000000000e+03
4.773000000000000000e+03
4.685000000000000000e+03
4.779000000000000000e+03
4.783000000000000000e+03
4.778000000000000000e+03
4.731000000000000000e+03
4.655000000000000000e+03
4.742000000000000000e+03
4.795000000000000000e+03
4.708000000000000000e+03
4.702000000000000000e+03
4.759000000000000000e+03
4.749000000000000000e+03
4.654000000000000000e+03
4.688000000000000000e+03
4.685000000000000000e+03
4.738000000000000000e+03
4.647000000000000000e+03
4.717000000000000000e+03
4.720000000000000000e+03
4.798000000000000000e+03
4.708000000000000000e+03
4.622000000000000000e+03
4.610000000000000000e+03
4.552000000000000000e+03
4.652000000000000000e+03
4.636000000000000000e+03
4.600000000000000000e+03
4.708000000000000000e+03
4.637000000000000000e+03
4.528000000000000000e+03
4.652000000000000000e+03
4.580000000000000000e+03
4.492000000000000000e+03
4.571000000000000000e+03
4.525000000000000000e+03
4.532000000000000000e+03
4.541000000000000000e+03
4.552000000000000000e+03
4.495000000000000000e+03
4.559000000000000000e+03
4.493000000000000000e+03
4.467000000000000000e+03
4.469000000000000000e+03
4.474000000000000000e+03
4.462000000000000000e+03
4.422000000000000000e+03
4.459000000000000000e+03
4.535000000000000000e+03
4.505000000000000000e+03
4.364000000000000000e+03
4.356000000000000000e+03
4.390000000000000000e+03
4.435000000000000000e+03
4.454000000000000000e+03
4.317000000000000000e+03
4.404000000000000000e+03
4.409000000000000000e+03
4.350000000000000000e+03
4.356000000000000000e+03
4.323000000000000000e+03
4.321000000000000000e+03
4.366000000000000000e+03
4.272000000000000000e+03
4.289000000000000000e+03
4.330000000000000000e+03
4.286000000000000000e+03
4.273000000000000000e+03
4.316000000000000000e+03
4.251000000000000000e+03
4.292000000000000000e+03
4.305000000000000000e+03
4.259000000000000000e+03
4.252000000000000000e+03
4.279000000000000000e+03
4.192000000000000000e+03
4.247000000000000000e+03
4.218000000000000000e+03
4.264000000000000000e+03
4.290000000000000000e+03
4.184000000000000000e+03
4.275000000000000000e+03
4.260000000000000000e+03
4.229000000000000000e+03
4.160000000000000000e+03
4.316000000000000000e+03
4.207000000000000000e+03
4.197000000000000000e+03
4.099000000000000000e+03
4.133000000000000000e+03
4.144000000000000000e+03
4.254000000000000000e+03
4.175000000000000000e+03
4.135000000000000000e+03
4.114000000000000000e+03
4.212000000000000000e+03
4.189000000000000000e+03
4.186000000000000000e+03
4.111000000000000000e+03
4.157000000000000000e+03
4.129000000000000000e+03
4.083000000000000000e+03
4.124000000000000000e+03
4.114000000000000000e+03
4.230000000000000000e+03
4.055000000000000000e+03
4.082000000000000000e+03
4.053000000000000000e+03
4.069000000000000000e+03
4.033000000000000000e+03
4.026000000000000000e+03
3.997000000000000000e+03
4.063000000000000000e+03
4.070000000000000000e+03
4.103000000000000000e+03
4.080000000000000000e+03
4.027000000000000000e+03
3.971000000000000000e+03
3.980000000000000000e+03
4.038000000000000000e+03
4.008000000000000000e+03
3.986000000000000000e+03
4.027000000000000000e+03
4.060000000000000000e+03
3.968000000000000000e+03
3.869000000000000000e+03
3.956000000000000000e+03
3.951000000000000000e+03
3.992000000000000000e+03
3.929000000000000000e+03
3.911000000000000000e+03
3.981000000000000000e+03
3.931000000000000000e+03
3.937000000000000000e+03
3.895000000000000000e+03
3.890000000000000000e+03
3.907000000000000000e+03
3.907000000000000000e+03
3.807000000000000000e+03
3.951000000000000000e+03
3.872000000000000000e+03
3.907000000000000000e+03
3.915000000000000000e+03
3.883000000000000000e+03
3.854000000000000000e+03
3.772000000000000000e+03
3.842000000000000000e+03
3.890000000000000000e+03
3.819000000000000000e+03
3.837000000000000000e+03
3.804000000000000000e+03
3.776000000000000000e+03
3.809000000000000000e+03
3.779000000000000000e+03
3.750000000000000000e+03
3.777000000000000000e+03
3.733000000000000000e+03
3.698000000000000000e+03
3.783000000000000000e+03
3.713000000000000000e+03
3.715000000000000000e+03
3.739000000000000000e+03
3.713000000000000000e+03
3.675000000000000000e+03
3.771000000000000000e+03
3.714000000000000000e+03
3.667000000000000000e+03
3.739000000000000000e+03
3.634000000000000000e+03
3.638000000000000000e+03
3.704000000000000000e+03
3.595000000000000000e+03
3.651000000000000000e+03
3.676000000000000000e+03
3.597000000000000000e+03
3.640000000000000000e+03
3.655000000000000000e+03
3.607000000000000000e+03
3.588000000000000000e+03
3.574000000000000000e+03
3.621000000000000000e+03
3.662000000000000000e+03
3.555000000000000000e+03
3.549000000000000000e+03
3.544000000000000000e+03
3.547000000000000000e+03
3.449000000000000000e+03
3.538000000000000000e+03
3.479000000000000000e+03
3.461000000000000000e+03
3.543000000000000000e+03
3.479000000000000000e+03
3.453000000000000000e+03
3.426000000000000000e+03
3.486000000000000000e+03
3.446000000000000000e+03
3.406000000000000000e+03
3.462000000000000000e+03
3.489000000000000000e+03
3.392000000000000000e+03
3.377000000000000000e+03
3.373000000000000000e+03
3.372000000000000000e+03
3.310000000000000000e+03
3.352000000000000000e+03
3.370000000000000000e+03
3.379000000000000000e+03
3.312000000000000000e+03
3.324000000000000000e+03
3.244000000000000000e+03
3.344000000000000000e+03
3.294000000000000000e+03
3.217000000000000000e+03
3.236000000000000000e+03
3.252000000000000000e+03
3.221000000000000000e+03
3.224000000000000000e+03
3.202000000000000000e+03
3.216000000000000000e+03
3.233000000000000000e+03
3.143000000000000000e+03
3.169000000000000000e+03
3.144000000000000000e+03
3.137000000000000000e+03
3.138000000000000000e+03
3.090000000000000000e+03
3.075000000000000000e+03
3.113000000000000000e+03
3.047000000000000000e+03
3.024000000000000000e+03
3.068000000000000000e+03
3.143000000000000000e+03
2.995000000000000000e+03
3.051000000000000000e+03
2.936000000000000000e+03
3.068000000000000000e+03
2.970000000000000000e+03
2.990000000000000000e+03
2.979000000000000000e+03
2.997000000000000000e+03
3.024000000000000000e+03
2.912000000000000000e+03
2.992000000000000000e+03
2.931000000000000000e+03
2.918000000000000000e+03
2.896000000000000000e+03
2.857000000000000000e+03
2.893000000000000000e+03
2.898000000000000000e+03
2.896000000000000000e+03
2.848000000000000000e+03
2.862000000000000000e+03
2.774000000000000000e+03
2.792000000000000000e+03
2.849000000000000000e+03
2.745000000000000000e+03
2.796000000000000000e+03
2.781000000000000000e+03
2.745000000000000000e+03
2.803000000000000000e+03
2.786000000000000000e+03
2.744000000000000000e+03
2.758000000000000000e+03
2.726000000000000000e+03
2.754000000000000000e+03
2.745000000000000000e+03
2.701000000000000000e+03
2.665000000000000000e+03
2.665000000000000000e+03
2.668000000000000000e+03
2.662000000000000000e+03
2.663000000000000000e+03
2.674000000000000000e+03
2.647000000000000000e+03
2.672000000000000000e+03
2.677000000000000000e+03
2.590000000000000000e+03
2.593000000000000000e+03
2.590000000000000000e+03
2.604000000000000000e+03
2.599000000000000000e+03
2.545000000000000000e+03
