1.451000000000000000e+03
1.406000000000000000e+03
1.414000000000000000e+03
1.410000000000000000e+03
1.414000000000000000e+03
1.459000000000000000e+03
1.420000000000000000e+03
1.389000000000000000e+03
1.420000000000000000e+03
1.452000000000000000e+03
1.495000000000000000e+03
1.460000000000000000e+03
1.451000000000000000e+03
1.420000000000000000e+03
1.433000000000000000e+03
1.375000000000000000e+03
1.432000000000000000e+03
1.447000000000000000e+03
1.445000000000000000e+03
1.478000000000000000e+03
1.551000000000000000e+03
1.513000000000000000e+03
1.498000000000000000e+03
1.507000000000000000e+03
1.533000000000000000e+03
1.554000000000000000e+03
1.550000000000000000e+03
1.492000000000000000e+03
1.563000000000000000e+03
1.551000000000000000e+03
1.532000000000000000e+03
1.560000000000000000e+03
1.553000000000000000e+03
1.607000000000000000e+03
1.491000000000000000e+03
1.601000000000000000e+03
1.544000000000000000e+03
1.599000000000000000e+03
1.570000000000000000e+03
1.598000000000000000e+03
1.571000000000000000e+03
1.569000000000000000e+03
1.602000000000000000e+03
1.549000000000000000e+03
1.544000000000000000e+03
1.602000000000000000e+03
1.611000000000000000e+03
1.545000000000000000e+03
1.586000000000000000e+03
1.557000000000000000e+03
1.592000000000000000e+03
1.623000000000000000e+03
1.626000000000000000e+03
1.648000000000000000e+03
1.711000000000000000e+03
1.641000000000000000e+03
1.599000000000000000e+03
1.665000000000000000e+03
1.677000000000000000e+03
1.631000000000000000e+03
1.663000000000000000e+03
1.662000000000000000e+03
1.639000000000000000e+03
1.714000000000000000e+03
1.787000000000000000e+03
1.639000000000000000e+03
1.696000000000000000e+03
1.658000000000000000e+03
1.689000000000000000e+03
1.695000000000000000e+03
1.683000000000000000e+03
1.685000000000000000e+03
1.721000000000000000e+03
1.682000000000000000e+03
1.683000000000000000e+03
1.686000000000000000e+03
1.718000000000000000e+03
1.682000000000000000e+03
1.745000000000000000e+03
1.718000000000000000e+03
1.660000000000000000e+03
1.705000000000000000e+03
1.768000000000000000e+03
1.730000000000000000e+03
1.757000000000000000e+03
1.736000000000000000e+03
1.767000000000000000e+03
1.777000000000000000e+03
1.713000000000000000e+03
1.735000000000000000e+03
1.709000000000000000e+03
1.834000000000000000e+03
1.754000000000000000e+03
1.751000000000000000e+03
1.794000000000000000e+03
1.786000000000000000e+03
1.805000000000000000e+03
1.812000000000000000e+03
1.775000000000000000e+03
1.761000000000000000e+03
1.805000000000000000e+03
1.846000000000000000e+03
1.840000000000000000e+03
1.815000000000000000e+03
1.839000000000000000e+03
1.815000000000000000e+03
1.813000000000000000e+03
1.816000000000000000e+03
1.802000000000000000e+03
1.871000000000000000e+03
1.859000000000000000e+03
1.862000000000000000e+03
1.925000000000000000e+03
1.877000000000000000e+03
1.926000000000000000e+03
1.899000000000000000e+03
1.896000000000000000e+03
1.907000000000000000e+03
1.899000000000000000e+03
1.909000000000000000e+03
1.914000000000000000e+03
1.993000000000000000e+03
1.950000000000000000e+03
2.002000000000000000e+03
1.955000000000000000e+03
2.008000000000000000e+03
1.955000000000000000e+03
1.948000000000000000e+03
2.000000000000000000e+03
1.967000000000000000e+03
2.040000000000000000e+03
2.002000000000000000e+03
2.068000000000000000e+03
2.105000000000000000e+03
2.110000000000000000e+03
2.076000000000000000e+03
2.088000000000000000e+03
2.160000000000000000e+03
2.114000000000000000e+03
2.101000000000000000e+03
2.100000000000000000e+03
2.109000000000000000e+03
2.153000000000000000e+03
2.132000000000000000e+03
2.155000000000000000e+03
2.176000000000000000e+03
2.162000000000000000e+03
2.182000000000000000e+03
2.193000000000000000e+03
2.206000000000000000e+03
2.141000000000000000e+03
2.229000000000000000e+03
2.245000000000000000e+03
2.298000000000000000e+03
2.265000000000000000e+03
2.266000000000000000e+03
2.275000000000000000e+03
2.290000000000000000e+03
2.308000000000000000e+03
2.242000000000000000e+03
2.285000000000000000e+03
2.315000000000000000e+03
2.345000000000000000e+03
2.324000000000000000e+03
2.317000000000000000e+03
2.346000000000000000e+03
2.446000000000000000e+03
2.375000000000000000e+03
2.357000000000000000e+03
2.350000000000000000e+03
2.336000000000000000e+03
2.448000000000000000e+03
2.403000000000000000e+03
2.390000000000000000e+03
2.441000000000000000e+03
2.405000000000000000e+03
2.436000000000000000e+03
2.455000000000000000e+03
2.440000000000000000e+03
2.362000000000000000e+03
2.454000000000000000e+03
2.428000000000000000e+03
2.459000000000000000e+03
2.473000000000000000e+03
2.469000000000000000e+03
2.557000000000000000e+03
2.553000000000000000e+03
2.675000000000000000e+03
2.938000000000000000e+03
2.895000000000000000e+03
2.598000000000000000e+03
2.523000000000000000e+03
2.543000000000000000e+03
2.568000000000000000e+03
2.526000000000000000e+03
2.480000000000000000e+03
2.591000000000000000e+03
2.534000000000000000e+03
2.573000000000000000e+03
2.573000000000000000e+03
2.524000000000000000e+03
2.614000000000000000e+03
2.597000000000000000e+03
2.583000000000000000e+03
2.663000000000000000e+03
2.660000000000000000e+03
2.700000000000000000e+03
2.643000000000000000e+03
2.618000000000000000e+03
2.722000000000000000e+03
2.665000000000000000e+03
2.624000000000000000e+03
2.722000000000000000e+03
2.788000000000000000e+03
2.684000000000000000e+03
2.739000000000000000e+03
2.776000000000000000e+03
2.780000000000000000e+03
2.764000000000000000e+03
2.793000000000000000e+03
2.843000000000000000e+03
2.844000000000000000e+03
2.780000000000000000e+03
2.877000000000000000e+03
2.802000000000000000e+03
2.851000000000000000e+03
2.888000000000000000e+03
2.876000000000000000e+03
2.979000000000000000e+03
2.956000000000000000e+03
2.943000000000000000e+03
2.812000000000000000e+03
2.964000000000000000e+03
2.950000000000000000e+03
2.965000000000000000e+03
2.986000000000000000e+03
2.993000000000000000e+03
3.052000000000000000e+03
3.021000000000000000e+03
3.074000000000000000e+03
3.108000000000000000e+03
3.066000000000000000e+03
3.045000000000000000e+03
3.103000000000000000e+03
3.116000000000000000e+03
3.113000000000000000e+03
3.144000000000000000e+03
3.183000000000000000e+03
3.199000000000000000e+03
3.117000000000000000e+03
3.215000000000000000e+03
3.236000000000000000e+03
3.214000000000000000e+03
3.219000000000000000e+03
3.179000000000000000e+03
3.234000000000000000e+03
3.244000000000000000e+03
3.256000000000000000e+03
3.319000000000000000e+03
3.278000000000000000e+03
3.373000000000000000e+03
3.421000000000000000e+03
3.349000000000000000e+03
3.367000000000000000e+03
3.400000000000000000e+03
3.382000000000000000e+03
3.422000000000000000e+03
3.386000000000000000e+03
3.394000000000000000e+03
3.417000000000000000e+03
3.440000000000000000e+03
3.473000000000000000e+03
3.457000000000000000e+03
3.412000000000000000e+03
3.391000000000000000e+03
3.445000000000000000e+03
3.451000000000000000e+03
3.446000000000000000e+03
3.481000000000000000e+03
3.515000000000000000e+03
3.579000000000000000e+03
3.458000000000000000e+03
3.512000000000000000e+03
3.511000000000000000e+03
3.487000000000000000e+03
3.566000000000000000e+03
3.457000000000000000e+03
3.453000000000000000e+03
3.470000000000000000e+03
3.510000000000000000e+03
3.524000000000000000e+03
3.575000000000000000e+03
3.543000000000000000e+03
3.581000000000000000e+03
3.593000000000000000e+03
3.620000000000000000e+03
3.583000000000000000e+03
3.703000000000000000e+03
3.531000000000000000e+03
3.587000000000000000e+03
3.585000000000000000e+03
3.563000000000000000e+03
3.614000000000000000e+03
3.599000000000000000e+03
3.555000000000000000e+03
3.630000000000000000e+03
3.646000000000000000e+03
3.676000000000000000e+03
3.598000000000000000e+03
3.614000000000000000e+03
3.717000000000000000e+03
3.552000000000000000e+03
3.588000000000000000e+03
3.620000000000000000e+03
3.585000000000000000e+03
3.711000000000000000e+03
3.708000000000000000e+03
3.689000000000000000e+03
3.669000000000000000e+03
3.666000000000000000e+03
3.614000000000000000e+03
3.613000000000000000e+03
3.710000000000000000e+03
3.726000000000000000e+03
3.633000000000000000e+03
3.672000000000000000e+03
3.598000000000000000e+03
3.704000000000000000e+03
3.660000000000000000e+03
3.634000000000000000e+03
3.629000000000000000e+03
3.673000000000000000e+03
3.649000000000000000e+03
3.688000000000000000e+03
3.716000000000000000e+03
3.663000000000000000e+03
3.703000000000000000e+03
3.647000000000000000e+03
3.720000000000000000e+03
3.601000000000000000e+03
3.683000000000000000e+03
3.663000000000000000e+03
3.639000000000000000e+03
3.645000000000000000e+03
3.634000000000000000e+03
3.714000000000000000e+03
3.695000000000000000e+03
3.663000000000000000e+03
3.691000000000000000e+03
3.717000000000000000e+03
3.696000000000000000e+03
3.686000000000000000e+03
3.658000000000000000e+03
3.859000000000000000e+03
3.675000000000000000e+03
3.632000000000000000e+03
3.629000000000000000e+03
3.649000000000000000e+03
3.655000000000000000e+03
3.634000000000000000e+03
3.685000000000000000e+03
3.763000000000000000e+03
3.738000000000000000e+03
3.734000000000000000e+03
3.709000000000000000e+03
3.654000000000000000e+03
3.622000000000000000e+03
3.761000000000000000e+03
3.748000000000000000e+03
3.735000000000000000e+03
3.764000000000000000e+03
3.720000000000000000e+03
3.675000000000000000e+03
3.744000000000000000e+03
3.718000000000000000e+03
3.736000000000000000e+03
3.777000000000000000e+03
3.763000000000000000e+03
3.776000000000000000e+03
3.777000000000000000e+03
3.804000000000000000e+03
3.778000000000000000e+03
3.763000000000000000e+03
3.832000000000000000e+03
3.827000000000000000e+03
3.821000000000000000e+03
3.776000000000000000e+03
3.822000000000000000e+03
3.860000000000000000e+03
3.758000000000000000e+03
3.839000000000000000e+03
3.825000000000000000e+03
3.868000000000000000e+03
3.812000000000000000e+03
3.825000000000000000e+03
3.883000000000000000e+03
3.815000000000000000e+03
3.841000000000000000e+03
3.908000000000000000e+03
3.842000000000000000e+03
3.854000000000000000e+03
3.830000000000000000e+03
3.858000000000000000e+03
3.825000000000000000e+03
3.836000000000000000e+03
3.925000000000000000e+03
3.812000000000000000e+03
3.868000000000000000e+03
3.886000000000000000e+03
3.800000000000000000e+03
3.878000000000000000e+03
3.849000000000000000e+03
3.905000000000000000e+03
3.817000000000000000e+03
3.972000000000000000e+03
3.885000000000000000e+03
3.911000000000000000e+03
3.887000000000000000e+03
3.862000000000000000e+03
3.929000000000000000e+03
3.895000000000000000e+03
3.922000000000000000e+03
3.911000000000000000e+03
3.968000000000000000e+03
3.971000000000000000e+03
3.966000000000000000e+03
3.957000000000000000e+03
4.002000000000000000e+03
3.920000000000000000e+03
3.962000000000000000e+03
3.976000000000000000e+03
4.015000000000000000e+03
3.969000000000000000e+03
4.013000000000000000e+03
4.012000000000000000e+03
3.996000000000000000e+03
4.027000000000000000e+03
4.082000000000000000e+03
3.966000000000000000e+03
3.956000000000000000e+03
4.068000000000000000e+03
3.998000000000000000e+03
3.980000000000000000e+03
3.969000000000000000e+03
4.000000000000000000e+03
3.944000000000000000e+03
3.992000000000000000e+03
3.996000000000000000e+03
3.907000000000000000e+03
3.988000000000000000e+03
3.969000000000000000e+03
3.897000000000000000e+03
3.945000000000000000e+03
3.946000000000000000e+03
3.992000000000000000e+03
3.982000000000000000e+03
3.962000000000000000e+03
3.990000000000000000e+03
4.040000000000000000e+03
4.029000000000000000e+03
4.113000000000000000e+03
4.016000000000000000e+03
3.956000000000000000e+03
3.948000000000000000e+03
3.991000000000000000e+03
4.011000000000000000e+03
4.001000000000000000e+03
3.988000000000000000e+03
3.961000000000000000e+03
3.978000000000000000e+03
3.863000000000000000e+03
3.874000000000000000e+03
3.917000000000000000e+03
3.943000000000000000e+03
3.961000000000000000e+03
3.895000000000000000e+03
3.973000000000000000e+03
3.923000000000000000e+03
3.910000000000000000e+03
3.926000000000000000e+03
3.858000000000000000e+03
3.915000000000000000e+03
3.927000000000000000e+03
3.901000000000000000e+03
3.913000000000000000e+03
3.885000000000000000e+03
3.882000000000000000e+03
3.862000000000000000e+03
3.882000000000000000e+03
3.922000000000000000e+03
3.910000000000000000e+03
3.864000000000000000e+03
3.897000000000000000e+03
3.960000000000000000e+03
3.781000000000000000e+03
3.825000000000000000e+03
3.825000000000000000e+03
3.783000000000000000e+03
3.849000000000000000e+03
3.875000000000000000e+03
3.799000000000000000e+03
3.827000000000000000e+03
3.815000000000000000e+03
3.798000000000000000e+03
3.838000000000000000e+03
3.706000000000000000e+03
3.746000000000000000e+03
3.722000000000000000e+03
3.816000000000000000e+03
3.756000000000000000e+03
3.724000000000000000e+03
3.709000000000000000e+03
3.749000000000000000e+03
3.725000000000000000e+03
3.888000000000000000e+03
3.760000000000000000e+03
3.766000000000000000e+03
3.718000000000000000e+03
3.643000000000000000e+03
3.732000000000000000e+03
3.660000000000000000e+03
3.629000000000000000e+03
3.652000000000000000e+03
3.666000000000000000e+03
3.621000000000000000e+03
3.648000000000000000e+03
3.574000000000000000e+03
3.617000000000000000e+03
3.577000000000000000e+03
3.579000000000000000e+03
3.592000000000000000e+03
3.568000000000000000e+03
3.626000000000000000e+03
3.611000000000000000e+03
3.587000000000000000e+03
3.541000000000000000e+03
3.537000000000000000e+03
3.609000000000000000e+03
3.535000000000000000e+03
3.558000000000000000e+03
3.574000000000000000e+03
3.610000000000000000e+03
3.535000000000000000e+03
3.562000000000000000e+03
3.501000000000000000e+03
3.544000000000000000e+03
3.500000000000000000e+03
3.474000000000000000e+03
3.513000000000000000e+03
3.482000000000000000e+03
3.437000000000000000e+03
3.468000000000000000e+03
3.448000000000000000e+03
3.515000000000000000e+03
3.488000000000000000e+03
3.407000000000000000e+03
3.504000000000000000e+03
3.377000000000000000e+03
3.463000000000000000e+03
3.512000000000000000e+03
3.451000000000000000e+03
3.425000000000000000e+03
3.454000000000000000e+03
3.423000000000000000e+03
3.436000000000000000e+03
3.407000000000000000e+03
3.414000000000000000e+03
3.452000000000000000e+03
3.362000000000000000e+03
3.380000000000000000e+03
3.355000000000000000e+03
3.373000000000000000e+03
3.349000000000000000e+03
3.417000000000000000e+03
3.372000000000000000e+03
3.267000000000000000e+03
3.346000000000000000e+03
3.359000000000000000e+03
3.391000000000000000e+03
3.341000000000000000e+03
3.315000000000000000e+03
3.400000000000000000e+03
3.367000000000000000e+03
3.351000000000000000e+03
3.267000000000000000e+03
3.323000000000000000e+03
3.305000000000000000e+03
3.334000000000000000e+03
3.347000000000000000e+03
3.318000000000000000e+03
3.326000000000000000e+03
3.310000000000000000e+03
3.289000000000000000e+03
3.267000000000000000e+03
3.401000000000000000e+03
3.325000000000000000e+03
3.313000000000000000e+03
3.247000000000000000e+03
3.259000000000000000e+03
3.302000000000000000e+03
3.243000000000000000e+03
3.318000000000000000e+03
3.202000000000000000e+03
3.275000000000000000e+03
3.240000000000000000e+03
3.262000000000000000e+03
3.200000000000000000e+03
3.260000000000000000e+03
3.298000000000000000e+03
3.256000000000000000e+03
3.204000000000000000e+03
3.208000000000000000e+03
3.253000000000000000e+03
3.252000000000000000e+03
3.173000000000000000e+03
3.156000000000000000e+03
3.177000000000000000e+03
3.155000000000000000e+03
3.152000000000000000e+03
3.115000000000000000e+03
3.185000000000000000e+03
3.182000000000000000e+03
3.107000000000000000e+03
3.097000000000000000e+03
3.183000000000000000e+03
3.151000000000000000e+03
3.132000000000000000e+03
3.154000000000000000e+03
3.143000000000000000e+03
3.091000000000000000e+03
3.087000000000000000e+03
3.128000000000000000e+03
3.120000000000000000e+03
3.122000000000000000e+03
3.123000000000000000e+03
3.111000000000000000e+03
3.081000000000000000e+03
3.133000000000000000e+03
3.068000000000000000e+03
3.095000000000000000e+03
3.058000000000000000e+03
3.090000000000000000e+03
2.975000000000000000e+03
3.017000000000000000e+03
3.034000000000000000e+03
3.073000000000000000e+03
3.072000000000000000e+03
3.074000000000000000e+03
2.983000000000000000e+03
3.040000000000000000e+03
2.974000000000000000e+03
2.968000000000000000e+03
3.045000000000000000e+03
2.978000000000000000e+03
2.980000000000000000e+03
3.001000000000000000e+03
2.941000000000000000e+03
3.011000000000000000e+03
2.976000000000000000e+03
2.977000000000000000e+03
2.915000000000000000e+03
2.966000000000000000e+03
2.923000000000000000e+03
2.928000000000000000e+03
2.942000000000000000e+03
2.886000000000000000e+03
2.953000000000000000e+03
2.934000000000000000e+03
2.904000000000000000e+03
2.888000000000000000e+03
2.920000000000000000e+03
2.879000000000000000e+03
2.937000000000000000e+03
2.872000000000000000e+03
2.944000000000000000e+03
2.940000000000000000e+03
2.795000000000000000e+03
2.822000000000000000e+03
2.845000000000000000e+03
2.832000000000000000e+03
2.860000000000000000e+03
2.839000000000000000e+03
2.784000000000000000e+03
2.787000000000000000e+03
2.781000000000000000e+03
2.768000000000000000e+03
2.794000000000000000e+03
2.745000000000000000e+03
2.795000000000000000e+03
2.759000000000000000e+03
2.728000000000000000e+03
2.673000000000000000e+03
2.710000000000000000e+03
2.687000000000000000e+03
2.726000000000000000e+03
2.733000000000000000e+03
2.651000000000000000e+03
2.708000000000000000e+03
2.686000000000000000e+03
2.656000000000000000e+03
2.639000000000000000e+03
2.586000000000000000e+03
2.589000000000000000e+03
2.721000000000000000e+03
2.641000000000000000e+03
2.590000000000000000e+03
2.589000000000000000e+03
2.538000000000000000e+03
2.518000000000000000e+03
2.595000000000000000e+03
2.497000000000000000e+03
2.555000000000000000e+03
2.525000000000000000e+03
2.541000000000000000e+03
2.547000000000000000e+03
2.514000000000000000e+03
2.495000000000000000e+03
2.502000000000000000e+03
2.450000000000000000e+03
2.442000000000000000e+03
2.516000000000000000e+03
2.506000000000000000e+03
2.453000000000000000e+03
2.493000000000000000e+03
2.449000000000000000e+03
2.389000000000000000e+03
2.408000000000000000e+03
2.479000000000000000e+03
2.387000000000000000e+03
2.358000000000000000e+03
2.362000000000000000e+03
2.393000000000000000e+03
2.331000000000000000e+03
2.371000000000000000e+03
2.373000000000000000e+03
2.301000000000000000e+03
2.363000000000000000e+03
2.307000000000000000e+03
2.311000000000000000e+03
2.275000000000000000e+03
2.282000000000000000e+03
2.303000000000000000e+03
2.318000000000000000e+03
2.283000000000000000e+03
2.270000000000000000e+03
2.241000000000000000e+03
2.254000000000000000e+03
2.236000000000000000e+03
2.271000000000000000e+03
2.236000000000000000e+03
2.242000000000000000e+03
2.268000000000000000e+03
2.240000000000000000e+03
2.226000000000000000e+03
2.237000000000000000e+03
2.193000000000000000e+03
2.244000000000000000e+03
2.245000000000000000e+03
2.177000000000000000e+03
2.210000000000000000e+03
2.203000000000000000e+03
2.149000000000000000e+03
2.150000000000000000e+03
2.167000000000000000e+03
2.125000000000000000e+03
