1.476000000000000000e+03
1.486000000000000000e+03
1.476000000000000000e+03
1.530000000000000000e+03
1.505000000000000000e+03
1.521000000000000000e+03
1.500000000000000000e+03
1.524000000000000000e+03
1.509000000000000000e+03
1.503000000000000000e+03
1.498000000000000000e+03
1.508000000000000000e+03
1.528000000000000000e+03
1.526000000000000000e+03
1.622000000000000000e+03
1.585000000000000000e+03
1.549000000000000000e+03
1.592000000000000000e+03
1.573000000000000000e+03
1.605000000000000000e+03
1.595000000000000000e+03
1.663000000000000000e+03
1.564000000000000000e+03
1.639000000000000000e+03
1.594000000000000000e+03
1.599000000000000000e+03
1.574000000000000000e+03
1.637000000000000000e+03
1.614000000000000000e+03
1.620000000000000000e+03
1.599000000000000000e+03
1.681000000000000000e+03
1.603000000000000000e+03
1.625000000000000000e+03
1.637000000000000000e+03
1.646000000000000000e+03
1.606000000000000000e+03
1.658000000000000000e+03
1.651000000000000000e+03
1.691000000000000000e+03
1.704000000000000000e+03
1.657000000000000000e+03
1.680000000000000000e+03
1.658000000000000000e+03
1.679000000000000000e+03
1.704000000000000000e+03
1.678000000000000000e+03
1.768000000000000000e+03
1.748000000000000000e+03
1.675000000000000000e+03
1.720000000000000000e+03
1.713000000000000000e+03
1.725000000000000000e+03
1.701000000000000000e+03
1.706000000000000000e+03
1.709000000000000000e+03
1.763000000000000000e+03
1.714000000000000000e+03
1.735000000000000000e+03
1.765000000000000000e+03
1.759000000000000000e+03
1.742000000000000000e+03
1.732000000000000000e+03
1.747000000000000000e+03
1.742000000000000000e+03
1.747000000000000000e+03
1.745000000000000000e+03
1.769000000000000000e+03
1.758000000000000000e+03
1.721000000000000000e+03
1.786000000000000000e+03
1.795000000000000000e+03
1.810000000000000000e+03
1.821000000000000000e+03
1.795000000000000000e+03
1.829000000000000000e+03
1.771000000000000000e+03
1.781000000000000000e+03
1.887000000000000000e+03
1.838000000000000000e+03
1.831000000000000000e+03
1.835000000000000000e+03
1.995000000000000000e+03
1.827000000000000000e+03
1.809000000000000000e+03
1.823000000000000000e+03
1.866000000000000000e+03
1.878000000000000000e+03
1.807000000000000000e+03
1.847000000000000000e+03
1.842000000000000000e+03
1.885000000000000000e+03
1.865000000000000000e+03
1.887000000000000000e+03
1.919000000000000000e+03
1.920000000000000000e+03
1.879000000000000000e+03
1.958000000000000000e+03
1.878000000000000000e+03
1.907000000000000000e+03
1.892000000000000000e+03
1.902000000000000000e+03
1.909000000000000000e+03
1.936000000000000000e+03
1.995000000000000000e+03
1.913000000000000000e+03
1.916000000000000000e+03
2.027000000000000000e+03
1.961000000000000000e+03
1.982000000000000000e+03
2.007000000000000000e+03
1.928000000000000000e+03
1.947000000000000000e+03
1.963000000000000000e+03
2.000000000000000000e+03
2.018000000000000000e+03
2.013000000000000000e+03
2.102000000000000000e+03
2.062000000000000000e+03
2.061000000000000000e+03
2.005000000000000000e+03
2.074000000000000000e+03
2.124000000000000000e+03
2.140000000000000000e+03
2.086000000000000000e+03
2.087000000000000000e+03
2.089000000000000000e+03
2.164000000000000000e+03
2.196000000000000000e+03
2.113000000000000000e+03
2.142000000000000000e+03
2.191000000000000000e+03
2.193000000000000000e+03
2.208000000000000000e+03
2.198000000000000000e+03
2.173000000000000000e+03
2.179000000000000000e+03
2.246000000000000000e+03
2.233000000000000000e+03
2.204000000000000000e+03
2.203000000000000000e+03
2.271000000000000000e+03
2.261000000000000000e+03
2.246000000000000000e+03
2.277000000000000000e+03
2.375000000000000000e+03
2.299000000000000000e+03
2.502000000000000000e+03
2.312000000000000000e+03
2.330000000000000000e+03
2.410000000000000000e+03
2.322000000000000000e+03
2.393000000000000000e+03
2.433000000000000000e+03
2.392000000000000000e+03
2.436000000000000000e+03
2.373000000000000000e+03
2.446000000000000000e+03
2.363000000000000000e+03
2.424000000000000000e+03
2.456000000000000000e+03
2.383000000000000000e+03
2.453000000000000000e+03
2.534000000000000000e+03
2.496000000000000000e+03
2.461000000000000000e+03
2.466000000000000000e+03
2.546000000000000000e+03
2.520000000000000000e+03
2.556000000000000000e+03
2.562000000000000000e+03
2.516000000000000000e+03
2.569000000000000000e+03
2.561000000000000000e+03
2.597000000000000000e+03
2.560000000000000000e+03
2.564000000000000000e+03
2.527000000000000000e+03
2.530000000000000000e+03
2.591000000000000000e+03
2.604000000000000000e+03
2.608000000000000000e+03
2.610000000000000000e+03
2.664000000000000000e+03
2.667000000000000000e+03
2.661000000000000000e+03
2.796000000000000000e+03
3.049000000000000000e+03
3.064000000000000000e+03
2.747000000000000000e+03
2.707000000000000000e+03
2.613000000000000000e+03
2.686000000000000000e+03
2.684000000000000000e+03
2.698000000000000000e+03
2.679000000000000000e+03
2.691000000000000000e+03
2.776000000000000000e+03
2.717000000000000000e+03
2.769000000000000000e+03
2.739000000000000000e+03
2.762000000000000000e+03
2.757000000000000000e+03
2.790000000000000000e+03
2.790000000000000000e+03
2.822000000000000000e+03
2.741000000000000000e+03
2.807000000000000000e+03
2.789000000000000000e+03
2.897000000000000000e+03
2.865000000000000000e+03
2.838000000000000000e+03
2.875000000000000000e+03
2.842000000000000000e+03
2.906000000000000000e+03
2.899000000000000000e+03
2.904000000000000000e+03
2.903000000000000000e+03
2.940000000000000000e+03
2.905000000000000000e+03
2.959000000000000000e+03
3.024000000000000000e+03
3.038000000000000000e+03
3.001000000000000000e+03
3.010000000000000000e+03
3.050000000000000000e+03
2.996000000000000000e+03
3.068000000000000000e+03
3.087000000000000000e+03
3.017000000000000000e+03
3.165000000000000000e+03
3.137000000000000000e+03
3.129000000000000000e+03
3.031000000000000000e+03
3.155000000000000000e+03
3.195000000000000000e+03
3.202000000000000000e+03
3.175000000000000000e+03
3.142000000000000000e+03
3.243000000000000000e+03
3.199000000000000000e+03
3.317000000000000000e+03
3.291000000000000000e+03
3.400000000000000000e+03
3.259000000000000000e+03
3.287000000000000000e+03
3.355000000000000000e+03
3.354000000000000000e+03
3.357000000000000000e+03
3.398000000000000000e+03
3.415000000000000000e+03
3.378000000000000000e+03
3.445000000000000000e+03
3.371000000000000000e+03
3.492000000000000000e+03
3.439000000000000000e+03
3.477000000000000000e+03
3.450000000000000000e+03
3.687000000000000000e+03
3.517000000000000000e+03
3.550000000000000000e+03
3.546000000000000000e+03
3.541000000000000000e+03
3.575000000000000000e+03
3.638000000000000000e+03
3.673000000000000000e+03
3.521000000000000000e+03
3.578000000000000000e+03
3.582000000000000000e+03
3.581000000000000000e+03
3.586000000000000000e+03
3.574000000000000000e+03
3.572000000000000000e+03
3.696000000000000000e+03
3.635000000000000000e+03
3.764000000000000000e+03
3.665000000000000000e+03
3.665000000000000000e+03
3.632000000000000000e+03
3.682000000000000000e+03
3.709000000000000000e+03
3.714000000000000000e+03
3.667000000000000000e+03
3.685000000000000000e+03
3.708000000000000000e+03
3.706000000000000000e+03
3.792000000000000000e+03
3.710000000000000000e+03
3.730000000000000000e+03
3.709000000000000000e+03
3.692000000000000000e+03
3.744000000000000000e+03
3.776000000000000000e+03
3.753000000000000000e+03
3.806000000000000000e+03
3.837000000000000000e+03
3.832000000000000000e+03
3.789000000000000000e+03
3.822000000000000000e+03
3.740000000000000000e+03
3.834000000000000000e+03
3.788000000000000000e+03
3.822000000000000000e+03
3.829000000000000000e+03
3.845000000000000000e+03
3.804000000000000000e+03
3.868000000000000000e+03
3.877000000000000000e+03
3.834000000000000000e+03
3.839000000000000000e+03
3.880000000000000000e+03
3.877000000000000000e+03
3.830000000000000000e+03
3.909000000000000000e+03
3.887000000000000000e+03
3.877000000000000000e+03
3.946000000000000000e+03
3.884000000000000000e+03
3.907000000000000000e+03
3.935000000000000000e+03
3.946000000000000000e+03
3.904000000000000000e+03
3.885000000000000000e+03
3.915000000000000000e+03
3.919000000000000000e+03
3.988000000000000000e+03
3.972000000000000000e+03
3.906000000000000000e+03
3.938000000000000000e+03
3.866000000000000000e+03
3.869000000000000000e+03
3.881000000000000000e+03
3.960000000000000000e+03
3.916000000000000000e+03
3.909000000000000000e+03
3.903000000000000000e+03
4.006000000000000000e+03
3.912000000000000000e+03
3.925000000000000000e+03
3.870000000000000000e+03
3.918000000000000000e+03
3.912000000000000000e+03
3.881000000000000000e+03
3.882000000000000000e+03
3.888000000000000000e+03
3.992000000000000000e+03
3.953000000000000000e+03
3.950000000000000000e+03
3.840000000000000000e+03
3.845000000000000000e+03
3.837000000000000000e+03
3.939000000000000000e+03
3.856000000000000000e+03
3.932000000000000000e+03
3.970000000000000000e+03
3.850000000000000000e+03
3.962000000000000000e+03
3.893000000000000000e+03
3.917000000000000000e+03
3.904000000000000000e+03
3.993000000000000000e+03
3.880000000000000000e+03
3.939000000000000000e+03
3.915000000000000000e+03
3.909000000000000000e+03
4.054000000000000000e+03
3.936000000000000000e+03
3.971000000000000000e+03
3.947000000000000000e+03
3.935000000000000000e+03
4.004000000000000000e+03
4.005000000000000000e+03
4.026000000000000000e+03
3.975000000000000000e+03
4.007000000000000000e+03
4.044000000000000000e+03
4.023000000000000000e+03
4.032000000000000000e+03
3.923000000000000000e+03
4.086000000000000000e+03
4.065000000000000000e+03
4.122000000000000000e+03
3.976000000000000000e+03
4.039000000000000000e+03
4.065000000000000000e+03
4.066000000000000000e+03
3.936000000000000000e+03
4.073000000000000000e+03
4.142000000000000000e+03
4.118000000000000000e+03
4.012000000000000000e+03
4.041000000000000000e+03
4.070000000000000000e+03
4.004000000000000000e+03
4.125000000000000000e+03
4.025000000000000000e+03
4.122000000000000000e+03
4.136000000000000000e+03
4.081000000000000000e+03
4.106000000000000000e+03
4.203000000000000000e+03
4.069000000000000000e+03
4.113000000000000000e+03
4.103000000000000000e+03
4.124000000000000000e+03
4.083000000000000000e+03
4.130000000000000000e+03
4.027000000000000000e+03
4.159000000000000000e+03
4.096000000000000000e+03
4.194000000000000000e+03
4.100000000000000000e+03
4.234000000000000000e+03
4.155000000000000000e+03
4.149000000000000000e+03
4.145000000000000000e+03
4.221000000000000000e+03
4.168000000000000000e+03
4.106000000000000000e+03
4.179000000000000000e+03
4.162000000000000000e+03
4.187000000000000000e+03
4.300000000000000000e+03
4.252000000000000000e+03
4.274000000000000000e+03
4.252000000000000000e+03
4.230000000000000000e+03
4.168000000000000000e+03
4.212000000000000000e+03
4.261000000000000000e+03
4.300000000000000000e+03
4.221000000000000000e+03
4.261000000000000000e+03
4.172000000000000000e+03
4.246000000000000000e+03
4.260000000000000000e+03
4.271000000000000000e+03
4.851000000000000000e+03
4.268000000000000000e+03
4.229000000000000000e+03
4.253000000000000000e+03
4.242000000000000000e+03
4.206000000000000000e+03
4.224000000000000000e+03
4.238000000000000000e+03
4.259000000000000000e+03
4.208000000000000000e+03
4.281000000000000000e+03
4.320000000000000000e+03
4.209000000000000000e+03
4.254000000000000000e+03
4.129000000000000000e+03
4.274000000000000000e+03
4.261000000000000000e+03
4.219000000000000000e+03
4.225000000000000000e+03
4.291000000000000000e+03
4.233000000000000000e+03
4.226000000000000000e+03
4.290000000000000000e+03
4.294000000000000000e+03
4.254000000000000000e+03
4.278000000000000000e+03
4.273000000000000000e+03
4.200000000000000000e+03
4.212000000000000000e+03
4.276000000000000000e+03
4.277000000000000000e+03
4.207000000000000000e+03
4.197000000000000000e+03
4.173000000000000000e+03
4.204000000000000000e+03
4.147000000000000000e+03
4.182000000000000000e+03
4.210000000000000000e+03
4.146000000000000000e+03
4.224000000000000000e+03
4.223000000000000000e+03
4.156000000000000000e+03
4.148000000000000000e+03
4.229000000000000000e+03
4.196000000000000000e+03
4.250000000000000000e+03
4.204000000000000000e+03
4.085000000000000000e+03
4.143000000000000000e+03
4.153000000000000000e+03
4.080000000000000000e+03
4.049000000000000000e+03
4.142000000000000000e+03
4.163000000000000000e+03
4.162000000000000000e+03
4.124000000000000000e+03
4.075000000000000000e+03
4.192000000000000000e+03
4.138000000000000000e+03
4.116000000000000000e+03
4.092000000000000000e+03
4.147000000000000000e+03
4.049000000000000000e+03
4.069000000000000000e+03
4.060000000000000000e+03
4.057000000000000000e+03
4.010000000000000000e+03
4.047000000000000000e+03
4.015000000000000000e+03
4.097000000000000000e+03
4.062000000000000000e+03
3.944000000000000000e+03
4.043000000000000000e+03
3.958000000000000000e+03
3.974000000000000000e+03
3.972000000000000000e+03
3.956000000000000000e+03
4.011000000000000000e+03
3.928000000000000000e+03
3.973000000000000000e+03
4.016000000000000000e+03
3.860000000000000000e+03
3.858000000000000000e+03
3.841000000000000000e+03
3.987000000000000000e+03
3.929000000000000000e+03
4.001000000000000000e+03
3.937000000000000000e+03
3.875000000000000000e+03
3.914000000000000000e+03
3.911000000000000000e+03
3.874000000000000000e+03
3.850000000000000000e+03
3.895000000000000000e+03
3.820000000000000000e+03
3.775000000000000000e+03
3.904000000000000000e+03
3.932000000000000000e+03
3.830000000000000000e+03
3.773000000000000000e+03
3.747000000000000000e+03
3.757000000000000000e+03
3.769000000000000000e+03
3.900000000000000000e+03
3.771000000000000000e+03
3.778000000000000000e+03
3.719000000000000000e+03
3.766000000000000000e+03
3.760000000000000000e+03
3.663000000000000000e+03
3.784000000000000000e+03
3.794000000000000000e+03
3.705000000000000000e+03
3.648000000000000000e+03
3.659000000000000000e+03
3.697000000000000000e+03
3.637000000000000000e+03
3.722000000000000000e+03
3.637000000000000000e+03
3.606000000000000000e+03
3.662000000000000000e+03
3.638000000000000000e+03
3.893000000000000000e+03
3.719000000000000000e+03
3.684000000000000000e+03
3.685000000000000000e+03
3.669000000000000000e+03
3.682000000000000000e+03
3.710000000000000000e+03
3.629000000000000000e+03
3.631000000000000000e+03
3.574000000000000000e+03
3.620000000000000000e+03
3.604000000000000000e+03
3.614000000000000000e+03
3.579000000000000000e+03
3.653000000000000000e+03
3.652000000000000000e+03
3.616000000000000000e+03
3.621000000000000000e+03
3.554000000000000000e+03
3.474000000000000000e+03
3.504000000000000000e+03
3.640000000000000000e+03
3.655000000000000000e+03
3.597000000000000000e+03
3.557000000000000000e+03
3.497000000000000000e+03
3.453000000000000000e+03
3.514000000000000000e+03
3.583000000000000000e+03
3.495000000000000000e+03
3.571000000000000000e+03
3.546000000000000000e+03
3.553000000000000000e+03
3.483000000000000000e+03
3.603000000000000000e+03
3.526000000000000000e+03
3.432000000000000000e+03
3.558000000000000000e+03
3.550000000000000000e+03
3.542000000000000000e+03
3.477000000000000000e+03
3.509000000000000000e+03
3.496000000000000000e+03
3.408000000000000000e+03
3.472000000000000000e+03
3.455000000000000000e+03
3.455000000000000000e+03
3.476000000000000000e+03
3.437000000000000000e+03
3.549000000000000000e+03
3.434000000000000000e+03
3.415000000000000000e+03
3.420000000000000000e+03
3.438000000000000000e+03
3.363000000000000000e+03
3.476000000000000000e+03
3.371000000000000000e+03
3.437000000000000000e+03
3.400000000000000000e+03
3.415000000000000000e+03
3.424000000000000000e+03
3.351000000000000000e+03
3.382000000000000000e+03
3.465000000000000000e+03
3.350000000000000000e+03
3.356000000000000000e+03
3.339000000000000000e+03
3.257000000000000000e+03
3.263000000000000000e+03
3.364000000000000000e+03
3.345000000000000000e+03
3.275000000000000000e+03
3.255000000000000000e+03
3.335000000000000000e+03
3.257000000000000000e+03
3.378000000000000000e+03
3.275000000000000000e+03
3.306000000000000000e+03
3.239000000000000000e+03
3.363000000000000000e+03
3.265000000000000000e+03
3.207000000000000000e+03
3.237000000000000000e+03
3.250000000000000000e+03
3.231000000000000000e+03
3.262000000000000000e+03
3.202000000000000000e+03
3.282000000000000000e+03
3.228000000000000000e+03
3.227000000000000000e+03
3.117000000000000000e+03
3.232000000000000000e+03
3.197000000000000000e+03
3.185000000000000000e+03
3.187000000000000000e+03
3.299000000000000000e+03
3.109000000000000000e+03
3.131000000000000000e+03
3.175000000000000000e+03
3.167000000000000000e+03
3.186000000000000000e+03
3.135000000000000000e+03
3.122000000000000000e+03
3.142000000000000000e+03
3.107000000000000000e+03
3.172000000000000000e+03
3.174000000000000000e+03
3.081000000000000000e+03
3.165000000000000000e+03
3.038000000000000000e+03
3.120000000000000000e+03
3.040000000000000000e+03
3.071000000000000000e+03
3.143000000000000000e+03
3.024000000000000000e+03
3.081000000000000000e+03
3.056000000000000000e+03
3.086000000000000000e+03
3.035000000000000000e+03
3.016000000000000000e+03
2.974000000000000000e+03
2.997000000000000000e+03
2.956000000000000000e+03
3.050000000000000000e+03
2.973000000000000000e+03
3.013000000000000000e+03
2.974000000000000000e+03
2.968000000000000000e+03
2.920000000000000000e+03
2.902000000000000000e+03
2.955000000000000000e+03
2.921000000000000000e+03
2.888000000000000000e+03
2.909000000000000000e+03
2.900000000000000000e+03
2.835000000000000000e+03
2.890000000000000000e+03
2.900000000000000000e+03
2.815000000000000000e+03
2.793000000000000000e+03
2.942000000000000000e+03
2.820000000000000000e+03
2.832000000000000000e+03
2.750000000000000000e+03
2.779000000000000000e+03
2.821000000000000000e+03
2.756000000000000000e+03
2.840000000000000000e+03
2.764000000000000000e+03
2.710000000000000000e+03
2.718000000000000000e+03
2.689000000000000000e+03
2.673000000000000000e+03
2.653000000000000000e+03
2.676000000000000000e+03
2.625000000000000000e+03
2.683000000000000000e+03
2.623000000000000000e+03
2.719000000000000000e+03
2.616000000000000000e+03
2.687000000000000000e+03
2.650000000000000000e+03
2.547000000000000000e+03
2.663000000000000000e+03
2.588000000000000000e+03
2.586000000000000000e+03
2.564000000000000000e+03
2.551000000000000000e+03
2.547000000000000000e+03
2.516000000000000000e+03
2.537000000000000000e+03
2.564000000000000000e+03
2.519000000000000000e+03
2.578000000000000000e+03
2.525000000000000000e+03
2.466000000000000000e+03
2.416000000000000000e+03
2.475000000000000000e+03
2.432000000000000000e+03
2.459000000000000000e+03
2.413000000000000000e+03
2.468000000000000000e+03
2.447000000000000000e+03
2.561000000000000000e+03
2.431000000000000000e+03
2.455000000000000000e+03
2.396000000000000000e+03
2.431000000000000000e+03
2.395000000000000000e+03
2.399000000000000000e+03
2.326000000000000000e+03
2.324000000000000000e+03
2.395000000000000000e+03
2.354000000000000000e+03
2.303000000000000000e+03
2.305000000000000000e+03
2.325000000000000000e+03
2.319000000000000000e+03
2.264000000000000000e+03
2.291000000000000000e+03
2.314000000000000000e+03
2.323000000000000000e+03
2.275000000000000000e+03
2.301000000000000000e+03
2.271000000000000000e+03
2.177000000000000000e+03
