1.806000000000000000e+03
1.736000000000000000e+03
1.739000000000000000e+03
1.749000000000000000e+03
1.735000000000000000e+03
1.773000000000000000e+03
1.808000000000000000e+03
1.854000000000000000e+03
1.774000000000000000e+03
1.807000000000000000e+03
1.811000000000000000e+03
1.864000000000000000e+03
1.796000000000000000e+03
1.828000000000000000e+03
1.834000000000000000e+03
1.831000000000000000e+03
1.865000000000000000e+03
1.872000000000000000e+03
1.812000000000000000e+03
1.893000000000000000e+03
1.870000000000000000e+03
1.847000000000000000e+03
1.889000000000000000e+03
1.901000000000000000e+03
1.911000000000000000e+03
1.908000000000000000e+03
1.934000000000000000e+03
1.935000000000000000e+03
1.922000000000000000e+03
1.918000000000000000e+03
1.917000000000000000e+03
1.937000000000000000e+03
1.967000000000000000e+03
1.968000000000000000e+03
1.965000000000000000e+03
1.999000000000000000e+03
1.947000000000000000e+03
1.998000000000000000e+03
1.968000000000000000e+03
2.014000000000000000e+03
1.998000000000000000e+03
1.974000000000000000e+03
2.017000000000000000e+03
2.025000000000000000e+03
1.984000000000000000e+03
2.000000000000000000e+03
2.029000000000000000e+03
2.042000000000000000e+03
2.026000000000000000e+03
2.073000000000000000e+03
2.049000000000000000e+03
2.043000000000000000e+03
2.093000000000000000e+03
2.084000000000000000e+03
2.050000000000000000e+03
2.051000000000000000e+03
2.074000000000000000e+03
2.086000000000000000e+03
2.124000000000000000e+03
2.124000000000000000e+03
2.074000000000000000e+03
2.172000000000000000e+03
2.117000000000000000e+03
2.149000000000000000e+03
2.117000000000000000e+03
2.132000000000000000e+03
2.156000000000000000e+03
2.191000000000000000e+03
2.150000000000000000e+03
2.143000000000000000e+03
2.168000000000000000e+03
2.236000000000000000e+03
2.126000000000000000e+03
2.173000000000000000e+03
2.210000000000000000e+03
2.168000000000000000e+03
2.221000000000000000e+03
2.160000000000000000e+03
2.175000000000000000e+03
2.184000000000000000e+03
2.184000000000000000e+03
2.214000000000000000e+03
2.209000000000000000e+03
2.183000000000000000e+03
2.245000000000000000e+03
2.176000000000000000e+03
2.224000000000000000e+03
2.247000000000000000e+03
2.238000000000000000e+03
2.266000000000000000e+03
2.284000000000000000e+03
2.305000000000000000e+03
2.282000000000000000e+03
2.289000000000000000e+03
2.305000000000000000e+03
2.373000000000000000e+03
2.354000000000000000e+03
2.336000000000000000e+03
2.347000000000000000e+03
2.327000000000000000e+03
2.371000000000000000e+03
2.353000000000000000e+03
2.344000000000000000e+03
2.399000000000000000e+03
2.458000000000000000e+03
2.395000000000000000e+03
2.414000000000000000e+03
2.512000000000000000e+03
2.423000000000000000e+03
2.432000000000000000e+03
2.459000000000000000e+03
2.488000000000000000e+03
2.444000000000000000e+03
2.510000000000000000e+03
2.505000000000000000e+03
2.543000000000000000e+03
2.504000000000000000e+03
2.548000000000000000e+03
2.597000000000000000e+03
2.562000000000000000e+03
2.558000000000000000e+03
2.520000000000000000e+03
2.633000000000000000e+03
2.602000000000000000e+03
2.608000000000000000e+03
2.617000000000000000e+03
2.656000000000000000e+03
2.623000000000000000e+03
2.653000000000000000e+03
2.665000000000000000e+03
2.707000000000000000e+03
2.756000000000000000e+03
2.722000000000000000e+03
2.719000000000000000e+03
2.735000000000000000e+03
2.750000000000000000e+03
2.800000000000000000e+03
2.792000000000000000e+03
2.791000000000000000e+03
2.786000000000000000e+03
2.820000000000000000e+03
2.740000000000000000e+03
2.861000000000000000e+03
2.894000000000000000e+03
2.909000000000000000e+03
2.920000000000000000e+03
2.845000000000000000e+03
2.899000000000000000e+03
2.889000000000000000e+03
2.922000000000000000e+03
2.921000000000000000e+03
2.994000000000000000e+03
2.954000000000000000e+03
2.991000000000000000e+03
2.988000000000000000e+03
2.950000000000000000e+03
3.028000000000000000e+03
2.985000000000000000e+03
3.146000000000000000e+03
3.036000000000000000e+03
3.016000000000000000e+03
3.061000000000000000e+03
3.115000000000000000e+03
3.040000000000000000e+03
3.092000000000000000e+03
3.088000000000000000e+03
3.131000000000000000e+03
3.138000000000000000e+03
3.129000000000000000e+03
3.105000000000000000e+03
3.201000000000000000e+03
3.127000000000000000e+03
3.205000000000000000e+03
3.139000000000000000e+03
3.222000000000000000e+03
3.215000000000000000e+03
3.206000000000000000e+03
3.231000000000000000e+03
3.207000000000000000e+03
3.221000000000000000e+03
3.230000000000000000e+03
3.228000000000000000e+03
3.295000000000000000e+03
3.607000000000000000e+03
3.787000000000000000e+03
3.472000000000000000e+03
3.217000000000000000e+03
3.291000000000000000e+03
3.295000000000000000e+03
3.286000000000000000e+03
3.320000000000000000e+03
3.331000000000000000e+03
3.359000000000000000e+03
3.398000000000000000e+03
3.325000000000000000e+03
3.385000000000000000e+03
3.426000000000000000e+03
3.391000000000000000e+03
3.393000000000000000e+03
3.447000000000000000e+03
3.439000000000000000e+03
3.404000000000000000e+03
3.475000000000000000e+03
3.527000000000000000e+03
3.506000000000000000e+03
3.538000000000000000e+03
3.520000000000000000e+03
3.538000000000000000e+03
3.518000000000000000e+03
3.600000000000000000e+03
3.605000000000000000e+03
3.600000000000000000e+03
3.672000000000000000e+03
3.637000000000000000e+03
3.657000000000000000e+03
3.703000000000000000e+03
3.617000000000000000e+03
3.689000000000000000e+03
3.714000000000000000e+03
3.763000000000000000e+03
3.783000000000000000e+03
3.783000000000000000e+03
3.783000000000000000e+03
3.785000000000000000e+03
3.731000000000000000e+03
3.831000000000000000e+03
3.874000000000000000e+03
3.831000000000000000e+03
3.755000000000000000e+03
3.919000000000000000e+03
3.890000000000000000e+03
3.956000000000000000e+03
3.930000000000000000e+03
3.959000000000000000e+03
3.927000000000000000e+03
4.060000000000000000e+03
4.040000000000000000e+03
4.000000000000000000e+03
4.070000000000000000e+03
4.090000000000000000e+03
4.076000000000000000e+03
4.084000000000000000e+03
4.132000000000000000e+03
4.177000000000000000e+03
4.108000000000000000e+03
4.128000000000000000e+03
4.141000000000000000e+03
4.148000000000000000e+03
4.182000000000000000e+03
4.209000000000000000e+03
4.204000000000000000e+03
4.215000000000000000e+03
4.237000000000000000e+03
4.276000000000000000e+03
4.307000000000000000e+03
4.356000000000000000e+03
4.339000000000000000e+03
4.390000000000000000e+03
4.376000000000000000e+03
4.371000000000000000e+03
4.425000000000000000e+03
4.507000000000000000e+03
4.364000000000000000e+03
4.364000000000000000e+03
4.458000000000000000e+03
4.363000000000000000e+03
4.423000000000000000e+03
4.585000000000000000e+03
4.457000000000000000e+03
4.460000000000000000e+03
4.458000000000000000e+03
4.495000000000000000e+03
4.487000000000000000e+03
4.475000000000000000e+03
4.593000000000000000e+03
4.496000000000000000e+03
4.567000000000000000e+03
4.531000000000000000e+03
4.607000000000000000e+03
4.571000000000000000e+03
4.544000000000000000e+03
4.523000000000000000e+03
4.550000000000000000e+03
4.551000000000000000e+03
4.515000000000000000e+03
4.676000000000000000e+03
4.631000000000000000e+03
4.636000000000000000e+03
4.659000000000000000e+03
4.738000000000000000e+03
4.672000000000000000e+03
4.611000000000000000e+03
4.664000000000000000e+03
4.658000000000000000e+03
4.736000000000000000e+03
4.681000000000000000e+03
4.642000000000000000e+03
4.712000000000000000e+03
4.701000000000000000e+03
4.732000000000000000e+03
4.671000000000000000e+03
4.669000000000000000e+03
4.760000000000000000e+03
4.675000000000000000e+03
4.629000000000000000e+03
4.743000000000000000e+03
4.659000000000000000e+03
4.776000000000000000e+03
4.703000000000000000e+03
4.675000000000000000e+03
4.699000000000000000e+03
4.783000000000000000e+03
4.736000000000000000e+03
4.803000000000000000e+03
4.754000000000000000e+03
4.791000000000000000e+03
4.703000000000000000e+03
4.761000000000000000e+03
4.730000000000000000e+03
4.780000000000000000e+03
4.751000000000000000e+03
4.691000000000000000e+03
4.739000000000000000e+03
4.757000000000000000e+03
4.740000000000000000e+03
4.779000000000000000e+03
4.767000000000000000e+03
4.747000000000000000e+03
4.707000000000000000e+03
4.781000000000000000e+03
4.731000000000000000e+03
4.711000000000000000e+03
4.730000000000000000e+03
4.843000000000000000e+03
4.815000000000000000e+03
4.818000000000000000e+03
4.783000000000000000e+03
4.792000000000000000e+03
4.746000000000000000e+03
4.862000000000000000e+03
4.788000000000000000e+03
4.778000000000000000e+03
4.792000000000000000e+03
4.817000000000000000e+03
4.749000000000000000e+03
4.740000000000000000e+03
4.705000000000000000e+03
4.889000000000000000e+03
4.878000000000000000e+03
4.786000000000000000e+03
4.817000000000000000e+03
4.810000000000000000e+03
4.822000000000000000e+03
4.821000000000000000e+03
4.836000000000000000e+03
4.790000000000000000e+03
4.709000000000000000e+03
4.789000000000000000e+03
4.818000000000000000e+03
4.869000000000000000e+03
4.912000000000000000e+03
4.870000000000000000e+03
4.874000000000000000e+03
4.893000000000000000e+03
4.835000000000000000e+03
4.949000000000000000e+03
4.828000000000000000e+03
4.956000000000000000e+03
4.859000000000000000e+03
4.898000000000000000e+03
4.871000000000000000e+03
4.933000000000000000e+03
4.884000000000000000e+03
4.950000000000000000e+03
4.944000000000000000e+03
4.954000000000000000e+03
4.947000000000000000e+03
5.001000000000000000e+03
4.932000000000000000e+03
4.928000000000000000e+03
5.012000000000000000e+03
5.014000000000000000e+03
4.962000000000000000e+03
4.961000000000000000e+03
4.984000000000000000e+03
5.045000000000000000e+03
4.936000000000000000e+03
4.961000000000000000e+03
5.039000000000000000e+03
5.032000000000000000e+03
4.959000000000000000e+03
5.124000000000000000e+03
5.079000000000000000e+03
4.987000000000000000e+03
5.017000000000000000e+03
4.951000000000000000e+03
5.065000000000000000e+03
5.122000000000000000e+03
5.066000000000000000e+03
4.966000000000000000e+03
5.043000000000000000e+03
4.982000000000000000e+03
5.140000000000000000e+03
5.036000000000000000e+03
5.065000000000000000e+03
5.019000000000000000e+03
5.057000000000000000e+03
5.024000000000000000e+03
4.993000000000000000e+03
5.030000000000000000e+03
5.006000000000000000e+03
5.094000000000000000e+03
5.148000000000000000e+03
5.142000000000000000e+03
5.105000000000000000e+03
5.056000000000000000e+03
5.049000000000000000e+03
5.173000000000000000e+03
5.128000000000000000e+03
5.175000000000000000e+03
5.169000000000000000e+03
5.062000000000000000e+03
5.134000000000000000e+03
5.140000000000000000e+03
5.143000000000000000e+03
5.206000000000000000e+03
5.165000000000000000e+03
5.172000000000000000e+03
5.133000000000000000e+03
5.195000000000000000e+03
5.188000000000000000e+03
5.183000000000000000e+03
5.276000000000000000e+03
5.202000000000000000e+03
5.134000000000000000e+03
5.209000000000000000e+03
5.187000000000000000e+03
5.117000000000000000e+03
5.064000000000000000e+03
5.189000000000000000e+03
5.182000000000000000e+03
5.202000000000000000e+03
5.151000000000000000e+03
5.197000000000000000e+03
5.198000000000000000e+03
5.229000000000000000e+03
5.196000000000000000e+03
5.127000000000000000e+03
5.134000000000000000e+03
5.180000000000000000e+03
5.098000000000000000e+03
5.192000000000000000e+03
5.151000000000000000e+03
5.212000000000000000e+03
5.168000000000000000e+03
5.256000000000000000e+03
5.204000000000000000e+03
5.175000000000000000e+03
5.165000000000000000e+03
5.077000000000000000e+03
5.261000000000000000e+03
5.189000000000000000e+03
5.167000000000000000e+03
5.106000000000000000e+03
5.139000000000000000e+03
5.130000000000000000e+03
5.143000000000000000e+03
5.175000000000000000e+03
5.144000000000000000e+03
5.146000000000000000e+03
5.157000000000000000e+03
5.147000000000000000e+03
5.078000000000000000e+03
5.084000000000000000e+03
5.180000000000000000e+03
5.079000000000000000e+03
5.151000000000000000e+03
5.052000000000000000e+03
5.088000000000000000e+03
5.076000000000000000e+03
5.031000000000000000e+03
4.995000000000000000e+03
5.156000000000000000e+03
5.077000000000000000e+03
4.941000000000000000e+03
4.986000000000000000e+03
5.103000000000000000e+03
5.041000000000000000e+03
4.991000000000000000e+03
4.987000000000000000e+03
4.996000000000000000e+03
5.035000000000000000e+03
4.927000000000000000e+03
4.967000000000000000e+03
5.074000000000000000e+03
4.925000000000000000e+03
4.931000000000000000e+03
5.023000000000000000e+03
4.994000000000000000e+03
4.928000000000000000e+03
4.959000000000000000e+03
4.942000000000000000e+03
4.967000000000000000e+03
4.924000000000000000e+03
4.933000000000000000e+03
4.907000000000000000e+03
4.924000000000000000e+03
4.902000000000000000e+03
4.869000000000000000e+03
4.962000000000000000e+03
4.763000000000000000e+03
4.833000000000000000e+03
4.908000000000000000e+03
4.771000000000000000e+03
4.849000000000000000e+03
4.835000000000000000e+03
4.787000000000000000e+03
4.745000000000000000e+03
4.679000000000000000e+03
4.842000000000000000e+03
4.843000000000000000e+03
4.699000000000000000e+03
4.778000000000000000e+03
4.750000000000000000e+03
4.740000000000000000e+03
4.694000000000000000e+03
4.779000000000000000e+03
4.732000000000000000e+03
4.761000000000000000e+03
4.725000000000000000e+03
4.640000000000000000e+03
4.706000000000000000e+03
4.772000000000000000e+03
4.638000000000000000e+03
4.635000000000000000e+03
4.636000000000000000e+03
4.580000000000000000e+03
4.648000000000000000e+03
4.552000000000000000e+03
4.550000000000000000e+03
4.600000000000000000e+03
4.516000000000000000e+03
4.644000000000000000e+03
4.620000000000000000e+03
4.553000000000000000e+03
4.540000000000000000e+03
4.636000000000000000e+03
4.648000000000000000e+03
4.597000000000000000e+03
4.475000000000000000e+03
4.489000000000000000e+03
4.525000000000000000e+03
4.548000000000000000e+03
4.427000000000000000e+03
4.439000000000000000e+03
4.531000000000000000e+03
4.530000000000000000e+03
4.484000000000000000e+03
4.514000000000000000e+03
4.506000000000000000e+03
4.479000000000000000e+03
4.425000000000000000e+03
4.501000000000000000e+03
4.360000000000000000e+03
4.444000000000000000e+03
4.430000000000000000e+03
4.479000000000000000e+03
4.395000000000000000e+03
4.501000000000000000e+03
4.425000000000000000e+03
4.408000000000000000e+03
4.458000000000000000e+03
4.342000000000000000e+03
4.494000000000000000e+03
4.358000000000000000e+03
4.368000000000000000e+03
4.404000000000000000e+03
4.437000000000000000e+03
4.400000000000000000e+03
4.404000000000000000e+03
4.429000000000000000e+03
4.329000000000000000e+03
4.299000000000000000e+03
4.356000000000000000e+03
4.284000000000000000e+03
4.371000000000000000e+03
4.310000000000000000e+03
4.278000000000000000e+03
4.320000000000000000e+03
4.337000000000000000e+03
4.291000000000000000e+03
4.252000000000000000e+03
4.305000000000000000e+03
4.325000000000000000e+03
4.334000000000000000e+03
4.354000000000000000e+03
4.228000000000000000e+03
4.259000000000000000e+03
4.219000000000000000e+03
4.193000000000000000e+03
4.168000000000000000e+03
4.208000000000000000e+03
4.171000000000000000e+03
4.227000000000000000e+03
4.299000000000000000e+03
4.213000000000000000e+03
4.137000000000000000e+03
4.199000000000000000e+03
4.230000000000000000e+03
4.230000000000000000e+03
4.227000000000000000e+03
4.211000000000000000e+03
4.191000000000000000e+03
4.092000000000000000e+03
4.145000000000000000e+03
4.087000000000000000e+03
4.107000000000000000e+03
4.203000000000000000e+03
4.133000000000000000e+03
4.118000000000000000e+03
4.038000000000000000e+03
4.130000000000000000e+03
4.094000000000000000e+03
4.058000000000000000e+03
4.136000000000000000e+03
4.045000000000000000e+03
4.017000000000000000e+03
4.064000000000000000e+03
4.137000000000000000e+03
4.089000000000000000e+03
4.054000000000000000e+03
4.027000000000000000e+03
4.041000000000000000e+03
3.999000000000000000e+03
3.922000000000000000e+03
4.025000000000000000e+03
4.015000000000000000e+03
3.994000000000000000e+03
3.934000000000000000e+03
3.985000000000000000e+03
3.998000000000000000e+03
3.998000000000000000e+03
3.957000000000000000e+03
3.948000000000000000e+03
3.975000000000000000e+03
4.000000000000000000e+03
3.953000000000000000e+03
3.950000000000000000e+03
3.957000000000000000e+03
3.834000000000000000e+03
3.920000000000000000e+03
3.883000000000000000e+03
3.929000000000000000e+03
3.806000000000000000e+03
3.813000000000000000e+03
3.800000000000000000e+03
3.854000000000000000e+03
3.863000000000000000e+03
3.792000000000000000e+03
3.823000000000000000e+03
3.825000000000000000e+03
3.708000000000000000e+03
3.798000000000000000e+03
3.724000000000000000e+03
3.770000000000000000e+03
3.767000000000000000e+03
3.709000000000000000e+03
3.708000000000000000e+03
3.808000000000000000e+03
3.701000000000000000e+03
3.707000000000000000e+03
3.698000000000000000e+03
3.704000000000000000e+03
3.693000000000000000e+03
3.759000000000000000e+03
3.671000000000000000e+03
3.589000000000000000e+03
3.605000000000000000e+03
3.634000000000000000e+03
3.639000000000000000e+03
3.682000000000000000e+03
3.623000000000000000e+03
3.587000000000000000e+03
3.617000000000000000e+03
3.535000000000000000e+03
3.585000000000000000e+03
3.530000000000000000e+03
3.602000000000000000e+03
3.486000000000000000e+03
3.467000000000000000e+03
3.526000000000000000e+03
3.472000000000000000e+03
3.452000000000000000e+03
3.457000000000000000e+03
3.462000000000000000e+03
3.524000000000000000e+03
3.392000000000000000e+03
3.389000000000000000e+03
3.434000000000000000e+03
3.376000000000000000e+03
3.477000000000000000e+03
3.404000000000000000e+03
3.358000000000000000e+03
3.360000000000000000e+03
3.340000000000000000e+03
3.291000000000000000e+03
3.332000000000000000e+03
3.328000000000000000e+03
3.293000000000000000e+03
3.356000000000000000e+03
3.254000000000000000e+03
3.264000000000000000e+03
3.229000000000000000e+03
3.267000000000000000e+03
3.200000000000000000e+03
3.176000000000000000e+03
3.240000000000000000e+03
3.139000000000000000e+03
3.202000000000000000e+03
3.177000000000000000e+03
3.184000000000000000e+03
3.161000000000000000e+03
3.099000000000000000e+03
3.117000000000000000e+03
3.050000000000000000e+03
3.049000000000000000e+03
3.054000000000000000e+03
3.051000000000000000e+03
3.002000000000000000e+03
3.069000000000000000e+03
3.115000000000000000e+03
2.949000000000000000e+03
2.994000000000000000e+03
2.969000000000000000e+03
2.950000000000000000e+03
2.963000000000000000e+03
2.938000000000000000e+03
2.920000000000000000e+03
2.963000000000000000e+03
2.933000000000000000e+03
2.927000000000000000e+03
2.968000000000000000e+03
2.945000000000000000e+03
2.898000000000000000e+03
2.922000000000000000e+03
2.926000000000000000e+03
2.860000000000000000e+03
2.882000000000000000e+03
2.852000000000000000e+03
2.809000000000000000e+03
2.876000000000000000e+03
2.873000000000000000e+03
2.861000000000000000e+03
2.761000000000000000e+03
2.759000000000000000e+03
2.813000000000000000e+03
2.767000000000000000e+03
2.898000000000000000e+03
2.791000000000000000e+03
2.818000000000000000e+03
2.778000000000000000e+03
2.722000000000000000e+03
2.761000000000000000e+03
2.798000000000000000e+03
2.724000000000000000e+03
