1.676000000000000000e+03
1.750000000000000000e+03
1.743000000000000000e+03
1.705000000000000000e+03
1.714000000000000000e+03
1.704000000000000000e+03
1.756000000000000000e+03
1.726000000000000000e+03
1.767000000000000000e+03
1.716000000000000000e+03
1.709000000000000000e+03
1.768000000000000000e+03
1.801000000000000000e+03
1.806000000000000000e+03
1.813000000000000000e+03
1.798000000000000000e+03
1.785000000000000000e+03
1.807000000000000000e+03
1.820000000000000000e+03
1.855000000000000000e+03
1.832000000000000000e+03
1.802000000000000000e+03
1.835000000000000000e+03
1.849000000000000000e+03
1.874000000000000000e+03
1.824000000000000000e+03
1.868000000000000000e+03
1.886000000000000000e+03
1.954000000000000000e+03
1.901000000000000000e+03
1.921000000000000000e+03
1.909000000000000000e+03
1.872000000000000000e+03
1.929000000000000000e+03
1.882000000000000000e+03
1.902000000000000000e+03
1.894000000000000000e+03
1.932000000000000000e+03
1.955000000000000000e+03
1.904000000000000000e+03
1.941000000000000000e+03
1.925000000000000000e+03
1.936000000000000000e+03
1.898000000000000000e+03
1.949000000000000000e+03
1.951000000000000000e+03
1.979000000000000000e+03
1.949000000000000000e+03
2.001000000000000000e+03
1.958000000000000000e+03
2.002000000000000000e+03
1.942000000000000000e+03
1.995000000000000000e+03
2.003000000000000000e+03
2.016000000000000000e+03
2.017000000000000000e+03
2.045000000000000000e+03
2.039000000000000000e+03
2.079000000000000000e+03
2.044000000000000000e+03
2.010000000000000000e+03
2.050000000000000000e+03
2.059000000000000000e+03
2.090000000000000000e+03
2.037000000000000000e+03
2.089000000000000000e+03
2.016000000000000000e+03
2.046000000000000000e+03
2.088000000000000000e+03
2.054000000000000000e+03
2.062000000000000000e+03
2.092000000000000000e+03
2.124000000000000000e+03
2.060000000000000000e+03
2.125000000000000000e+03
2.121000000000000000e+03
2.105000000000000000e+03
2.125000000000000000e+03
2.081000000000000000e+03
2.086000000000000000e+03
2.171000000000000000e+03
2.115000000000000000e+03
2.234000000000000000e+03
2.143000000000000000e+03
2.148000000000000000e+03
2.135000000000000000e+03
2.126000000000000000e+03
2.156000000000000000e+03
2.186000000000000000e+03
2.176000000000000000e+03
2.146000000000000000e+03
2.209000000000000000e+03
2.197000000000000000e+03
2.241000000000000000e+03
2.128000000000000000e+03
2.240000000000000000e+03
2.230000000000000000e+03
2.231000000000000000e+03
2.239000000000000000e+03
2.256000000000000000e+03
2.261000000000000000e+03
2.269000000000000000e+03
2.278000000000000000e+03
2.311000000000000000e+03
2.280000000000000000e+03
2.306000000000000000e+03
2.319000000000000000e+03
2.321000000000000000e+03
2.342000000000000000e+03
2.360000000000000000e+03
2.293000000000000000e+03
2.343000000000000000e+03
2.335000000000000000e+03
2.424000000000000000e+03
2.360000000000000000e+03
2.414000000000000000e+03
2.394000000000000000e+03
2.346000000000000000e+03
2.492000000000000000e+03
2.477000000000000000e+03
2.541000000000000000e+03
2.489000000000000000e+03
2.465000000000000000e+03
2.469000000000000000e+03
2.498000000000000000e+03
2.487000000000000000e+03
2.575000000000000000e+03
2.583000000000000000e+03
2.559000000000000000e+03
2.616000000000000000e+03
2.566000000000000000e+03
2.587000000000000000e+03
2.550000000000000000e+03
2.599000000000000000e+03
2.652000000000000000e+03
2.668000000000000000e+03
2.643000000000000000e+03
2.668000000000000000e+03
2.623000000000000000e+03
2.680000000000000000e+03
2.701000000000000000e+03
2.706000000000000000e+03
2.737000000000000000e+03
2.738000000000000000e+03
2.744000000000000000e+03
2.771000000000000000e+03
2.740000000000000000e+03
2.754000000000000000e+03
2.825000000000000000e+03
2.817000000000000000e+03
2.794000000000000000e+03
2.829000000000000000e+03
2.853000000000000000e+03
2.830000000000000000e+03
2.846000000000000000e+03
2.884000000000000000e+03
2.858000000000000000e+03
2.891000000000000000e+03
2.888000000000000000e+03
2.941000000000000000e+03
2.932000000000000000e+03
2.956000000000000000e+03
2.974000000000000000e+03
2.916000000000000000e+03
2.979000000000000000e+03
3.000000000000000000e+03
3.013000000000000000e+03
3.029000000000000000e+03
2.929000000000000000e+03
2.986000000000000000e+03
3.041000000000000000e+03
3.118000000000000000e+03
3.075000000000000000e+03
3.055000000000000000e+03
3.080000000000000000e+03
3.122000000000000000e+03
3.105000000000000000e+03
3.134000000000000000e+03
3.115000000000000000e+03
3.116000000000000000e+03
3.089000000000000000e+03
3.114000000000000000e+03
3.120000000000000000e+03
3.262000000000000000e+03
3.640000000000000000e+03
3.499000000000000000e+03
3.133000000000000000e+03
3.249000000000000000e+03
3.168000000000000000e+03
3.201000000000000000e+03
3.210000000000000000e+03
3.266000000000000000e+03
3.139000000000000000e+03
3.252000000000000000e+03
3.263000000000000000e+03
3.289000000000000000e+03
3.261000000000000000e+03
3.207000000000000000e+03
3.281000000000000000e+03
3.314000000000000000e+03
3.302000000000000000e+03
3.347000000000000000e+03
3.291000000000000000e+03
3.274000000000000000e+03
3.292000000000000000e+03
3.401000000000000000e+03
3.343000000000000000e+03
3.379000000000000000e+03
3.412000000000000000e+03
3.424000000000000000e+03
3.391000000000000000e+03
3.406000000000000000e+03
3.486000000000000000e+03
3.448000000000000000e+03
3.452000000000000000e+03
3.475000000000000000e+03
3.533000000000000000e+03
3.460000000000000000e+03
3.608000000000000000e+03
3.581000000000000000e+03
3.590000000000000000e+03
3.622000000000000000e+03
3.629000000000000000e+03
3.656000000000000000e+03
3.655000000000000000e+03
3.616000000000000000e+03
3.656000000000000000e+03
3.683000000000000000e+03
3.741000000000000000e+03
3.739000000000000000e+03
3.829000000000000000e+03
3.741000000000000000e+03
3.771000000000000000e+03
3.778000000000000000e+03
3.798000000000000000e+03
3.843000000000000000e+03
3.899000000000000000e+03
3.859000000000000000e+03
3.832000000000000000e+03
3.844000000000000000e+03
3.851000000000000000e+03
3.930000000000000000e+03
3.999000000000000000e+03
3.948000000000000000e+03
3.932000000000000000e+03
4.022000000000000000e+03
4.025000000000000000e+03
3.978000000000000000e+03
4.045000000000000000e+03
4.105000000000000000e+03
4.097000000000000000e+03
4.018000000000000000e+03
4.169000000000000000e+03
4.027000000000000000e+03
4.102000000000000000e+03
4.155000000000000000e+03
4.149000000000000000e+03
4.210000000000000000e+03
4.150000000000000000e+03
4.164000000000000000e+03
4.262000000000000000e+03
4.314000000000000000e+03
4.244000000000000000e+03
4.225000000000000000e+03
4.245000000000000000e+03
4.256000000000000000e+03
4.248000000000000000e+03
4.241000000000000000e+03
4.263000000000000000e+03
4.367000000000000000e+03
4.336000000000000000e+03
4.325000000000000000e+03
4.386000000000000000e+03
4.238000000000000000e+03
4.351000000000000000e+03
4.392000000000000000e+03
4.343000000000000000e+03
4.329000000000000000e+03
4.328000000000000000e+03
4.402000000000000000e+03
4.357000000000000000e+03
4.434000000000000000e+03
4.451000000000000000e+03
4.368000000000000000e+03
4.385000000000000000e+03
4.390000000000000000e+03
4.385000000000000000e+03
4.446000000000000000e+03
4.516000000000000000e+03
4.395000000000000000e+03
4.409000000000000000e+03
4.387000000000000000e+03
4.385000000000000000e+03
4.437000000000000000e+03
4.463000000000000000e+03
4.466000000000000000e+03
4.503000000000000000e+03
4.498000000000000000e+03
4.503000000000000000e+03
4.499000000000000000e+03
4.465000000000000000e+03
4.567000000000000000e+03
4.461000000000000000e+03
4.526000000000000000e+03
4.538000000000000000e+03
4.619000000000000000e+03
4.519000000000000000e+03
4.506000000000000000e+03
4.536000000000000000e+03
4.529000000000000000e+03
4.531000000000000000e+03
4.590000000000000000e+03
4.524000000000000000e+03
4.576000000000000000e+03
4.554000000000000000e+03
4.474000000000000000e+03
4.460000000000000000e+03
4.492000000000000000e+03
4.516000000000000000e+03
4.548000000000000000e+03
4.537000000000000000e+03
4.612000000000000000e+03
4.621000000000000000e+03
4.637000000000000000e+03
4.672000000000000000e+03
4.599000000000000000e+03
4.641000000000000000e+03
4.618000000000000000e+03
4.678000000000000000e+03
4.640000000000000000e+03
4.598000000000000000e+03
4.582000000000000000e+03
4.641000000000000000e+03
4.597000000000000000e+03
4.584000000000000000e+03
4.589000000000000000e+03
4.684000000000000000e+03
4.579000000000000000e+03
4.518000000000000000e+03
4.617000000000000000e+03
4.566000000000000000e+03
4.597000000000000000e+03
4.558000000000000000e+03
4.641000000000000000e+03
4.566000000000000000e+03
4.612000000000000000e+03
4.662000000000000000e+03
4.660000000000000000e+03
4.534000000000000000e+03
4.573000000000000000e+03
4.608000000000000000e+03
4.776000000000000000e+03
4.660000000000000000e+03
4.617000000000000000e+03
4.575000000000000000e+03
4.581000000000000000e+03
4.664000000000000000e+03
4.689000000000000000e+03
4.723000000000000000e+03
4.691000000000000000e+03
4.635000000000000000e+03
4.628000000000000000e+03
4.619000000000000000e+03
4.658000000000000000e+03
4.690000000000000000e+03
4.674000000000000000e+03
4.688000000000000000e+03
4.779000000000000000e+03
4.732000000000000000e+03
4.693000000000000000e+03
4.796000000000000000e+03
4.785000000000000000e+03
4.646000000000000000e+03
4.657000000000000000e+03
4.755000000000000000e+03
4.729000000000000000e+03
4.770000000000000000e+03
4.784000000000000000e+03
4.739000000000000000e+03
4.754000000000000000e+03
4.690000000000000000e+03
4.836000000000000000e+03
4.764000000000000000e+03
4.814000000000000000e+03
4.788000000000000000e+03
4.868000000000000000e+03
4.857000000000000000e+03
4.784000000000000000e+03
4.893000000000000000e+03
4.776000000000000000e+03
4.877000000000000000e+03
4.862000000000000000e+03
4.732000000000000000e+03
4.830000000000000000e+03
4.744000000000000000e+03
4.771000000000000000e+03
4.836000000000000000e+03
4.777000000000000000e+03
4.837000000000000000e+03
4.856000000000000000e+03
4.911000000000000000e+03
4.792000000000000000e+03
4.775000000000000000e+03
4.891000000000000000e+03
4.789000000000000000e+03
4.922000000000000000e+03
4.952000000000000000e+03
4.934000000000000000e+03
4.899000000000000000e+03
4.819000000000000000e+03
4.957000000000000000e+03
4.849000000000000000e+03
4.900000000000000000e+03
4.891000000000000000e+03
4.854000000000000000e+03
4.846000000000000000e+03
4.942000000000000000e+03
4.929000000000000000e+03
4.943000000000000000e+03
4.973000000000000000e+03
5.001000000000000000e+03
4.888000000000000000e+03
5.003000000000000000e+03
5.195000000000000000e+03
4.983000000000000000e+03
4.943000000000000000e+03
4.956000000000000000e+03
4.863000000000000000e+03
5.059000000000000000e+03
4.982000000000000000e+03
5.014000000000000000e+03
4.952000000000000000e+03
4.939000000000000000e+03
5.098000000000000000e+03
5.052000000000000000e+03
4.977000000000000000e+03
4.980000000000000000e+03
5.027000000000000000e+03
4.993000000000000000e+03
4.973000000000000000e+03
5.046000000000000000e+03
4.976000000000000000e+03
4.951000000000000000e+03
5.018000000000000000e+03
5.042000000000000000e+03
5.045000000000000000e+03
5.025000000000000000e+03
4.986000000000000000e+03
4.965000000000000000e+03
4.997000000000000000e+03
4.906000000000000000e+03
4.934000000000000000e+03
4.949000000000000000e+03
5.022000000000000000e+03
5.031000000000000000e+03
4.932000000000000000e+03
5.057000000000000000e+03
5.051000000000000000e+03
4.965000000000000000e+03
5.030000000000000000e+03
5.005000000000000000e+03
4.874000000000000000e+03
4.946000000000000000e+03
4.955000000000000000e+03
5.004000000000000000e+03
4.995000000000000000e+03
4.856000000000000000e+03
4.932000000000000000e+03
4.954000000000000000e+03
4.925000000000000000e+03
4.942000000000000000e+03
4.908000000000000000e+03
4.960000000000000000e+03
4.908000000000000000e+03
4.902000000000000000e+03
4.893000000000000000e+03
4.925000000000000000e+03
4.884000000000000000e+03
4.944000000000000000e+03
4.853000000000000000e+03
4.943000000000000000e+03
4.886000000000000000e+03
4.841000000000000000e+03
4.997000000000000000e+03
4.903000000000000000e+03
4.839000000000000000e+03
4.860000000000000000e+03
4.838000000000000000e+03
4.827000000000000000e+03
4.859000000000000000e+03
4.918000000000000000e+03
4.792000000000000000e+03
4.784000000000000000e+03
4.739000000000000000e+03
4.810000000000000000e+03
4.789000000000000000e+03
4.820000000000000000e+03
4.801000000000000000e+03
4.798000000000000000e+03
4.825000000000000000e+03
4.791000000000000000e+03
4.812000000000000000e+03
4.674000000000000000e+03
4.752000000000000000e+03
4.770000000000000000e+03
4.694000000000000000e+03
4.753000000000000000e+03
4.736000000000000000e+03
4.764000000000000000e+03
4.689000000000000000e+03
4.688000000000000000e+03
4.691000000000000000e+03
4.684000000000000000e+03
4.684000000000000000e+03
4.651000000000000000e+03
4.613000000000000000e+03
4.707000000000000000e+03
4.560000000000000000e+03
4.645000000000000000e+03
4.542000000000000000e+03
4.570000000000000000e+03
4.702000000000000000e+03
4.588000000000000000e+03
4.599000000000000000e+03
4.588000000000000000e+03
4.500000000000000000e+03
4.512000000000000000e+03
4.589000000000000000e+03
4.551000000000000000e+03
4.489000000000000000e+03
4.512000000000000000e+03
4.505000000000000000e+03
4.446000000000000000e+03
4.419000000000000000e+03
4.503000000000000000e+03
4.377000000000000000e+03
4.483000000000000000e+03
4.456000000000000000e+03
4.374000000000000000e+03
4.447000000000000000e+03
4.414000000000000000e+03
4.410000000000000000e+03
4.372000000000000000e+03
4.388000000000000000e+03
4.379000000000000000e+03
4.357000000000000000e+03
4.397000000000000000e+03
4.320000000000000000e+03
4.321000000000000000e+03
4.378000000000000000e+03
4.279000000000000000e+03
4.266000000000000000e+03
4.456000000000000000e+03
4.347000000000000000e+03
4.344000000000000000e+03
4.283000000000000000e+03
4.225000000000000000e+03
4.325000000000000000e+03
4.215000000000000000e+03
4.245000000000000000e+03
4.255000000000000000e+03
4.295000000000000000e+03
4.266000000000000000e+03
4.230000000000000000e+03
4.267000000000000000e+03
4.259000000000000000e+03
4.235000000000000000e+03
4.204000000000000000e+03
4.184000000000000000e+03
4.211000000000000000e+03
4.202000000000000000e+03
4.150000000000000000e+03
4.204000000000000000e+03
4.220000000000000000e+03
4.179000000000000000e+03
4.156000000000000000e+03
4.177000000000000000e+03
4.200000000000000000e+03
4.228000000000000000e+03
4.178000000000000000e+03
4.264000000000000000e+03
4.194000000000000000e+03
4.164000000000000000e+03
4.192000000000000000e+03
4.220000000000000000e+03
4.160000000000000000e+03
4.144000000000000000e+03
4.101000000000000000e+03
4.125000000000000000e+03
4.208000000000000000e+03
4.069000000000000000e+03
4.161000000000000000e+03
4.127000000000000000e+03
4.090000000000000000e+03
4.041000000000000000e+03
4.114000000000000000e+03
4.271000000000000000e+03
4.070000000000000000e+03
4.037000000000000000e+03
3.995000000000000000e+03
4.045000000000000000e+03
4.103000000000000000e+03
4.060000000000000000e+03
4.006000000000000000e+03
4.050000000000000000e+03
4.027000000000000000e+03
4.063000000000000000e+03
4.013000000000000000e+03
3.968000000000000000e+03
4.020000000000000000e+03
4.018000000000000000e+03
3.963000000000000000e+03
4.090000000000000000e+03
3.912000000000000000e+03
3.936000000000000000e+03
3.952000000000000000e+03
3.906000000000000000e+03
3.980000000000000000e+03
3.889000000000000000e+03
3.952000000000000000e+03
3.957000000000000000e+03
3.861000000000000000e+03
3.865000000000000000e+03
3.883000000000000000e+03
3.937000000000000000e+03
3.883000000000000000e+03
3.895000000000000000e+03
3.902000000000000000e+03
3.954000000000000000e+03
3.846000000000000000e+03
3.834000000000000000e+03
3.854000000000000000e+03
3.848000000000000000e+03
3.897000000000000000e+03
3.873000000000000000e+03
3.873000000000000000e+03
3.873000000000000000e+03
3.860000000000000000e+03
3.850000000000000000e+03
3.898000000000000000e+03
3.803000000000000000e+03
3.747000000000000000e+03
3.841000000000000000e+03
3.793000000000000000e+03
3.716000000000000000e+03
3.727000000000000000e+03
3.735000000000000000e+03
3.850000000000000000e+03
3.727000000000000000e+03
3.689000000000000000e+03
3.686000000000000000e+03
3.783000000000000000e+03
3.664000000000000000e+03
3.735000000000000000e+03
3.654000000000000000e+03
3.633000000000000000e+03
3.634000000000000000e+03
3.629000000000000000e+03
3.631000000000000000e+03
3.656000000000000000e+03
3.699000000000000000e+03
3.649000000000000000e+03
3.699000000000000000e+03
3.650000000000000000e+03
3.592000000000000000e+03
3.599000000000000000e+03
3.618000000000000000e+03
3.578000000000000000e+03
3.573000000000000000e+03
3.613000000000000000e+03
3.582000000000000000e+03
3.673000000000000000e+03
3.568000000000000000e+03
3.542000000000000000e+03
3.523000000000000000e+03
3.533000000000000000e+03
3.486000000000000000e+03
3.584000000000000000e+03
3.513000000000000000e+03
3.495000000000000000e+03
3.454000000000000000e+03
3.484000000000000000e+03
3.409000000000000000e+03
3.454000000000000000e+03
3.419000000000000000e+03
3.405000000000000000e+03
3.340000000000000000e+03
3.387000000000000000e+03
3.412000000000000000e+03
3.351000000000000000e+03
3.271000000000000000e+03
3.353000000000000000e+03
3.334000000000000000e+03
3.381000000000000000e+03
3.291000000000000000e+03
3.319000000000000000e+03
3.323000000000000000e+03
3.320000000000000000e+03
3.262000000000000000e+03
3.263000000000000000e+03
3.238000000000000000e+03
3.211000000000000000e+03
3.200000000000000000e+03
3.188000000000000000e+03
3.187000000000000000e+03
3.233000000000000000e+03
3.135000000000000000e+03
3.137000000000000000e+03
3.152000000000000000e+03
3.123000000000000000e+03
3.203000000000000000e+03
3.127000000000000000e+03
3.103000000000000000e+03
3.140000000000000000e+03
3.051000000000000000e+03
3.059000000000000000e+03
3.014000000000000000e+03
3.062000000000000000e+03
3.045000000000000000e+03
2.970000000000000000e+03
3.046000000000000000e+03
3.041000000000000000e+03
3.065000000000000000e+03
2.947000000000000000e+03
2.973000000000000000e+03
2.992000000000000000e+03
2.959000000000000000e+03
2.882000000000000000e+03
2.923000000000000000e+03
2.891000000000000000e+03
2.916000000000000000e+03
2.911000000000000000e+03
2.889000000000000000e+03
2.907000000000000000e+03
2.895000000000000000e+03
2.801000000000000000e+03
2.831000000000000000e+03
2.891000000000000000e+03
2.854000000000000000e+03
2.807000000000000000e+03
2.815000000000000000e+03
2.827000000000000000e+03
2.742000000000000000e+03
2.769000000000000000e+03
2.782000000000000000e+03
2.791000000000000000e+03
2.747000000000000000e+03
2.808000000000000000e+03
2.719000000000000000e+03
2.757000000000000000e+03
2.731000000000000000e+03
2.719000000000000000e+03
2.708000000000000000e+03
2.755000000000000000e+03
2.719000000000000000e+03
2.719000000000000000e+03
2.715000000000000000e+03
2.693000000000000000e+03
2.691000000000000000e+03
2.767000000000000000e+03
2.683000000000000000e+03
2.627000000000000000e+03
2.703000000000000000e+03
2.702000000000000000e+03
2.611000000000000000e+03
