1.692000000000000000e+03
1.644000000000000000e+03
1.683000000000000000e+03
1.678000000000000000e+03
1.686000000000000000e+03
1.716000000000000000e+03
1.680000000000000000e+03
1.738000000000000000e+03
1.704000000000000000e+03
1.680000000000000000e+03
1.741000000000000000e+03
1.748000000000000000e+03
1.732000000000000000e+03
1.757000000000000000e+03
1.736000000000000000e+03
1.714000000000000000e+03
1.696000000000000000e+03
1.745000000000000000e+03
1.766000000000000000e+03
1.797000000000000000e+03
1.752000000000000000e+03
1.793000000000000000e+03
1.811000000000000000e+03
1.800000000000000000e+03
1.803000000000000000e+03
1.820000000000000000e+03
1.839000000000000000e+03
1.815000000000000000e+03
1.853000000000000000e+03
1.842000000000000000e+03
1.784000000000000000e+03
1.834000000000000000e+03
1.823000000000000000e+03
1.839000000000000000e+03
1.869000000000000000e+03
1.853000000000000000e+03
1.876000000000000000e+03
1.898000000000000000e+03
1.903000000000000000e+03
1.911000000000000000e+03
1.835000000000000000e+03
1.960000000000000000e+03
1.897000000000000000e+03
1.870000000000000000e+03
1.890000000000000000e+03
1.910000000000000000e+03
1.960000000000000000e+03
1.890000000000000000e+03
1.937000000000000000e+03
1.920000000000000000e+03
1.905000000000000000e+03
1.945000000000000000e+03
1.944000000000000000e+03
1.955000000000000000e+03
1.956000000000000000e+03
1.915000000000000000e+03
1.922000000000000000e+03
1.948000000000000000e+03
1.999000000000000000e+03
1.980000000000000000e+03
1.970000000000000000e+03
1.992000000000000000e+03
2.005000000000000000e+03
1.974000000000000000e+03
2.036000000000000000e+03
2.057000000000000000e+03
2.073000000000000000e+03
1.998000000000000000e+03
2.008000000000000000e+03
2.032000000000000000e+03
2.075000000000000000e+03
1.999000000000000000e+03
2.021000000000000000e+03
2.049000000000000000e+03
2.088000000000000000e+03
2.055000000000000000e+03
2.055000000000000000e+03
2.087000000000000000e+03
2.099000000000000000e+03
2.084000000000000000e+03
2.111000000000000000e+03
2.110000000000000000e+03
2.115000000000000000e+03
2.067000000000000000e+03
2.069000000000000000e+03
2.110000000000000000e+03
2.124000000000000000e+03
2.147000000000000000e+03
2.131000000000000000e+03
2.131000000000000000e+03
2.173000000000000000e+03
2.181000000000000000e+03
2.166000000000000000e+03
2.122000000000000000e+03
2.154000000000000000e+03
2.166000000000000000e+03
2.162000000000000000e+03
2.144000000000000000e+03
2.100000000000000000e+03
2.197000000000000000e+03
2.292000000000000000e+03
2.228000000000000000e+03
2.261000000000000000e+03
2.236000000000000000e+03
2.219000000000000000e+03
2.269000000000000000e+03
2.249000000000000000e+03
2.275000000000000000e+03
2.293000000000000000e+03
2.259000000000000000e+03
2.318000000000000000e+03
2.302000000000000000e+03
2.343000000000000000e+03
2.270000000000000000e+03
2.346000000000000000e+03
2.345000000000000000e+03
2.348000000000000000e+03
2.359000000000000000e+03
2.336000000000000000e+03
2.409000000000000000e+03
2.394000000000000000e+03
2.429000000000000000e+03
2.434000000000000000e+03
2.437000000000000000e+03
2.383000000000000000e+03
2.433000000000000000e+03
2.486000000000000000e+03
2.477000000000000000e+03
2.478000000000000000e+03
2.518000000000000000e+03
2.503000000000000000e+03
2.532000000000000000e+03
2.526000000000000000e+03
2.521000000000000000e+03
2.528000000000000000e+03
2.555000000000000000e+03
2.560000000000000000e+03
2.584000000000000000e+03
2.626000000000000000e+03
2.585000000000000000e+03
2.626000000000000000e+03
2.617000000000000000e+03
2.637000000000000000e+03
2.657000000000000000e+03
2.647000000000000000e+03
2.660000000000000000e+03
2.715000000000000000e+03
2.682000000000000000e+03
2.710000000000000000e+03
2.751000000000000000e+03
2.704000000000000000e+03
2.699000000000000000e+03
2.789000000000000000e+03
2.741000000000000000e+03
2.786000000000000000e+03
2.765000000000000000e+03
2.810000000000000000e+03
2.795000000000000000e+03
2.831000000000000000e+03
2.777000000000000000e+03
2.795000000000000000e+03
2.856000000000000000e+03
2.846000000000000000e+03
2.862000000000000000e+03
2.854000000000000000e+03
2.871000000000000000e+03
2.880000000000000000e+03
2.924000000000000000e+03
2.813000000000000000e+03
2.896000000000000000e+03
2.939000000000000000e+03
2.989000000000000000e+03
2.917000000000000000e+03
2.958000000000000000e+03
2.949000000000000000e+03
2.966000000000000000e+03
2.946000000000000000e+03
3.035000000000000000e+03
3.024000000000000000e+03
3.015000000000000000e+03
3.033000000000000000e+03
2.973000000000000000e+03
2.991000000000000000e+03
3.097000000000000000e+03
3.467000000000000000e+03
3.515000000000000000e+03
3.286000000000000000e+03
3.102000000000000000e+03
3.090000000000000000e+03
3.119000000000000000e+03
3.086000000000000000e+03
3.205000000000000000e+03
3.180000000000000000e+03
3.144000000000000000e+03
3.146000000000000000e+03
3.184000000000000000e+03
3.102000000000000000e+03
3.132000000000000000e+03
3.213000000000000000e+03
3.144000000000000000e+03
3.317000000000000000e+03
3.224000000000000000e+03
3.248000000000000000e+03
3.246000000000000000e+03
3.216000000000000000e+03
3.286000000000000000e+03
3.296000000000000000e+03
3.308000000000000000e+03
3.336000000000000000e+03
3.300000000000000000e+03
3.316000000000000000e+03
3.325000000000000000e+03
3.333000000000000000e+03
3.385000000000000000e+03
3.425000000000000000e+03
3.348000000000000000e+03
3.411000000000000000e+03
3.470000000000000000e+03
3.463000000000000000e+03
3.446000000000000000e+03
3.457000000000000000e+03
3.562000000000000000e+03
3.597000000000000000e+03
3.499000000000000000e+03
3.541000000000000000e+03
3.495000000000000000e+03
3.532000000000000000e+03
3.582000000000000000e+03
3.538000000000000000e+03
3.495000000000000000e+03
3.611000000000000000e+03
3.629000000000000000e+03
3.632000000000000000e+03
3.644000000000000000e+03
3.674000000000000000e+03
3.735000000000000000e+03
3.698000000000000000e+03
3.800000000000000000e+03
3.729000000000000000e+03
3.740000000000000000e+03
3.807000000000000000e+03
3.805000000000000000e+03
3.765000000000000000e+03
3.855000000000000000e+03
3.892000000000000000e+03
3.839000000000000000e+03
3.914000000000000000e+03
3.906000000000000000e+03
3.895000000000000000e+03
3.880000000000000000e+03
3.966000000000000000e+03
3.924000000000000000e+03
4.001000000000000000e+03
3.963000000000000000e+03
4.012000000000000000e+03
3.969000000000000000e+03
4.149000000000000000e+03
4.175000000000000000e+03
4.090000000000000000e+03
4.008000000000000000e+03
4.051000000000000000e+03
4.163000000000000000e+03
4.147000000000000000e+03
4.085000000000000000e+03
4.104000000000000000e+03
4.151000000000000000e+03
4.119000000000000000e+03
4.170000000000000000e+03
4.071000000000000000e+03
4.148000000000000000e+03
4.146000000000000000e+03
4.098000000000000000e+03
4.225000000000000000e+03
4.202000000000000000e+03
4.141000000000000000e+03
4.152000000000000000e+03
4.161000000000000000e+03
4.231000000000000000e+03
4.180000000000000000e+03
4.238000000000000000e+03
4.229000000000000000e+03
4.206000000000000000e+03
4.274000000000000000e+03
4.348000000000000000e+03
4.301000000000000000e+03
4.242000000000000000e+03
4.252000000000000000e+03
4.301000000000000000e+03
4.264000000000000000e+03
4.227000000000000000e+03
4.237000000000000000e+03
4.312000000000000000e+03
4.426000000000000000e+03
4.245000000000000000e+03
4.335000000000000000e+03
4.351000000000000000e+03
4.252000000000000000e+03
4.401000000000000000e+03
4.262000000000000000e+03
4.366000000000000000e+03
4.322000000000000000e+03
4.320000000000000000e+03
4.382000000000000000e+03
4.425000000000000000e+03
4.329000000000000000e+03
4.276000000000000000e+03
4.392000000000000000e+03
4.348000000000000000e+03
4.415000000000000000e+03
4.370000000000000000e+03
4.429000000000000000e+03
4.316000000000000000e+03
4.324000000000000000e+03
4.406000000000000000e+03
4.396000000000000000e+03
4.390000000000000000e+03
4.429000000000000000e+03
4.417000000000000000e+03
4.428000000000000000e+03
4.405000000000000000e+03
4.381000000000000000e+03
4.435000000000000000e+03
4.455000000000000000e+03
4.492000000000000000e+03
4.430000000000000000e+03
4.454000000000000000e+03
4.515000000000000000e+03
4.495000000000000000e+03
4.400000000000000000e+03
4.429000000000000000e+03
4.440000000000000000e+03
4.475000000000000000e+03
4.410000000000000000e+03
4.552000000000000000e+03
4.514000000000000000e+03
4.420000000000000000e+03
4.411000000000000000e+03
4.489000000000000000e+03
4.469000000000000000e+03
4.504000000000000000e+03
4.404000000000000000e+03
4.415000000000000000e+03
4.486000000000000000e+03
4.575000000000000000e+03
4.481000000000000000e+03
4.424000000000000000e+03
4.671000000000000000e+03
4.385000000000000000e+03
4.475000000000000000e+03
4.410000000000000000e+03
4.388000000000000000e+03
4.451000000000000000e+03
4.526000000000000000e+03
4.471000000000000000e+03
4.453000000000000000e+03
4.489000000000000000e+03
4.507000000000000000e+03
4.476000000000000000e+03
4.478000000000000000e+03
4.458000000000000000e+03
4.503000000000000000e+03
4.514000000000000000e+03
4.544000000000000000e+03
4.537000000000000000e+03
4.565000000000000000e+03
4.567000000000000000e+03
4.585000000000000000e+03
4.528000000000000000e+03
4.443000000000000000e+03
4.611000000000000000e+03
4.559000000000000000e+03
4.579000000000000000e+03
4.577000000000000000e+03
4.527000000000000000e+03
4.530000000000000000e+03
4.586000000000000000e+03
4.599000000000000000e+03
4.607000000000000000e+03
4.566000000000000000e+03
4.813000000000000000e+03
4.617000000000000000e+03
4.602000000000000000e+03
4.730000000000000000e+03
4.644000000000000000e+03
4.715000000000000000e+03
4.674000000000000000e+03
4.669000000000000000e+03
4.648000000000000000e+03
4.652000000000000000e+03
4.691000000000000000e+03
4.660000000000000000e+03
4.698000000000000000e+03
4.704000000000000000e+03
4.636000000000000000e+03
4.742000000000000000e+03
4.640000000000000000e+03
4.656000000000000000e+03
4.728000000000000000e+03
4.700000000000000000e+03
4.773000000000000000e+03
4.701000000000000000e+03
4.680000000000000000e+03
4.757000000000000000e+03
4.764000000000000000e+03
4.630000000000000000e+03
4.719000000000000000e+03
4.769000000000000000e+03
4.739000000000000000e+03
4.732000000000000000e+03
4.721000000000000000e+03
4.734000000000000000e+03
4.658000000000000000e+03
4.770000000000000000e+03
4.693000000000000000e+03
4.806000000000000000e+03
4.809000000000000000e+03
4.780000000000000000e+03
4.761000000000000000e+03
4.778000000000000000e+03
4.829000000000000000e+03
4.826000000000000000e+03
4.813000000000000000e+03
4.838000000000000000e+03
4.813000000000000000e+03
4.799000000000000000e+03
4.852000000000000000e+03
4.910000000000000000e+03
4.777000000000000000e+03
4.823000000000000000e+03
4.879000000000000000e+03
4.789000000000000000e+03
4.893000000000000000e+03
4.795000000000000000e+03
4.850000000000000000e+03
4.835000000000000000e+03
4.782000000000000000e+03
4.831000000000000000e+03
4.934000000000000000e+03
4.876000000000000000e+03
4.834000000000000000e+03
4.848000000000000000e+03
4.999000000000000000e+03
4.768000000000000000e+03
4.845000000000000000e+03
4.829000000000000000e+03
4.905000000000000000e+03
4.827000000000000000e+03
4.836000000000000000e+03
4.867000000000000000e+03
4.939000000000000000e+03
4.803000000000000000e+03
4.810000000000000000e+03
4.857000000000000000e+03
4.911000000000000000e+03
4.774000000000000000e+03
4.911000000000000000e+03
4.801000000000000000e+03
4.886000000000000000e+03
4.822000000000000000e+03
4.793000000000000000e+03
4.855000000000000000e+03
4.866000000000000000e+03
4.820000000000000000e+03
4.832000000000000000e+03
4.915000000000000000e+03
4.787000000000000000e+03
4.764000000000000000e+03
4.796000000000000000e+03
4.789000000000000000e+03
4.814000000000000000e+03
4.758000000000000000e+03
4.805000000000000000e+03
4.789000000000000000e+03
4.850000000000000000e+03
4.713000000000000000e+03
4.797000000000000000e+03
4.831000000000000000e+03
4.715000000000000000e+03
4.773000000000000000e+03
4.682000000000000000e+03
4.699000000000000000e+03
4.791000000000000000e+03
4.747000000000000000e+03
4.718000000000000000e+03
4.725000000000000000e+03
4.739000000000000000e+03
4.691000000000000000e+03
4.666000000000000000e+03
4.728000000000000000e+03
4.703000000000000000e+03
4.710000000000000000e+03
4.723000000000000000e+03
4.764000000000000000e+03
4.752000000000000000e+03
4.714000000000000000e+03
4.645000000000000000e+03
4.626000000000000000e+03
4.652000000000000000e+03
4.620000000000000000e+03
4.628000000000000000e+03
4.650000000000000000e+03
4.588000000000000000e+03
4.572000000000000000e+03
4.652000000000000000e+03
4.645000000000000000e+03
4.572000000000000000e+03
4.604000000000000000e+03
4.585000000000000000e+03
4.609000000000000000e+03
4.546000000000000000e+03
4.505000000000000000e+03
4.573000000000000000e+03
4.579000000000000000e+03
4.510000000000000000e+03
4.541000000000000000e+03
4.566000000000000000e+03
4.614000000000000000e+03
4.486000000000000000e+03
4.493000000000000000e+03
4.619000000000000000e+03
4.504000000000000000e+03
4.448000000000000000e+03
4.500000000000000000e+03
4.387000000000000000e+03
4.463000000000000000e+03
4.381000000000000000e+03
4.448000000000000000e+03
4.388000000000000000e+03
4.398000000000000000e+03
4.442000000000000000e+03
4.487000000000000000e+03
4.333000000000000000e+03
4.308000000000000000e+03
4.369000000000000000e+03
4.360000000000000000e+03
4.418000000000000000e+03
4.367000000000000000e+03
4.292000000000000000e+03
4.291000000000000000e+03
4.337000000000000000e+03
4.297000000000000000e+03
4.278000000000000000e+03
4.344000000000000000e+03
4.307000000000000000e+03
4.262000000000000000e+03
4.267000000000000000e+03
4.268000000000000000e+03
4.289000000000000000e+03
4.175000000000000000e+03
4.224000000000000000e+03
4.199000000000000000e+03
4.184000000000000000e+03
4.211000000000000000e+03
4.182000000000000000e+03
4.185000000000000000e+03
4.215000000000000000e+03
4.228000000000000000e+03
4.250000000000000000e+03
4.181000000000000000e+03
4.171000000000000000e+03
4.187000000000000000e+03
4.169000000000000000e+03
4.136000000000000000e+03
4.175000000000000000e+03
4.139000000000000000e+03
4.074000000000000000e+03
4.074000000000000000e+03
4.108000000000000000e+03
4.034000000000000000e+03
4.135000000000000000e+03
4.148000000000000000e+03
4.053000000000000000e+03
4.093000000000000000e+03
4.084000000000000000e+03
4.138000000000000000e+03
4.117000000000000000e+03
4.075000000000000000e+03
4.030000000000000000e+03
4.060000000000000000e+03
4.021000000000000000e+03
4.102000000000000000e+03
4.047000000000000000e+03
3.996000000000000000e+03
4.040000000000000000e+03
4.095000000000000000e+03
3.972000000000000000e+03
4.042000000000000000e+03
4.064000000000000000e+03
3.984000000000000000e+03
4.006000000000000000e+03
4.037000000000000000e+03
3.981000000000000000e+03
3.953000000000000000e+03
4.008000000000000000e+03
4.005000000000000000e+03
3.878000000000000000e+03
4.006000000000000000e+03
4.007000000000000000e+03
4.005000000000000000e+03
3.995000000000000000e+03
4.045000000000000000e+03
3.917000000000000000e+03
3.886000000000000000e+03
3.978000000000000000e+03
3.975000000000000000e+03
3.975000000000000000e+03
3.938000000000000000e+03
3.948000000000000000e+03
3.840000000000000000e+03
3.926000000000000000e+03
3.915000000000000000e+03
3.941000000000000000e+03
3.849000000000000000e+03
3.852000000000000000e+03
3.908000000000000000e+03
3.819000000000000000e+03
3.870000000000000000e+03
3.902000000000000000e+03
3.872000000000000000e+03
3.800000000000000000e+03
3.807000000000000000e+03
3.821000000000000000e+03
3.820000000000000000e+03
3.845000000000000000e+03
3.769000000000000000e+03
3.802000000000000000e+03
3.743000000000000000e+03
3.744000000000000000e+03
3.719000000000000000e+03
3.791000000000000000e+03
3.776000000000000000e+03
3.802000000000000000e+03
3.800000000000000000e+03
3.771000000000000000e+03
3.703000000000000000e+03
3.816000000000000000e+03
3.721000000000000000e+03
3.765000000000000000e+03
3.707000000000000000e+03
3.742000000000000000e+03
3.661000000000000000e+03
3.662000000000000000e+03
3.655000000000000000e+03
3.714000000000000000e+03
3.753000000000000000e+03
3.643000000000000000e+03
3.712000000000000000e+03
3.650000000000000000e+03
3.673000000000000000e+03
3.710000000000000000e+03
3.683000000000000000e+03
3.625000000000000000e+03
3.621000000000000000e+03
3.631000000000000000e+03
3.573000000000000000e+03
3.622000000000000000e+03
3.582000000000000000e+03
3.578000000000000000e+03
3.550000000000000000e+03
3.578000000000000000e+03
3.589000000000000000e+03
3.504000000000000000e+03
3.552000000000000000e+03
3.473000000000000000e+03
3.569000000000000000e+03
3.454000000000000000e+03
3.496000000000000000e+03
3.561000000000000000e+03
3.443000000000000000e+03
3.486000000000000000e+03
3.481000000000000000e+03
3.512000000000000000e+03
3.427000000000000000e+03
3.467000000000000000e+03
3.465000000000000000e+03
3.479000000000000000e+03
3.405000000000000000e+03
3.403000000000000000e+03
3.379000000000000000e+03
3.419000000000000000e+03
3.382000000000000000e+03
3.358000000000000000e+03
3.438000000000000000e+03
3.339000000000000000e+03
3.339000000000000000e+03
3.356000000000000000e+03
3.244000000000000000e+03
3.416000000000000000e+03
3.282000000000000000e+03
3.362000000000000000e+03
3.321000000000000000e+03
3.189000000000000000e+03
3.236000000000000000e+03
3.225000000000000000e+03
3.316000000000000000e+03
3.190000000000000000e+03
3.194000000000000000e+03
3.176000000000000000e+03
3.242000000000000000e+03
3.152000000000000000e+03
3.156000000000000000e+03
3.200000000000000000e+03
3.208000000000000000e+03
3.184000000000000000e+03
3.172000000000000000e+03
3.069000000000000000e+03
3.061000000000000000e+03
3.113000000000000000e+03
3.113000000000000000e+03
3.085000000000000000e+03
3.058000000000000000e+03
3.018000000000000000e+03
3.050000000000000000e+03
3.031000000000000000e+03
3.011000000000000000e+03
3.008000000000000000e+03
2.989000000000000000e+03
3.052000000000000000e+03
2.990000000000000000e+03
2.914000000000000000e+03
2.961000000000000000e+03
2.923000000000000000e+03
2.953000000000000000e+03
2.912000000000000000e+03
2.924000000000000000e+03
2.842000000000000000e+03
2.875000000000000000e+03
2.851000000000000000e+03
2.865000000000000000e+03
2.872000000000000000e+03
2.753000000000000000e+03
2.799000000000000000e+03
2.838000000000000000e+03
2.863000000000000000e+03
2.793000000000000000e+03
2.855000000000000000e+03
2.810000000000000000e+03
2.804000000000000000e+03
2.759000000000000000e+03
2.702000000000000000e+03
2.687000000000000000e+03
2.745000000000000000e+03
2.693000000000000000e+03
2.662000000000000000e+03
2.664000000000000000e+03
2.731000000000000000e+03
2.682000000000000000e+03
2.666000000000000000e+03
2.708000000000000000e+03
2.673000000000000000e+03
2.715000000000000000e+03
2.616000000000000000e+03
2.669000000000000000e+03
2.645000000000000000e+03
2.671000000000000000e+03
2.623000000000000000e+03
2.633000000000000000e+03
2.618000000000000000e+03
2.603000000000000000e+03
2.635000000000000000e+03
2.630000000000000000e+03
2.610000000000000000e+03
2.572000000000000000e+03
2.614000000000000000e+03
2.555000000000000000e+03
