1.450000000000000000e+03
1.414000000000000000e+03
1.375000000000000000e+03
1.502000000000000000e+03
1.409000000000000000e+03
1.440000000000000000e+03
1.472000000000000000e+03
1.435000000000000000e+03
1.452000000000000000e+03
1.490000000000000000e+03
1.493000000000000000e+03
1.461000000000000000e+03
1.462000000000000000e+03
1.500000000000000000e+03
1.509000000000000000e+03
1.495000000000000000e+03
1.486000000000000000e+03
1.500000000000000000e+03
1.477000000000000000e+03
1.495000000000000000e+03
1.462000000000000000e+03
1.485000000000000000e+03
1.521000000000000000e+03
1.514000000000000000e+03
1.558000000000000000e+03
1.600000000000000000e+03
1.595000000000000000e+03
1.550000000000000000e+03
1.545000000000000000e+03
1.541000000000000000e+03
1.529000000000000000e+03
1.574000000000000000e+03
1.549000000000000000e+03
1.542000000000000000e+03
1.567000000000000000e+03
1.551000000000000000e+03
1.548000000000000000e+03
1.578000000000000000e+03
1.552000000000000000e+03
1.526000000000000000e+03
1.570000000000000000e+03
1.585000000000000000e+03
1.565000000000000000e+03
1.628000000000000000e+03
1.585000000000000000e+03
1.620000000000000000e+03
1.630000000000000000e+03
1.643000000000000000e+03
1.653000000000000000e+03
1.655000000000000000e+03
1.572000000000000000e+03
1.585000000000000000e+03
1.638000000000000000e+03
1.630000000000000000e+03
1.643000000000000000e+03
1.660000000000000000e+03
1.643000000000000000e+03
1.653000000000000000e+03
1.653000000000000000e+03
1.639000000000000000e+03
1.661000000000000000e+03
1.658000000000000000e+03
1.654000000000000000e+03
1.686000000000000000e+03
1.655000000000000000e+03
1.679000000000000000e+03
1.680000000000000000e+03
1.669000000000000000e+03
1.684000000000000000e+03
1.678000000000000000e+03
1.750000000000000000e+03
1.705000000000000000e+03
1.818000000000000000e+03
1.672000000000000000e+03
1.725000000000000000e+03
1.733000000000000000e+03
1.754000000000000000e+03
1.804000000000000000e+03
1.736000000000000000e+03
1.782000000000000000e+03
1.723000000000000000e+03
1.816000000000000000e+03
1.756000000000000000e+03
1.725000000000000000e+03
1.776000000000000000e+03
1.830000000000000000e+03
1.736000000000000000e+03
1.769000000000000000e+03
1.831000000000000000e+03
1.804000000000000000e+03
1.781000000000000000e+03
1.816000000000000000e+03
1.786000000000000000e+03
1.786000000000000000e+03
1.821000000000000000e+03
1.891000000000000000e+03
1.820000000000000000e+03
1.812000000000000000e+03
1.772000000000000000e+03
1.842000000000000000e+03
1.794000000000000000e+03
1.805000000000000000e+03
1.845000000000000000e+03
1.817000000000000000e+03
1.796000000000000000e+03
1.861000000000000000e+03
1.862000000000000000e+03
1.919000000000000000e+03
1.859000000000000000e+03
1.889000000000000000e+03
1.910000000000000000e+03
1.868000000000000000e+03
1.871000000000000000e+03
1.898000000000000000e+03
1.927000000000000000e+03
1.905000000000000000e+03
1.977000000000000000e+03
1.958000000000000000e+03
1.960000000000000000e+03
1.939000000000000000e+03
1.938000000000000000e+03
1.967000000000000000e+03
1.980000000000000000e+03
2.041000000000000000e+03
2.054000000000000000e+03
2.009000000000000000e+03
2.027000000000000000e+03
1.976000000000000000e+03
1.967000000000000000e+03
2.056000000000000000e+03
2.078000000000000000e+03
2.042000000000000000e+03
2.076000000000000000e+03
2.082000000000000000e+03
2.080000000000000000e+03
2.085000000000000000e+03
2.101000000000000000e+03
2.156000000000000000e+03
2.168000000000000000e+03
2.109000000000000000e+03
2.098000000000000000e+03
2.182000000000000000e+03
2.232000000000000000e+03
2.165000000000000000e+03
2.178000000000000000e+03
2.217000000000000000e+03
2.177000000000000000e+03
2.253000000000000000e+03
2.255000000000000000e+03
2.264000000000000000e+03
2.239000000000000000e+03
2.251000000000000000e+03
2.263000000000000000e+03
2.311000000000000000e+03
2.288000000000000000e+03
2.286000000000000000e+03
2.258000000000000000e+03
2.283000000000000000e+03
2.323000000000000000e+03
2.337000000000000000e+03
2.293000000000000000e+03
2.253000000000000000e+03
2.338000000000000000e+03
2.342000000000000000e+03
2.391000000000000000e+03
2.415000000000000000e+03
2.351000000000000000e+03
2.404000000000000000e+03
2.421000000000000000e+03
2.406000000000000000e+03
2.350000000000000000e+03
2.335000000000000000e+03
2.424000000000000000e+03
2.390000000000000000e+03
2.396000000000000000e+03
2.452000000000000000e+03
2.458000000000000000e+03
2.580000000000000000e+03
2.496000000000000000e+03
2.481000000000000000e+03
2.469000000000000000e+03
2.497000000000000000e+03
2.573000000000000000e+03
2.501000000000000000e+03
2.559000000000000000e+03
2.535000000000000000e+03
2.559000000000000000e+03
2.666000000000000000e+03
2.982000000000000000e+03
2.831000000000000000e+03
2.594000000000000000e+03
2.578000000000000000e+03
2.544000000000000000e+03
2.556000000000000000e+03
2.539000000000000000e+03
2.545000000000000000e+03
2.628000000000000000e+03
2.652000000000000000e+03
2.588000000000000000e+03
2.591000000000000000e+03
2.579000000000000000e+03
2.605000000000000000e+03
2.636000000000000000e+03
2.668000000000000000e+03
2.691000000000000000e+03
2.674000000000000000e+03
2.662000000000000000e+03
2.605000000000000000e+03
2.748000000000000000e+03
2.642000000000000000e+03
2.689000000000000000e+03
2.776000000000000000e+03
2.727000000000000000e+03
2.764000000000000000e+03
2.720000000000000000e+03
2.734000000000000000e+03
2.813000000000000000e+03
2.779000000000000000e+03
2.849000000000000000e+03
2.809000000000000000e+03
2.845000000000000000e+03
2.846000000000000000e+03
2.858000000000000000e+03
2.886000000000000000e+03
2.894000000000000000e+03
2.846000000000000000e+03
2.856000000000000000e+03
2.937000000000000000e+03
2.945000000000000000e+03
2.968000000000000000e+03
2.920000000000000000e+03
2.984000000000000000e+03
3.002000000000000000e+03
2.979000000000000000e+03
2.993000000000000000e+03
3.028000000000000000e+03
3.012000000000000000e+03
3.025000000000000000e+03
3.079000000000000000e+03
3.087000000000000000e+03
3.096000000000000000e+03
3.173000000000000000e+03
3.131000000000000000e+03
3.130000000000000000e+03
3.179000000000000000e+03
3.133000000000000000e+03
3.207000000000000000e+03
3.182000000000000000e+03
3.156000000000000000e+03
3.226000000000000000e+03
3.231000000000000000e+03
3.207000000000000000e+03
3.272000000000000000e+03
3.333000000000000000e+03
3.300000000000000000e+03
3.267000000000000000e+03
3.334000000000000000e+03
3.297000000000000000e+03
3.311000000000000000e+03
3.356000000000000000e+03
3.442000000000000000e+03
3.432000000000000000e+03
3.422000000000000000e+03
3.334000000000000000e+03
3.380000000000000000e+03
3.509000000000000000e+03
3.512000000000000000e+03
3.456000000000000000e+03
3.444000000000000000e+03
3.392000000000000000e+03
3.438000000000000000e+03
3.464000000000000000e+03
3.465000000000000000e+03
3.493000000000000000e+03
3.497000000000000000e+03
3.425000000000000000e+03
3.485000000000000000e+03
3.534000000000000000e+03
3.475000000000000000e+03
3.522000000000000000e+03
3.546000000000000000e+03
3.518000000000000000e+03
3.500000000000000000e+03
3.538000000000000000e+03
3.525000000000000000e+03
3.573000000000000000e+03
3.497000000000000000e+03
3.600000000000000000e+03
3.544000000000000000e+03
3.558000000000000000e+03
3.514000000000000000e+03
3.591000000000000000e+03
3.633000000000000000e+03
3.637000000000000000e+03
3.676000000000000000e+03
3.580000000000000000e+03
3.566000000000000000e+03
3.678000000000000000e+03
3.670000000000000000e+03
3.692000000000000000e+03
3.668000000000000000e+03
3.672000000000000000e+03
3.689000000000000000e+03
3.616000000000000000e+03
3.645000000000000000e+03
3.632000000000000000e+03
3.633000000000000000e+03
3.686000000000000000e+03
3.749000000000000000e+03
3.671000000000000000e+03
3.624000000000000000e+03
3.711000000000000000e+03
3.656000000000000000e+03
3.683000000000000000e+03
3.662000000000000000e+03
3.665000000000000000e+03
3.659000000000000000e+03
3.728000000000000000e+03
3.731000000000000000e+03
3.696000000000000000e+03
3.695000000000000000e+03
3.710000000000000000e+03
3.717000000000000000e+03
3.702000000000000000e+03
3.673000000000000000e+03
3.730000000000000000e+03
3.757000000000000000e+03
3.699000000000000000e+03
3.785000000000000000e+03
3.751000000000000000e+03
3.660000000000000000e+03
3.727000000000000000e+03
3.694000000000000000e+03
3.730000000000000000e+03
3.767000000000000000e+03
3.677000000000000000e+03
3.658000000000000000e+03
3.704000000000000000e+03
3.729000000000000000e+03
3.703000000000000000e+03
3.710000000000000000e+03
3.793000000000000000e+03
3.712000000000000000e+03
3.650000000000000000e+03
3.694000000000000000e+03
3.664000000000000000e+03
3.739000000000000000e+03
3.708000000000000000e+03
3.677000000000000000e+03
3.697000000000000000e+03
3.749000000000000000e+03
3.699000000000000000e+03
3.733000000000000000e+03
3.679000000000000000e+03
3.755000000000000000e+03
3.690000000000000000e+03
3.795000000000000000e+03
3.810000000000000000e+03
3.731000000000000000e+03
3.715000000000000000e+03
3.732000000000000000e+03
3.754000000000000000e+03
3.772000000000000000e+03
3.754000000000000000e+03
3.674000000000000000e+03
3.753000000000000000e+03
3.796000000000000000e+03
3.829000000000000000e+03
3.804000000000000000e+03
3.785000000000000000e+03
3.754000000000000000e+03
3.784000000000000000e+03
3.778000000000000000e+03
3.796000000000000000e+03
3.750000000000000000e+03
3.812000000000000000e+03
3.864000000000000000e+03
3.796000000000000000e+03
3.836000000000000000e+03
3.840000000000000000e+03
3.845000000000000000e+03
3.796000000000000000e+03
3.869000000000000000e+03
3.825000000000000000e+03
3.844000000000000000e+03
3.874000000000000000e+03
3.796000000000000000e+03
3.835000000000000000e+03
3.795000000000000000e+03
3.893000000000000000e+03
3.809000000000000000e+03
3.812000000000000000e+03
3.883000000000000000e+03
3.942000000000000000e+03
3.854000000000000000e+03
3.866000000000000000e+03
3.861000000000000000e+03
3.847000000000000000e+03
3.865000000000000000e+03
3.960000000000000000e+03
3.896000000000000000e+03
3.906000000000000000e+03
3.875000000000000000e+03
3.947000000000000000e+03
3.877000000000000000e+03
3.833000000000000000e+03
4.000000000000000000e+03
3.931000000000000000e+03
3.947000000000000000e+03
3.883000000000000000e+03
3.902000000000000000e+03
3.940000000000000000e+03
3.835000000000000000e+03
3.854000000000000000e+03
4.030000000000000000e+03
3.953000000000000000e+03
3.921000000000000000e+03
3.942000000000000000e+03
3.976000000000000000e+03
3.928000000000000000e+03
3.959000000000000000e+03
4.042000000000000000e+03
4.020000000000000000e+03
4.041000000000000000e+03
4.025000000000000000e+03
3.883000000000000000e+03
4.048000000000000000e+03
4.089000000000000000e+03
4.027000000000000000e+03
3.974000000000000000e+03
3.947000000000000000e+03
4.072000000000000000e+03
4.050000000000000000e+03
3.947000000000000000e+03
4.024000000000000000e+03
4.019000000000000000e+03
4.020000000000000000e+03
4.120000000000000000e+03
4.002000000000000000e+03
4.029000000000000000e+03
4.090000000000000000e+03
4.016000000000000000e+03
4.028000000000000000e+03
4.049000000000000000e+03
4.019000000000000000e+03
3.996000000000000000e+03
3.988000000000000000e+03
3.968000000000000000e+03
4.042000000000000000e+03
4.086000000000000000e+03
4.000000000000000000e+03
4.021000000000000000e+03
4.040000000000000000e+03
4.000000000000000000e+03
3.980000000000000000e+03
4.032000000000000000e+03
4.047000000000000000e+03
4.129000000000000000e+03
4.036000000000000000e+03
4.076000000000000000e+03
4.081000000000000000e+03
3.939000000000000000e+03
4.007000000000000000e+03
4.044000000000000000e+03
4.073000000000000000e+03
3.990000000000000000e+03
4.075000000000000000e+03
4.038000000000000000e+03
4.016000000000000000e+03
3.947000000000000000e+03
4.009000000000000000e+03
4.015000000000000000e+03
3.964000000000000000e+03
4.028000000000000000e+03
3.970000000000000000e+03
3.983000000000000000e+03
4.074000000000000000e+03
3.949000000000000000e+03
3.996000000000000000e+03
3.997000000000000000e+03
3.926000000000000000e+03
4.012000000000000000e+03
3.911000000000000000e+03
3.937000000000000000e+03
3.999000000000000000e+03
3.929000000000000000e+03
3.909000000000000000e+03
3.915000000000000000e+03
3.914000000000000000e+03
3.919000000000000000e+03
3.906000000000000000e+03
3.890000000000000000e+03
3.926000000000000000e+03
3.833000000000000000e+03
3.922000000000000000e+03
3.940000000000000000e+03
3.789000000000000000e+03
3.973000000000000000e+03
3.891000000000000000e+03
3.852000000000000000e+03
3.897000000000000000e+03
3.846000000000000000e+03
3.822000000000000000e+03
3.842000000000000000e+03
3.816000000000000000e+03
3.767000000000000000e+03
3.821000000000000000e+03
3.820000000000000000e+03
3.817000000000000000e+03
3.829000000000000000e+03
3.810000000000000000e+03
3.815000000000000000e+03
3.773000000000000000e+03
3.759000000000000000e+03
3.787000000000000000e+03
3.768000000000000000e+03
3.786000000000000000e+03
3.750000000000000000e+03
3.826000000000000000e+03
3.723000000000000000e+03
3.713000000000000000e+03
3.668000000000000000e+03
3.733000000000000000e+03
3.685000000000000000e+03
3.719000000000000000e+03
3.631000000000000000e+03
3.656000000000000000e+03
3.722000000000000000e+03
3.626000000000000000e+03
3.659000000000000000e+03
3.694000000000000000e+03
3.644000000000000000e+03
3.656000000000000000e+03
3.668000000000000000e+03
3.630000000000000000e+03
3.625000000000000000e+03
3.660000000000000000e+03
3.592000000000000000e+03
3.577000000000000000e+03
3.616000000000000000e+03
3.595000000000000000e+03
3.528000000000000000e+03
3.549000000000000000e+03
3.582000000000000000e+03
3.596000000000000000e+03
3.547000000000000000e+03
3.561000000000000000e+03
3.562000000000000000e+03
3.493000000000000000e+03
3.545000000000000000e+03
3.458000000000000000e+03
3.522000000000000000e+03
3.488000000000000000e+03
3.543000000000000000e+03
3.510000000000000000e+03
3.453000000000000000e+03
3.520000000000000000e+03
3.489000000000000000e+03
3.466000000000000000e+03
3.449000000000000000e+03
3.435000000000000000e+03
3.529000000000000000e+03
3.454000000000000000e+03
3.385000000000000000e+03
3.422000000000000000e+03
3.486000000000000000e+03
3.498000000000000000e+03
3.420000000000000000e+03
3.507000000000000000e+03
3.389000000000000000e+03
3.444000000000000000e+03
3.361000000000000000e+03
3.528000000000000000e+03
3.446000000000000000e+03
3.527000000000000000e+03
3.357000000000000000e+03
3.359000000000000000e+03
3.368000000000000000e+03
3.417000000000000000e+03
3.442000000000000000e+03
3.390000000000000000e+03
3.358000000000000000e+03
3.336000000000000000e+03
3.431000000000000000e+03
3.456000000000000000e+03
3.336000000000000000e+03
3.421000000000000000e+03
3.309000000000000000e+03
3.326000000000000000e+03
3.344000000000000000e+03
3.360000000000000000e+03
3.355000000000000000e+03
3.331000000000000000e+03
3.308000000000000000e+03
3.317000000000000000e+03
3.312000000000000000e+03
3.342000000000000000e+03
3.354000000000000000e+03
3.305000000000000000e+03
3.326000000000000000e+03
3.352000000000000000e+03
3.273000000000000000e+03
3.221000000000000000e+03
3.290000000000000000e+03
3.256000000000000000e+03
3.300000000000000000e+03
3.287000000000000000e+03
3.199000000000000000e+03
3.200000000000000000e+03
3.272000000000000000e+03
3.280000000000000000e+03
3.270000000000000000e+03
3.246000000000000000e+03
3.217000000000000000e+03
3.225000000000000000e+03
3.313000000000000000e+03
3.161000000000000000e+03
3.225000000000000000e+03
3.150000000000000000e+03
3.235000000000000000e+03
3.246000000000000000e+03
3.311000000000000000e+03
3.154000000000000000e+03
3.256000000000000000e+03
3.210000000000000000e+03
3.201000000000000000e+03
3.162000000000000000e+03
3.152000000000000000e+03
3.256000000000000000e+03
3.157000000000000000e+03
3.071000000000000000e+03
3.132000000000000000e+03
3.149000000000000000e+03
3.120000000000000000e+03
3.207000000000000000e+03
3.118000000000000000e+03
3.165000000000000000e+03
3.134000000000000000e+03
3.088000000000000000e+03
3.163000000000000000e+03
3.100000000000000000e+03
3.122000000000000000e+03
3.117000000000000000e+03
3.013000000000000000e+03
3.106000000000000000e+03
3.084000000000000000e+03
3.081000000000000000e+03
3.095000000000000000e+03
3.067000000000000000e+03
3.064000000000000000e+03
3.097000000000000000e+03
3.034000000000000000e+03
2.975000000000000000e+03
3.018000000000000000e+03
3.060000000000000000e+03
3.083000000000000000e+03
2.997000000000000000e+03
2.954000000000000000e+03
2.992000000000000000e+03
2.997000000000000000e+03
3.015000000000000000e+03
2.982000000000000000e+03
3.004000000000000000e+03
2.992000000000000000e+03
3.026000000000000000e+03
2.959000000000000000e+03
2.949000000000000000e+03
2.956000000000000000e+03
2.989000000000000000e+03
2.912000000000000000e+03
2.879000000000000000e+03
2.911000000000000000e+03
2.904000000000000000e+03
2.903000000000000000e+03
2.952000000000000000e+03
2.886000000000000000e+03
2.922000000000000000e+03
2.888000000000000000e+03
2.891000000000000000e+03
2.893000000000000000e+03
2.912000000000000000e+03
2.869000000000000000e+03
2.864000000000000000e+03
2.819000000000000000e+03
2.831000000000000000e+03
2.816000000000000000e+03
2.806000000000000000e+03
2.852000000000000000e+03
2.767000000000000000e+03
2.723000000000000000e+03
2.760000000000000000e+03
2.697000000000000000e+03
2.764000000000000000e+03
2.714000000000000000e+03
2.782000000000000000e+03
2.748000000000000000e+03
2.770000000000000000e+03
2.709000000000000000e+03
2.720000000000000000e+03
2.697000000000000000e+03
2.672000000000000000e+03
2.633000000000000000e+03
2.634000000000000000e+03
2.680000000000000000e+03
2.611000000000000000e+03
2.629000000000000000e+03
2.566000000000000000e+03
2.584000000000000000e+03
2.569000000000000000e+03
2.622000000000000000e+03
2.559000000000000000e+03
2.584000000000000000e+03
2.537000000000000000e+03
2.575000000000000000e+03
2.496000000000000000e+03
2.558000000000000000e+03
2.565000000000000000e+03
2.551000000000000000e+03
2.515000000000000000e+03
2.512000000000000000e+03
2.584000000000000000e+03
2.498000000000000000e+03
2.474000000000000000e+03
2.475000000000000000e+03
2.476000000000000000e+03
2.509000000000000000e+03
2.381000000000000000e+03
2.469000000000000000e+03
2.426000000000000000e+03
2.457000000000000000e+03
2.391000000000000000e+03
2.427000000000000000e+03
2.362000000000000000e+03
2.381000000000000000e+03
2.334000000000000000e+03
2.390000000000000000e+03
2.342000000000000000e+03
2.324000000000000000e+03
2.314000000000000000e+03
2.305000000000000000e+03
2.329000000000000000e+03
2.356000000000000000e+03
2.293000000000000000e+03
2.245000000000000000e+03
2.299000000000000000e+03
2.246000000000000000e+03
2.296000000000000000e+03
2.250000000000000000e+03
2.290000000000000000e+03
2.267000000000000000e+03
2.252000000000000000e+03
2.248000000000000000e+03
2.249000000000000000e+03
2.217000000000000000e+03
2.206000000000000000e+03
2.217000000000000000e+03
2.201000000000000000e+03
2.239000000000000000e+03
2.219000000000000000e+03
2.200000000000000000e+03
2.202000000000000000e+03
2.262000000000000000e+03
2.199000000000000000e+03
2.195000000000000000e+03
2.148000000000000000e+03
