1.773000000000000000e+03
1.757000000000000000e+03
1.900000000000000000e+03
1.793000000000000000e+03
1.764000000000000000e+03
1.795000000000000000e+03
1.791000000000000000e+03
1.824000000000000000e+03
1.794000000000000000e+03
1.845000000000000000e+03
1.811000000000000000e+03
1.835000000000000000e+03
1.832000000000000000e+03
1.860000000000000000e+03
1.843000000000000000e+03
1.866000000000000000e+03
1.883000000000000000e+03
1.881000000000000000e+03
1.864000000000000000e+03
1.875000000000000000e+03
1.888000000000000000e+03
1.911000000000000000e+03
1.878000000000000000e+03
1.873000000000000000e+03
1.870000000000000000e+03
1.900000000000000000e+03
1.883000000000000000e+03
1.957000000000000000e+03
1.894000000000000000e+03
1.888000000000000000e+03
1.973000000000000000e+03
1.918000000000000000e+03
1.903000000000000000e+03
1.944000000000000000e+03
1.928000000000000000e+03
1.983000000000000000e+03
1.964000000000000000e+03
1.943000000000000000e+03
2.000000000000000000e+03
2.040000000000000000e+03
1.998000000000000000e+03
1.984000000000000000e+03
1.998000000000000000e+03
1.997000000000000000e+03
2.044000000000000000e+03
1.965000000000000000e+03
2.013000000000000000e+03
1.989000000000000000e+03
2.059000000000000000e+03
2.036000000000000000e+03
2.026000000000000000e+03
2.019000000000000000e+03
2.046000000000000000e+03
2.115000000000000000e+03
2.052000000000000000e+03
2.076000000000000000e+03
2.034000000000000000e+03
2.080000000000000000e+03
2.099000000000000000e+03
2.049000000000000000e+03
2.156000000000000000e+03
2.132000000000000000e+03
2.133000000000000000e+03
2.099000000000000000e+03
2.135000000000000000e+03
2.128000000000000000e+03
2.112000000000000000e+03
2.162000000000000000e+03
2.150000000000000000e+03
2.151000000000000000e+03
2.232000000000000000e+03
2.172000000000000000e+03
2.221000000000000000e+03
2.160000000000000000e+03
2.143000000000000000e+03
2.236000000000000000e+03
2.172000000000000000e+03
2.214000000000000000e+03
2.180000000000000000e+03
2.215000000000000000e+03
2.233000000000000000e+03
2.189000000000000000e+03
2.232000000000000000e+03
2.257000000000000000e+03
2.243000000000000000e+03
2.271000000000000000e+03
2.278000000000000000e+03
2.273000000000000000e+03
2.223000000000000000e+03
2.234000000000000000e+03
2.314000000000000000e+03
2.340000000000000000e+03
2.279000000000000000e+03
2.307000000000000000e+03
2.284000000000000000e+03
2.328000000000000000e+03
2.312000000000000000e+03
2.306000000000000000e+03
2.371000000000000000e+03
2.308000000000000000e+03
2.377000000000000000e+03
2.480000000000000000e+03
2.397000000000000000e+03
2.374000000000000000e+03
2.388000000000000000e+03
2.379000000000000000e+03
2.448000000000000000e+03
2.439000000000000000e+03
2.397000000000000000e+03
2.492000000000000000e+03
2.415000000000000000e+03
2.484000000000000000e+03
2.402000000000000000e+03
2.483000000000000000e+03
2.501000000000000000e+03
2.531000000000000000e+03
2.516000000000000000e+03
2.517000000000000000e+03
2.571000000000000000e+03
2.535000000000000000e+03
2.522000000000000000e+03
2.552000000000000000e+03
2.574000000000000000e+03
2.558000000000000000e+03
2.603000000000000000e+03
2.600000000000000000e+03
2.625000000000000000e+03
2.657000000000000000e+03
2.597000000000000000e+03
2.654000000000000000e+03
2.633000000000000000e+03
2.638000000000000000e+03
2.694000000000000000e+03
2.711000000000000000e+03
2.737000000000000000e+03
2.806000000000000000e+03
2.796000000000000000e+03
2.728000000000000000e+03
2.722000000000000000e+03
2.822000000000000000e+03
2.816000000000000000e+03
2.761000000000000000e+03
2.772000000000000000e+03
2.880000000000000000e+03
2.873000000000000000e+03
2.885000000000000000e+03
2.823000000000000000e+03
2.912000000000000000e+03
2.928000000000000000e+03
2.951000000000000000e+03
2.939000000000000000e+03
2.882000000000000000e+03
2.981000000000000000e+03
2.937000000000000000e+03
3.031000000000000000e+03
3.019000000000000000e+03
2.960000000000000000e+03
2.974000000000000000e+03
3.035000000000000000e+03
3.022000000000000000e+03
3.047000000000000000e+03
3.004000000000000000e+03
3.057000000000000000e+03
3.090000000000000000e+03
3.025000000000000000e+03
3.134000000000000000e+03
3.060000000000000000e+03
3.082000000000000000e+03
3.121000000000000000e+03
3.138000000000000000e+03
3.100000000000000000e+03
3.149000000000000000e+03
3.129000000000000000e+03
3.159000000000000000e+03
3.193000000000000000e+03
3.181000000000000000e+03
3.150000000000000000e+03
3.259000000000000000e+03
3.191000000000000000e+03
3.262000000000000000e+03
3.215000000000000000e+03
3.260000000000000000e+03
3.331000000000000000e+03
3.663000000000000000e+03
3.749000000000000000e+03
3.683000000000000000e+03
3.252000000000000000e+03
3.283000000000000000e+03
3.274000000000000000e+03
3.358000000000000000e+03
3.374000000000000000e+03
3.369000000000000000e+03
3.427000000000000000e+03
3.396000000000000000e+03
3.364000000000000000e+03
3.356000000000000000e+03
3.374000000000000000e+03
3.406000000000000000e+03
3.424000000000000000e+03
3.452000000000000000e+03
3.376000000000000000e+03
3.409000000000000000e+03
3.460000000000000000e+03
3.524000000000000000e+03
3.448000000000000000e+03
3.500000000000000000e+03
3.459000000000000000e+03
3.584000000000000000e+03
3.520000000000000000e+03
3.561000000000000000e+03
3.612000000000000000e+03
3.695000000000000000e+03
3.577000000000000000e+03
3.665000000000000000e+03
3.642000000000000000e+03
3.604000000000000000e+03
3.659000000000000000e+03
3.594000000000000000e+03
3.691000000000000000e+03
3.720000000000000000e+03
3.729000000000000000e+03
3.730000000000000000e+03
3.753000000000000000e+03
3.814000000000000000e+03
3.761000000000000000e+03
3.802000000000000000e+03
3.844000000000000000e+03
3.814000000000000000e+03
3.869000000000000000e+03
3.847000000000000000e+03
3.885000000000000000e+03
3.977000000000000000e+03
3.884000000000000000e+03
3.962000000000000000e+03
3.915000000000000000e+03
4.059000000000000000e+03
3.970000000000000000e+03
4.029000000000000000e+03
4.009000000000000000e+03
4.027000000000000000e+03
4.074000000000000000e+03
4.061000000000000000e+03
4.082000000000000000e+03
4.150000000000000000e+03
4.082000000000000000e+03
4.148000000000000000e+03
4.167000000000000000e+03
4.116000000000000000e+03
4.113000000000000000e+03
4.097000000000000000e+03
4.169000000000000000e+03
4.262000000000000000e+03
4.208000000000000000e+03
4.203000000000000000e+03
4.274000000000000000e+03
4.350000000000000000e+03
4.389000000000000000e+03
4.385000000000000000e+03
4.351000000000000000e+03
4.401000000000000000e+03
4.445000000000000000e+03
4.438000000000000000e+03
4.451000000000000000e+03
4.355000000000000000e+03
4.394000000000000000e+03
4.422000000000000000e+03
4.461000000000000000e+03
4.483000000000000000e+03
4.391000000000000000e+03
4.412000000000000000e+03
4.492000000000000000e+03
4.431000000000000000e+03
4.419000000000000000e+03
4.526000000000000000e+03
4.481000000000000000e+03
4.433000000000000000e+03
4.491000000000000000e+03
4.514000000000000000e+03
4.545000000000000000e+03
4.546000000000000000e+03
4.543000000000000000e+03
4.535000000000000000e+03
4.524000000000000000e+03
4.579000000000000000e+03
4.561000000000000000e+03
4.626000000000000000e+03
4.594000000000000000e+03
4.533000000000000000e+03
4.522000000000000000e+03
4.579000000000000000e+03
4.580000000000000000e+03
4.644000000000000000e+03
4.671000000000000000e+03
4.588000000000000000e+03
4.667000000000000000e+03
4.584000000000000000e+03
4.652000000000000000e+03
4.667000000000000000e+03
4.657000000000000000e+03
4.602000000000000000e+03
4.725000000000000000e+03
4.689000000000000000e+03
4.699000000000000000e+03
4.619000000000000000e+03
4.772000000000000000e+03
4.671000000000000000e+03
4.683000000000000000e+03
4.671000000000000000e+03
4.771000000000000000e+03
4.677000000000000000e+03
4.774000000000000000e+03
4.814000000000000000e+03
4.795000000000000000e+03
4.719000000000000000e+03
4.750000000000000000e+03
4.776000000000000000e+03
4.788000000000000000e+03
4.718000000000000000e+03
4.727000000000000000e+03
4.752000000000000000e+03
4.777000000000000000e+03
4.812000000000000000e+03
4.716000000000000000e+03
4.739000000000000000e+03
4.845000000000000000e+03
4.722000000000000000e+03
4.845000000000000000e+03
4.761000000000000000e+03
4.698000000000000000e+03
4.698000000000000000e+03
4.741000000000000000e+03
4.774000000000000000e+03
4.854000000000000000e+03
4.781000000000000000e+03
4.736000000000000000e+03
4.775000000000000000e+03
4.800000000000000000e+03
4.776000000000000000e+03
4.843000000000000000e+03
4.673000000000000000e+03
4.787000000000000000e+03
4.720000000000000000e+03
4.796000000000000000e+03
4.735000000000000000e+03
4.835000000000000000e+03
4.718000000000000000e+03
4.872000000000000000e+03
4.772000000000000000e+03
4.682000000000000000e+03
4.766000000000000000e+03
4.793000000000000000e+03
4.804000000000000000e+03
4.860000000000000000e+03
4.896000000000000000e+03
4.777000000000000000e+03
4.810000000000000000e+03
4.869000000000000000e+03
4.820000000000000000e+03
4.820000000000000000e+03
4.854000000000000000e+03
4.820000000000000000e+03
4.891000000000000000e+03
4.881000000000000000e+03
4.924000000000000000e+03
4.793000000000000000e+03
4.913000000000000000e+03
4.839000000000000000e+03
4.866000000000000000e+03
4.833000000000000000e+03
4.911000000000000000e+03
4.855000000000000000e+03
4.890000000000000000e+03
4.872000000000000000e+03
4.866000000000000000e+03
4.923000000000000000e+03
4.882000000000000000e+03
4.877000000000000000e+03
4.916000000000000000e+03
4.989000000000000000e+03
5.007000000000000000e+03
5.025000000000000000e+03
4.887000000000000000e+03
5.004000000000000000e+03
4.934000000000000000e+03
4.994000000000000000e+03
4.939000000000000000e+03
5.006000000000000000e+03
4.984000000000000000e+03
5.012000000000000000e+03
5.076000000000000000e+03
4.950000000000000000e+03
4.984000000000000000e+03
4.949000000000000000e+03
5.016000000000000000e+03
5.072000000000000000e+03
5.017000000000000000e+03
4.977000000000000000e+03
4.995000000000000000e+03
5.008000000000000000e+03
5.005000000000000000e+03
5.074000000000000000e+03
5.058000000000000000e+03
5.034000000000000000e+03
4.940000000000000000e+03
5.022000000000000000e+03
5.056000000000000000e+03
5.092000000000000000e+03
5.009000000000000000e+03
5.021000000000000000e+03
5.077000000000000000e+03
5.041000000000000000e+03
5.024000000000000000e+03
5.078000000000000000e+03
5.046000000000000000e+03
4.979000000000000000e+03
5.051000000000000000e+03
5.053000000000000000e+03
5.173000000000000000e+03
5.160000000000000000e+03
5.170000000000000000e+03
5.119000000000000000e+03
5.162000000000000000e+03
5.230000000000000000e+03
5.184000000000000000e+03
5.088000000000000000e+03
5.155000000000000000e+03
5.153000000000000000e+03
5.137000000000000000e+03
5.152000000000000000e+03
5.184000000000000000e+03
5.106000000000000000e+03
5.207000000000000000e+03
5.134000000000000000e+03
5.168000000000000000e+03
5.181000000000000000e+03
5.148000000000000000e+03
5.171000000000000000e+03
5.172000000000000000e+03
5.221000000000000000e+03
5.159000000000000000e+03
5.200000000000000000e+03
5.219000000000000000e+03
5.629000000000000000e+03
5.095000000000000000e+03
5.154000000000000000e+03
5.397000000000000000e+03
5.194000000000000000e+03
5.199000000000000000e+03
5.170000000000000000e+03
5.161000000000000000e+03
5.195000000000000000e+03
5.144000000000000000e+03
5.207000000000000000e+03
5.132000000000000000e+03
5.151000000000000000e+03
5.174000000000000000e+03
5.064000000000000000e+03
5.074000000000000000e+03
5.065000000000000000e+03
5.066000000000000000e+03
5.217000000000000000e+03
5.169000000000000000e+03
5.117000000000000000e+03
5.111000000000000000e+03
5.153000000000000000e+03
5.202000000000000000e+03
5.119000000000000000e+03
5.099000000000000000e+03
5.098000000000000000e+03
5.014000000000000000e+03
5.077000000000000000e+03
5.175000000000000000e+03
5.146000000000000000e+03
5.172000000000000000e+03
5.125000000000000000e+03
5.182000000000000000e+03
5.007000000000000000e+03
5.065000000000000000e+03
5.085000000000000000e+03
5.103000000000000000e+03
5.084000000000000000e+03
5.146000000000000000e+03
5.026000000000000000e+03
5.054000000000000000e+03
5.027000000000000000e+03
5.032000000000000000e+03
5.052000000000000000e+03
5.041000000000000000e+03
5.028000000000000000e+03
5.026000000000000000e+03
4.976000000000000000e+03
4.984000000000000000e+03
4.918000000000000000e+03
4.973000000000000000e+03
4.985000000000000000e+03
4.944000000000000000e+03
4.885000000000000000e+03
4.904000000000000000e+03
4.923000000000000000e+03
4.999000000000000000e+03
5.001000000000000000e+03
4.911000000000000000e+03
5.025000000000000000e+03
4.827000000000000000e+03
4.935000000000000000e+03
4.902000000000000000e+03
4.742000000000000000e+03
4.910000000000000000e+03
4.767000000000000000e+03
4.982000000000000000e+03
4.905000000000000000e+03
4.860000000000000000e+03
4.852000000000000000e+03
4.810000000000000000e+03
4.745000000000000000e+03
4.771000000000000000e+03
4.737000000000000000e+03
4.760000000000000000e+03
4.773000000000000000e+03
4.771000000000000000e+03
4.775000000000000000e+03
4.763000000000000000e+03
4.740000000000000000e+03
4.739000000000000000e+03
4.699000000000000000e+03
4.702000000000000000e+03
4.707000000000000000e+03
4.685000000000000000e+03
4.594000000000000000e+03
4.647000000000000000e+03
4.644000000000000000e+03
4.591000000000000000e+03
4.674000000000000000e+03
4.764000000000000000e+03
4.618000000000000000e+03
4.640000000000000000e+03
4.655000000000000000e+03
4.569000000000000000e+03
4.625000000000000000e+03
4.629000000000000000e+03
4.665000000000000000e+03
4.559000000000000000e+03
4.610000000000000000e+03
4.663000000000000000e+03
4.519000000000000000e+03
4.582000000000000000e+03
4.467000000000000000e+03
4.524000000000000000e+03
4.522000000000000000e+03
4.515000000000000000e+03
4.485000000000000000e+03
4.502000000000000000e+03
4.433000000000000000e+03
4.516000000000000000e+03
4.506000000000000000e+03
4.450000000000000000e+03
4.496000000000000000e+03
4.491000000000000000e+03
4.465000000000000000e+03
4.425000000000000000e+03
4.780000000000000000e+03
4.429000000000000000e+03
4.487000000000000000e+03
4.406000000000000000e+03
4.467000000000000000e+03
4.405000000000000000e+03
4.330000000000000000e+03
4.470000000000000000e+03
4.413000000000000000e+03
4.398000000000000000e+03
4.387000000000000000e+03
4.365000000000000000e+03
4.441000000000000000e+03
4.422000000000000000e+03
4.337000000000000000e+03
4.439000000000000000e+03
4.431000000000000000e+03
4.379000000000000000e+03
4.332000000000000000e+03
4.374000000000000000e+03
4.338000000000000000e+03
4.315000000000000000e+03
4.442000000000000000e+03
4.404000000000000000e+03
4.285000000000000000e+03
4.337000000000000000e+03
4.310000000000000000e+03
4.309000000000000000e+03
4.332000000000000000e+03
4.262000000000000000e+03
4.355000000000000000e+03
4.297000000000000000e+03
4.499000000000000000e+03
4.273000000000000000e+03
4.260000000000000000e+03
4.279000000000000000e+03
4.251000000000000000e+03
4.310000000000000000e+03
4.262000000000000000e+03
4.301000000000000000e+03
4.238000000000000000e+03
4.234000000000000000e+03
4.161000000000000000e+03
4.233000000000000000e+03
4.287000000000000000e+03
4.220000000000000000e+03
4.137000000000000000e+03
4.194000000000000000e+03
4.283000000000000000e+03
4.147000000000000000e+03
4.288000000000000000e+03
4.214000000000000000e+03
4.181000000000000000e+03
4.151000000000000000e+03
4.115000000000000000e+03
4.089000000000000000e+03
4.097000000000000000e+03
4.063000000000000000e+03
4.111000000000000000e+03
4.058000000000000000e+03
4.047000000000000000e+03
4.143000000000000000e+03
3.995000000000000000e+03
4.046000000000000000e+03
4.073000000000000000e+03
4.130000000000000000e+03
4.019000000000000000e+03
4.075000000000000000e+03
4.004000000000000000e+03
4.023000000000000000e+03
4.036000000000000000e+03
4.038000000000000000e+03
4.010000000000000000e+03
4.008000000000000000e+03
4.034000000000000000e+03
3.985000000000000000e+03
3.969000000000000000e+03
4.040000000000000000e+03
4.061000000000000000e+03
3.985000000000000000e+03
3.966000000000000000e+03
3.919000000000000000e+03
3.949000000000000000e+03
3.922000000000000000e+03
4.026000000000000000e+03
3.925000000000000000e+03
3.982000000000000000e+03
3.926000000000000000e+03
3.888000000000000000e+03
3.900000000000000000e+03
3.895000000000000000e+03
3.904000000000000000e+03
3.924000000000000000e+03
3.920000000000000000e+03
3.960000000000000000e+03
3.795000000000000000e+03
3.897000000000000000e+03
3.845000000000000000e+03
3.864000000000000000e+03
3.868000000000000000e+03
3.767000000000000000e+03
3.698000000000000000e+03
3.803000000000000000e+03
3.801000000000000000e+03
3.756000000000000000e+03
3.870000000000000000e+03
3.717000000000000000e+03
3.702000000000000000e+03
3.771000000000000000e+03
3.732000000000000000e+03
3.712000000000000000e+03
3.758000000000000000e+03
3.653000000000000000e+03
3.655000000000000000e+03
3.677000000000000000e+03
3.609000000000000000e+03
3.644000000000000000e+03
3.674000000000000000e+03
3.614000000000000000e+03
3.571000000000000000e+03
3.666000000000000000e+03
3.576000000000000000e+03
3.569000000000000000e+03
3.573000000000000000e+03
3.579000000000000000e+03
3.493000000000000000e+03
3.540000000000000000e+03
3.475000000000000000e+03
3.531000000000000000e+03
3.631000000000000000e+03
3.574000000000000000e+03
3.453000000000000000e+03
3.442000000000000000e+03
3.470000000000000000e+03
3.458000000000000000e+03
3.393000000000000000e+03
3.395000000000000000e+03
3.388000000000000000e+03
3.421000000000000000e+03
3.417000000000000000e+03
3.350000000000000000e+03
3.374000000000000000e+03
3.384000000000000000e+03
3.363000000000000000e+03
3.286000000000000000e+03
3.321000000000000000e+03
3.312000000000000000e+03
3.248000000000000000e+03
3.303000000000000000e+03
3.308000000000000000e+03
3.306000000000000000e+03
3.236000000000000000e+03
3.316000000000000000e+03
3.286000000000000000e+03
3.164000000000000000e+03
3.217000000000000000e+03
3.208000000000000000e+03
3.157000000000000000e+03
3.152000000000000000e+03
3.205000000000000000e+03
3.175000000000000000e+03
3.112000000000000000e+03
3.106000000000000000e+03
3.069000000000000000e+03
3.098000000000000000e+03
3.019000000000000000e+03
3.044000000000000000e+03
3.025000000000000000e+03
2.959000000000000000e+03
3.033000000000000000e+03
2.995000000000000000e+03
3.048000000000000000e+03
2.982000000000000000e+03
2.971000000000000000e+03
3.047000000000000000e+03
3.015000000000000000e+03
3.060000000000000000e+03
2.940000000000000000e+03
2.958000000000000000e+03
3.023000000000000000e+03
2.934000000000000000e+03
2.901000000000000000e+03
2.965000000000000000e+03
2.925000000000000000e+03
2.875000000000000000e+03
2.825000000000000000e+03
2.890000000000000000e+03
2.866000000000000000e+03
2.843000000000000000e+03
2.867000000000000000e+03
2.786000000000000000e+03
2.880000000000000000e+03
2.793000000000000000e+03
2.814000000000000000e+03
2.834000000000000000e+03
2.861000000000000000e+03
2.797000000000000000e+03
2.759000000000000000e+03
2.781000000000000000e+03
2.833000000000000000e+03
2.771000000000000000e+03
2.814000000000000000e+03
2.754000000000000000e+03
2.778000000000000000e+03
2.714000000000000000e+03
