1.441000000000000000e+03
1.448000000000000000e+03
1.408000000000000000e+03
1.433000000000000000e+03
1.448000000000000000e+03
1.442000000000000000e+03
1.457000000000000000e+03
1.457000000000000000e+03
1.451000000000000000e+03
1.445000000000000000e+03
1.457000000000000000e+03
1.470000000000000000e+03
1.474000000000000000e+03
1.474000000000000000e+03
1.423000000000000000e+03
1.466000000000000000e+03
1.544000000000000000e+03
1.513000000000000000e+03
1.509000000000000000e+03
1.491000000000000000e+03
1.556000000000000000e+03
1.516000000000000000e+03
1.570000000000000000e+03
1.519000000000000000e+03
1.491000000000000000e+03
1.560000000000000000e+03
1.500000000000000000e+03
1.544000000000000000e+03
1.554000000000000000e+03
1.575000000000000000e+03
1.557000000000000000e+03
1.552000000000000000e+03
1.557000000000000000e+03
1.541000000000000000e+03
1.514000000000000000e+03
1.571000000000000000e+03
1.540000000000000000e+03
1.547000000000000000e+03
1.582000000000000000e+03
1.560000000000000000e+03
1.634000000000000000e+03
1.565000000000000000e+03
1.614000000000000000e+03
1.620000000000000000e+03
1.557000000000000000e+03
1.589000000000000000e+03
1.607000000000000000e+03
1.576000000000000000e+03
1.605000000000000000e+03
1.563000000000000000e+03
1.591000000000000000e+03
1.630000000000000000e+03
1.592000000000000000e+03
1.678000000000000000e+03
1.638000000000000000e+03
1.678000000000000000e+03
1.649000000000000000e+03
1.660000000000000000e+03
1.640000000000000000e+03
1.612000000000000000e+03
1.656000000000000000e+03
1.659000000000000000e+03
1.660000000000000000e+03
1.693000000000000000e+03
1.668000000000000000e+03
1.721000000000000000e+03
1.683000000000000000e+03
1.673000000000000000e+03
1.678000000000000000e+03
1.737000000000000000e+03
1.735000000000000000e+03
1.686000000000000000e+03
1.758000000000000000e+03
1.725000000000000000e+03
1.702000000000000000e+03
1.722000000000000000e+03
1.700000000000000000e+03
1.701000000000000000e+03
1.699000000000000000e+03
1.745000000000000000e+03
1.748000000000000000e+03
1.725000000000000000e+03
1.718000000000000000e+03
1.719000000000000000e+03
1.706000000000000000e+03
1.737000000000000000e+03
1.775000000000000000e+03
1.733000000000000000e+03
1.791000000000000000e+03
1.792000000000000000e+03
1.787000000000000000e+03
1.771000000000000000e+03
1.806000000000000000e+03
1.730000000000000000e+03
1.753000000000000000e+03
1.842000000000000000e+03
1.839000000000000000e+03
1.816000000000000000e+03
2.056000000000000000e+03
1.826000000000000000e+03
1.813000000000000000e+03
1.783000000000000000e+03
1.852000000000000000e+03
1.829000000000000000e+03
1.821000000000000000e+03
1.855000000000000000e+03
1.863000000000000000e+03
1.852000000000000000e+03
1.875000000000000000e+03
1.834000000000000000e+03
1.846000000000000000e+03
1.867000000000000000e+03
1.876000000000000000e+03
1.918000000000000000e+03
1.916000000000000000e+03
1.876000000000000000e+03
1.918000000000000000e+03
1.949000000000000000e+03
1.937000000000000000e+03
1.996000000000000000e+03
1.924000000000000000e+03
1.933000000000000000e+03
1.947000000000000000e+03
1.975000000000000000e+03
1.992000000000000000e+03
1.945000000000000000e+03
2.043000000000000000e+03
2.051000000000000000e+03
2.031000000000000000e+03
1.973000000000000000e+03
2.031000000000000000e+03
2.039000000000000000e+03
2.106000000000000000e+03
2.111000000000000000e+03
2.126000000000000000e+03
2.019000000000000000e+03
2.075000000000000000e+03
2.129000000000000000e+03
2.162000000000000000e+03
2.360000000000000000e+03
2.106000000000000000e+03
2.135000000000000000e+03
2.142000000000000000e+03
2.188000000000000000e+03
2.200000000000000000e+03
2.205000000000000000e+03
2.146000000000000000e+03
2.212000000000000000e+03
2.221000000000000000e+03
2.257000000000000000e+03
2.206000000000000000e+03
2.241000000000000000e+03
2.217000000000000000e+03
2.234000000000000000e+03
2.259000000000000000e+03
2.261000000000000000e+03
2.270000000000000000e+03
2.318000000000000000e+03
2.349000000000000000e+03
2.319000000000000000e+03
2.342000000000000000e+03
2.301000000000000000e+03
2.381000000000000000e+03
2.355000000000000000e+03
2.346000000000000000e+03
2.364000000000000000e+03
2.363000000000000000e+03
2.379000000000000000e+03
2.383000000000000000e+03
2.340000000000000000e+03
2.477000000000000000e+03
2.426000000000000000e+03
2.399000000000000000e+03
2.387000000000000000e+03
2.400000000000000000e+03
2.446000000000000000e+03
2.425000000000000000e+03
2.478000000000000000e+03
2.479000000000000000e+03
2.409000000000000000e+03
2.488000000000000000e+03
2.446000000000000000e+03
2.472000000000000000e+03
2.542000000000000000e+03
2.482000000000000000e+03
2.497000000000000000e+03
2.496000000000000000e+03
2.640000000000000000e+03
3.001000000000000000e+03
2.889000000000000000e+03
2.647000000000000000e+03
2.509000000000000000e+03
2.553000000000000000e+03
2.583000000000000000e+03
2.534000000000000000e+03
2.655000000000000000e+03
2.526000000000000000e+03
2.590000000000000000e+03
2.583000000000000000e+03
2.561000000000000000e+03
2.623000000000000000e+03
2.549000000000000000e+03
2.592000000000000000e+03
2.631000000000000000e+03
2.587000000000000000e+03
2.635000000000000000e+03
2.654000000000000000e+03
2.672000000000000000e+03
2.738000000000000000e+03
2.747000000000000000e+03
2.682000000000000000e+03
2.681000000000000000e+03
2.732000000000000000e+03
2.724000000000000000e+03
2.707000000000000000e+03
2.744000000000000000e+03
2.774000000000000000e+03
2.781000000000000000e+03
2.768000000000000000e+03
2.803000000000000000e+03
2.825000000000000000e+03
2.893000000000000000e+03
2.846000000000000000e+03
2.913000000000000000e+03
2.887000000000000000e+03
2.938000000000000000e+03
2.875000000000000000e+03
2.888000000000000000e+03
2.958000000000000000e+03
2.935000000000000000e+03
2.968000000000000000e+03
2.971000000000000000e+03
2.996000000000000000e+03
3.029000000000000000e+03
2.979000000000000000e+03
2.957000000000000000e+03
5.347000000000000000e+03
3.016000000000000000e+03
3.078000000000000000e+03
3.139000000000000000e+03
3.067000000000000000e+03
3.103000000000000000e+03
3.137000000000000000e+03
3.140000000000000000e+03
3.207000000000000000e+03
3.151000000000000000e+03
3.154000000000000000e+03
3.190000000000000000e+03
3.209000000000000000e+03
3.178000000000000000e+03
3.227000000000000000e+03
3.221000000000000000e+03
3.169000000000000000e+03
3.326000000000000000e+03
3.245000000000000000e+03
3.270000000000000000e+03
3.274000000000000000e+03
3.262000000000000000e+03
3.288000000000000000e+03
3.374000000000000000e+03
3.376000000000000000e+03
3.388000000000000000e+03
3.433000000000000000e+03
3.381000000000000000e+03
3.412000000000000000e+03
3.589000000000000000e+03
3.517000000000000000e+03
3.414000000000000000e+03
3.454000000000000000e+03
3.441000000000000000e+03
3.490000000000000000e+03
3.439000000000000000e+03
3.508000000000000000e+03
3.432000000000000000e+03
3.482000000000000000e+03
3.524000000000000000e+03
3.514000000000000000e+03
3.472000000000000000e+03
3.501000000000000000e+03
3.508000000000000000e+03
3.513000000000000000e+03
3.628000000000000000e+03
3.561000000000000000e+03
3.550000000000000000e+03
3.469000000000000000e+03
3.558000000000000000e+03
3.577000000000000000e+03
3.551000000000000000e+03
3.544000000000000000e+03
3.554000000000000000e+03
3.553000000000000000e+03
3.562000000000000000e+03
3.623000000000000000e+03
3.532000000000000000e+03
3.572000000000000000e+03
3.614000000000000000e+03
3.596000000000000000e+03
3.579000000000000000e+03
3.605000000000000000e+03
3.585000000000000000e+03
3.620000000000000000e+03
3.624000000000000000e+03
3.614000000000000000e+03
3.678000000000000000e+03
3.583000000000000000e+03
3.648000000000000000e+03
3.649000000000000000e+03
3.661000000000000000e+03
3.617000000000000000e+03
3.679000000000000000e+03
3.584000000000000000e+03
3.767000000000000000e+03
3.687000000000000000e+03
3.691000000000000000e+03
3.674000000000000000e+03
3.729000000000000000e+03
3.682000000000000000e+03
3.626000000000000000e+03
3.638000000000000000e+03
3.625000000000000000e+03
3.699000000000000000e+03
3.697000000000000000e+03
3.777000000000000000e+03
3.645000000000000000e+03
3.731000000000000000e+03
3.758000000000000000e+03
3.658000000000000000e+03
3.702000000000000000e+03
3.707000000000000000e+03
3.682000000000000000e+03
3.685000000000000000e+03
3.661000000000000000e+03
3.648000000000000000e+03
3.675000000000000000e+03
3.729000000000000000e+03
3.787000000000000000e+03
3.675000000000000000e+03
3.697000000000000000e+03
3.779000000000000000e+03
3.698000000000000000e+03
3.635000000000000000e+03
3.754000000000000000e+03
3.747000000000000000e+03
3.718000000000000000e+03
3.644000000000000000e+03
3.679000000000000000e+03
3.656000000000000000e+03
3.666000000000000000e+03
3.661000000000000000e+03
3.720000000000000000e+03
3.659000000000000000e+03
3.640000000000000000e+03
3.717000000000000000e+03
3.715000000000000000e+03
3.733000000000000000e+03
3.739000000000000000e+03
3.649000000000000000e+03
3.662000000000000000e+03
3.723000000000000000e+03
3.695000000000000000e+03
3.666000000000000000e+03
3.735000000000000000e+03
3.705000000000000000e+03
3.666000000000000000e+03
3.790000000000000000e+03
3.793000000000000000e+03
3.871000000000000000e+03
3.726000000000000000e+03
3.664000000000000000e+03
3.740000000000000000e+03
3.802000000000000000e+03
3.711000000000000000e+03
3.713000000000000000e+03
3.748000000000000000e+03
3.772000000000000000e+03
3.769000000000000000e+03
3.771000000000000000e+03
3.838000000000000000e+03
3.797000000000000000e+03
3.741000000000000000e+03
3.758000000000000000e+03
3.779000000000000000e+03
3.680000000000000000e+03
3.802000000000000000e+03
3.807000000000000000e+03
3.841000000000000000e+03
3.826000000000000000e+03
3.801000000000000000e+03
3.920000000000000000e+03
3.875000000000000000e+03
3.895000000000000000e+03
3.840000000000000000e+03
3.834000000000000000e+03
3.800000000000000000e+03
3.895000000000000000e+03
3.863000000000000000e+03
3.852000000000000000e+03
3.925000000000000000e+03
3.876000000000000000e+03
3.911000000000000000e+03
3.899000000000000000e+03
3.904000000000000000e+03
3.802000000000000000e+03
3.989000000000000000e+03
3.918000000000000000e+03
3.895000000000000000e+03
3.953000000000000000e+03
3.877000000000000000e+03
3.858000000000000000e+03
3.853000000000000000e+03
3.931000000000000000e+03
3.911000000000000000e+03
3.923000000000000000e+03
3.932000000000000000e+03
3.875000000000000000e+03
3.867000000000000000e+03
3.875000000000000000e+03
3.918000000000000000e+03
3.856000000000000000e+03
3.891000000000000000e+03
3.898000000000000000e+03
3.983000000000000000e+03
4.041000000000000000e+03
3.917000000000000000e+03
3.887000000000000000e+03
3.885000000000000000e+03
4.026000000000000000e+03
4.002000000000000000e+03
3.971000000000000000e+03
3.907000000000000000e+03
3.934000000000000000e+03
3.981000000000000000e+03
4.325000000000000000e+03
3.995000000000000000e+03
4.023000000000000000e+03
3.997000000000000000e+03
3.931000000000000000e+03
4.043000000000000000e+03
4.018000000000000000e+03
3.999000000000000000e+03
4.011000000000000000e+03
3.954000000000000000e+03
4.010000000000000000e+03
3.984000000000000000e+03
4.046000000000000000e+03
4.031000000000000000e+03
4.000000000000000000e+03
4.036000000000000000e+03
4.037000000000000000e+03
4.032000000000000000e+03
4.026000000000000000e+03
4.072000000000000000e+03
4.085000000000000000e+03
3.990000000000000000e+03
3.988000000000000000e+03
4.060000000000000000e+03
4.108000000000000000e+03
4.006000000000000000e+03
3.968000000000000000e+03
3.984000000000000000e+03
4.116000000000000000e+03
3.972000000000000000e+03
4.044000000000000000e+03
3.993000000000000000e+03
3.996000000000000000e+03
4.048000000000000000e+03
3.968000000000000000e+03
3.989000000000000000e+03
4.091000000000000000e+03
3.953000000000000000e+03
4.073000000000000000e+03
4.064000000000000000e+03
3.970000000000000000e+03
3.943000000000000000e+03
3.955000000000000000e+03
3.975000000000000000e+03
3.996000000000000000e+03
4.033000000000000000e+03
3.858000000000000000e+03
3.907000000000000000e+03
3.942000000000000000e+03
3.961000000000000000e+03
3.998000000000000000e+03
3.933000000000000000e+03
3.874000000000000000e+03
3.921000000000000000e+03
3.946000000000000000e+03
3.885000000000000000e+03
3.919000000000000000e+03
3.881000000000000000e+03
3.910000000000000000e+03
3.840000000000000000e+03
3.895000000000000000e+03
3.890000000000000000e+03
3.842000000000000000e+03
3.889000000000000000e+03
3.841000000000000000e+03
3.807000000000000000e+03
3.873000000000000000e+03
3.837000000000000000e+03
3.907000000000000000e+03
3.862000000000000000e+03
3.795000000000000000e+03
3.818000000000000000e+03
3.802000000000000000e+03
3.874000000000000000e+03
3.832000000000000000e+03
3.823000000000000000e+03
3.796000000000000000e+03
3.817000000000000000e+03
3.721000000000000000e+03
3.829000000000000000e+03
3.671000000000000000e+03
3.845000000000000000e+03
3.687000000000000000e+03
3.794000000000000000e+03
3.742000000000000000e+03
3.807000000000000000e+03
3.699000000000000000e+03
3.603000000000000000e+03
3.717000000000000000e+03
3.753000000000000000e+03
3.659000000000000000e+03
3.663000000000000000e+03
3.687000000000000000e+03
3.687000000000000000e+03
3.686000000000000000e+03
3.635000000000000000e+03
3.658000000000000000e+03
3.691000000000000000e+03
3.662000000000000000e+03
3.677000000000000000e+03
3.679000000000000000e+03
3.565000000000000000e+03
3.523000000000000000e+03
3.613000000000000000e+03
3.691000000000000000e+03
3.575000000000000000e+03
3.623000000000000000e+03
3.591000000000000000e+03
3.538000000000000000e+03
3.526000000000000000e+03
3.507000000000000000e+03
3.546000000000000000e+03
3.490000000000000000e+03
3.477000000000000000e+03
3.476000000000000000e+03
3.550000000000000000e+03
3.521000000000000000e+03
3.504000000000000000e+03
3.462000000000000000e+03
3.432000000000000000e+03
3.524000000000000000e+03
3.423000000000000000e+03
3.472000000000000000e+03
3.461000000000000000e+03
3.465000000000000000e+03
3.484000000000000000e+03
3.471000000000000000e+03
3.449000000000000000e+03
3.450000000000000000e+03
3.411000000000000000e+03
3.517000000000000000e+03
3.402000000000000000e+03
3.403000000000000000e+03
3.492000000000000000e+03
3.363000000000000000e+03
3.419000000000000000e+03
3.425000000000000000e+03
3.450000000000000000e+03
3.397000000000000000e+03
3.402000000000000000e+03
3.367000000000000000e+03
3.351000000000000000e+03
3.453000000000000000e+03
3.454000000000000000e+03
3.460000000000000000e+03
3.370000000000000000e+03
3.426000000000000000e+03
3.359000000000000000e+03
3.368000000000000000e+03
3.352000000000000000e+03
3.312000000000000000e+03
3.356000000000000000e+03
3.382000000000000000e+03
3.341000000000000000e+03
3.396000000000000000e+03
3.328000000000000000e+03
3.304000000000000000e+03
3.348000000000000000e+03
3.375000000000000000e+03
3.340000000000000000e+03
3.336000000000000000e+03
3.385000000000000000e+03
3.345000000000000000e+03
3.290000000000000000e+03
3.348000000000000000e+03
3.369000000000000000e+03
3.314000000000000000e+03
3.278000000000000000e+03
3.320000000000000000e+03
3.281000000000000000e+03
3.359000000000000000e+03
3.249000000000000000e+03
3.301000000000000000e+03
3.300000000000000000e+03
3.214000000000000000e+03
3.218000000000000000e+03
3.299000000000000000e+03
3.263000000000000000e+03
3.228000000000000000e+03
3.212000000000000000e+03
3.140000000000000000e+03
3.199000000000000000e+03
3.199000000000000000e+03
3.212000000000000000e+03
3.268000000000000000e+03
3.168000000000000000e+03
3.234000000000000000e+03
3.234000000000000000e+03
3.113000000000000000e+03
3.193000000000000000e+03
3.136000000000000000e+03
3.180000000000000000e+03
3.152000000000000000e+03
3.151000000000000000e+03
3.142000000000000000e+03
3.132000000000000000e+03
3.121000000000000000e+03
3.136000000000000000e+03
3.167000000000000000e+03
3.180000000000000000e+03
3.117000000000000000e+03
3.103000000000000000e+03
3.104000000000000000e+03
3.098000000000000000e+03
3.208000000000000000e+03
3.139000000000000000e+03
3.122000000000000000e+03
3.044000000000000000e+03
3.084000000000000000e+03
3.113000000000000000e+03
3.095000000000000000e+03
3.117000000000000000e+03
3.092000000000000000e+03
3.117000000000000000e+03
3.055000000000000000e+03
2.987000000000000000e+03
2.998000000000000000e+03
3.040000000000000000e+03
3.019000000000000000e+03
2.995000000000000000e+03
3.059000000000000000e+03
2.997000000000000000e+03
3.036000000000000000e+03
3.019000000000000000e+03
3.050000000000000000e+03
2.994000000000000000e+03
2.943000000000000000e+03
2.953000000000000000e+03
2.947000000000000000e+03
2.952000000000000000e+03
2.957000000000000000e+03
2.950000000000000000e+03
2.931000000000000000e+03
2.934000000000000000e+03
2.980000000000000000e+03
3.203000000000000000e+03
2.944000000000000000e+03
2.879000000000000000e+03
2.865000000000000000e+03
2.920000000000000000e+03
2.835000000000000000e+03
2.884000000000000000e+03
2.883000000000000000e+03
2.891000000000000000e+03
2.868000000000000000e+03
2.823000000000000000e+03
2.885000000000000000e+03
2.831000000000000000e+03
2.859000000000000000e+03
2.868000000000000000e+03
2.830000000000000000e+03
2.799000000000000000e+03
2.862000000000000000e+03
2.882000000000000000e+03
2.724000000000000000e+03
2.732000000000000000e+03
2.907000000000000000e+03
2.788000000000000000e+03
2.709000000000000000e+03
2.684000000000000000e+03
2.664000000000000000e+03
2.742000000000000000e+03
2.764000000000000000e+03
2.678000000000000000e+03
2.709000000000000000e+03
2.700000000000000000e+03
2.693000000000000000e+03
2.645000000000000000e+03
2.660000000000000000e+03
2.650000000000000000e+03
2.617000000000000000e+03
2.618000000000000000e+03
2.658000000000000000e+03
2.637000000000000000e+03
2.581000000000000000e+03
2.611000000000000000e+03
2.561000000000000000e+03
2.580000000000000000e+03
2.534000000000000000e+03
2.554000000000000000e+03
2.579000000000000000e+03
2.522000000000000000e+03
2.533000000000000000e+03
2.585000000000000000e+03
2.493000000000000000e+03
2.502000000000000000e+03
2.520000000000000000e+03
2.510000000000000000e+03
2.479000000000000000e+03
2.470000000000000000e+03
2.509000000000000000e+03
2.465000000000000000e+03
2.480000000000000000e+03
2.426000000000000000e+03
2.436000000000000000e+03
2.418000000000000000e+03
2.427000000000000000e+03
2.433000000000000000e+03
2.380000000000000000e+03
2.409000000000000000e+03
2.381000000000000000e+03
2.330000000000000000e+03
2.326000000000000000e+03
2.340000000000000000e+03
2.391000000000000000e+03
2.350000000000000000e+03
2.333000000000000000e+03
2.297000000000000000e+03
2.236000000000000000e+03
2.275000000000000000e+03
2.368000000000000000e+03
2.247000000000000000e+03
2.306000000000000000e+03
2.272000000000000000e+03
2.242000000000000000e+03
2.264000000000000000e+03
2.242000000000000000e+03
2.213000000000000000e+03
2.449000000000000000e+03
2.245000000000000000e+03
2.288000000000000000e+03
2.269000000000000000e+03
2.235000000000000000e+03
2.279000000000000000e+03
2.287000000000000000e+03
2.177000000000000000e+03
2.246000000000000000e+03
2.214000000000000000e+03
2.178000000000000000e+03
2.170000000000000000e+03
2.175000000000000000e+03
2.200000000000000000e+03
2.116000000000000000e+03
