1.502000000000000000e+03
1.479000000000000000e+03
1.462000000000000000e+03
1.475000000000000000e+03
1.470000000000000000e+03
1.500000000000000000e+03
1.507000000000000000e+03
1.585000000000000000e+03
1.499000000000000000e+03
1.512000000000000000e+03
1.549000000000000000e+03
1.506000000000000000e+03
1.539000000000000000e+03
1.567000000000000000e+03
1.540000000000000000e+03
1.551000000000000000e+03
1.552000000000000000e+03
1.550000000000000000e+03
1.555000000000000000e+03
1.536000000000000000e+03
1.594000000000000000e+03
1.573000000000000000e+03
1.580000000000000000e+03
1.566000000000000000e+03
1.569000000000000000e+03
1.629000000000000000e+03
1.594000000000000000e+03
1.588000000000000000e+03
1.645000000000000000e+03
1.639000000000000000e+03
1.631000000000000000e+03
1.653000000000000000e+03
1.609000000000000000e+03
1.591000000000000000e+03
1.678000000000000000e+03
1.639000000000000000e+03
1.646000000000000000e+03
1.646000000000000000e+03
1.647000000000000000e+03
1.665000000000000000e+03
1.662000000000000000e+03
1.688000000000000000e+03
1.668000000000000000e+03
1.674000000000000000e+03
1.699000000000000000e+03
1.713000000000000000e+03
1.672000000000000000e+03
1.712000000000000000e+03
1.680000000000000000e+03
1.694000000000000000e+03
1.790000000000000000e+03
1.705000000000000000e+03
1.757000000000000000e+03
1.808000000000000000e+03
1.697000000000000000e+03
1.709000000000000000e+03
1.730000000000000000e+03
1.735000000000000000e+03
1.753000000000000000e+03
1.687000000000000000e+03
1.759000000000000000e+03
1.720000000000000000e+03
1.770000000000000000e+03
1.827000000000000000e+03
1.806000000000000000e+03
1.803000000000000000e+03
1.784000000000000000e+03
1.789000000000000000e+03
1.794000000000000000e+03
1.800000000000000000e+03
1.823000000000000000e+03
1.821000000000000000e+03
1.795000000000000000e+03
1.784000000000000000e+03
1.820000000000000000e+03
1.826000000000000000e+03
1.762000000000000000e+03
1.806000000000000000e+03
1.801000000000000000e+03
1.788000000000000000e+03
1.800000000000000000e+03
1.844000000000000000e+03
1.840000000000000000e+03
1.838000000000000000e+03
1.816000000000000000e+03
1.820000000000000000e+03
1.845000000000000000e+03
1.857000000000000000e+03
1.776000000000000000e+03
1.936000000000000000e+03
1.877000000000000000e+03
1.871000000000000000e+03
1.846000000000000000e+03
1.844000000000000000e+03
1.876000000000000000e+03
1.850000000000000000e+03
1.918000000000000000e+03
1.880000000000000000e+03
1.877000000000000000e+03
1.933000000000000000e+03
1.917000000000000000e+03
1.880000000000000000e+03
1.912000000000000000e+03
1.947000000000000000e+03
1.927000000000000000e+03
1.911000000000000000e+03
1.960000000000000000e+03
1.952000000000000000e+03
1.958000000000000000e+03
1.999000000000000000e+03
1.967000000000000000e+03
1.980000000000000000e+03
1.993000000000000000e+03
2.016000000000000000e+03
2.023000000000000000e+03
1.987000000000000000e+03
2.024000000000000000e+03
2.066000000000000000e+03
2.080000000000000000e+03
2.083000000000000000e+03
2.063000000000000000e+03
2.117000000000000000e+03
2.100000000000000000e+03
2.045000000000000000e+03
2.047000000000000000e+03
2.186000000000000000e+03
2.122000000000000000e+03
2.124000000000000000e+03
2.126000000000000000e+03
2.158000000000000000e+03
2.100000000000000000e+03
2.181000000000000000e+03
2.169000000000000000e+03
2.221000000000000000e+03
2.133000000000000000e+03
2.169000000000000000e+03
2.190000000000000000e+03
2.243000000000000000e+03
2.242000000000000000e+03
2.306000000000000000e+03
2.315000000000000000e+03
2.261000000000000000e+03
2.227000000000000000e+03
2.396000000000000000e+03
2.309000000000000000e+03
2.315000000000000000e+03
2.334000000000000000e+03
2.290000000000000000e+03
2.325000000000000000e+03
2.330000000000000000e+03
2.379000000000000000e+03
2.348000000000000000e+03
2.345000000000000000e+03
2.410000000000000000e+03
2.389000000000000000e+03
2.378000000000000000e+03
2.424000000000000000e+03
2.439000000000000000e+03
2.392000000000000000e+03
2.382000000000000000e+03
2.469000000000000000e+03
2.465000000000000000e+03
2.474000000000000000e+03
2.504000000000000000e+03
2.492000000000000000e+03
2.478000000000000000e+03
2.518000000000000000e+03
2.528000000000000000e+03
2.485000000000000000e+03
2.548000000000000000e+03
2.480000000000000000e+03
2.540000000000000000e+03
2.469000000000000000e+03
2.570000000000000000e+03
2.609000000000000000e+03
2.553000000000000000e+03
2.649000000000000000e+03
2.539000000000000000e+03
2.600000000000000000e+03
2.575000000000000000e+03
2.558000000000000000e+03
2.579000000000000000e+03
2.599000000000000000e+03
2.565000000000000000e+03
2.602000000000000000e+03
2.601000000000000000e+03
2.871000000000000000e+03
3.099000000000000000e+03
3.026000000000000000e+03
2.772000000000000000e+03
2.726000000000000000e+03
2.799000000000000000e+03
2.663000000000000000e+03
2.640000000000000000e+03
2.652000000000000000e+03
2.712000000000000000e+03
2.739000000000000000e+03
2.694000000000000000e+03
2.757000000000000000e+03
2.741000000000000000e+03
2.840000000000000000e+03
2.691000000000000000e+03
2.745000000000000000e+03
2.727000000000000000e+03
2.783000000000000000e+03
2.800000000000000000e+03
2.811000000000000000e+03
2.847000000000000000e+03
2.798000000000000000e+03
2.822000000000000000e+03
2.869000000000000000e+03
2.918000000000000000e+03
2.886000000000000000e+03
2.920000000000000000e+03
2.933000000000000000e+03
2.891000000000000000e+03
2.960000000000000000e+03
2.933000000000000000e+03
2.892000000000000000e+03
2.935000000000000000e+03
2.938000000000000000e+03
2.952000000000000000e+03
2.998000000000000000e+03
2.968000000000000000e+03
3.006000000000000000e+03
3.037000000000000000e+03
3.020000000000000000e+03
3.000000000000000000e+03
3.065000000000000000e+03
3.036000000000000000e+03
3.139000000000000000e+03
3.085000000000000000e+03
3.124000000000000000e+03
3.122000000000000000e+03
3.128000000000000000e+03
3.154000000000000000e+03
3.155000000000000000e+03
3.225000000000000000e+03
3.193000000000000000e+03
3.257000000000000000e+03
3.205000000000000000e+03
3.242000000000000000e+03
3.271000000000000000e+03
3.206000000000000000e+03
3.370000000000000000e+03
3.274000000000000000e+03
3.349000000000000000e+03
3.343000000000000000e+03
3.353000000000000000e+03
3.744000000000000000e+03
3.341000000000000000e+03
3.358000000000000000e+03
3.423000000000000000e+03
3.379000000000000000e+03
3.445000000000000000e+03
3.483000000000000000e+03
3.465000000000000000e+03
3.454000000000000000e+03
3.530000000000000000e+03
3.578000000000000000e+03
3.563000000000000000e+03
3.510000000000000000e+03
3.520000000000000000e+03
3.473000000000000000e+03
3.636000000000000000e+03
3.626000000000000000e+03
3.548000000000000000e+03
3.640000000000000000e+03
3.603000000000000000e+03
3.605000000000000000e+03
3.581000000000000000e+03
3.617000000000000000e+03
3.661000000000000000e+03
3.651000000000000000e+03
3.598000000000000000e+03
3.651000000000000000e+03
3.658000000000000000e+03
3.686000000000000000e+03
3.651000000000000000e+03
3.668000000000000000e+03
3.678000000000000000e+03
3.769000000000000000e+03
3.673000000000000000e+03
3.679000000000000000e+03
3.704000000000000000e+03
3.681000000000000000e+03
3.766000000000000000e+03
3.723000000000000000e+03
3.763000000000000000e+03
3.729000000000000000e+03
3.718000000000000000e+03
3.764000000000000000e+03
3.718000000000000000e+03
3.826000000000000000e+03
3.758000000000000000e+03
3.768000000000000000e+03
3.776000000000000000e+03
3.876000000000000000e+03
3.864000000000000000e+03
3.773000000000000000e+03
3.900000000000000000e+03
3.809000000000000000e+03
3.768000000000000000e+03
3.816000000000000000e+03
3.842000000000000000e+03
3.869000000000000000e+03
3.818000000000000000e+03
3.808000000000000000e+03
3.833000000000000000e+03
3.909000000000000000e+03
3.894000000000000000e+03
3.864000000000000000e+03
3.885000000000000000e+03
3.918000000000000000e+03
3.834000000000000000e+03
3.888000000000000000e+03
3.869000000000000000e+03
3.799000000000000000e+03
3.937000000000000000e+03
3.924000000000000000e+03
3.940000000000000000e+03
3.854000000000000000e+03
3.887000000000000000e+03
3.875000000000000000e+03
3.932000000000000000e+03
3.840000000000000000e+03
3.861000000000000000e+03
3.891000000000000000e+03
3.927000000000000000e+03
3.864000000000000000e+03
3.925000000000000000e+03
3.818000000000000000e+03
3.887000000000000000e+03
3.831000000000000000e+03
3.868000000000000000e+03
3.930000000000000000e+03
3.932000000000000000e+03
3.906000000000000000e+03
3.867000000000000000e+03
3.901000000000000000e+03
3.921000000000000000e+03
3.901000000000000000e+03
3.865000000000000000e+03
3.911000000000000000e+03
3.934000000000000000e+03
3.938000000000000000e+03
3.954000000000000000e+03
3.926000000000000000e+03
3.858000000000000000e+03
3.977000000000000000e+03
3.885000000000000000e+03
3.856000000000000000e+03
3.901000000000000000e+03
3.941000000000000000e+03
3.915000000000000000e+03
3.891000000000000000e+03
3.900000000000000000e+03
3.911000000000000000e+03
3.847000000000000000e+03
3.931000000000000000e+03
3.922000000000000000e+03
3.876000000000000000e+03
3.922000000000000000e+03
3.930000000000000000e+03
3.962000000000000000e+03
3.908000000000000000e+03
3.980000000000000000e+03
3.836000000000000000e+03
4.032000000000000000e+03
3.937000000000000000e+03
3.997000000000000000e+03
3.989000000000000000e+03
3.996000000000000000e+03
3.956000000000000000e+03
3.983000000000000000e+03
4.038000000000000000e+03
3.987000000000000000e+03
4.005000000000000000e+03
4.036000000000000000e+03
4.071000000000000000e+03
3.965000000000000000e+03
4.027000000000000000e+03
3.987000000000000000e+03
4.053000000000000000e+03
4.071000000000000000e+03
4.086000000000000000e+03
4.022000000000000000e+03
3.998000000000000000e+03
4.119000000000000000e+03
4.019000000000000000e+03
4.089000000000000000e+03
4.056000000000000000e+03
4.156000000000000000e+03
4.166000000000000000e+03
4.042000000000000000e+03
4.214000000000000000e+03
4.068000000000000000e+03
4.153000000000000000e+03
4.109000000000000000e+03
4.060000000000000000e+03
4.056000000000000000e+03
4.233000000000000000e+03
4.082000000000000000e+03
4.135000000000000000e+03
4.169000000000000000e+03
4.156000000000000000e+03
4.087000000000000000e+03
4.201000000000000000e+03
4.162000000000000000e+03
4.119000000000000000e+03
4.128000000000000000e+03
4.515000000000000000e+03
4.214000000000000000e+03
4.172000000000000000e+03
4.147000000000000000e+03
4.108000000000000000e+03
4.151000000000000000e+03
4.208000000000000000e+03
4.197000000000000000e+03
4.190000000000000000e+03
4.173000000000000000e+03
4.174000000000000000e+03
4.184000000000000000e+03
4.119000000000000000e+03
4.141000000000000000e+03
4.195000000000000000e+03
4.177000000000000000e+03
4.220000000000000000e+03
4.271000000000000000e+03
4.243000000000000000e+03
4.235000000000000000e+03
4.143000000000000000e+03
4.269000000000000000e+03
4.234000000000000000e+03
4.255000000000000000e+03
4.254000000000000000e+03
4.242000000000000000e+03
4.202000000000000000e+03
4.249000000000000000e+03
4.202000000000000000e+03
4.241000000000000000e+03
4.189000000000000000e+03
4.273000000000000000e+03
4.215000000000000000e+03
4.316000000000000000e+03
4.283000000000000000e+03
4.194000000000000000e+03
4.259000000000000000e+03
4.151000000000000000e+03
4.308000000000000000e+03
4.219000000000000000e+03
4.297000000000000000e+03
4.227000000000000000e+03
4.275000000000000000e+03
4.325000000000000000e+03
4.267000000000000000e+03
4.267000000000000000e+03
4.267000000000000000e+03
4.302000000000000000e+03
4.255000000000000000e+03
4.198000000000000000e+03
4.287000000000000000e+03
4.286000000000000000e+03
4.256000000000000000e+03
4.154000000000000000e+03
4.248000000000000000e+03
4.330000000000000000e+03
4.288000000000000000e+03
4.176000000000000000e+03
4.221000000000000000e+03
4.192000000000000000e+03
4.205000000000000000e+03
4.153000000000000000e+03
4.304000000000000000e+03
4.170000000000000000e+03
4.161000000000000000e+03
4.130000000000000000e+03
4.118000000000000000e+03
4.209000000000000000e+03
4.212000000000000000e+03
4.226000000000000000e+03
4.161000000000000000e+03
4.220000000000000000e+03
4.139000000000000000e+03
4.257000000000000000e+03
4.193000000000000000e+03
4.103000000000000000e+03
4.192000000000000000e+03
4.110000000000000000e+03
4.194000000000000000e+03
4.075000000000000000e+03
4.151000000000000000e+03
4.137000000000000000e+03
4.112000000000000000e+03
4.149000000000000000e+03
4.118000000000000000e+03
4.122000000000000000e+03
4.131000000000000000e+03
4.061000000000000000e+03
4.111000000000000000e+03
4.057000000000000000e+03
4.028000000000000000e+03
4.062000000000000000e+03
4.071000000000000000e+03
4.059000000000000000e+03
4.067000000000000000e+03
4.057000000000000000e+03
4.128000000000000000e+03
3.963000000000000000e+03
3.991000000000000000e+03
4.034000000000000000e+03
3.955000000000000000e+03
3.988000000000000000e+03
3.983000000000000000e+03
3.994000000000000000e+03
3.932000000000000000e+03
3.951000000000000000e+03
3.980000000000000000e+03
3.919000000000000000e+03
3.933000000000000000e+03
3.925000000000000000e+03
3.866000000000000000e+03
3.865000000000000000e+03
3.891000000000000000e+03
3.834000000000000000e+03
3.987000000000000000e+03
3.924000000000000000e+03
3.911000000000000000e+03
3.835000000000000000e+03
3.812000000000000000e+03
3.899000000000000000e+03
3.805000000000000000e+03
3.807000000000000000e+03
3.815000000000000000e+03
3.861000000000000000e+03
3.810000000000000000e+03
3.871000000000000000e+03
3.786000000000000000e+03
3.806000000000000000e+03
3.806000000000000000e+03
3.741000000000000000e+03
3.782000000000000000e+03
3.773000000000000000e+03
3.793000000000000000e+03
3.840000000000000000e+03
3.719000000000000000e+03
3.776000000000000000e+03
3.794000000000000000e+03
3.775000000000000000e+03
3.649000000000000000e+03
3.750000000000000000e+03
3.684000000000000000e+03
3.653000000000000000e+03
3.658000000000000000e+03
3.663000000000000000e+03
3.705000000000000000e+03
3.680000000000000000e+03
3.699000000000000000e+03
3.661000000000000000e+03
3.674000000000000000e+03
3.706000000000000000e+03
3.641000000000000000e+03
3.695000000000000000e+03
3.655000000000000000e+03
3.664000000000000000e+03
3.637000000000000000e+03
3.666000000000000000e+03
3.598000000000000000e+03
3.695000000000000000e+03
3.633000000000000000e+03
3.558000000000000000e+03
3.576000000000000000e+03
3.648000000000000000e+03
3.630000000000000000e+03
3.538000000000000000e+03
3.597000000000000000e+03
3.577000000000000000e+03
3.588000000000000000e+03
3.616000000000000000e+03
3.561000000000000000e+03
3.570000000000000000e+03
3.547000000000000000e+03
3.517000000000000000e+03
3.524000000000000000e+03
3.574000000000000000e+03
3.532000000000000000e+03
3.514000000000000000e+03
3.546000000000000000e+03
3.436000000000000000e+03
3.525000000000000000e+03
3.516000000000000000e+03
3.477000000000000000e+03
3.564000000000000000e+03
3.548000000000000000e+03
3.515000000000000000e+03
3.525000000000000000e+03
3.503000000000000000e+03
3.480000000000000000e+03
3.416000000000000000e+03
3.514000000000000000e+03
3.486000000000000000e+03
3.450000000000000000e+03
3.493000000000000000e+03
3.489000000000000000e+03
3.460000000000000000e+03
3.404000000000000000e+03
3.445000000000000000e+03
3.366000000000000000e+03
3.407000000000000000e+03
3.416000000000000000e+03
3.417000000000000000e+03
3.422000000000000000e+03
3.413000000000000000e+03
3.418000000000000000e+03
3.428000000000000000e+03
3.462000000000000000e+03
3.392000000000000000e+03
3.363000000000000000e+03
3.485000000000000000e+03
3.340000000000000000e+03
3.357000000000000000e+03
3.409000000000000000e+03
3.411000000000000000e+03
3.402000000000000000e+03
3.340000000000000000e+03
3.342000000000000000e+03
3.311000000000000000e+03
3.358000000000000000e+03
3.352000000000000000e+03
3.308000000000000000e+03
3.337000000000000000e+03
3.302000000000000000e+03
3.333000000000000000e+03
3.233000000000000000e+03
3.317000000000000000e+03
3.347000000000000000e+03
3.260000000000000000e+03
3.287000000000000000e+03
3.282000000000000000e+03
3.251000000000000000e+03
3.290000000000000000e+03
3.217000000000000000e+03
3.255000000000000000e+03
3.208000000000000000e+03
3.230000000000000000e+03
3.257000000000000000e+03
3.206000000000000000e+03
3.254000000000000000e+03
3.172000000000000000e+03
3.181000000000000000e+03
3.143000000000000000e+03
3.188000000000000000e+03
3.208000000000000000e+03
3.168000000000000000e+03
3.183000000000000000e+03
3.158000000000000000e+03
3.165000000000000000e+03
3.177000000000000000e+03
3.260000000000000000e+03
3.103000000000000000e+03
3.133000000000000000e+03
3.087000000000000000e+03
3.091000000000000000e+03
3.152000000000000000e+03
3.099000000000000000e+03
3.130000000000000000e+03
3.082000000000000000e+03
3.119000000000000000e+03
3.045000000000000000e+03
3.131000000000000000e+03
3.141000000000000000e+03
3.088000000000000000e+03
3.022000000000000000e+03
3.030000000000000000e+03
3.106000000000000000e+03
3.102000000000000000e+03
3.093000000000000000e+03
3.081000000000000000e+03
3.061000000000000000e+03
2.961000000000000000e+03
3.028000000000000000e+03
2.971000000000000000e+03
2.915000000000000000e+03
2.899000000000000000e+03
2.927000000000000000e+03
2.953000000000000000e+03
2.959000000000000000e+03
2.899000000000000000e+03
2.930000000000000000e+03
2.947000000000000000e+03
2.866000000000000000e+03
2.975000000000000000e+03
2.903000000000000000e+03
2.952000000000000000e+03
2.827000000000000000e+03
2.849000000000000000e+03
2.835000000000000000e+03
2.910000000000000000e+03
2.788000000000000000e+03
2.810000000000000000e+03
2.823000000000000000e+03
2.746000000000000000e+03
2.764000000000000000e+03
2.789000000000000000e+03
2.736000000000000000e+03
2.795000000000000000e+03
2.757000000000000000e+03
2.752000000000000000e+03
2.763000000000000000e+03
2.741000000000000000e+03
2.706000000000000000e+03
2.699000000000000000e+03
2.685000000000000000e+03
2.739000000000000000e+03
2.663000000000000000e+03
2.696000000000000000e+03
2.683000000000000000e+03
2.679000000000000000e+03
2.583000000000000000e+03
2.647000000000000000e+03
2.665000000000000000e+03
2.571000000000000000e+03
2.586000000000000000e+03
2.614000000000000000e+03
2.558000000000000000e+03
2.562000000000000000e+03
2.523000000000000000e+03
2.537000000000000000e+03
2.476000000000000000e+03
2.512000000000000000e+03
2.517000000000000000e+03
2.534000000000000000e+03
2.519000000000000000e+03
2.481000000000000000e+03
2.532000000000000000e+03
2.478000000000000000e+03
2.533000000000000000e+03
2.470000000000000000e+03
2.462000000000000000e+03
2.481000000000000000e+03
2.393000000000000000e+03
2.398000000000000000e+03
2.433000000000000000e+03
2.401000000000000000e+03
2.406000000000000000e+03
2.379000000000000000e+03
2.397000000000000000e+03
2.415000000000000000e+03
2.326000000000000000e+03
2.424000000000000000e+03
2.394000000000000000e+03
2.418000000000000000e+03
2.326000000000000000e+03
2.389000000000000000e+03
2.373000000000000000e+03
2.304000000000000000e+03
2.324000000000000000e+03
2.385000000000000000e+03
2.286000000000000000e+03
2.283000000000000000e+03
2.284000000000000000e+03
2.348000000000000000e+03
2.226000000000000000e+03
2.269000000000000000e+03
2.222000000000000000e+03
