1.591000000000000000e+03
1.590000000000000000e+03
1.579000000000000000e+03
1.550000000000000000e+03
1.581000000000000000e+03
1.587000000000000000e+03
1.588000000000000000e+03
1.583000000000000000e+03
1.557000000000000000e+03
1.618000000000000000e+03
1.607000000000000000e+03
1.673000000000000000e+03
1.627000000000000000e+03
1.635000000000000000e+03
1.569000000000000000e+03
1.638000000000000000e+03
1.678000000000000000e+03
1.658000000000000000e+03
1.647000000000000000e+03
1.635000000000000000e+03
1.648000000000000000e+03
1.693000000000000000e+03
1.661000000000000000e+03
1.690000000000000000e+03
1.754000000000000000e+03
1.677000000000000000e+03
1.687000000000000000e+03
1.698000000000000000e+03
1.696000000000000000e+03
1.705000000000000000e+03
1.726000000000000000e+03
1.751000000000000000e+03
1.717000000000000000e+03
1.736000000000000000e+03
1.702000000000000000e+03
1.737000000000000000e+03
1.758000000000000000e+03
1.706000000000000000e+03
1.721000000000000000e+03
1.776000000000000000e+03
1.779000000000000000e+03
1.752000000000000000e+03
1.757000000000000000e+03
1.775000000000000000e+03
1.832000000000000000e+03
1.754000000000000000e+03
1.881000000000000000e+03
1.806000000000000000e+03
1.763000000000000000e+03
1.800000000000000000e+03
1.800000000000000000e+03
1.843000000000000000e+03
1.793000000000000000e+03
1.819000000000000000e+03
1.841000000000000000e+03
1.824000000000000000e+03
1.839000000000000000e+03
1.807000000000000000e+03
1.835000000000000000e+03
1.838000000000000000e+03
1.853000000000000000e+03
1.890000000000000000e+03
1.827000000000000000e+03
1.847000000000000000e+03
1.905000000000000000e+03
1.899000000000000000e+03
1.896000000000000000e+03
1.871000000000000000e+03
1.859000000000000000e+03
1.871000000000000000e+03
1.886000000000000000e+03
1.853000000000000000e+03
1.954000000000000000e+03
1.906000000000000000e+03
1.874000000000000000e+03
1.925000000000000000e+03
1.918000000000000000e+03
1.932000000000000000e+03
1.893000000000000000e+03
1.940000000000000000e+03
1.899000000000000000e+03
1.949000000000000000e+03
1.952000000000000000e+03
1.935000000000000000e+03
1.928000000000000000e+03
1.998000000000000000e+03
1.882000000000000000e+03
1.944000000000000000e+03
1.978000000000000000e+03
1.988000000000000000e+03
1.928000000000000000e+03
1.973000000000000000e+03
1.944000000000000000e+03
1.976000000000000000e+03
1.957000000000000000e+03
1.989000000000000000e+03
2.010000000000000000e+03
2.040000000000000000e+03
2.008000000000000000e+03
2.071000000000000000e+03
2.066000000000000000e+03
2.053000000000000000e+03
2.008000000000000000e+03
2.024000000000000000e+03
2.058000000000000000e+03
2.008000000000000000e+03
2.106000000000000000e+03
2.085000000000000000e+03
2.056000000000000000e+03
2.101000000000000000e+03
2.084000000000000000e+03
2.057000000000000000e+03
2.138000000000000000e+03
2.133000000000000000e+03
2.130000000000000000e+03
2.101000000000000000e+03
2.107000000000000000e+03
2.185000000000000000e+03
2.142000000000000000e+03
2.205000000000000000e+03
2.199000000000000000e+03
2.163000000000000000e+03
2.186000000000000000e+03
2.252000000000000000e+03
2.183000000000000000e+03
2.259000000000000000e+03
2.290000000000000000e+03
2.280000000000000000e+03
2.304000000000000000e+03
2.299000000000000000e+03
2.291000000000000000e+03
2.301000000000000000e+03
2.309000000000000000e+03
2.316000000000000000e+03
2.351000000000000000e+03
2.358000000000000000e+03
2.330000000000000000e+03
2.358000000000000000e+03
2.356000000000000000e+03
2.375000000000000000e+03
2.428000000000000000e+03
2.412000000000000000e+03
2.409000000000000000e+03
2.453000000000000000e+03
2.454000000000000000e+03
2.445000000000000000e+03
2.541000000000000000e+03
2.455000000000000000e+03
2.518000000000000000e+03
2.485000000000000000e+03
2.511000000000000000e+03
2.527000000000000000e+03
2.506000000000000000e+03
2.588000000000000000e+03
2.551000000000000000e+03
2.510000000000000000e+03
2.542000000000000000e+03
2.545000000000000000e+03
2.621000000000000000e+03
2.562000000000000000e+03
2.620000000000000000e+03
2.632000000000000000e+03
2.575000000000000000e+03
2.623000000000000000e+03
2.616000000000000000e+03
2.640000000000000000e+03
2.656000000000000000e+03
2.658000000000000000e+03
2.638000000000000000e+03
2.733000000000000000e+03
2.680000000000000000e+03
2.700000000000000000e+03
2.773000000000000000e+03
2.753000000000000000e+03
2.766000000000000000e+03
2.709000000000000000e+03
2.741000000000000000e+03
2.719000000000000000e+03
2.742000000000000000e+03
2.769000000000000000e+03
2.702000000000000000e+03
2.703000000000000000e+03
2.787000000000000000e+03
2.788000000000000000e+03
2.790000000000000000e+03
2.868000000000000000e+03
3.211000000000000000e+03
3.270000000000000000e+03
2.848000000000000000e+03
2.828000000000000000e+03
2.825000000000000000e+03
2.827000000000000000e+03
2.889000000000000000e+03
2.856000000000000000e+03
2.821000000000000000e+03
2.922000000000000000e+03
2.867000000000000000e+03
2.895000000000000000e+03
2.876000000000000000e+03
2.902000000000000000e+03
2.961000000000000000e+03
2.954000000000000000e+03
2.970000000000000000e+03
2.980000000000000000e+03
2.956000000000000000e+03
2.951000000000000000e+03
3.040000000000000000e+03
3.064000000000000000e+03
2.936000000000000000e+03
2.977000000000000000e+03
2.951000000000000000e+03
3.064000000000000000e+03
3.052000000000000000e+03
3.096000000000000000e+03
3.051000000000000000e+03
3.106000000000000000e+03
3.064000000000000000e+03
3.125000000000000000e+03
3.133000000000000000e+03
3.106000000000000000e+03
3.104000000000000000e+03
3.233000000000000000e+03
3.262000000000000000e+03
3.271000000000000000e+03
3.304000000000000000e+03
3.264000000000000000e+03
3.266000000000000000e+03
3.253000000000000000e+03
3.227000000000000000e+03
3.369000000000000000e+03
3.265000000000000000e+03
3.320000000000000000e+03
3.334000000000000000e+03
3.418000000000000000e+03
3.386000000000000000e+03
3.354000000000000000e+03
3.437000000000000000e+03
3.421000000000000000e+03
3.393000000000000000e+03
3.489000000000000000e+03
3.496000000000000000e+03
3.470000000000000000e+03
3.471000000000000000e+03
3.490000000000000000e+03
3.531000000000000000e+03
3.604000000000000000e+03
3.600000000000000000e+03
3.598000000000000000e+03
3.524000000000000000e+03
3.675000000000000000e+03
3.609000000000000000e+03
3.681000000000000000e+03
3.657000000000000000e+03
3.653000000000000000e+03
3.671000000000000000e+03
3.703000000000000000e+03
3.718000000000000000e+03
3.730000000000000000e+03
3.858000000000000000e+03
3.891000000000000000e+03
3.763000000000000000e+03
3.664000000000000000e+03
3.717000000000000000e+03
3.897000000000000000e+03
3.882000000000000000e+03
3.794000000000000000e+03
3.788000000000000000e+03
3.890000000000000000e+03
3.819000000000000000e+03
3.844000000000000000e+03
3.753000000000000000e+03
3.804000000000000000e+03
3.857000000000000000e+03
3.882000000000000000e+03
3.836000000000000000e+03
3.847000000000000000e+03
3.884000000000000000e+03
3.834000000000000000e+03
3.917000000000000000e+03
3.928000000000000000e+03
3.802000000000000000e+03
3.940000000000000000e+03
3.889000000000000000e+03
3.919000000000000000e+03
3.912000000000000000e+03
4.005000000000000000e+03
3.888000000000000000e+03
3.958000000000000000e+03
4.699000000000000000e+03
3.969000000000000000e+03
3.943000000000000000e+03
3.908000000000000000e+03
3.932000000000000000e+03
3.891000000000000000e+03
4.003000000000000000e+03
3.966000000000000000e+03
4.000000000000000000e+03
4.001000000000000000e+03
4.027000000000000000e+03
4.031000000000000000e+03
4.033000000000000000e+03
3.960000000000000000e+03
4.054000000000000000e+03
4.031000000000000000e+03
4.027000000000000000e+03
3.983000000000000000e+03
4.040000000000000000e+03
4.057000000000000000e+03
4.027000000000000000e+03
4.119000000000000000e+03
4.079000000000000000e+03
4.084000000000000000e+03
4.066000000000000000e+03
4.035000000000000000e+03
4.082000000000000000e+03
4.038000000000000000e+03
4.092000000000000000e+03
4.057000000000000000e+03
4.106000000000000000e+03
4.044000000000000000e+03
4.052000000000000000e+03
4.053000000000000000e+03
4.062000000000000000e+03
4.028000000000000000e+03
4.073000000000000000e+03
4.068000000000000000e+03
4.063000000000000000e+03
4.160000000000000000e+03
4.104000000000000000e+03
4.091000000000000000e+03
4.028000000000000000e+03
4.203000000000000000e+03
4.021000000000000000e+03
4.128000000000000000e+03
4.063000000000000000e+03
4.137000000000000000e+03
4.043000000000000000e+03
4.090000000000000000e+03
4.125000000000000000e+03
4.042000000000000000e+03
4.127000000000000000e+03
4.086000000000000000e+03
4.084000000000000000e+03
4.122000000000000000e+03
4.125000000000000000e+03
4.183000000000000000e+03
4.196000000000000000e+03
4.108000000000000000e+03
4.136000000000000000e+03
4.190000000000000000e+03
4.099000000000000000e+03
4.172000000000000000e+03
4.169000000000000000e+03
4.112000000000000000e+03
4.160000000000000000e+03
4.186000000000000000e+03
4.152000000000000000e+03
4.114000000000000000e+03
4.193000000000000000e+03
4.100000000000000000e+03
4.276000000000000000e+03
4.169000000000000000e+03
4.145000000000000000e+03
4.250000000000000000e+03
4.172000000000000000e+03
4.201000000000000000e+03
4.187000000000000000e+03
4.199000000000000000e+03
4.184000000000000000e+03
4.249000000000000000e+03
4.175000000000000000e+03
4.183000000000000000e+03
4.250000000000000000e+03
4.296000000000000000e+03
4.230000000000000000e+03
4.190000000000000000e+03
4.239000000000000000e+03
4.244000000000000000e+03
4.241000000000000000e+03
4.256000000000000000e+03
4.205000000000000000e+03
4.230000000000000000e+03
4.309000000000000000e+03
4.323000000000000000e+03
4.257000000000000000e+03
4.290000000000000000e+03
4.317000000000000000e+03
4.311000000000000000e+03
4.355000000000000000e+03
4.350000000000000000e+03
4.385000000000000000e+03
4.387000000000000000e+03
4.342000000000000000e+03
4.358000000000000000e+03
4.357000000000000000e+03
4.298000000000000000e+03
4.362000000000000000e+03
4.332000000000000000e+03
4.373000000000000000e+03
4.279000000000000000e+03
4.409000000000000000e+03
4.341000000000000000e+03
4.384000000000000000e+03
4.387000000000000000e+03
4.338000000000000000e+03
4.322000000000000000e+03
4.434000000000000000e+03
4.428000000000000000e+03
4.454000000000000000e+03
4.400000000000000000e+03
4.373000000000000000e+03
4.420000000000000000e+03
4.396000000000000000e+03
4.385000000000000000e+03
4.385000000000000000e+03
4.454000000000000000e+03
4.449000000000000000e+03
4.428000000000000000e+03
4.503000000000000000e+03
4.379000000000000000e+03
4.437000000000000000e+03
4.422000000000000000e+03
4.480000000000000000e+03
4.415000000000000000e+03
4.442000000000000000e+03
4.486000000000000000e+03
4.545000000000000000e+03
4.497000000000000000e+03
4.514000000000000000e+03
4.512000000000000000e+03
4.492000000000000000e+03
4.431000000000000000e+03
4.519000000000000000e+03
4.533000000000000000e+03
4.444000000000000000e+03
4.493000000000000000e+03
4.462000000000000000e+03
4.463000000000000000e+03
4.491000000000000000e+03
4.580000000000000000e+03
4.462000000000000000e+03
4.573000000000000000e+03
4.563000000000000000e+03
4.502000000000000000e+03
4.461000000000000000e+03
4.433000000000000000e+03
4.519000000000000000e+03
4.558000000000000000e+03
4.533000000000000000e+03
4.486000000000000000e+03
4.519000000000000000e+03
4.579000000000000000e+03
4.544000000000000000e+03
4.558000000000000000e+03
4.556000000000000000e+03
4.579000000000000000e+03
4.558000000000000000e+03
4.552000000000000000e+03
4.517000000000000000e+03
4.517000000000000000e+03
4.502000000000000000e+03
4.492000000000000000e+03
4.469000000000000000e+03
4.506000000000000000e+03
4.395000000000000000e+03
4.512000000000000000e+03
4.440000000000000000e+03
4.579000000000000000e+03
4.545000000000000000e+03
4.498000000000000000e+03
4.445000000000000000e+03
4.449000000000000000e+03
4.463000000000000000e+03
4.487000000000000000e+03
4.496000000000000000e+03
4.443000000000000000e+03
4.447000000000000000e+03
4.443000000000000000e+03
4.374000000000000000e+03
4.428000000000000000e+03
4.431000000000000000e+03
4.519000000000000000e+03
4.451000000000000000e+03
4.489000000000000000e+03
4.433000000000000000e+03
4.418000000000000000e+03
4.422000000000000000e+03
4.411000000000000000e+03
4.343000000000000000e+03
4.362000000000000000e+03
4.392000000000000000e+03
4.328000000000000000e+03
4.370000000000000000e+03
4.306000000000000000e+03
4.349000000000000000e+03
4.440000000000000000e+03
4.384000000000000000e+03
4.301000000000000000e+03
4.328000000000000000e+03
4.259000000000000000e+03
4.353000000000000000e+03
4.388000000000000000e+03
4.315000000000000000e+03
4.252000000000000000e+03
4.191000000000000000e+03
4.291000000000000000e+03
4.204000000000000000e+03
4.331000000000000000e+03
4.229000000000000000e+03
4.262000000000000000e+03
4.402000000000000000e+03
4.252000000000000000e+03
4.218000000000000000e+03
4.234000000000000000e+03
4.225000000000000000e+03
4.141000000000000000e+03
4.201000000000000000e+03
4.216000000000000000e+03
4.232000000000000000e+03
4.171000000000000000e+03
4.219000000000000000e+03
4.147000000000000000e+03
4.181000000000000000e+03
4.156000000000000000e+03
4.179000000000000000e+03
4.091000000000000000e+03
4.099000000000000000e+03
4.115000000000000000e+03
4.052000000000000000e+03
4.123000000000000000e+03
4.095000000000000000e+03
4.107000000000000000e+03
4.095000000000000000e+03
4.093000000000000000e+03
3.974000000000000000e+03
4.042000000000000000e+03
4.018000000000000000e+03
4.011000000000000000e+03
4.055000000000000000e+03
4.016000000000000000e+03
4.025000000000000000e+03
4.021000000000000000e+03
3.943000000000000000e+03
3.982000000000000000e+03
3.953000000000000000e+03
3.947000000000000000e+03
3.962000000000000000e+03
3.911000000000000000e+03
3.984000000000000000e+03
3.978000000000000000e+03
3.843000000000000000e+03
3.916000000000000000e+03
3.870000000000000000e+03
3.872000000000000000e+03
3.948000000000000000e+03
3.842000000000000000e+03
3.848000000000000000e+03
3.908000000000000000e+03
3.928000000000000000e+03
3.917000000000000000e+03
3.901000000000000000e+03
3.889000000000000000e+03
3.873000000000000000e+03
3.869000000000000000e+03
3.742000000000000000e+03
3.915000000000000000e+03
3.795000000000000000e+03
3.854000000000000000e+03
3.854000000000000000e+03
3.825000000000000000e+03
3.830000000000000000e+03
3.855000000000000000e+03
3.797000000000000000e+03
3.761000000000000000e+03
3.722000000000000000e+03
3.797000000000000000e+03
3.774000000000000000e+03
3.783000000000000000e+03
3.686000000000000000e+03
3.773000000000000000e+03
3.802000000000000000e+03
3.785000000000000000e+03
3.714000000000000000e+03
3.845000000000000000e+03
3.731000000000000000e+03
3.804000000000000000e+03
3.735000000000000000e+03
3.813000000000000000e+03
3.746000000000000000e+03
3.730000000000000000e+03
3.693000000000000000e+03
3.698000000000000000e+03
3.767000000000000000e+03
3.700000000000000000e+03
3.696000000000000000e+03
3.706000000000000000e+03
3.732000000000000000e+03
3.710000000000000000e+03
3.724000000000000000e+03
3.701000000000000000e+03
3.708000000000000000e+03
3.717000000000000000e+03
3.741000000000000000e+03
3.661000000000000000e+03
3.723000000000000000e+03
3.640000000000000000e+03
3.595000000000000000e+03
3.670000000000000000e+03
3.618000000000000000e+03
4.907000000000000000e+03
3.577000000000000000e+03
3.682000000000000000e+03
3.665000000000000000e+03
3.600000000000000000e+03
3.583000000000000000e+03
3.639000000000000000e+03
3.581000000000000000e+03
3.595000000000000000e+03
3.540000000000000000e+03
3.478000000000000000e+03
3.602000000000000000e+03
3.615000000000000000e+03
3.567000000000000000e+03
3.505000000000000000e+03
3.525000000000000000e+03
3.528000000000000000e+03
3.539000000000000000e+03
3.551000000000000000e+03
3.518000000000000000e+03
3.471000000000000000e+03
3.520000000000000000e+03
3.486000000000000000e+03
3.490000000000000000e+03
3.453000000000000000e+03
3.498000000000000000e+03
3.520000000000000000e+03
3.520000000000000000e+03
3.480000000000000000e+03
3.411000000000000000e+03
3.476000000000000000e+03
3.432000000000000000e+03
3.437000000000000000e+03
3.452000000000000000e+03
3.423000000000000000e+03
3.368000000000000000e+03
3.381000000000000000e+03
3.387000000000000000e+03
3.392000000000000000e+03
3.343000000000000000e+03
3.381000000000000000e+03
3.379000000000000000e+03
3.415000000000000000e+03
3.357000000000000000e+03
3.358000000000000000e+03
3.343000000000000000e+03
3.402000000000000000e+03
3.395000000000000000e+03
3.298000000000000000e+03
3.328000000000000000e+03
3.362000000000000000e+03
3.293000000000000000e+03
3.343000000000000000e+03
3.269000000000000000e+03
3.365000000000000000e+03
3.276000000000000000e+03
3.286000000000000000e+03
3.283000000000000000e+03
3.247000000000000000e+03
3.282000000000000000e+03
3.260000000000000000e+03
3.229000000000000000e+03
3.254000000000000000e+03
3.275000000000000000e+03
3.249000000000000000e+03
3.176000000000000000e+03
3.159000000000000000e+03
3.225000000000000000e+03
3.242000000000000000e+03
3.154000000000000000e+03
3.185000000000000000e+03
3.083000000000000000e+03
3.082000000000000000e+03
3.968000000000000000e+03
3.172000000000000000e+03
3.107000000000000000e+03
3.086000000000000000e+03
3.104000000000000000e+03
3.045000000000000000e+03
3.068000000000000000e+03
3.067000000000000000e+03
3.044000000000000000e+03
3.024000000000000000e+03
3.031000000000000000e+03
3.029000000000000000e+03
2.971000000000000000e+03
3.061000000000000000e+03
3.024000000000000000e+03
3.011000000000000000e+03
2.979000000000000000e+03
2.983000000000000000e+03
2.971000000000000000e+03
2.905000000000000000e+03
2.890000000000000000e+03
2.898000000000000000e+03
2.955000000000000000e+03
2.898000000000000000e+03
2.875000000000000000e+03
2.840000000000000000e+03
2.877000000000000000e+03
2.819000000000000000e+03
2.873000000000000000e+03
2.834000000000000000e+03
2.861000000000000000e+03
2.746000000000000000e+03
2.830000000000000000e+03
2.734000000000000000e+03
2.821000000000000000e+03
2.766000000000000000e+03
2.748000000000000000e+03
2.705000000000000000e+03
2.752000000000000000e+03
2.739000000000000000e+03
2.673000000000000000e+03
2.740000000000000000e+03
2.743000000000000000e+03
2.697000000000000000e+03
2.634000000000000000e+03
2.702000000000000000e+03
2.616000000000000000e+03
2.626000000000000000e+03
2.595000000000000000e+03
2.588000000000000000e+03
2.585000000000000000e+03
2.649000000000000000e+03
2.556000000000000000e+03
2.567000000000000000e+03
2.660000000000000000e+03
2.518000000000000000e+03
2.598000000000000000e+03
2.557000000000000000e+03
2.615000000000000000e+03
2.584000000000000000e+03
2.556000000000000000e+03
2.580000000000000000e+03
2.470000000000000000e+03
2.527000000000000000e+03
2.524000000000000000e+03
2.524000000000000000e+03
2.484000000000000000e+03
2.460000000000000000e+03
2.526000000000000000e+03
2.469000000000000000e+03
2.461000000000000000e+03
2.461000000000000000e+03
2.456000000000000000e+03
2.477000000000000000e+03
2.418000000000000000e+03
2.450000000000000000e+03
2.483000000000000000e+03
2.449000000000000000e+03
2.398000000000000000e+03
2.436000000000000000e+03
2.448000000000000000e+03
2.407000000000000000e+03
2.370000000000000000e+03
