1.645000000000000000e+03
1.672000000000000000e+03
1.662000000000000000e+03
1.669000000000000000e+03
1.657000000000000000e+03
1.646000000000000000e+03
1.609000000000000000e+03
1.669000000000000000e+03
1.675000000000000000e+03
1.719000000000000000e+03
1.696000000000000000e+03
1.647000000000000000e+03
1.670000000000000000e+03
1.751000000000000000e+03
1.683000000000000000e+03
1.733000000000000000e+03
1.686000000000000000e+03
1.693000000000000000e+03
1.722000000000000000e+03
1.698000000000000000e+03
1.750000000000000000e+03
1.737000000000000000e+03
1.734000000000000000e+03
1.745000000000000000e+03
1.740000000000000000e+03
1.756000000000000000e+03
1.810000000000000000e+03
1.765000000000000000e+03
1.762000000000000000e+03
1.760000000000000000e+03
1.756000000000000000e+03
1.820000000000000000e+03
1.746000000000000000e+03
1.796000000000000000e+03
1.800000000000000000e+03
1.789000000000000000e+03
1.848000000000000000e+03
1.821000000000000000e+03
1.849000000000000000e+03
1.832000000000000000e+03
1.831000000000000000e+03
1.780000000000000000e+03
1.850000000000000000e+03
1.822000000000000000e+03
1.897000000000000000e+03
1.835000000000000000e+03
1.876000000000000000e+03
1.912000000000000000e+03
1.829000000000000000e+03
1.831000000000000000e+03
1.847000000000000000e+03
1.856000000000000000e+03
1.881000000000000000e+03
1.846000000000000000e+03
1.931000000000000000e+03
1.910000000000000000e+03
1.921000000000000000e+03
1.890000000000000000e+03
1.869000000000000000e+03
1.898000000000000000e+03
1.880000000000000000e+03
1.898000000000000000e+03
1.968000000000000000e+03
1.958000000000000000e+03
2.001000000000000000e+03
1.940000000000000000e+03
2.005000000000000000e+03
1.960000000000000000e+03
2.001000000000000000e+03
1.955000000000000000e+03
1.956000000000000000e+03
1.990000000000000000e+03
1.984000000000000000e+03
2.050000000000000000e+03
2.010000000000000000e+03
1.980000000000000000e+03
1.917000000000000000e+03
2.020000000000000000e+03
2.005000000000000000e+03
2.013000000000000000e+03
1.997000000000000000e+03
2.027000000000000000e+03
2.012000000000000000e+03
1.987000000000000000e+03
2.050000000000000000e+03
2.063000000000000000e+03
1.990000000000000000e+03
2.045000000000000000e+03
2.038000000000000000e+03
2.080000000000000000e+03
2.082000000000000000e+03
2.092000000000000000e+03
2.087000000000000000e+03
2.072000000000000000e+03
2.088000000000000000e+03
2.064000000000000000e+03
2.101000000000000000e+03
2.091000000000000000e+03
2.113000000000000000e+03
2.096000000000000000e+03
2.124000000000000000e+03
2.175000000000000000e+03
2.139000000000000000e+03
2.210000000000000000e+03
2.185000000000000000e+03
2.161000000000000000e+03
2.150000000000000000e+03
2.194000000000000000e+03
2.189000000000000000e+03
2.207000000000000000e+03
2.238000000000000000e+03
2.256000000000000000e+03
2.217000000000000000e+03
2.279000000000000000e+03
2.207000000000000000e+03
2.240000000000000000e+03
2.288000000000000000e+03
2.287000000000000000e+03
2.303000000000000000e+03
2.275000000000000000e+03
2.300000000000000000e+03
2.317000000000000000e+03
2.407000000000000000e+03
2.350000000000000000e+03
2.402000000000000000e+03
2.340000000000000000e+03
2.382000000000000000e+03
2.386000000000000000e+03
2.381000000000000000e+03
2.448000000000000000e+03
2.424000000000000000e+03
2.444000000000000000e+03
2.405000000000000000e+03
2.494000000000000000e+03
2.456000000000000000e+03
2.480000000000000000e+03
2.497000000000000000e+03
2.478000000000000000e+03
2.520000000000000000e+03
2.505000000000000000e+03
2.557000000000000000e+03
2.519000000000000000e+03
2.541000000000000000e+03
2.549000000000000000e+03
2.555000000000000000e+03
2.546000000000000000e+03
2.639000000000000000e+03
2.643000000000000000e+03
2.671000000000000000e+03
2.630000000000000000e+03
2.688000000000000000e+03
2.730000000000000000e+03
2.671000000000000000e+03
2.654000000000000000e+03
2.677000000000000000e+03
2.696000000000000000e+03
2.745000000000000000e+03
2.711000000000000000e+03
2.725000000000000000e+03
2.746000000000000000e+03
2.780000000000000000e+03
2.811000000000000000e+03
2.807000000000000000e+03
2.779000000000000000e+03
2.853000000000000000e+03
2.805000000000000000e+03
2.843000000000000000e+03
2.855000000000000000e+03
2.843000000000000000e+03
2.823000000000000000e+03
2.750000000000000000e+03
2.815000000000000000e+03
2.875000000000000000e+03
2.870000000000000000e+03
2.914000000000000000e+03
2.876000000000000000e+03
2.931000000000000000e+03
2.942000000000000000e+03
2.933000000000000000e+03
2.889000000000000000e+03
2.989000000000000000e+03
2.963000000000000000e+03
2.953000000000000000e+03
2.975000000000000000e+03
3.038000000000000000e+03
3.470000000000000000e+03
3.359000000000000000e+03
3.006000000000000000e+03
3.074000000000000000e+03
2.965000000000000000e+03
3.072000000000000000e+03
2.942000000000000000e+03
3.069000000000000000e+03
3.024000000000000000e+03
3.022000000000000000e+03
3.000000000000000000e+03
3.068000000000000000e+03
3.002000000000000000e+03
3.129000000000000000e+03
3.141000000000000000e+03
3.129000000000000000e+03
3.141000000000000000e+03
3.132000000000000000e+03
3.163000000000000000e+03
3.115000000000000000e+03
3.134000000000000000e+03
3.235000000000000000e+03
3.173000000000000000e+03
3.130000000000000000e+03
3.202000000000000000e+03
3.200000000000000000e+03
3.278000000000000000e+03
3.247000000000000000e+03
3.241000000000000000e+03
3.240000000000000000e+03
3.240000000000000000e+03
3.300000000000000000e+03
3.362000000000000000e+03
3.307000000000000000e+03
3.341000000000000000e+03
3.405000000000000000e+03
3.424000000000000000e+03
3.408000000000000000e+03
3.347000000000000000e+03
3.362000000000000000e+03
3.410000000000000000e+03
3.381000000000000000e+03
3.409000000000000000e+03
3.454000000000000000e+03
3.497000000000000000e+03
3.524000000000000000e+03
3.546000000000000000e+03
3.539000000000000000e+03
3.553000000000000000e+03
3.539000000000000000e+03
3.576000000000000000e+03
3.628000000000000000e+03
3.563000000000000000e+03
3.650000000000000000e+03
3.655000000000000000e+03
3.700000000000000000e+03
3.677000000000000000e+03
3.678000000000000000e+03
3.700000000000000000e+03
3.699000000000000000e+03
3.780000000000000000e+03
3.795000000000000000e+03
3.668000000000000000e+03
3.724000000000000000e+03
3.802000000000000000e+03
3.821000000000000000e+03
3.918000000000000000e+03
3.908000000000000000e+03
3.900000000000000000e+03
3.868000000000000000e+03
3.847000000000000000e+03
3.969000000000000000e+03
3.976000000000000000e+03
4.033000000000000000e+03
3.985000000000000000e+03
3.899000000000000000e+03
4.014000000000000000e+03
4.041000000000000000e+03
4.110000000000000000e+03
4.066000000000000000e+03
4.042000000000000000e+03
3.964000000000000000e+03
3.947000000000000000e+03
4.057000000000000000e+03
4.036000000000000000e+03
4.100000000000000000e+03
4.017000000000000000e+03
4.075000000000000000e+03
4.119000000000000000e+03
4.088000000000000000e+03
4.077000000000000000e+03
4.110000000000000000e+03
4.159000000000000000e+03
4.194000000000000000e+03
4.089000000000000000e+03
4.119000000000000000e+03
4.164000000000000000e+03
4.226000000000000000e+03
4.101000000000000000e+03
4.134000000000000000e+03
4.126000000000000000e+03
4.132000000000000000e+03
4.168000000000000000e+03
4.215000000000000000e+03
4.149000000000000000e+03
4.249000000000000000e+03
4.236000000000000000e+03
4.213000000000000000e+03
4.255000000000000000e+03
4.211000000000000000e+03
4.322000000000000000e+03
4.073000000000000000e+03
4.367000000000000000e+03
4.306000000000000000e+03
4.182000000000000000e+03
4.217000000000000000e+03
4.239000000000000000e+03
4.382000000000000000e+03
4.292000000000000000e+03
4.329000000000000000e+03
4.246000000000000000e+03
4.323000000000000000e+03
4.348000000000000000e+03
4.252000000000000000e+03
4.310000000000000000e+03
4.241000000000000000e+03
4.367000000000000000e+03
4.293000000000000000e+03
4.353000000000000000e+03
4.385000000000000000e+03
4.259000000000000000e+03
4.334000000000000000e+03
4.371000000000000000e+03
4.439000000000000000e+03
4.390000000000000000e+03
4.266000000000000000e+03
4.341000000000000000e+03
4.318000000000000000e+03
4.303000000000000000e+03
4.380000000000000000e+03
4.360000000000000000e+03
4.283000000000000000e+03
4.405000000000000000e+03
4.323000000000000000e+03
4.361000000000000000e+03
4.376000000000000000e+03
4.371000000000000000e+03
4.294000000000000000e+03
4.335000000000000000e+03
4.338000000000000000e+03
4.340000000000000000e+03
4.335000000000000000e+03
4.284000000000000000e+03
4.370000000000000000e+03
4.313000000000000000e+03
4.344000000000000000e+03
4.311000000000000000e+03
4.349000000000000000e+03
4.388000000000000000e+03
4.350000000000000000e+03
4.364000000000000000e+03
4.298000000000000000e+03
4.383000000000000000e+03
4.380000000000000000e+03
4.385000000000000000e+03
4.340000000000000000e+03
4.500000000000000000e+03
4.419000000000000000e+03
4.376000000000000000e+03
4.346000000000000000e+03
4.432000000000000000e+03
4.332000000000000000e+03
4.343000000000000000e+03
4.344000000000000000e+03
4.409000000000000000e+03
4.408000000000000000e+03
4.464000000000000000e+03
4.410000000000000000e+03
4.381000000000000000e+03
4.418000000000000000e+03
4.393000000000000000e+03
4.465000000000000000e+03
4.404000000000000000e+03
4.466000000000000000e+03
4.484000000000000000e+03
4.519000000000000000e+03
4.439000000000000000e+03
4.500000000000000000e+03
4.416000000000000000e+03
4.505000000000000000e+03
4.571000000000000000e+03
4.467000000000000000e+03
4.445000000000000000e+03
4.592000000000000000e+03
4.550000000000000000e+03
4.518000000000000000e+03
4.467000000000000000e+03
4.562000000000000000e+03
4.549000000000000000e+03
4.553000000000000000e+03
4.621000000000000000e+03
4.534000000000000000e+03
4.676000000000000000e+03
4.547000000000000000e+03
4.663000000000000000e+03
4.642000000000000000e+03
4.589000000000000000e+03
4.592000000000000000e+03
4.583000000000000000e+03
4.630000000000000000e+03
4.540000000000000000e+03
4.511000000000000000e+03
4.697000000000000000e+03
4.663000000000000000e+03
4.581000000000000000e+03
4.617000000000000000e+03
4.567000000000000000e+03
4.687000000000000000e+03
4.698000000000000000e+03
4.654000000000000000e+03
4.670000000000000000e+03
4.610000000000000000e+03
4.667000000000000000e+03
4.592000000000000000e+03
4.576000000000000000e+03
4.633000000000000000e+03
4.685000000000000000e+03
4.691000000000000000e+03
4.617000000000000000e+03
4.693000000000000000e+03
4.650000000000000000e+03
4.619000000000000000e+03
4.674000000000000000e+03
4.722000000000000000e+03
4.766000000000000000e+03
4.777000000000000000e+03
4.734000000000000000e+03
4.664000000000000000e+03
4.709000000000000000e+03
4.852000000000000000e+03
4.706000000000000000e+03
4.809000000000000000e+03
4.704000000000000000e+03
4.687000000000000000e+03
4.668000000000000000e+03
4.801000000000000000e+03
4.706000000000000000e+03
4.756000000000000000e+03
4.682000000000000000e+03
4.765000000000000000e+03
4.714000000000000000e+03
4.832000000000000000e+03
4.721000000000000000e+03
4.816000000000000000e+03
4.738000000000000000e+03
4.796000000000000000e+03
4.840000000000000000e+03
4.807000000000000000e+03
4.817000000000000000e+03
4.789000000000000000e+03
4.793000000000000000e+03
4.800000000000000000e+03
4.850000000000000000e+03
4.787000000000000000e+03
4.703000000000000000e+03
4.803000000000000000e+03
4.689000000000000000e+03
4.780000000000000000e+03
4.771000000000000000e+03
4.726000000000000000e+03
4.806000000000000000e+03
4.722000000000000000e+03
4.853000000000000000e+03
4.791000000000000000e+03
4.788000000000000000e+03
4.780000000000000000e+03
4.792000000000000000e+03
4.678000000000000000e+03
4.731000000000000000e+03
4.785000000000000000e+03
4.697000000000000000e+03
4.712000000000000000e+03
4.693000000000000000e+03
4.743000000000000000e+03
4.686000000000000000e+03
4.735000000000000000e+03
4.732000000000000000e+03
4.735000000000000000e+03
4.811000000000000000e+03
4.780000000000000000e+03
4.779000000000000000e+03
4.657000000000000000e+03
4.615000000000000000e+03
4.699000000000000000e+03
4.812000000000000000e+03
4.730000000000000000e+03
4.706000000000000000e+03
4.682000000000000000e+03
4.642000000000000000e+03
4.613000000000000000e+03
4.673000000000000000e+03
4.581000000000000000e+03
4.696000000000000000e+03
4.645000000000000000e+03
4.627000000000000000e+03
4.530000000000000000e+03
4.570000000000000000e+03
4.577000000000000000e+03
4.614000000000000000e+03
4.575000000000000000e+03
4.573000000000000000e+03
4.661000000000000000e+03
4.487000000000000000e+03
4.497000000000000000e+03
4.598000000000000000e+03
4.595000000000000000e+03
4.575000000000000000e+03
4.554000000000000000e+03
4.559000000000000000e+03
4.452000000000000000e+03
4.619000000000000000e+03
4.514000000000000000e+03
4.497000000000000000e+03
4.490000000000000000e+03
4.408000000000000000e+03
4.451000000000000000e+03
4.516000000000000000e+03
4.411000000000000000e+03
4.457000000000000000e+03
4.416000000000000000e+03
4.462000000000000000e+03
4.452000000000000000e+03
4.422000000000000000e+03
4.443000000000000000e+03
4.316000000000000000e+03
4.388000000000000000e+03
4.361000000000000000e+03
4.256000000000000000e+03
4.406000000000000000e+03
4.420000000000000000e+03
4.344000000000000000e+03
4.382000000000000000e+03
4.349000000000000000e+03
4.288000000000000000e+03
4.281000000000000000e+03
4.257000000000000000e+03
4.293000000000000000e+03
4.299000000000000000e+03
4.396000000000000000e+03
4.162000000000000000e+03
4.275000000000000000e+03
4.363000000000000000e+03
4.222000000000000000e+03
4.257000000000000000e+03
4.132000000000000000e+03
4.163000000000000000e+03
4.190000000000000000e+03
4.173000000000000000e+03
4.231000000000000000e+03
4.125000000000000000e+03
4.138000000000000000e+03
4.117000000000000000e+03
4.086000000000000000e+03
4.151000000000000000e+03
4.098000000000000000e+03
4.157000000000000000e+03
4.194000000000000000e+03
4.164000000000000000e+03
4.030000000000000000e+03
4.128000000000000000e+03
4.066000000000000000e+03
4.068000000000000000e+03
4.112000000000000000e+03
4.161000000000000000e+03
4.073000000000000000e+03
4.048000000000000000e+03
4.057000000000000000e+03
4.036000000000000000e+03
4.218000000000000000e+03
4.094000000000000000e+03
4.080000000000000000e+03
4.043000000000000000e+03
4.064000000000000000e+03
4.056000000000000000e+03
4.049000000000000000e+03
3.997000000000000000e+03
3.962000000000000000e+03
4.008000000000000000e+03
4.045000000000000000e+03
3.967000000000000000e+03
4.050000000000000000e+03
4.020000000000000000e+03
4.040000000000000000e+03
4.015000000000000000e+03
4.007000000000000000e+03
4.021000000000000000e+03
3.980000000000000000e+03
4.076000000000000000e+03
4.067000000000000000e+03
3.970000000000000000e+03
3.999000000000000000e+03
3.977000000000000000e+03
3.961000000000000000e+03
3.842000000000000000e+03
4.032000000000000000e+03
3.950000000000000000e+03
3.974000000000000000e+03
3.923000000000000000e+03
3.913000000000000000e+03
3.920000000000000000e+03
3.893000000000000000e+03
3.948000000000000000e+03
3.951000000000000000e+03
3.811000000000000000e+03
3.804000000000000000e+03
3.822000000000000000e+03
3.940000000000000000e+03
3.883000000000000000e+03
3.926000000000000000e+03
3.836000000000000000e+03
3.857000000000000000e+03
4.009000000000000000e+03
3.855000000000000000e+03
3.893000000000000000e+03
3.828000000000000000e+03
3.843000000000000000e+03
3.739000000000000000e+03
3.838000000000000000e+03
3.854000000000000000e+03
3.792000000000000000e+03
3.739000000000000000e+03
3.759000000000000000e+03
3.796000000000000000e+03
3.801000000000000000e+03
3.824000000000000000e+03
3.762000000000000000e+03
3.710000000000000000e+03
3.760000000000000000e+03
3.734000000000000000e+03
3.685000000000000000e+03
3.785000000000000000e+03
3.761000000000000000e+03
3.701000000000000000e+03
3.688000000000000000e+03
3.646000000000000000e+03
3.751000000000000000e+03
3.710000000000000000e+03
3.682000000000000000e+03
3.629000000000000000e+03
3.733000000000000000e+03
3.650000000000000000e+03
3.597000000000000000e+03
3.656000000000000000e+03
3.619000000000000000e+03
3.574000000000000000e+03
3.600000000000000000e+03
3.663000000000000000e+03
3.597000000000000000e+03
3.566000000000000000e+03
3.628000000000000000e+03
3.596000000000000000e+03
3.559000000000000000e+03
3.631000000000000000e+03
3.577000000000000000e+03
3.513000000000000000e+03
3.577000000000000000e+03
3.555000000000000000e+03
3.535000000000000000e+03
3.538000000000000000e+03
3.566000000000000000e+03
3.487000000000000000e+03
3.479000000000000000e+03
3.547000000000000000e+03
3.493000000000000000e+03
3.525000000000000000e+03
3.498000000000000000e+03
3.479000000000000000e+03
3.450000000000000000e+03
3.478000000000000000e+03
3.382000000000000000e+03
3.441000000000000000e+03
3.434000000000000000e+03
3.504000000000000000e+03
3.460000000000000000e+03
3.421000000000000000e+03
3.363000000000000000e+03
3.464000000000000000e+03
3.357000000000000000e+03
3.321000000000000000e+03
3.402000000000000000e+03
3.339000000000000000e+03
3.329000000000000000e+03
3.286000000000000000e+03
3.318000000000000000e+03
3.364000000000000000e+03
3.362000000000000000e+03
3.350000000000000000e+03
3.312000000000000000e+03
3.224000000000000000e+03
3.332000000000000000e+03
3.257000000000000000e+03
3.252000000000000000e+03
3.233000000000000000e+03
3.204000000000000000e+03
3.257000000000000000e+03
3.203000000000000000e+03
3.205000000000000000e+03
3.154000000000000000e+03
3.124000000000000000e+03
3.195000000000000000e+03
3.154000000000000000e+03
3.219000000000000000e+03
3.113000000000000000e+03
3.108000000000000000e+03
3.154000000000000000e+03
3.057000000000000000e+03
3.118000000000000000e+03
3.063000000000000000e+03
3.092000000000000000e+03
3.009000000000000000e+03
3.118000000000000000e+03
2.989000000000000000e+03
3.042000000000000000e+03
3.017000000000000000e+03
2.990000000000000000e+03
2.892000000000000000e+03
3.002000000000000000e+03
2.980000000000000000e+03
2.967000000000000000e+03
2.988000000000000000e+03
2.932000000000000000e+03
2.933000000000000000e+03
2.913000000000000000e+03
2.899000000000000000e+03
2.877000000000000000e+03
2.900000000000000000e+03
2.831000000000000000e+03
2.947000000000000000e+03
2.819000000000000000e+03
2.854000000000000000e+03
2.821000000000000000e+03
2.834000000000000000e+03
2.810000000000000000e+03
2.834000000000000000e+03
2.824000000000000000e+03
2.823000000000000000e+03
2.732000000000000000e+03
2.761000000000000000e+03
2.789000000000000000e+03
2.717000000000000000e+03
2.698000000000000000e+03
2.724000000000000000e+03
2.682000000000000000e+03
2.658000000000000000e+03
2.703000000000000000e+03
2.681000000000000000e+03
2.728000000000000000e+03
2.677000000000000000e+03
2.621000000000000000e+03
2.718000000000000000e+03
2.658000000000000000e+03
2.673000000000000000e+03
2.630000000000000000e+03
2.566000000000000000e+03
2.612000000000000000e+03
2.588000000000000000e+03
2.615000000000000000e+03
2.577000000000000000e+03
2.637000000000000000e+03
2.588000000000000000e+03
2.549000000000000000e+03
2.574000000000000000e+03
2.510000000000000000e+03
2.483000000000000000e+03
2.516000000000000000e+03
2.571000000000000000e+03
2.568000000000000000e+03
2.609000000000000000e+03
2.522000000000000000e+03
2.512000000000000000e+03
