1.681000000000000000e+03
1.721000000000000000e+03
1.708000000000000000e+03
1.712000000000000000e+03
1.726000000000000000e+03
1.723000000000000000e+03
1.786000000000000000e+03
1.729000000000000000e+03
1.756000000000000000e+03
1.772000000000000000e+03
1.790000000000000000e+03
1.772000000000000000e+03
1.811000000000000000e+03
1.793000000000000000e+03
1.756000000000000000e+03
1.813000000000000000e+03
1.824000000000000000e+03
1.818000000000000000e+03
1.826000000000000000e+03
1.821000000000000000e+03
1.851000000000000000e+03
1.805000000000000000e+03
1.816000000000000000e+03
1.896000000000000000e+03
1.819000000000000000e+03
1.850000000000000000e+03
1.894000000000000000e+03
1.884000000000000000e+03
1.849000000000000000e+03
1.855000000000000000e+03
1.888000000000000000e+03
1.924000000000000000e+03
1.889000000000000000e+03
1.915000000000000000e+03
1.919000000000000000e+03
1.900000000000000000e+03
1.932000000000000000e+03
1.943000000000000000e+03
1.970000000000000000e+03
1.935000000000000000e+03
1.945000000000000000e+03
1.949000000000000000e+03
1.934000000000000000e+03
1.900000000000000000e+03
1.995000000000000000e+03
1.970000000000000000e+03
1.930000000000000000e+03
1.960000000000000000e+03
1.945000000000000000e+03
1.958000000000000000e+03
1.985000000000000000e+03
1.980000000000000000e+03
2.037000000000000000e+03
2.011000000000000000e+03
1.988000000000000000e+03
2.022000000000000000e+03
2.020000000000000000e+03
2.038000000000000000e+03
2.018000000000000000e+03
2.004000000000000000e+03
2.009000000000000000e+03
2.001000000000000000e+03
2.084000000000000000e+03
2.080000000000000000e+03
2.021000000000000000e+03
2.042000000000000000e+03
2.126000000000000000e+03
2.092000000000000000e+03
2.049000000000000000e+03
2.050000000000000000e+03
2.097000000000000000e+03
2.076000000000000000e+03
2.077000000000000000e+03
2.099000000000000000e+03
2.105000000000000000e+03
2.151000000000000000e+03
2.188000000000000000e+03
2.167000000000000000e+03
2.171000000000000000e+03
2.119000000000000000e+03
2.154000000000000000e+03
2.124000000000000000e+03
2.126000000000000000e+03
2.187000000000000000e+03
2.235000000000000000e+03
2.176000000000000000e+03
2.149000000000000000e+03
2.136000000000000000e+03
2.175000000000000000e+03
2.199000000000000000e+03
2.221000000000000000e+03
2.214000000000000000e+03
2.204000000000000000e+03
2.231000000000000000e+03
2.255000000000000000e+03
2.262000000000000000e+03
2.224000000000000000e+03
2.281000000000000000e+03
2.278000000000000000e+03
2.310000000000000000e+03
2.273000000000000000e+03
2.261000000000000000e+03
2.326000000000000000e+03
2.301000000000000000e+03
2.261000000000000000e+03
2.339000000000000000e+03
2.310000000000000000e+03
2.400000000000000000e+03
2.335000000000000000e+03
2.322000000000000000e+03
2.371000000000000000e+03
2.353000000000000000e+03
2.393000000000000000e+03
2.435000000000000000e+03
2.401000000000000000e+03
2.451000000000000000e+03
2.438000000000000000e+03
2.494000000000000000e+03
2.427000000000000000e+03
2.470000000000000000e+03
2.499000000000000000e+03
2.544000000000000000e+03
2.516000000000000000e+03
2.498000000000000000e+03
2.525000000000000000e+03
2.550000000000000000e+03
2.528000000000000000e+03
2.528000000000000000e+03
2.608000000000000000e+03
2.574000000000000000e+03
2.604000000000000000e+03
2.677000000000000000e+03
2.705000000000000000e+03
2.604000000000000000e+03
2.608000000000000000e+03
2.645000000000000000e+03
2.618000000000000000e+03
2.706000000000000000e+03
2.685000000000000000e+03
2.684000000000000000e+03
2.738000000000000000e+03
2.728000000000000000e+03
2.745000000000000000e+03
2.806000000000000000e+03
2.769000000000000000e+03
2.809000000000000000e+03
2.813000000000000000e+03
2.858000000000000000e+03
2.800000000000000000e+03
2.851000000000000000e+03
2.783000000000000000e+03
2.871000000000000000e+03
2.856000000000000000e+03
2.836000000000000000e+03
2.866000000000000000e+03
2.863000000000000000e+03
2.866000000000000000e+03
2.932000000000000000e+03
2.928000000000000000e+03
2.969000000000000000e+03
2.934000000000000000e+03
2.921000000000000000e+03
3.072000000000000000e+03
3.020000000000000000e+03
3.066000000000000000e+03
2.977000000000000000e+03
2.975000000000000000e+03
3.004000000000000000e+03
3.044000000000000000e+03
3.057000000000000000e+03
3.034000000000000000e+03
3.126000000000000000e+03
3.016000000000000000e+03
3.045000000000000000e+03
3.066000000000000000e+03
3.036000000000000000e+03
3.077000000000000000e+03
3.165000000000000000e+03
3.119000000000000000e+03
3.132000000000000000e+03
3.153000000000000000e+03
3.118000000000000000e+03
3.115000000000000000e+03
3.414000000000000000e+03
3.620000000000000000e+03
3.526000000000000000e+03
3.180000000000000000e+03
3.199000000000000000e+03
3.217000000000000000e+03
3.205000000000000000e+03
3.309000000000000000e+03
3.317000000000000000e+03
3.274000000000000000e+03
3.274000000000000000e+03
3.239000000000000000e+03
3.251000000000000000e+03
3.243000000000000000e+03
3.264000000000000000e+03
3.305000000000000000e+03
3.302000000000000000e+03
3.275000000000000000e+03
3.399000000000000000e+03
3.352000000000000000e+03
3.371000000000000000e+03
3.352000000000000000e+03
3.398000000000000000e+03
3.430000000000000000e+03
3.424000000000000000e+03
3.503000000000000000e+03
3.417000000000000000e+03
3.421000000000000000e+03
3.480000000000000000e+03
3.489000000000000000e+03
3.515000000000000000e+03
3.558000000000000000e+03
3.479000000000000000e+03
3.517000000000000000e+03
3.511000000000000000e+03
3.610000000000000000e+03
3.621000000000000000e+03
3.667000000000000000e+03
3.734000000000000000e+03
3.730000000000000000e+03
3.645000000000000000e+03
3.655000000000000000e+03
3.750000000000000000e+03
3.733000000000000000e+03
3.684000000000000000e+03
3.786000000000000000e+03
3.790000000000000000e+03
3.825000000000000000e+03
3.767000000000000000e+03
3.785000000000000000e+03
3.925000000000000000e+03
3.801000000000000000e+03
3.859000000000000000e+03
3.990000000000000000e+03
3.811000000000000000e+03
3.879000000000000000e+03
3.947000000000000000e+03
3.939000000000000000e+03
3.981000000000000000e+03
3.947000000000000000e+03
3.986000000000000000e+03
3.943000000000000000e+03
4.019000000000000000e+03
4.075000000000000000e+03
4.082000000000000000e+03
4.137000000000000000e+03
4.067000000000000000e+03
4.135000000000000000e+03
4.171000000000000000e+03
4.092000000000000000e+03
4.194000000000000000e+03
4.190000000000000000e+03
4.150000000000000000e+03
4.226000000000000000e+03
4.340000000000000000e+03
4.312000000000000000e+03
4.332000000000000000e+03
4.236000000000000000e+03
4.281000000000000000e+03
4.376000000000000000e+03
4.320000000000000000e+03
4.317000000000000000e+03
4.296000000000000000e+03
4.318000000000000000e+03
4.333000000000000000e+03
4.289000000000000000e+03
4.302000000000000000e+03
4.341000000000000000e+03
4.389000000000000000e+03
4.371000000000000000e+03
4.411000000000000000e+03
4.473000000000000000e+03
4.347000000000000000e+03
4.371000000000000000e+03
4.366000000000000000e+03
4.374000000000000000e+03
4.414000000000000000e+03
4.443000000000000000e+03
4.407000000000000000e+03
4.485000000000000000e+03
4.436000000000000000e+03
4.472000000000000000e+03
4.454000000000000000e+03
4.474000000000000000e+03
4.471000000000000000e+03
4.461000000000000000e+03
4.488000000000000000e+03
4.460000000000000000e+03
4.496000000000000000e+03
4.558000000000000000e+03
4.514000000000000000e+03
4.525000000000000000e+03
4.496000000000000000e+03
4.500000000000000000e+03
4.641000000000000000e+03
4.516000000000000000e+03
4.558000000000000000e+03
4.573000000000000000e+03
4.692000000000000000e+03
4.543000000000000000e+03
4.644000000000000000e+03
4.585000000000000000e+03
4.511000000000000000e+03
4.628000000000000000e+03
4.523000000000000000e+03
4.532000000000000000e+03
4.595000000000000000e+03
4.622000000000000000e+03
4.525000000000000000e+03
4.647000000000000000e+03
4.508000000000000000e+03
4.642000000000000000e+03
4.616000000000000000e+03
4.575000000000000000e+03
4.639000000000000000e+03
4.601000000000000000e+03
4.637000000000000000e+03
4.588000000000000000e+03
4.586000000000000000e+03
4.607000000000000000e+03
4.663000000000000000e+03
4.619000000000000000e+03
4.673000000000000000e+03
4.540000000000000000e+03
4.711000000000000000e+03
4.570000000000000000e+03
4.606000000000000000e+03
4.623000000000000000e+03
4.637000000000000000e+03
4.594000000000000000e+03
4.696000000000000000e+03
4.573000000000000000e+03
4.627000000000000000e+03
4.674000000000000000e+03
4.669000000000000000e+03
4.680000000000000000e+03
4.639000000000000000e+03
4.610000000000000000e+03
4.616000000000000000e+03
4.611000000000000000e+03
4.632000000000000000e+03
4.618000000000000000e+03
4.696000000000000000e+03
4.625000000000000000e+03
4.682000000000000000e+03
4.720000000000000000e+03
4.669000000000000000e+03
4.600000000000000000e+03
4.679000000000000000e+03
4.681000000000000000e+03
4.677000000000000000e+03
4.658000000000000000e+03
4.649000000000000000e+03
4.727000000000000000e+03
4.687000000000000000e+03
4.750000000000000000e+03
4.749000000000000000e+03
4.743000000000000000e+03
4.731000000000000000e+03
4.651000000000000000e+03
4.728000000000000000e+03
4.719000000000000000e+03
4.726000000000000000e+03
4.699000000000000000e+03
4.715000000000000000e+03
4.785000000000000000e+03
4.806000000000000000e+03
4.704000000000000000e+03
4.767000000000000000e+03
4.723000000000000000e+03
4.847000000000000000e+03
4.833000000000000000e+03
4.796000000000000000e+03
4.875000000000000000e+03
4.807000000000000000e+03
4.838000000000000000e+03
4.834000000000000000e+03
4.861000000000000000e+03
4.794000000000000000e+03
4.782000000000000000e+03
4.828000000000000000e+03
4.872000000000000000e+03
4.838000000000000000e+03
4.856000000000000000e+03
4.920000000000000000e+03
4.841000000000000000e+03
4.872000000000000000e+03
4.885000000000000000e+03
4.881000000000000000e+03
4.956000000000000000e+03
4.919000000000000000e+03
4.852000000000000000e+03
4.971000000000000000e+03
4.887000000000000000e+03
4.928000000000000000e+03
4.907000000000000000e+03
4.789000000000000000e+03
4.787000000000000000e+03
4.911000000000000000e+03
4.885000000000000000e+03
4.942000000000000000e+03
4.862000000000000000e+03
4.855000000000000000e+03
4.887000000000000000e+03
4.919000000000000000e+03
4.888000000000000000e+03
4.860000000000000000e+03
4.914000000000000000e+03
4.887000000000000000e+03
4.955000000000000000e+03
5.004000000000000000e+03
4.916000000000000000e+03
4.993000000000000000e+03
4.910000000000000000e+03
4.995000000000000000e+03
4.965000000000000000e+03
4.977000000000000000e+03
4.931000000000000000e+03
5.037000000000000000e+03
4.966000000000000000e+03
5.007000000000000000e+03
4.951000000000000000e+03
5.002000000000000000e+03
5.031000000000000000e+03
5.125000000000000000e+03
4.959000000000000000e+03
5.002000000000000000e+03
5.057000000000000000e+03
4.995000000000000000e+03
5.106000000000000000e+03
4.954000000000000000e+03
4.984000000000000000e+03
5.099000000000000000e+03
5.062000000000000000e+03
5.036000000000000000e+03
5.040000000000000000e+03
5.021000000000000000e+03
5.030000000000000000e+03
5.021000000000000000e+03
5.037000000000000000e+03
5.072000000000000000e+03
5.007000000000000000e+03
5.061000000000000000e+03
5.090000000000000000e+03
5.034000000000000000e+03
5.005000000000000000e+03
5.074000000000000000e+03
5.003000000000000000e+03
5.033000000000000000e+03
4.968000000000000000e+03
5.115000000000000000e+03
4.944000000000000000e+03
5.054000000000000000e+03
5.055000000000000000e+03
5.065000000000000000e+03
5.015000000000000000e+03
4.996000000000000000e+03
4.945000000000000000e+03
4.990000000000000000e+03
4.935000000000000000e+03
4.994000000000000000e+03
5.012000000000000000e+03
4.954000000000000000e+03
5.008000000000000000e+03
4.922000000000000000e+03
4.961000000000000000e+03
5.004000000000000000e+03
4.992000000000000000e+03
4.920000000000000000e+03
4.993000000000000000e+03
5.006000000000000000e+03
4.981000000000000000e+03
4.901000000000000000e+03
4.996000000000000000e+03
5.002000000000000000e+03
4.949000000000000000e+03
4.919000000000000000e+03
4.927000000000000000e+03
5.005000000000000000e+03
4.925000000000000000e+03
4.863000000000000000e+03
4.806000000000000000e+03
4.979000000000000000e+03
4.958000000000000000e+03
4.870000000000000000e+03
4.902000000000000000e+03
4.985000000000000000e+03
4.915000000000000000e+03
4.873000000000000000e+03
4.924000000000000000e+03
4.853000000000000000e+03
4.854000000000000000e+03
4.907000000000000000e+03
4.794000000000000000e+03
4.860000000000000000e+03
4.774000000000000000e+03
4.848000000000000000e+03
4.838000000000000000e+03
4.721000000000000000e+03
4.785000000000000000e+03
4.772000000000000000e+03
4.725000000000000000e+03
4.749000000000000000e+03
4.726000000000000000e+03
4.743000000000000000e+03
4.685000000000000000e+03
4.835000000000000000e+03
4.791000000000000000e+03
4.680000000000000000e+03
4.790000000000000000e+03
4.686000000000000000e+03
4.690000000000000000e+03
4.666000000000000000e+03
4.680000000000000000e+03
4.597000000000000000e+03
4.676000000000000000e+03
4.665000000000000000e+03
4.645000000000000000e+03
4.709000000000000000e+03
4.602000000000000000e+03
4.600000000000000000e+03
4.670000000000000000e+03
4.567000000000000000e+03
4.610000000000000000e+03
4.616000000000000000e+03
4.516000000000000000e+03
4.544000000000000000e+03
4.606000000000000000e+03
4.521000000000000000e+03
4.512000000000000000e+03
4.492000000000000000e+03
4.553000000000000000e+03
4.520000000000000000e+03
4.491000000000000000e+03
4.528000000000000000e+03
4.437000000000000000e+03
4.446000000000000000e+03
4.457000000000000000e+03
4.466000000000000000e+03
4.472000000000000000e+03
4.454000000000000000e+03
4.428000000000000000e+03
4.426000000000000000e+03
4.404000000000000000e+03
4.429000000000000000e+03
4.373000000000000000e+03
4.413000000000000000e+03
4.373000000000000000e+03
4.404000000000000000e+03
4.370000000000000000e+03
4.426000000000000000e+03
4.327000000000000000e+03
4.347000000000000000e+03
4.336000000000000000e+03
4.448000000000000000e+03
4.320000000000000000e+03
4.398000000000000000e+03
4.347000000000000000e+03
4.312000000000000000e+03
4.313000000000000000e+03
4.285000000000000000e+03
4.305000000000000000e+03
4.295000000000000000e+03
4.368000000000000000e+03
4.318000000000000000e+03
4.274000000000000000e+03
4.287000000000000000e+03
4.347000000000000000e+03
4.273000000000000000e+03
4.265000000000000000e+03
4.269000000000000000e+03
4.223000000000000000e+03
4.315000000000000000e+03
4.198000000000000000e+03
4.218000000000000000e+03
4.234000000000000000e+03
4.354000000000000000e+03
4.298000000000000000e+03
4.169000000000000000e+03
4.209000000000000000e+03
4.197000000000000000e+03
4.252000000000000000e+03
4.225000000000000000e+03
4.230000000000000000e+03
4.210000000000000000e+03
4.227000000000000000e+03
4.284000000000000000e+03
4.178000000000000000e+03
4.172000000000000000e+03
4.141000000000000000e+03
4.183000000000000000e+03
4.196000000000000000e+03
4.145000000000000000e+03
4.117000000000000000e+03
4.110000000000000000e+03
4.119000000000000000e+03
4.101000000000000000e+03
4.134000000000000000e+03
4.086000000000000000e+03
4.140000000000000000e+03
4.107000000000000000e+03
4.043000000000000000e+03
4.037000000000000000e+03
4.081000000000000000e+03
4.073000000000000000e+03
4.055000000000000000e+03
4.062000000000000000e+03
4.027000000000000000e+03
4.022000000000000000e+03
3.983000000000000000e+03
4.043000000000000000e+03
4.049000000000000000e+03
4.062000000000000000e+03
4.000000000000000000e+03
4.039000000000000000e+03
3.998000000000000000e+03
3.991000000000000000e+03
3.969000000000000000e+03
3.964000000000000000e+03
3.938000000000000000e+03
3.933000000000000000e+03
3.962000000000000000e+03
4.003000000000000000e+03
3.932000000000000000e+03
3.913000000000000000e+03
3.951000000000000000e+03
3.880000000000000000e+03
3.939000000000000000e+03
3.949000000000000000e+03
3.894000000000000000e+03
3.887000000000000000e+03
3.880000000000000000e+03
3.886000000000000000e+03
3.882000000000000000e+03
3.896000000000000000e+03
3.874000000000000000e+03
3.812000000000000000e+03
3.881000000000000000e+03
3.861000000000000000e+03
3.836000000000000000e+03
3.784000000000000000e+03
3.773000000000000000e+03
3.834000000000000000e+03
3.779000000000000000e+03
3.824000000000000000e+03
3.732000000000000000e+03
3.786000000000000000e+03
3.740000000000000000e+03
3.739000000000000000e+03
3.788000000000000000e+03
3.748000000000000000e+03
3.740000000000000000e+03
3.788000000000000000e+03
3.706000000000000000e+03
3.717000000000000000e+03
3.724000000000000000e+03
3.685000000000000000e+03
3.708000000000000000e+03
3.797000000000000000e+03
3.646000000000000000e+03
3.761000000000000000e+03
3.702000000000000000e+03
3.644000000000000000e+03
3.615000000000000000e+03
3.673000000000000000e+03
3.635000000000000000e+03
3.629000000000000000e+03
3.540000000000000000e+03
3.619000000000000000e+03
3.538000000000000000e+03
3.511000000000000000e+03
3.534000000000000000e+03
3.513000000000000000e+03
3.527000000000000000e+03
3.613000000000000000e+03
3.530000000000000000e+03
3.592000000000000000e+03
3.446000000000000000e+03
3.555000000000000000e+03
3.486000000000000000e+03
3.505000000000000000e+03
3.481000000000000000e+03
3.453000000000000000e+03
3.443000000000000000e+03
3.476000000000000000e+03
3.387000000000000000e+03
3.382000000000000000e+03
3.479000000000000000e+03
3.447000000000000000e+03
3.360000000000000000e+03
3.355000000000000000e+03
3.361000000000000000e+03
3.331000000000000000e+03
3.367000000000000000e+03
3.340000000000000000e+03
3.275000000000000000e+03
3.286000000000000000e+03
3.158000000000000000e+03
3.291000000000000000e+03
3.248000000000000000e+03
3.415000000000000000e+03
3.208000000000000000e+03
3.209000000000000000e+03
3.243000000000000000e+03
3.217000000000000000e+03
3.191000000000000000e+03
3.197000000000000000e+03
3.223000000000000000e+03
3.127000000000000000e+03
3.206000000000000000e+03
3.059000000000000000e+03
3.086000000000000000e+03
3.058000000000000000e+03
3.095000000000000000e+03
3.149000000000000000e+03
3.078000000000000000e+03
3.121000000000000000e+03
3.005000000000000000e+03
3.002000000000000000e+03
3.010000000000000000e+03
2.973000000000000000e+03
2.979000000000000000e+03
2.971000000000000000e+03
2.933000000000000000e+03
2.968000000000000000e+03
2.991000000000000000e+03
2.998000000000000000e+03
2.978000000000000000e+03
2.879000000000000000e+03
2.952000000000000000e+03
2.882000000000000000e+03
2.929000000000000000e+03
2.848000000000000000e+03
2.926000000000000000e+03
2.856000000000000000e+03
2.872000000000000000e+03
2.827000000000000000e+03
2.817000000000000000e+03
2.792000000000000000e+03
2.825000000000000000e+03
2.836000000000000000e+03
2.774000000000000000e+03
2.827000000000000000e+03
2.817000000000000000e+03
2.831000000000000000e+03
2.781000000000000000e+03
2.785000000000000000e+03
2.747000000000000000e+03
2.791000000000000000e+03
2.778000000000000000e+03
2.739000000000000000e+03
2.702000000000000000e+03
2.723000000000000000e+03
2.723000000000000000e+03
2.757000000000000000e+03
2.678000000000000000e+03
2.709000000000000000e+03
2.666000000000000000e+03
2.695000000000000000e+03
2.694000000000000000e+03
2.645000000000000000e+03
2.635000000000000000e+03
