1.482000000000000000e+03
1.486000000000000000e+03
1.425000000000000000e+03
1.492000000000000000e+03
1.462000000000000000e+03
1.509000000000000000e+03
1.588000000000000000e+03
1.499000000000000000e+03
1.497000000000000000e+03
1.541000000000000000e+03
1.506000000000000000e+03
1.524000000000000000e+03
1.522000000000000000e+03
1.542000000000000000e+03
1.730000000000000000e+03
1.516000000000000000e+03
1.544000000000000000e+03
1.584000000000000000e+03
1.612000000000000000e+03
1.517000000000000000e+03
1.592000000000000000e+03
1.588000000000000000e+03
1.576000000000000000e+03
1.585000000000000000e+03
1.570000000000000000e+03
1.593000000000000000e+03
1.584000000000000000e+03
1.576000000000000000e+03
1.658000000000000000e+03
1.601000000000000000e+03
1.634000000000000000e+03
1.617000000000000000e+03
1.649000000000000000e+03
1.620000000000000000e+03
1.611000000000000000e+03
1.632000000000000000e+03
1.691000000000000000e+03
1.634000000000000000e+03
1.649000000000000000e+03
1.630000000000000000e+03
1.697000000000000000e+03
1.610000000000000000e+03
1.717000000000000000e+03
1.722000000000000000e+03
1.704000000000000000e+03
1.714000000000000000e+03
1.785000000000000000e+03
1.719000000000000000e+03
1.752000000000000000e+03
1.656000000000000000e+03
1.749000000000000000e+03
1.643000000000000000e+03
1.715000000000000000e+03
1.752000000000000000e+03
1.753000000000000000e+03
1.738000000000000000e+03
1.706000000000000000e+03
1.711000000000000000e+03
1.721000000000000000e+03
1.746000000000000000e+03
1.736000000000000000e+03
1.793000000000000000e+03
1.747000000000000000e+03
1.762000000000000000e+03
1.784000000000000000e+03
1.769000000000000000e+03
1.759000000000000000e+03
1.786000000000000000e+03
1.744000000000000000e+03
1.792000000000000000e+03
1.799000000000000000e+03
1.758000000000000000e+03
1.820000000000000000e+03
1.796000000000000000e+03
1.769000000000000000e+03
1.782000000000000000e+03
1.812000000000000000e+03
1.881000000000000000e+03
1.869000000000000000e+03
1.858000000000000000e+03
1.832000000000000000e+03
1.880000000000000000e+03
1.858000000000000000e+03
1.822000000000000000e+03
1.793000000000000000e+03
1.849000000000000000e+03
1.808000000000000000e+03
1.809000000000000000e+03
1.888000000000000000e+03
1.879000000000000000e+03
1.871000000000000000e+03
1.884000000000000000e+03
1.874000000000000000e+03
1.872000000000000000e+03
1.875000000000000000e+03
1.818000000000000000e+03
1.885000000000000000e+03
1.980000000000000000e+03
1.901000000000000000e+03
1.863000000000000000e+03
1.905000000000000000e+03
1.918000000000000000e+03
1.961000000000000000e+03
1.859000000000000000e+03
1.907000000000000000e+03
1.970000000000000000e+03
1.972000000000000000e+03
1.958000000000000000e+03
1.931000000000000000e+03
1.998000000000000000e+03
1.948000000000000000e+03
1.980000000000000000e+03
1.952000000000000000e+03
1.987000000000000000e+03
1.996000000000000000e+03
2.024000000000000000e+03
2.024000000000000000e+03
2.057000000000000000e+03
1.983000000000000000e+03
2.048000000000000000e+03
2.048000000000000000e+03
2.009000000000000000e+03
2.059000000000000000e+03
2.098000000000000000e+03
2.065000000000000000e+03
2.117000000000000000e+03
2.159000000000000000e+03
2.099000000000000000e+03
2.141000000000000000e+03
2.115000000000000000e+03
2.074000000000000000e+03
2.158000000000000000e+03
2.130000000000000000e+03
2.158000000000000000e+03
2.183000000000000000e+03
2.229000000000000000e+03
2.161000000000000000e+03
2.256000000000000000e+03
2.233000000000000000e+03
2.218000000000000000e+03
2.227000000000000000e+03
2.302000000000000000e+03
2.292000000000000000e+03
2.279000000000000000e+03
2.217000000000000000e+03
2.323000000000000000e+03
2.289000000000000000e+03
2.257000000000000000e+03
2.290000000000000000e+03
2.331000000000000000e+03
2.335000000000000000e+03
2.362000000000000000e+03
2.351000000000000000e+03
2.397000000000000000e+03
2.570000000000000000e+03
2.398000000000000000e+03
2.428000000000000000e+03
2.355000000000000000e+03
2.379000000000000000e+03
2.440000000000000000e+03
2.485000000000000000e+03
2.413000000000000000e+03
2.463000000000000000e+03
2.595000000000000000e+03
2.472000000000000000e+03
2.451000000000000000e+03
2.510000000000000000e+03
2.471000000000000000e+03
2.511000000000000000e+03
2.556000000000000000e+03
2.563000000000000000e+03
2.513000000000000000e+03
2.570000000000000000e+03
2.546000000000000000e+03
2.513000000000000000e+03
2.570000000000000000e+03
2.555000000000000000e+03
2.597000000000000000e+03
2.588000000000000000e+03
2.554000000000000000e+03
2.600000000000000000e+03
2.599000000000000000e+03
2.614000000000000000e+03
2.592000000000000000e+03
2.564000000000000000e+03
2.652000000000000000e+03
2.622000000000000000e+03
3.016000000000000000e+03
3.076000000000000000e+03
2.729000000000000000e+03
2.624000000000000000e+03
2.641000000000000000e+03
2.685000000000000000e+03
2.688000000000000000e+03
2.710000000000000000e+03
2.713000000000000000e+03
2.754000000000000000e+03
2.703000000000000000e+03
2.732000000000000000e+03
2.808000000000000000e+03
2.730000000000000000e+03
2.736000000000000000e+03
2.818000000000000000e+03
2.757000000000000000e+03
2.737000000000000000e+03
2.797000000000000000e+03
2.829000000000000000e+03
2.808000000000000000e+03
2.774000000000000000e+03
2.806000000000000000e+03
2.875000000000000000e+03
2.879000000000000000e+03
2.841000000000000000e+03
2.900000000000000000e+03
2.889000000000000000e+03
2.902000000000000000e+03
2.922000000000000000e+03
2.935000000000000000e+03
2.969000000000000000e+03
3.019000000000000000e+03
2.925000000000000000e+03
2.912000000000000000e+03
2.935000000000000000e+03
3.030000000000000000e+03
2.955000000000000000e+03
3.070000000000000000e+03
3.017000000000000000e+03
3.098000000000000000e+03
3.092000000000000000e+03
3.095000000000000000e+03
3.148000000000000000e+03
3.122000000000000000e+03
3.128000000000000000e+03
3.133000000000000000e+03
3.191000000000000000e+03
3.108000000000000000e+03
3.157000000000000000e+03
3.217000000000000000e+03
3.187000000000000000e+03
3.267000000000000000e+03
3.204000000000000000e+03
3.238000000000000000e+03
3.295000000000000000e+03
3.250000000000000000e+03
3.218000000000000000e+03
3.269000000000000000e+03
3.273000000000000000e+03
3.370000000000000000e+03
3.320000000000000000e+03
3.401000000000000000e+03
3.367000000000000000e+03
3.330000000000000000e+03
3.400000000000000000e+03
3.524000000000000000e+03
3.446000000000000000e+03
3.403000000000000000e+03
3.489000000000000000e+03
3.417000000000000000e+03
3.497000000000000000e+03
3.569000000000000000e+03
3.626000000000000000e+03
3.519000000000000000e+03
3.451000000000000000e+03
3.562000000000000000e+03
3.575000000000000000e+03
3.640000000000000000e+03
3.603000000000000000e+03
3.527000000000000000e+03
3.545000000000000000e+03
3.586000000000000000e+03
3.585000000000000000e+03
3.659000000000000000e+03
3.699000000000000000e+03
3.554000000000000000e+03
3.561000000000000000e+03
3.663000000000000000e+03
3.623000000000000000e+03
3.610000000000000000e+03
3.652000000000000000e+03
3.746000000000000000e+03
3.678000000000000000e+03
3.718000000000000000e+03
3.676000000000000000e+03
3.604000000000000000e+03
3.692000000000000000e+03
3.729000000000000000e+03
3.644000000000000000e+03
3.736000000000000000e+03
3.728000000000000000e+03
3.768000000000000000e+03
3.771000000000000000e+03
3.732000000000000000e+03
3.756000000000000000e+03
3.689000000000000000e+03
3.769000000000000000e+03
3.810000000000000000e+03
3.789000000000000000e+03
3.793000000000000000e+03
3.811000000000000000e+03
3.763000000000000000e+03
3.777000000000000000e+03
3.835000000000000000e+03
3.854000000000000000e+03
3.846000000000000000e+03
3.814000000000000000e+03
3.859000000000000000e+03
3.887000000000000000e+03
3.901000000000000000e+03
3.888000000000000000e+03
3.828000000000000000e+03
3.927000000000000000e+03
3.903000000000000000e+03
3.883000000000000000e+03
3.876000000000000000e+03
3.868000000000000000e+03
3.855000000000000000e+03
3.843000000000000000e+03
3.891000000000000000e+03
3.877000000000000000e+03
3.889000000000000000e+03
3.850000000000000000e+03
3.935000000000000000e+03
3.907000000000000000e+03
3.974000000000000000e+03
3.887000000000000000e+03
3.857000000000000000e+03
3.922000000000000000e+03
3.878000000000000000e+03
3.956000000000000000e+03
3.923000000000000000e+03
3.946000000000000000e+03
3.920000000000000000e+03
3.897000000000000000e+03
3.901000000000000000e+03
3.943000000000000000e+03
3.961000000000000000e+03
3.913000000000000000e+03
3.891000000000000000e+03
3.878000000000000000e+03
3.898000000000000000e+03
3.935000000000000000e+03
3.878000000000000000e+03
3.890000000000000000e+03
3.889000000000000000e+03
3.940000000000000000e+03
3.911000000000000000e+03
3.933000000000000000e+03
3.852000000000000000e+03
3.982000000000000000e+03
3.857000000000000000e+03
3.842000000000000000e+03
3.887000000000000000e+03
3.912000000000000000e+03
3.953000000000000000e+03
3.903000000000000000e+03
3.945000000000000000e+03
3.918000000000000000e+03
3.885000000000000000e+03
3.903000000000000000e+03
3.962000000000000000e+03
3.955000000000000000e+03
3.969000000000000000e+03
3.890000000000000000e+03
3.998000000000000000e+03
3.924000000000000000e+03
3.874000000000000000e+03
3.895000000000000000e+03
3.917000000000000000e+03
3.968000000000000000e+03
3.964000000000000000e+03
3.957000000000000000e+03
4.010000000000000000e+03
3.987000000000000000e+03
3.972000000000000000e+03
3.964000000000000000e+03
3.986000000000000000e+03
4.024000000000000000e+03
3.951000000000000000e+03
4.008000000000000000e+03
4.056000000000000000e+03
4.077000000000000000e+03
4.065000000000000000e+03
4.082000000000000000e+03
4.037000000000000000e+03
4.152000000000000000e+03
4.070000000000000000e+03
4.071000000000000000e+03
4.077000000000000000e+03
4.015000000000000000e+03
4.048000000000000000e+03
4.068000000000000000e+03
4.079000000000000000e+03
4.066000000000000000e+03
4.147000000000000000e+03
4.088000000000000000e+03
4.060000000000000000e+03
4.110000000000000000e+03
4.068000000000000000e+03
4.047000000000000000e+03
4.121000000000000000e+03
4.053000000000000000e+03
4.016000000000000000e+03
4.133000000000000000e+03
4.126000000000000000e+03
4.107000000000000000e+03
4.127000000000000000e+03
4.144000000000000000e+03
4.170000000000000000e+03
4.157000000000000000e+03
4.091000000000000000e+03
4.055000000000000000e+03
4.189000000000000000e+03
4.089000000000000000e+03
4.187000000000000000e+03
4.218000000000000000e+03
4.186000000000000000e+03
4.215000000000000000e+03
4.211000000000000000e+03
4.166000000000000000e+03
4.192000000000000000e+03
4.104000000000000000e+03
4.195000000000000000e+03
4.239000000000000000e+03
4.188000000000000000e+03
4.221000000000000000e+03
4.185000000000000000e+03
4.211000000000000000e+03
4.247000000000000000e+03
4.228000000000000000e+03
4.211000000000000000e+03
4.227000000000000000e+03
4.243000000000000000e+03
4.182000000000000000e+03
4.301000000000000000e+03
4.287000000000000000e+03
4.318000000000000000e+03
4.275000000000000000e+03
4.289000000000000000e+03
4.258000000000000000e+03
4.910000000000000000e+03
4.272000000000000000e+03
4.222000000000000000e+03
4.246000000000000000e+03
4.221000000000000000e+03
4.217000000000000000e+03
4.353000000000000000e+03
4.241000000000000000e+03
4.265000000000000000e+03
4.194000000000000000e+03
4.211000000000000000e+03
4.315000000000000000e+03
4.290000000000000000e+03
4.255000000000000000e+03
4.252000000000000000e+03
4.238000000000000000e+03
4.247000000000000000e+03
4.332000000000000000e+03
4.255000000000000000e+03
4.213000000000000000e+03
4.132000000000000000e+03
4.318000000000000000e+03
4.237000000000000000e+03
4.226000000000000000e+03
4.219000000000000000e+03
4.184000000000000000e+03
4.269000000000000000e+03
4.166000000000000000e+03
4.277000000000000000e+03
4.239000000000000000e+03
4.212000000000000000e+03
4.259000000000000000e+03
4.197000000000000000e+03
4.214000000000000000e+03
4.218000000000000000e+03
4.201000000000000000e+03
4.222000000000000000e+03
4.203000000000000000e+03
4.241000000000000000e+03
4.233000000000000000e+03
4.162000000000000000e+03
4.169000000000000000e+03
4.238000000000000000e+03
4.170000000000000000e+03
4.171000000000000000e+03
4.145000000000000000e+03
4.127000000000000000e+03
4.145000000000000000e+03
4.192000000000000000e+03
4.151000000000000000e+03
4.098000000000000000e+03
4.038000000000000000e+03
4.134000000000000000e+03
4.140000000000000000e+03
4.050000000000000000e+03
4.017000000000000000e+03
4.188000000000000000e+03
4.132000000000000000e+03
4.152000000000000000e+03
4.093000000000000000e+03
4.062000000000000000e+03
4.073000000000000000e+03
4.025000000000000000e+03
4.020000000000000000e+03
3.919000000000000000e+03
4.028000000000000000e+03
4.050000000000000000e+03
4.030000000000000000e+03
4.033000000000000000e+03
4.050000000000000000e+03
4.048000000000000000e+03
4.049000000000000000e+03
3.992000000000000000e+03
4.039000000000000000e+03
4.053000000000000000e+03
3.941000000000000000e+03
3.998000000000000000e+03
3.900000000000000000e+03
4.014000000000000000e+03
3.959000000000000000e+03
3.926000000000000000e+03
3.913000000000000000e+03
3.852000000000000000e+03
3.937000000000000000e+03
3.915000000000000000e+03
3.905000000000000000e+03
3.847000000000000000e+03
3.957000000000000000e+03
3.898000000000000000e+03
3.859000000000000000e+03
3.926000000000000000e+03
3.867000000000000000e+03
3.862000000000000000e+03
3.860000000000000000e+03
3.782000000000000000e+03
3.817000000000000000e+03
3.870000000000000000e+03
3.825000000000000000e+03
3.813000000000000000e+03
3.784000000000000000e+03
3.819000000000000000e+03
3.768000000000000000e+03
3.751000000000000000e+03
3.746000000000000000e+03
3.788000000000000000e+03
3.766000000000000000e+03
3.792000000000000000e+03
3.819000000000000000e+03
3.704000000000000000e+03
3.712000000000000000e+03
3.773000000000000000e+03
3.684000000000000000e+03
3.754000000000000000e+03
3.652000000000000000e+03
3.696000000000000000e+03
3.795000000000000000e+03
3.708000000000000000e+03
3.673000000000000000e+03
3.672000000000000000e+03
3.701000000000000000e+03
3.623000000000000000e+03
3.601000000000000000e+03
3.603000000000000000e+03
3.653000000000000000e+03
3.638000000000000000e+03
3.603000000000000000e+03
3.654000000000000000e+03
3.594000000000000000e+03
3.566000000000000000e+03
3.585000000000000000e+03
3.583000000000000000e+03
3.513000000000000000e+03
3.601000000000000000e+03
3.584000000000000000e+03
3.598000000000000000e+03
3.607000000000000000e+03
3.559000000000000000e+03
3.583000000000000000e+03
3.584000000000000000e+03
3.572000000000000000e+03
3.591000000000000000e+03
3.571000000000000000e+03
3.626000000000000000e+03
3.588000000000000000e+03
3.521000000000000000e+03
3.542000000000000000e+03
3.594000000000000000e+03
3.617000000000000000e+03
3.524000000000000000e+03
3.531000000000000000e+03
3.473000000000000000e+03
3.541000000000000000e+03
3.470000000000000000e+03
3.600000000000000000e+03
3.439000000000000000e+03
3.478000000000000000e+03
3.454000000000000000e+03
3.425000000000000000e+03
3.529000000000000000e+03
3.475000000000000000e+03
3.521000000000000000e+03
3.517000000000000000e+03
3.471000000000000000e+03
3.470000000000000000e+03
3.474000000000000000e+03
3.403000000000000000e+03
3.410000000000000000e+03
3.471000000000000000e+03
3.472000000000000000e+03
3.444000000000000000e+03
3.394000000000000000e+03
3.437000000000000000e+03
3.642000000000000000e+03
3.373000000000000000e+03
3.377000000000000000e+03
3.380000000000000000e+03
3.403000000000000000e+03
3.360000000000000000e+03
3.399000000000000000e+03
3.379000000000000000e+03
3.341000000000000000e+03
3.482000000000000000e+03
3.381000000000000000e+03
3.367000000000000000e+03
3.366000000000000000e+03
3.383000000000000000e+03
3.345000000000000000e+03
3.358000000000000000e+03
3.238000000000000000e+03
3.468000000000000000e+03
3.338000000000000000e+03
3.279000000000000000e+03
3.328000000000000000e+03
3.369000000000000000e+03
3.264000000000000000e+03
3.285000000000000000e+03
3.283000000000000000e+03
3.273000000000000000e+03
3.203000000000000000e+03
3.285000000000000000e+03
3.262000000000000000e+03
3.267000000000000000e+03
3.266000000000000000e+03
3.306000000000000000e+03
3.263000000000000000e+03
3.228000000000000000e+03
3.211000000000000000e+03
3.213000000000000000e+03
3.180000000000000000e+03
3.174000000000000000e+03
3.161000000000000000e+03
3.178000000000000000e+03
3.163000000000000000e+03
3.128000000000000000e+03
3.241000000000000000e+03
3.218000000000000000e+03
3.144000000000000000e+03
3.218000000000000000e+03
3.136000000000000000e+03
3.171000000000000000e+03
3.116000000000000000e+03
3.112000000000000000e+03
3.177000000000000000e+03
3.112000000000000000e+03
3.022000000000000000e+03
3.216000000000000000e+03
3.120000000000000000e+03
3.143000000000000000e+03
3.025000000000000000e+03
3.080000000000000000e+03
3.012000000000000000e+03
3.049000000000000000e+03
3.090000000000000000e+03
3.063000000000000000e+03
3.152000000000000000e+03
3.036000000000000000e+03
3.030000000000000000e+03
3.048000000000000000e+03
2.951000000000000000e+03
3.004000000000000000e+03
2.989000000000000000e+03
2.984000000000000000e+03
3.029000000000000000e+03
3.002000000000000000e+03
2.952000000000000000e+03
2.914000000000000000e+03
2.973000000000000000e+03
2.906000000000000000e+03
2.989000000000000000e+03
2.880000000000000000e+03
2.889000000000000000e+03
2.882000000000000000e+03
2.900000000000000000e+03
2.879000000000000000e+03
2.933000000000000000e+03
2.879000000000000000e+03
2.909000000000000000e+03
2.892000000000000000e+03
2.823000000000000000e+03
2.854000000000000000e+03
2.791000000000000000e+03
2.870000000000000000e+03
2.785000000000000000e+03
2.731000000000000000e+03
2.749000000000000000e+03
2.783000000000000000e+03
2.828000000000000000e+03
2.743000000000000000e+03
2.766000000000000000e+03
2.819000000000000000e+03
2.714000000000000000e+03
2.716000000000000000e+03
2.706000000000000000e+03
2.716000000000000000e+03
2.683000000000000000e+03
2.680000000000000000e+03
2.641000000000000000e+03
2.620000000000000000e+03
2.692000000000000000e+03
2.615000000000000000e+03
2.544000000000000000e+03
2.638000000000000000e+03
2.636000000000000000e+03
2.620000000000000000e+03
2.591000000000000000e+03
2.504000000000000000e+03
2.549000000000000000e+03
2.529000000000000000e+03
2.564000000000000000e+03
2.543000000000000000e+03
2.501000000000000000e+03
2.479000000000000000e+03
2.475000000000000000e+03
2.500000000000000000e+03
2.571000000000000000e+03
2.470000000000000000e+03
2.467000000000000000e+03
2.454000000000000000e+03
2.481000000000000000e+03
2.399000000000000000e+03
2.481000000000000000e+03
2.483000000000000000e+03
2.388000000000000000e+03
2.426000000000000000e+03
2.435000000000000000e+03
2.407000000000000000e+03
2.387000000000000000e+03
2.416000000000000000e+03
2.376000000000000000e+03
2.367000000000000000e+03
2.335000000000000000e+03
2.338000000000000000e+03
2.429000000000000000e+03
2.388000000000000000e+03
2.398000000000000000e+03
2.359000000000000000e+03
2.300000000000000000e+03
2.338000000000000000e+03
2.348000000000000000e+03
2.404000000000000000e+03
2.259000000000000000e+03
2.308000000000000000e+03
2.249000000000000000e+03
2.321000000000000000e+03
2.264000000000000000e+03
2.239000000000000000e+03
