1.628000000000000000e+03
1.625000000000000000e+03
1.646000000000000000e+03
1.644000000000000000e+03
1.692000000000000000e+03
1.648000000000000000e+03
1.690000000000000000e+03
1.621000000000000000e+03
1.740000000000000000e+03
1.673000000000000000e+03
1.692000000000000000e+03
1.676000000000000000e+03
1.686000000000000000e+03
1.709000000000000000e+03
1.711000000000000000e+03
1.672000000000000000e+03
1.721000000000000000e+03
1.749000000000000000e+03
1.714000000000000000e+03
1.718000000000000000e+03
1.688000000000000000e+03
1.711000000000000000e+03
1.770000000000000000e+03
1.749000000000000000e+03
1.756000000000000000e+03
1.805000000000000000e+03
1.779000000000000000e+03
1.753000000000000000e+03
1.802000000000000000e+03
1.804000000000000000e+03
1.830000000000000000e+03
1.783000000000000000e+03
1.830000000000000000e+03
1.793000000000000000e+03
1.797000000000000000e+03
1.781000000000000000e+03
1.826000000000000000e+03
1.828000000000000000e+03
1.823000000000000000e+03
1.826000000000000000e+03
1.815000000000000000e+03
1.849000000000000000e+03
1.852000000000000000e+03
1.878000000000000000e+03
1.876000000000000000e+03
1.863000000000000000e+03
1.886000000000000000e+03
1.873000000000000000e+03
1.929000000000000000e+03
1.861000000000000000e+03
1.879000000000000000e+03
1.845000000000000000e+03
1.895000000000000000e+03
1.854000000000000000e+03
1.950000000000000000e+03
1.902000000000000000e+03
1.906000000000000000e+03
1.931000000000000000e+03
1.948000000000000000e+03
1.924000000000000000e+03
1.949000000000000000e+03
1.921000000000000000e+03
1.919000000000000000e+03
1.981000000000000000e+03
1.992000000000000000e+03
1.947000000000000000e+03
2.011000000000000000e+03
1.991000000000000000e+03
1.982000000000000000e+03
1.988000000000000000e+03
1.963000000000000000e+03
1.999000000000000000e+03
1.990000000000000000e+03
1.981000000000000000e+03
2.013000000000000000e+03
1.958000000000000000e+03
1.995000000000000000e+03
2.017000000000000000e+03
2.019000000000000000e+03
2.022000000000000000e+03
2.080000000000000000e+03
2.050000000000000000e+03
2.030000000000000000e+03
2.027000000000000000e+03
2.037000000000000000e+03
2.072000000000000000e+03
2.033000000000000000e+03
2.033000000000000000e+03
2.074000000000000000e+03
2.066000000000000000e+03
2.093000000000000000e+03
2.102000000000000000e+03
2.058000000000000000e+03
2.096000000000000000e+03
2.049000000000000000e+03
2.090000000000000000e+03
2.124000000000000000e+03
2.144000000000000000e+03
2.100000000000000000e+03
2.138000000000000000e+03
2.181000000000000000e+03
2.112000000000000000e+03
2.188000000000000000e+03
2.145000000000000000e+03
2.145000000000000000e+03
2.167000000000000000e+03
2.164000000000000000e+03
2.204000000000000000e+03
2.159000000000000000e+03
2.170000000000000000e+03
2.271000000000000000e+03
2.173000000000000000e+03
2.268000000000000000e+03
2.194000000000000000e+03
2.260000000000000000e+03
2.218000000000000000e+03
2.283000000000000000e+03
2.265000000000000000e+03
2.293000000000000000e+03
2.333000000000000000e+03
2.348000000000000000e+03
2.326000000000000000e+03
2.342000000000000000e+03
2.371000000000000000e+03
2.367000000000000000e+03
2.380000000000000000e+03
2.408000000000000000e+03
2.348000000000000000e+03
2.438000000000000000e+03
2.430000000000000000e+03
2.412000000000000000e+03
2.453000000000000000e+03
2.485000000000000000e+03
2.516000000000000000e+03
2.452000000000000000e+03
2.425000000000000000e+03
2.458000000000000000e+03
2.507000000000000000e+03
2.528000000000000000e+03
2.509000000000000000e+03
2.574000000000000000e+03
2.552000000000000000e+03
2.623000000000000000e+03
2.632000000000000000e+03
2.590000000000000000e+03
2.612000000000000000e+03
2.685000000000000000e+03
2.615000000000000000e+03
2.644000000000000000e+03
2.657000000000000000e+03
2.648000000000000000e+03
2.675000000000000000e+03
2.694000000000000000e+03
2.677000000000000000e+03
2.722000000000000000e+03
2.737000000000000000e+03
2.711000000000000000e+03
2.744000000000000000e+03
2.774000000000000000e+03
2.788000000000000000e+03
2.782000000000000000e+03
2.763000000000000000e+03
2.816000000000000000e+03
2.849000000000000000e+03
2.821000000000000000e+03
2.833000000000000000e+03
2.858000000000000000e+03
2.817000000000000000e+03
2.886000000000000000e+03
2.831000000000000000e+03
2.842000000000000000e+03
2.808000000000000000e+03
2.919000000000000000e+03
2.889000000000000000e+03
2.858000000000000000e+03
2.916000000000000000e+03
2.897000000000000000e+03
2.955000000000000000e+03
2.946000000000000000e+03
2.952000000000000000e+03
2.921000000000000000e+03
2.974000000000000000e+03
2.999000000000000000e+03
2.960000000000000000e+03
3.165000000000000000e+03
3.486000000000000000e+03
3.392000000000000000e+03
3.078000000000000000e+03
3.036000000000000000e+03
3.066000000000000000e+03
3.004000000000000000e+03
3.069000000000000000e+03
3.044000000000000000e+03
3.033000000000000000e+03
3.125000000000000000e+03
3.065000000000000000e+03
3.162000000000000000e+03
3.041000000000000000e+03
3.087000000000000000e+03
3.131000000000000000e+03
3.170000000000000000e+03
3.097000000000000000e+03
3.079000000000000000e+03
3.127000000000000000e+03
3.210000000000000000e+03
3.125000000000000000e+03
3.150000000000000000e+03
3.190000000000000000e+03
3.178000000000000000e+03
3.192000000000000000e+03
3.223000000000000000e+03
3.209000000000000000e+03
3.197000000000000000e+03
3.352000000000000000e+03
3.320000000000000000e+03
3.338000000000000000e+03
3.346000000000000000e+03
3.343000000000000000e+03
3.380000000000000000e+03
3.392000000000000000e+03
3.349000000000000000e+03
3.421000000000000000e+03
3.402000000000000000e+03
3.421000000000000000e+03
3.473000000000000000e+03
3.471000000000000000e+03
3.495000000000000000e+03
3.577000000000000000e+03
3.479000000000000000e+03
3.490000000000000000e+03
3.511000000000000000e+03
3.542000000000000000e+03
3.539000000000000000e+03
3.574000000000000000e+03
3.541000000000000000e+03
3.599000000000000000e+03
3.692000000000000000e+03
3.587000000000000000e+03
3.688000000000000000e+03
3.659000000000000000e+03
3.630000000000000000e+03
3.741000000000000000e+03
3.715000000000000000e+03
3.729000000000000000e+03
3.770000000000000000e+03
3.809000000000000000e+03
3.755000000000000000e+03
3.843000000000000000e+03
3.791000000000000000e+03
3.789000000000000000e+03
3.911000000000000000e+03
3.919000000000000000e+03
3.895000000000000000e+03
3.871000000000000000e+03
3.866000000000000000e+03
3.835000000000000000e+03
3.982000000000000000e+03
3.998000000000000000e+03
4.034000000000000000e+03
3.996000000000000000e+03
3.994000000000000000e+03
4.001000000000000000e+03
4.116000000000000000e+03
4.105000000000000000e+03
4.013000000000000000e+03
4.037000000000000000e+03
4.083000000000000000e+03
4.097000000000000000e+03
4.139000000000000000e+03
4.118000000000000000e+03
4.139000000000000000e+03
4.079000000000000000e+03
4.118000000000000000e+03
4.131000000000000000e+03
4.129000000000000000e+03
4.118000000000000000e+03
4.119000000000000000e+03
4.057000000000000000e+03
4.146000000000000000e+03
4.130000000000000000e+03
4.201000000000000000e+03
4.163000000000000000e+03
4.119000000000000000e+03
4.168000000000000000e+03
4.260000000000000000e+03
4.170000000000000000e+03
4.186000000000000000e+03
4.255000000000000000e+03
4.180000000000000000e+03
4.232000000000000000e+03
4.185000000000000000e+03
4.136000000000000000e+03
4.210000000000000000e+03
4.281000000000000000e+03
4.301000000000000000e+03
4.290000000000000000e+03
4.265000000000000000e+03
4.268000000000000000e+03
4.286000000000000000e+03
4.315000000000000000e+03
4.201000000000000000e+03
4.306000000000000000e+03
4.357000000000000000e+03
4.304000000000000000e+03
4.359000000000000000e+03
4.367000000000000000e+03
4.340000000000000000e+03
4.351000000000000000e+03
4.400000000000000000e+03
4.395000000000000000e+03
4.302000000000000000e+03
4.313000000000000000e+03
4.355000000000000000e+03
4.365000000000000000e+03
4.418000000000000000e+03
4.313000000000000000e+03
4.354000000000000000e+03
4.383000000000000000e+03
4.443000000000000000e+03
4.380000000000000000e+03
4.410000000000000000e+03
4.353000000000000000e+03
4.423000000000000000e+03
4.355000000000000000e+03
4.361000000000000000e+03
4.365000000000000000e+03
4.402000000000000000e+03
4.383000000000000000e+03
4.426000000000000000e+03
4.346000000000000000e+03
4.419000000000000000e+03
4.441000000000000000e+03
4.294000000000000000e+03
4.336000000000000000e+03
4.341000000000000000e+03
4.335000000000000000e+03
4.374000000000000000e+03
4.321000000000000000e+03
4.357000000000000000e+03
4.387000000000000000e+03
4.419000000000000000e+03
4.424000000000000000e+03
4.367000000000000000e+03
4.383000000000000000e+03
4.455000000000000000e+03
4.394000000000000000e+03
4.393000000000000000e+03
4.371000000000000000e+03
4.410000000000000000e+03
4.415000000000000000e+03
4.417000000000000000e+03
4.391000000000000000e+03
4.415000000000000000e+03
4.640000000000000000e+03
4.430000000000000000e+03
4.455000000000000000e+03
4.390000000000000000e+03
4.447000000000000000e+03
4.440000000000000000e+03
4.420000000000000000e+03
4.447000000000000000e+03
4.481000000000000000e+03
4.390000000000000000e+03
4.489000000000000000e+03
4.377000000000000000e+03
4.402000000000000000e+03
4.534000000000000000e+03
4.501000000000000000e+03
4.510000000000000000e+03
4.514000000000000000e+03
4.524000000000000000e+03
4.584000000000000000e+03
4.450000000000000000e+03
4.493000000000000000e+03
4.532000000000000000e+03
4.544000000000000000e+03
4.585000000000000000e+03
4.536000000000000000e+03
4.547000000000000000e+03
4.464000000000000000e+03
4.524000000000000000e+03
4.546000000000000000e+03
4.604000000000000000e+03
4.567000000000000000e+03
4.525000000000000000e+03
4.608000000000000000e+03
4.589000000000000000e+03
4.676000000000000000e+03
4.614000000000000000e+03
4.703000000000000000e+03
4.517000000000000000e+03
4.639000000000000000e+03
4.553000000000000000e+03
4.616000000000000000e+03
4.642000000000000000e+03
4.654000000000000000e+03
4.631000000000000000e+03
4.663000000000000000e+03
4.688000000000000000e+03
4.624000000000000000e+03
4.668000000000000000e+03
4.666000000000000000e+03
4.711000000000000000e+03
4.660000000000000000e+03
4.693000000000000000e+03
4.692000000000000000e+03
4.633000000000000000e+03
4.722000000000000000e+03
4.652000000000000000e+03
4.683000000000000000e+03
4.645000000000000000e+03
4.698000000000000000e+03
4.680000000000000000e+03
4.632000000000000000e+03
4.690000000000000000e+03
4.722000000000000000e+03
4.800000000000000000e+03
4.668000000000000000e+03
4.813000000000000000e+03
4.689000000000000000e+03
4.841000000000000000e+03
4.721000000000000000e+03
4.749000000000000000e+03
4.654000000000000000e+03
4.754000000000000000e+03
4.722000000000000000e+03
4.779000000000000000e+03
4.758000000000000000e+03
4.785000000000000000e+03
4.781000000000000000e+03
4.781000000000000000e+03
4.795000000000000000e+03
4.768000000000000000e+03
4.774000000000000000e+03
4.803000000000000000e+03
4.790000000000000000e+03
4.715000000000000000e+03
4.884000000000000000e+03
4.773000000000000000e+03
4.730000000000000000e+03
4.817000000000000000e+03
4.838000000000000000e+03
4.837000000000000000e+03
4.807000000000000000e+03
4.760000000000000000e+03
4.779000000000000000e+03
4.801000000000000000e+03
4.754000000000000000e+03
4.802000000000000000e+03
4.876000000000000000e+03
4.759000000000000000e+03
4.822000000000000000e+03
4.789000000000000000e+03
4.777000000000000000e+03
4.856000000000000000e+03
4.783000000000000000e+03
4.821000000000000000e+03
4.759000000000000000e+03
4.734000000000000000e+03
4.805000000000000000e+03
4.786000000000000000e+03
4.806000000000000000e+03
4.818000000000000000e+03
4.800000000000000000e+03
4.743000000000000000e+03
4.748000000000000000e+03
4.801000000000000000e+03
4.693000000000000000e+03
4.648000000000000000e+03
4.714000000000000000e+03
4.769000000000000000e+03
4.802000000000000000e+03
4.711000000000000000e+03
4.744000000000000000e+03
4.881000000000000000e+03
4.699000000000000000e+03
4.717000000000000000e+03
4.683000000000000000e+03
4.757000000000000000e+03
4.778000000000000000e+03
4.647000000000000000e+03
4.679000000000000000e+03
4.686000000000000000e+03
4.726000000000000000e+03
4.697000000000000000e+03
4.687000000000000000e+03
4.675000000000000000e+03
4.660000000000000000e+03
4.760000000000000000e+03
4.679000000000000000e+03
4.571000000000000000e+03
4.658000000000000000e+03
4.601000000000000000e+03
4.692000000000000000e+03
4.615000000000000000e+03
4.567000000000000000e+03
4.577000000000000000e+03
4.631000000000000000e+03
4.664000000000000000e+03
4.571000000000000000e+03
4.511000000000000000e+03
4.558000000000000000e+03
4.579000000000000000e+03
4.517000000000000000e+03
4.539000000000000000e+03
4.587000000000000000e+03
4.481000000000000000e+03
4.518000000000000000e+03
4.522000000000000000e+03
4.519000000000000000e+03
4.506000000000000000e+03
4.470000000000000000e+03
4.504000000000000000e+03
4.577000000000000000e+03
4.438000000000000000e+03
4.468000000000000000e+03
4.400000000000000000e+03
4.452000000000000000e+03
4.367000000000000000e+03
4.420000000000000000e+03
4.440000000000000000e+03
4.413000000000000000e+03
4.384000000000000000e+03
4.435000000000000000e+03
4.385000000000000000e+03
4.304000000000000000e+03
4.374000000000000000e+03
4.369000000000000000e+03
4.370000000000000000e+03
4.318000000000000000e+03
4.405000000000000000e+03
4.268000000000000000e+03
4.239000000000000000e+03
4.228000000000000000e+03
4.288000000000000000e+03
4.346000000000000000e+03
4.301000000000000000e+03
4.371000000000000000e+03
4.212000000000000000e+03
4.248000000000000000e+03
4.204000000000000000e+03
4.175000000000000000e+03
4.331000000000000000e+03
4.220000000000000000e+03
4.184000000000000000e+03
4.212000000000000000e+03
4.234000000000000000e+03
4.219000000000000000e+03
4.236000000000000000e+03
4.216000000000000000e+03
4.172000000000000000e+03
4.181000000000000000e+03
4.138000000000000000e+03
4.193000000000000000e+03
4.132000000000000000e+03
4.164000000000000000e+03
4.150000000000000000e+03
4.184000000000000000e+03
4.155000000000000000e+03
4.125000000000000000e+03
4.221000000000000000e+03
4.109000000000000000e+03
4.041000000000000000e+03
4.058000000000000000e+03
4.158000000000000000e+03
4.138000000000000000e+03
4.050000000000000000e+03
4.066000000000000000e+03
4.133000000000000000e+03
4.001000000000000000e+03
4.013000000000000000e+03
4.100000000000000000e+03
4.065000000000000000e+03
4.098000000000000000e+03
4.027000000000000000e+03
4.034000000000000000e+03
4.056000000000000000e+03
4.062000000000000000e+03
4.088000000000000000e+03
4.079000000000000000e+03
4.033000000000000000e+03
4.037000000000000000e+03
3.980000000000000000e+03
4.077000000000000000e+03
4.047000000000000000e+03
3.970000000000000000e+03
3.931000000000000000e+03
3.949000000000000000e+03
3.955000000000000000e+03
4.002000000000000000e+03
3.892000000000000000e+03
3.954000000000000000e+03
3.967000000000000000e+03
3.922000000000000000e+03
3.916000000000000000e+03
3.981000000000000000e+03
3.949000000000000000e+03
3.942000000000000000e+03
3.924000000000000000e+03
3.925000000000000000e+03
3.891000000000000000e+03
3.875000000000000000e+03
3.948000000000000000e+03
3.944000000000000000e+03
3.931000000000000000e+03
3.830000000000000000e+03
3.942000000000000000e+03
3.896000000000000000e+03
3.908000000000000000e+03
3.798000000000000000e+03
3.845000000000000000e+03
3.884000000000000000e+03
3.808000000000000000e+03
3.761000000000000000e+03
3.757000000000000000e+03
3.795000000000000000e+03
3.856000000000000000e+03
3.777000000000000000e+03
3.806000000000000000e+03
3.771000000000000000e+03
3.747000000000000000e+03
3.732000000000000000e+03
3.762000000000000000e+03
3.760000000000000000e+03
3.802000000000000000e+03
3.818000000000000000e+03
3.724000000000000000e+03
3.757000000000000000e+03
3.725000000000000000e+03
3.708000000000000000e+03
3.724000000000000000e+03
3.696000000000000000e+03
3.687000000000000000e+03
3.699000000000000000e+03
3.629000000000000000e+03
3.661000000000000000e+03
3.648000000000000000e+03
3.606000000000000000e+03
3.707000000000000000e+03
3.722000000000000000e+03
3.622000000000000000e+03
3.680000000000000000e+03
3.644000000000000000e+03
3.579000000000000000e+03
3.620000000000000000e+03
3.644000000000000000e+03
3.632000000000000000e+03
3.709000000000000000e+03
3.599000000000000000e+03
3.613000000000000000e+03
3.612000000000000000e+03
3.624000000000000000e+03
3.635000000000000000e+03
3.506000000000000000e+03
3.551000000000000000e+03
3.552000000000000000e+03
3.521000000000000000e+03
3.591000000000000000e+03
3.460000000000000000e+03
3.523000000000000000e+03
3.521000000000000000e+03
3.507000000000000000e+03
3.542000000000000000e+03
3.529000000000000000e+03
3.550000000000000000e+03
3.555000000000000000e+03
3.430000000000000000e+03
3.525000000000000000e+03
3.463000000000000000e+03
3.445000000000000000e+03
3.434000000000000000e+03
3.388000000000000000e+03
3.495000000000000000e+03
3.450000000000000000e+03
3.450000000000000000e+03
3.440000000000000000e+03
3.397000000000000000e+03
3.310000000000000000e+03
3.393000000000000000e+03
3.313000000000000000e+03
3.337000000000000000e+03
3.343000000000000000e+03
3.305000000000000000e+03
3.234000000000000000e+03
3.255000000000000000e+03
3.199000000000000000e+03
3.334000000000000000e+03
3.250000000000000000e+03
3.221000000000000000e+03
3.251000000000000000e+03
3.206000000000000000e+03
3.268000000000000000e+03
3.205000000000000000e+03
3.178000000000000000e+03
3.238000000000000000e+03
3.144000000000000000e+03
3.157000000000000000e+03
3.214000000000000000e+03
3.137000000000000000e+03
3.096000000000000000e+03
3.093000000000000000e+03
3.143000000000000000e+03
3.117000000000000000e+03
3.175000000000000000e+03
3.077000000000000000e+03
3.063000000000000000e+03
3.103000000000000000e+03
3.123000000000000000e+03
3.058000000000000000e+03
2.951000000000000000e+03
3.015000000000000000e+03
2.943000000000000000e+03
3.126000000000000000e+03
2.933000000000000000e+03
3.047000000000000000e+03
2.947000000000000000e+03
2.906000000000000000e+03
2.921000000000000000e+03
2.946000000000000000e+03
2.891000000000000000e+03
2.866000000000000000e+03
2.848000000000000000e+03
2.814000000000000000e+03
2.832000000000000000e+03
2.847000000000000000e+03
2.844000000000000000e+03
2.876000000000000000e+03
2.745000000000000000e+03
2.832000000000000000e+03
2.838000000000000000e+03
2.821000000000000000e+03
2.844000000000000000e+03
2.798000000000000000e+03
2.700000000000000000e+03
2.780000000000000000e+03
2.774000000000000000e+03
2.752000000000000000e+03
2.713000000000000000e+03
2.740000000000000000e+03
2.672000000000000000e+03
2.685000000000000000e+03
2.757000000000000000e+03
2.682000000000000000e+03
2.696000000000000000e+03
2.677000000000000000e+03
2.603000000000000000e+03
2.675000000000000000e+03
2.612000000000000000e+03
2.664000000000000000e+03
2.639000000000000000e+03
2.647000000000000000e+03
2.623000000000000000e+03
2.597000000000000000e+03
2.596000000000000000e+03
2.598000000000000000e+03
2.555000000000000000e+03
2.547000000000000000e+03
2.591000000000000000e+03
2.640000000000000000e+03
2.592000000000000000e+03
2.546000000000000000e+03
2.495000000000000000e+03
2.566000000000000000e+03
2.501000000000000000e+03
2.512000000000000000e+03
