1.725000000000000000e+03
1.798000000000000000e+03
1.802000000000000000e+03
1.763000000000000000e+03
1.773000000000000000e+03
1.819000000000000000e+03
1.868000000000000000e+03
1.773000000000000000e+03
1.798000000000000000e+03
1.786000000000000000e+03
1.807000000000000000e+03
1.829000000000000000e+03
1.830000000000000000e+03
1.800000000000000000e+03
1.860000000000000000e+03
1.819000000000000000e+03
1.831000000000000000e+03
1.873000000000000000e+03
1.940000000000000000e+03
1.849000000000000000e+03
1.914000000000000000e+03
1.922000000000000000e+03
1.851000000000000000e+03
1.852000000000000000e+03
1.995000000000000000e+03
1.917000000000000000e+03
1.933000000000000000e+03
1.934000000000000000e+03
1.957000000000000000e+03
1.951000000000000000e+03
1.934000000000000000e+03
1.918000000000000000e+03
1.945000000000000000e+03
1.927000000000000000e+03
1.931000000000000000e+03
1.957000000000000000e+03
1.973000000000000000e+03
1.950000000000000000e+03
1.946000000000000000e+03
2.050000000000000000e+03
2.006000000000000000e+03
1.998000000000000000e+03
2.036000000000000000e+03
1.997000000000000000e+03
2.020000000000000000e+03
2.069000000000000000e+03
2.020000000000000000e+03
1.928000000000000000e+03
1.950000000000000000e+03
2.012000000000000000e+03
2.038000000000000000e+03
2.068000000000000000e+03
2.081000000000000000e+03
2.036000000000000000e+03
2.068000000000000000e+03
2.028000000000000000e+03
2.049000000000000000e+03
2.078000000000000000e+03
2.048000000000000000e+03
2.073000000000000000e+03
2.044000000000000000e+03
2.110000000000000000e+03
2.100000000000000000e+03
2.129000000000000000e+03
2.115000000000000000e+03
2.069000000000000000e+03
2.096000000000000000e+03
2.164000000000000000e+03
2.111000000000000000e+03
2.143000000000000000e+03
2.194000000000000000e+03
2.120000000000000000e+03
2.188000000000000000e+03
2.151000000000000000e+03
2.139000000000000000e+03
2.165000000000000000e+03
2.208000000000000000e+03
2.161000000000000000e+03
2.242000000000000000e+03
2.235000000000000000e+03
2.230000000000000000e+03
2.228000000000000000e+03
2.210000000000000000e+03
2.185000000000000000e+03
2.278000000000000000e+03
2.269000000000000000e+03
2.244000000000000000e+03
2.181000000000000000e+03
2.255000000000000000e+03
2.228000000000000000e+03
2.251000000000000000e+03
2.252000000000000000e+03
2.231000000000000000e+03
2.263000000000000000e+03
2.248000000000000000e+03
2.282000000000000000e+03
2.348000000000000000e+03
2.367000000000000000e+03
2.338000000000000000e+03
2.376000000000000000e+03
2.333000000000000000e+03
2.357000000000000000e+03
2.374000000000000000e+03
2.392000000000000000e+03
2.425000000000000000e+03
2.395000000000000000e+03
2.411000000000000000e+03
2.472000000000000000e+03
2.409000000000000000e+03
2.386000000000000000e+03
2.410000000000000000e+03
2.422000000000000000e+03
2.424000000000000000e+03
2.474000000000000000e+03
2.473000000000000000e+03
2.496000000000000000e+03
2.533000000000000000e+03
2.485000000000000000e+03
2.480000000000000000e+03
2.490000000000000000e+03
2.604000000000000000e+03
2.571000000000000000e+03
2.570000000000000000e+03
2.565000000000000000e+03
2.680000000000000000e+03
2.620000000000000000e+03
2.615000000000000000e+03
2.649000000000000000e+03
2.647000000000000000e+03
2.629000000000000000e+03
2.677000000000000000e+03
2.679000000000000000e+03
2.686000000000000000e+03
2.743000000000000000e+03
2.730000000000000000e+03
2.787000000000000000e+03
2.750000000000000000e+03
2.769000000000000000e+03
2.822000000000000000e+03
2.776000000000000000e+03
2.802000000000000000e+03
2.828000000000000000e+03
2.866000000000000000e+03
2.877000000000000000e+03
2.869000000000000000e+03
2.841000000000000000e+03
2.913000000000000000e+03
2.860000000000000000e+03
2.855000000000000000e+03
2.898000000000000000e+03
2.919000000000000000e+03
2.927000000000000000e+03
2.912000000000000000e+03
3.019000000000000000e+03
2.981000000000000000e+03
2.922000000000000000e+03
2.979000000000000000e+03
2.952000000000000000e+03
3.046000000000000000e+03
3.026000000000000000e+03
2.980000000000000000e+03
3.015000000000000000e+03
3.028000000000000000e+03
3.041000000000000000e+03
3.092000000000000000e+03
3.045000000000000000e+03
3.110000000000000000e+03
2.985000000000000000e+03
3.063000000000000000e+03
3.176000000000000000e+03
3.135000000000000000e+03
3.133000000000000000e+03
3.143000000000000000e+03
3.151000000000000000e+03
3.244000000000000000e+03
3.163000000000000000e+03
3.247000000000000000e+03
3.219000000000000000e+03
3.123000000000000000e+03
3.181000000000000000e+03
3.226000000000000000e+03
3.287000000000000000e+03
3.286000000000000000e+03
3.607000000000000000e+03
3.734000000000000000e+03
3.409000000000000000e+03
3.311000000000000000e+03
3.293000000000000000e+03
3.267000000000000000e+03
3.332000000000000000e+03
3.367000000000000000e+03
3.282000000000000000e+03
3.406000000000000000e+03
3.335000000000000000e+03
3.341000000000000000e+03
3.394000000000000000e+03
3.385000000000000000e+03
3.425000000000000000e+03
3.422000000000000000e+03
3.470000000000000000e+03
3.417000000000000000e+03
3.422000000000000000e+03
3.498000000000000000e+03
3.369000000000000000e+03
3.496000000000000000e+03
3.435000000000000000e+03
3.645000000000000000e+03
3.529000000000000000e+03
3.499000000000000000e+03
3.620000000000000000e+03
3.547000000000000000e+03
3.587000000000000000e+03
3.598000000000000000e+03
3.671000000000000000e+03
3.616000000000000000e+03
3.686000000000000000e+03
3.666000000000000000e+03
3.637000000000000000e+03
3.738000000000000000e+03
3.692000000000000000e+03
3.728000000000000000e+03
3.760000000000000000e+03
3.746000000000000000e+03
3.749000000000000000e+03
3.933000000000000000e+03
3.812000000000000000e+03
3.804000000000000000e+03
3.880000000000000000e+03
3.886000000000000000e+03
3.795000000000000000e+03
3.852000000000000000e+03
3.896000000000000000e+03
3.969000000000000000e+03
3.880000000000000000e+03
3.971000000000000000e+03
3.977000000000000000e+03
3.980000000000000000e+03
4.018000000000000000e+03
4.085000000000000000e+03
4.071000000000000000e+03
4.015000000000000000e+03
3.964000000000000000e+03
4.057000000000000000e+03
4.090000000000000000e+03
4.127000000000000000e+03
4.054000000000000000e+03
4.149000000000000000e+03
4.202000000000000000e+03
4.132000000000000000e+03
4.211000000000000000e+03
4.225000000000000000e+03
4.199000000000000000e+03
4.148000000000000000e+03
4.228000000000000000e+03
4.263000000000000000e+03
4.371000000000000000e+03
4.335000000000000000e+03
4.313000000000000000e+03
4.344000000000000000e+03
4.327000000000000000e+03
4.431000000000000000e+03
4.455000000000000000e+03
4.422000000000000000e+03
4.297000000000000000e+03
4.427000000000000000e+03
4.398000000000000000e+03
4.386000000000000000e+03
4.421000000000000000e+03
4.431000000000000000e+03
4.426000000000000000e+03
4.524000000000000000e+03
4.485000000000000000e+03
4.427000000000000000e+03
4.503000000000000000e+03
4.469000000000000000e+03
4.593000000000000000e+03
4.507000000000000000e+03
4.446000000000000000e+03
4.490000000000000000e+03
4.539000000000000000e+03
4.510000000000000000e+03
4.506000000000000000e+03
4.533000000000000000e+03
4.613000000000000000e+03
4.590000000000000000e+03
4.537000000000000000e+03
4.561000000000000000e+03
4.559000000000000000e+03
4.583000000000000000e+03
4.533000000000000000e+03
4.642000000000000000e+03
4.574000000000000000e+03
4.575000000000000000e+03
4.642000000000000000e+03
4.699000000000000000e+03
4.608000000000000000e+03
4.624000000000000000e+03
4.683000000000000000e+03
4.720000000000000000e+03
4.726000000000000000e+03
4.689000000000000000e+03
4.732000000000000000e+03
4.691000000000000000e+03
4.688000000000000000e+03
4.672000000000000000e+03
4.654000000000000000e+03
4.669000000000000000e+03
4.706000000000000000e+03
4.668000000000000000e+03
4.752000000000000000e+03
4.664000000000000000e+03
4.682000000000000000e+03
4.732000000000000000e+03
4.732000000000000000e+03
4.740000000000000000e+03
4.709000000000000000e+03
4.761000000000000000e+03
4.804000000000000000e+03
4.712000000000000000e+03
4.789000000000000000e+03
4.739000000000000000e+03
4.723000000000000000e+03
4.813000000000000000e+03
4.800000000000000000e+03
4.702000000000000000e+03
4.735000000000000000e+03
4.775000000000000000e+03
4.758000000000000000e+03
4.740000000000000000e+03
4.660000000000000000e+03
4.739000000000000000e+03
4.722000000000000000e+03
4.689000000000000000e+03
4.804000000000000000e+03
4.693000000000000000e+03
4.678000000000000000e+03
4.709000000000000000e+03
4.786000000000000000e+03
4.749000000000000000e+03
4.662000000000000000e+03
4.752000000000000000e+03
4.719000000000000000e+03
4.741000000000000000e+03
4.799000000000000000e+03
4.765000000000000000e+03
4.781000000000000000e+03
4.763000000000000000e+03
4.787000000000000000e+03
4.794000000000000000e+03
4.866000000000000000e+03
4.735000000000000000e+03
4.818000000000000000e+03
4.859000000000000000e+03
4.772000000000000000e+03
4.825000000000000000e+03
4.763000000000000000e+03
4.845000000000000000e+03
4.771000000000000000e+03
4.792000000000000000e+03
4.783000000000000000e+03
4.838000000000000000e+03
4.786000000000000000e+03
4.850000000000000000e+03
4.884000000000000000e+03
4.983000000000000000e+03
4.865000000000000000e+03
4.800000000000000000e+03
4.873000000000000000e+03
4.837000000000000000e+03
4.854000000000000000e+03
4.899000000000000000e+03
4.945000000000000000e+03
4.886000000000000000e+03
4.954000000000000000e+03
4.832000000000000000e+03
4.974000000000000000e+03
4.955000000000000000e+03
4.996000000000000000e+03
4.905000000000000000e+03
4.941000000000000000e+03
4.936000000000000000e+03
4.839000000000000000e+03
4.969000000000000000e+03
4.931000000000000000e+03
4.879000000000000000e+03
4.924000000000000000e+03
4.994000000000000000e+03
5.018000000000000000e+03
5.003000000000000000e+03
5.010000000000000000e+03
4.952000000000000000e+03
4.976000000000000000e+03
4.928000000000000000e+03
4.922000000000000000e+03
4.973000000000000000e+03
5.044000000000000000e+03
5.108000000000000000e+03
4.924000000000000000e+03
4.977000000000000000e+03
4.963000000000000000e+03
4.933000000000000000e+03
5.021000000000000000e+03
5.044000000000000000e+03
5.007000000000000000e+03
5.067000000000000000e+03
5.023000000000000000e+03
5.095000000000000000e+03
5.029000000000000000e+03
5.015000000000000000e+03
5.015000000000000000e+03
5.070000000000000000e+03
4.974000000000000000e+03
5.038000000000000000e+03
5.042000000000000000e+03
5.171000000000000000e+03
5.057000000000000000e+03
5.117000000000000000e+03
5.056000000000000000e+03
5.120000000000000000e+03
5.107000000000000000e+03
5.127000000000000000e+03
5.159000000000000000e+03
5.192000000000000000e+03
5.145000000000000000e+03
5.171000000000000000e+03
5.122000000000000000e+03
5.175000000000000000e+03
5.148000000000000000e+03
5.110000000000000000e+03
5.227000000000000000e+03
5.116000000000000000e+03
5.094000000000000000e+03
5.229000000000000000e+03
5.032000000000000000e+03
5.106000000000000000e+03
5.164000000000000000e+03
5.181000000000000000e+03
5.099000000000000000e+03
5.197000000000000000e+03
5.149000000000000000e+03
5.157000000000000000e+03
5.095000000000000000e+03
5.134000000000000000e+03
5.182000000000000000e+03
5.143000000000000000e+03
5.170000000000000000e+03
5.238000000000000000e+03
5.124000000000000000e+03
5.112000000000000000e+03
5.094000000000000000e+03
5.181000000000000000e+03
5.136000000000000000e+03
5.141000000000000000e+03
5.176000000000000000e+03
5.088000000000000000e+03
5.282000000000000000e+03
5.149000000000000000e+03
5.198000000000000000e+03
5.125000000000000000e+03
5.092000000000000000e+03
5.121000000000000000e+03
5.123000000000000000e+03
5.164000000000000000e+03
5.163000000000000000e+03
5.049000000000000000e+03
5.110000000000000000e+03
5.151000000000000000e+03
5.104000000000000000e+03
5.107000000000000000e+03
5.111000000000000000e+03
5.077000000000000000e+03
5.066000000000000000e+03
5.144000000000000000e+03
5.018000000000000000e+03
5.075000000000000000e+03
5.114000000000000000e+03
5.137000000000000000e+03
5.053000000000000000e+03
5.017000000000000000e+03
5.026000000000000000e+03
5.036000000000000000e+03
5.115000000000000000e+03
5.143000000000000000e+03
5.034000000000000000e+03
4.976000000000000000e+03
5.021000000000000000e+03
5.022000000000000000e+03
5.067000000000000000e+03
5.053000000000000000e+03
4.988000000000000000e+03
5.118000000000000000e+03
5.013000000000000000e+03
4.979000000000000000e+03
5.042000000000000000e+03
5.009000000000000000e+03
4.925000000000000000e+03
4.999000000000000000e+03
4.906000000000000000e+03
4.920000000000000000e+03
4.927000000000000000e+03
4.963000000000000000e+03
4.902000000000000000e+03
4.933000000000000000e+03
4.873000000000000000e+03
4.855000000000000000e+03
4.954000000000000000e+03
4.917000000000000000e+03
4.871000000000000000e+03
4.847000000000000000e+03
4.850000000000000000e+03
4.837000000000000000e+03
4.878000000000000000e+03
4.910000000000000000e+03
4.855000000000000000e+03
4.813000000000000000e+03
4.807000000000000000e+03
4.809000000000000000e+03
4.781000000000000000e+03
4.826000000000000000e+03
4.751000000000000000e+03
4.751000000000000000e+03
4.758000000000000000e+03
4.734000000000000000e+03
4.704000000000000000e+03
4.698000000000000000e+03
4.718000000000000000e+03
4.709000000000000000e+03
4.676000000000000000e+03
4.600000000000000000e+03
4.753000000000000000e+03
4.689000000000000000e+03
4.606000000000000000e+03
4.565000000000000000e+03
4.669000000000000000e+03
4.683000000000000000e+03
4.575000000000000000e+03
4.652000000000000000e+03
4.634000000000000000e+03
4.559000000000000000e+03
4.562000000000000000e+03
4.566000000000000000e+03
4.557000000000000000e+03
4.668000000000000000e+03
4.583000000000000000e+03
4.601000000000000000e+03
4.708000000000000000e+03
4.566000000000000000e+03
4.528000000000000000e+03
4.575000000000000000e+03
4.555000000000000000e+03
4.513000000000000000e+03
4.497000000000000000e+03
4.500000000000000000e+03
4.426000000000000000e+03
4.499000000000000000e+03
4.434000000000000000e+03
4.495000000000000000e+03
4.397000000000000000e+03
4.464000000000000000e+03
4.411000000000000000e+03
4.417000000000000000e+03
4.523000000000000000e+03
4.374000000000000000e+03
4.429000000000000000e+03
4.410000000000000000e+03
4.447000000000000000e+03
4.415000000000000000e+03
4.321000000000000000e+03
4.399000000000000000e+03
4.381000000000000000e+03
4.402000000000000000e+03
4.362000000000000000e+03
4.386000000000000000e+03
4.422000000000000000e+03
4.374000000000000000e+03
4.340000000000000000e+03
4.360000000000000000e+03
4.365000000000000000e+03
4.361000000000000000e+03
4.380000000000000000e+03
4.396000000000000000e+03
4.281000000000000000e+03
4.322000000000000000e+03
4.355000000000000000e+03
4.281000000000000000e+03
4.344000000000000000e+03
4.271000000000000000e+03
4.304000000000000000e+03
4.342000000000000000e+03
4.214000000000000000e+03
4.292000000000000000e+03
4.350000000000000000e+03
4.300000000000000000e+03
4.312000000000000000e+03
4.300000000000000000e+03
4.325000000000000000e+03
4.261000000000000000e+03
4.261000000000000000e+03
4.196000000000000000e+03
4.192000000000000000e+03
4.266000000000000000e+03
4.247000000000000000e+03
4.250000000000000000e+03
4.192000000000000000e+03
4.240000000000000000e+03
4.165000000000000000e+03
4.178000000000000000e+03
4.157000000000000000e+03
4.137000000000000000e+03
4.100000000000000000e+03
4.190000000000000000e+03
4.153000000000000000e+03
4.099000000000000000e+03
4.055000000000000000e+03
4.128000000000000000e+03
4.100000000000000000e+03
4.106000000000000000e+03
4.159000000000000000e+03
4.159000000000000000e+03
4.113000000000000000e+03
4.117000000000000000e+03
4.121000000000000000e+03
4.119000000000000000e+03
4.082000000000000000e+03
4.030000000000000000e+03
4.050000000000000000e+03
4.022000000000000000e+03
4.031000000000000000e+03
4.085000000000000000e+03
3.989000000000000000e+03
3.981000000000000000e+03
3.968000000000000000e+03
3.963000000000000000e+03
3.983000000000000000e+03
4.007000000000000000e+03
3.978000000000000000e+03
3.993000000000000000e+03
3.967000000000000000e+03
3.950000000000000000e+03
3.918000000000000000e+03
3.932000000000000000e+03
3.951000000000000000e+03
3.914000000000000000e+03
3.916000000000000000e+03
3.873000000000000000e+03
3.908000000000000000e+03
3.890000000000000000e+03
3.933000000000000000e+03
3.945000000000000000e+03
3.859000000000000000e+03
3.868000000000000000e+03
3.888000000000000000e+03
3.855000000000000000e+03
3.850000000000000000e+03
3.842000000000000000e+03
3.829000000000000000e+03
3.773000000000000000e+03
3.746000000000000000e+03
3.833000000000000000e+03
3.833000000000000000e+03
3.815000000000000000e+03
3.763000000000000000e+03
3.781000000000000000e+03
3.778000000000000000e+03
3.770000000000000000e+03
3.774000000000000000e+03
3.766000000000000000e+03
3.735000000000000000e+03
3.729000000000000000e+03
3.692000000000000000e+03
3.668000000000000000e+03
3.620000000000000000e+03
3.678000000000000000e+03
3.650000000000000000e+03
3.672000000000000000e+03
3.625000000000000000e+03
3.589000000000000000e+03
3.588000000000000000e+03
3.588000000000000000e+03
3.576000000000000000e+03
3.598000000000000000e+03
3.634000000000000000e+03
3.593000000000000000e+03
3.560000000000000000e+03
3.524000000000000000e+03
3.521000000000000000e+03
3.464000000000000000e+03
3.554000000000000000e+03
3.508000000000000000e+03
3.445000000000000000e+03
3.467000000000000000e+03
3.457000000000000000e+03
3.473000000000000000e+03
3.457000000000000000e+03
3.402000000000000000e+03
3.418000000000000000e+03
3.382000000000000000e+03
3.435000000000000000e+03
3.347000000000000000e+03
3.429000000000000000e+03
3.353000000000000000e+03
3.405000000000000000e+03
3.394000000000000000e+03
3.266000000000000000e+03
3.286000000000000000e+03
3.315000000000000000e+03
3.283000000000000000e+03
3.272000000000000000e+03
3.160000000000000000e+03
3.232000000000000000e+03
3.262000000000000000e+03
3.211000000000000000e+03
3.213000000000000000e+03
3.201000000000000000e+03
3.213000000000000000e+03
3.177000000000000000e+03
3.187000000000000000e+03
3.151000000000000000e+03
3.235000000000000000e+03
3.138000000000000000e+03
3.166000000000000000e+03
3.094000000000000000e+03
3.090000000000000000e+03
3.058000000000000000e+03
3.088000000000000000e+03
3.104000000000000000e+03
3.036000000000000000e+03
3.093000000000000000e+03
3.037000000000000000e+03
3.025000000000000000e+03
3.049000000000000000e+03
3.013000000000000000e+03
3.014000000000000000e+03
2.978000000000000000e+03
2.974000000000000000e+03
2.931000000000000000e+03
3.018000000000000000e+03
2.908000000000000000e+03
2.925000000000000000e+03
2.960000000000000000e+03
2.914000000000000000e+03
2.933000000000000000e+03
2.940000000000000000e+03
2.862000000000000000e+03
2.868000000000000000e+03
2.949000000000000000e+03
2.891000000000000000e+03
2.841000000000000000e+03
2.848000000000000000e+03
2.884000000000000000e+03
2.786000000000000000e+03
2.867000000000000000e+03
2.858000000000000000e+03
2.808000000000000000e+03
2.765000000000000000e+03
2.756000000000000000e+03
2.790000000000000000e+03
2.784000000000000000e+03
2.729000000000000000e+03
2.775000000000000000e+03
2.768000000000000000e+03
2.788000000000000000e+03
2.776000000000000000e+03
2.726000000000000000e+03
2.699000000000000000e+03
