1.723000000000000000e+03
1.681000000000000000e+03
1.756000000000000000e+03
1.697000000000000000e+03
1.760000000000000000e+03
1.763000000000000000e+03
1.714000000000000000e+03
1.805000000000000000e+03
1.762000000000000000e+03
1.772000000000000000e+03
1.811000000000000000e+03
1.805000000000000000e+03
1.799000000000000000e+03
1.805000000000000000e+03
1.848000000000000000e+03
1.799000000000000000e+03
1.851000000000000000e+03
1.802000000000000000e+03
1.850000000000000000e+03
1.873000000000000000e+03
1.854000000000000000e+03
1.823000000000000000e+03
1.884000000000000000e+03
1.837000000000000000e+03
1.874000000000000000e+03
1.932000000000000000e+03
1.899000000000000000e+03
1.925000000000000000e+03
1.886000000000000000e+03
1.868000000000000000e+03
1.897000000000000000e+03
1.839000000000000000e+03
1.954000000000000000e+03
1.940000000000000000e+03
1.984000000000000000e+03
1.918000000000000000e+03
1.986000000000000000e+03
1.880000000000000000e+03
1.920000000000000000e+03
1.965000000000000000e+03
1.980000000000000000e+03
1.968000000000000000e+03
1.920000000000000000e+03
2.009000000000000000e+03
1.958000000000000000e+03
1.997000000000000000e+03
1.997000000000000000e+03
1.993000000000000000e+03
2.019000000000000000e+03
2.032000000000000000e+03
1.982000000000000000e+03
2.023000000000000000e+03
1.966000000000000000e+03
2.055000000000000000e+03
2.020000000000000000e+03
2.016000000000000000e+03
2.023000000000000000e+03
2.077000000000000000e+03
2.035000000000000000e+03
2.012000000000000000e+03
2.008000000000000000e+03
2.102000000000000000e+03
2.051000000000000000e+03
2.063000000000000000e+03
2.060000000000000000e+03
2.108000000000000000e+03
2.048000000000000000e+03
2.055000000000000000e+03
2.070000000000000000e+03
2.081000000000000000e+03
2.149000000000000000e+03
2.120000000000000000e+03
2.075000000000000000e+03
2.121000000000000000e+03
2.107000000000000000e+03
2.130000000000000000e+03
2.181000000000000000e+03
2.158000000000000000e+03
2.158000000000000000e+03
2.150000000000000000e+03
2.181000000000000000e+03
2.198000000000000000e+03
2.168000000000000000e+03
2.181000000000000000e+03
2.245000000000000000e+03
2.151000000000000000e+03
2.192000000000000000e+03
2.193000000000000000e+03
2.207000000000000000e+03
2.259000000000000000e+03
2.230000000000000000e+03
2.352000000000000000e+03
2.239000000000000000e+03
2.271000000000000000e+03
2.282000000000000000e+03
2.277000000000000000e+03
2.240000000000000000e+03
2.190000000000000000e+03
2.235000000000000000e+03
2.276000000000000000e+03
2.263000000000000000e+03
2.285000000000000000e+03
2.281000000000000000e+03
2.326000000000000000e+03
2.256000000000000000e+03
2.331000000000000000e+03
2.351000000000000000e+03
2.307000000000000000e+03
2.381000000000000000e+03
2.417000000000000000e+03
2.371000000000000000e+03
2.418000000000000000e+03
2.403000000000000000e+03
2.411000000000000000e+03
2.414000000000000000e+03
2.474000000000000000e+03
2.464000000000000000e+03
2.438000000000000000e+03
2.550000000000000000e+03
2.469000000000000000e+03
2.508000000000000000e+03
2.485000000000000000e+03
2.464000000000000000e+03
2.536000000000000000e+03
2.614000000000000000e+03
2.592000000000000000e+03
2.550000000000000000e+03
2.564000000000000000e+03
2.661000000000000000e+03
2.569000000000000000e+03
2.544000000000000000e+03
2.589000000000000000e+03
2.613000000000000000e+03
2.702000000000000000e+03
2.679000000000000000e+03
2.721000000000000000e+03
2.727000000000000000e+03
2.723000000000000000e+03
2.737000000000000000e+03
2.734000000000000000e+03
2.782000000000000000e+03
2.698000000000000000e+03
2.799000000000000000e+03
2.783000000000000000e+03
2.792000000000000000e+03
2.824000000000000000e+03
2.785000000000000000e+03
2.803000000000000000e+03
2.835000000000000000e+03
2.860000000000000000e+03
2.888000000000000000e+03
2.926000000000000000e+03
2.879000000000000000e+03
2.850000000000000000e+03
2.880000000000000000e+03
2.888000000000000000e+03
2.928000000000000000e+03
2.866000000000000000e+03
2.933000000000000000e+03
2.932000000000000000e+03
2.948000000000000000e+03
2.969000000000000000e+03
2.968000000000000000e+03
2.950000000000000000e+03
2.968000000000000000e+03
3.041000000000000000e+03
3.027000000000000000e+03
3.116000000000000000e+03
3.057000000000000000e+03
3.052000000000000000e+03
3.067000000000000000e+03
3.075000000000000000e+03
3.132000000000000000e+03
3.111000000000000000e+03
3.068000000000000000e+03
3.091000000000000000e+03
3.106000000000000000e+03
3.168000000000000000e+03
3.190000000000000000e+03
3.109000000000000000e+03
3.187000000000000000e+03
3.225000000000000000e+03
3.244000000000000000e+03
3.453000000000000000e+03
3.694000000000000000e+03
3.447000000000000000e+03
3.211000000000000000e+03
3.261000000000000000e+03
3.190000000000000000e+03
3.372000000000000000e+03
3.275000000000000000e+03
3.278000000000000000e+03
3.271000000000000000e+03
3.241000000000000000e+03
3.205000000000000000e+03
3.295000000000000000e+03
3.321000000000000000e+03
3.278000000000000000e+03
3.319000000000000000e+03
3.378000000000000000e+03
3.374000000000000000e+03
3.406000000000000000e+03
3.361000000000000000e+03
3.395000000000000000e+03
3.364000000000000000e+03
3.441000000000000000e+03
3.457000000000000000e+03
3.435000000000000000e+03
3.411000000000000000e+03
3.504000000000000000e+03
3.447000000000000000e+03
3.519000000000000000e+03
3.518000000000000000e+03
3.550000000000000000e+03
3.560000000000000000e+03
3.606000000000000000e+03
3.575000000000000000e+03
3.556000000000000000e+03
3.644000000000000000e+03
3.569000000000000000e+03
3.644000000000000000e+03
3.650000000000000000e+03
3.696000000000000000e+03
3.708000000000000000e+03
3.779000000000000000e+03
3.717000000000000000e+03
3.693000000000000000e+03
3.845000000000000000e+03
3.761000000000000000e+03
3.854000000000000000e+03
3.843000000000000000e+03
3.823000000000000000e+03
3.806000000000000000e+03
3.875000000000000000e+03
3.876000000000000000e+03
3.930000000000000000e+03
3.831000000000000000e+03
3.969000000000000000e+03
3.971000000000000000e+03
3.940000000000000000e+03
4.032000000000000000e+03
4.043000000000000000e+03
3.975000000000000000e+03
3.983000000000000000e+03
4.013000000000000000e+03
4.016000000000000000e+03
4.054000000000000000e+03
4.010000000000000000e+03
4.115000000000000000e+03
4.074000000000000000e+03
4.172000000000000000e+03
4.193000000000000000e+03
4.240000000000000000e+03
4.182000000000000000e+03
4.220000000000000000e+03
4.252000000000000000e+03
4.254000000000000000e+03
4.353000000000000000e+03
4.224000000000000000e+03
4.225000000000000000e+03
4.412000000000000000e+03
4.364000000000000000e+03
4.347000000000000000e+03
4.312000000000000000e+03
4.323000000000000000e+03
4.296000000000000000e+03
4.348000000000000000e+03
4.291000000000000000e+03
4.380000000000000000e+03
4.442000000000000000e+03
4.388000000000000000e+03
4.329000000000000000e+03
4.379000000000000000e+03
4.372000000000000000e+03
4.440000000000000000e+03
4.464000000000000000e+03
4.382000000000000000e+03
4.527000000000000000e+03
4.445000000000000000e+03
4.413000000000000000e+03
4.388000000000000000e+03
4.448000000000000000e+03
4.423000000000000000e+03
4.511000000000000000e+03
4.438000000000000000e+03
4.516000000000000000e+03
4.424000000000000000e+03
4.474000000000000000e+03
4.475000000000000000e+03
4.496000000000000000e+03
4.585000000000000000e+03
4.556000000000000000e+03
4.584000000000000000e+03
4.462000000000000000e+03
4.505000000000000000e+03
4.563000000000000000e+03
4.580000000000000000e+03
4.533000000000000000e+03
4.524000000000000000e+03
4.519000000000000000e+03
4.606000000000000000e+03
4.517000000000000000e+03
4.559000000000000000e+03
4.628000000000000000e+03
4.615000000000000000e+03
4.516000000000000000e+03
4.591000000000000000e+03
4.707000000000000000e+03
4.560000000000000000e+03
4.678000000000000000e+03
4.580000000000000000e+03
4.623000000000000000e+03
4.591000000000000000e+03
4.692000000000000000e+03
4.592000000000000000e+03
4.721000000000000000e+03
4.635000000000000000e+03
4.627000000000000000e+03
4.716000000000000000e+03
4.705000000000000000e+03
4.619000000000000000e+03
4.619000000000000000e+03
4.595000000000000000e+03
4.680000000000000000e+03
4.591000000000000000e+03
4.690000000000000000e+03
4.614000000000000000e+03
4.679000000000000000e+03
4.781000000000000000e+03
4.630000000000000000e+03
4.580000000000000000e+03
4.673000000000000000e+03
4.646000000000000000e+03
4.707000000000000000e+03
4.624000000000000000e+03
4.605000000000000000e+03
4.611000000000000000e+03
4.676000000000000000e+03
4.726000000000000000e+03
4.708000000000000000e+03
4.630000000000000000e+03
4.706000000000000000e+03
4.696000000000000000e+03
4.753000000000000000e+03
4.628000000000000000e+03
4.652000000000000000e+03
4.729000000000000000e+03
4.700000000000000000e+03
4.715000000000000000e+03
4.725000000000000000e+03
4.713000000000000000e+03
4.674000000000000000e+03
4.725000000000000000e+03
4.739000000000000000e+03
4.703000000000000000e+03
4.706000000000000000e+03
4.805000000000000000e+03
4.734000000000000000e+03
4.726000000000000000e+03
4.782000000000000000e+03
4.728000000000000000e+03
4.734000000000000000e+03
4.773000000000000000e+03
4.753000000000000000e+03
4.781000000000000000e+03
4.772000000000000000e+03
4.744000000000000000e+03
4.818000000000000000e+03
4.738000000000000000e+03
4.827000000000000000e+03
4.853000000000000000e+03
4.820000000000000000e+03
4.808000000000000000e+03
4.781000000000000000e+03
4.838000000000000000e+03
4.810000000000000000e+03
4.784000000000000000e+03
4.808000000000000000e+03
4.754000000000000000e+03
4.808000000000000000e+03
4.865000000000000000e+03
4.988000000000000000e+03
4.905000000000000000e+03
4.872000000000000000e+03
4.837000000000000000e+03
4.914000000000000000e+03
4.921000000000000000e+03
4.895000000000000000e+03
4.900000000000000000e+03
4.899000000000000000e+03
4.932000000000000000e+03
4.943000000000000000e+03
4.890000000000000000e+03
4.877000000000000000e+03
4.895000000000000000e+03
4.944000000000000000e+03
4.894000000000000000e+03
4.960000000000000000e+03
4.914000000000000000e+03
4.883000000000000000e+03
4.897000000000000000e+03
4.973000000000000000e+03
4.872000000000000000e+03
4.976000000000000000e+03
4.926000000000000000e+03
4.886000000000000000e+03
4.939000000000000000e+03
4.932000000000000000e+03
4.977000000000000000e+03
4.881000000000000000e+03
5.033000000000000000e+03
4.923000000000000000e+03
4.885000000000000000e+03
5.054000000000000000e+03
4.951000000000000000e+03
5.054000000000000000e+03
5.074000000000000000e+03
5.070000000000000000e+03
4.924000000000000000e+03
4.986000000000000000e+03
5.029000000000000000e+03
4.997000000000000000e+03
5.077000000000000000e+03
5.064000000000000000e+03
5.025000000000000000e+03
4.955000000000000000e+03
5.014000000000000000e+03
5.038000000000000000e+03
5.068000000000000000e+03
5.111000000000000000e+03
5.123000000000000000e+03
5.160000000000000000e+03
5.112000000000000000e+03
5.037000000000000000e+03
5.122000000000000000e+03
5.062000000000000000e+03
5.109000000000000000e+03
5.036000000000000000e+03
5.159000000000000000e+03
5.101000000000000000e+03
5.005000000000000000e+03
5.218000000000000000e+03
4.984000000000000000e+03
5.126000000000000000e+03
5.087000000000000000e+03
5.162000000000000000e+03
5.116000000000000000e+03
5.157000000000000000e+03
5.121000000000000000e+03
5.054000000000000000e+03
4.977000000000000000e+03
5.040000000000000000e+03
5.079000000000000000e+03
5.034000000000000000e+03
5.116000000000000000e+03
4.979000000000000000e+03
5.041000000000000000e+03
5.107000000000000000e+03
5.037000000000000000e+03
5.016000000000000000e+03
5.030000000000000000e+03
5.063000000000000000e+03
5.031000000000000000e+03
4.982000000000000000e+03
5.029000000000000000e+03
5.041000000000000000e+03
5.023000000000000000e+03
5.042000000000000000e+03
4.996000000000000000e+03
4.975000000000000000e+03
4.963000000000000000e+03
5.119000000000000000e+03
5.005000000000000000e+03
5.005000000000000000e+03
5.030000000000000000e+03
5.067000000000000000e+03
4.914000000000000000e+03
5.002000000000000000e+03
4.966000000000000000e+03
5.001000000000000000e+03
5.010000000000000000e+03
4.908000000000000000e+03
4.981000000000000000e+03
4.888000000000000000e+03
4.939000000000000000e+03
4.968000000000000000e+03
4.924000000000000000e+03
4.999000000000000000e+03
4.853000000000000000e+03
4.830000000000000000e+03
4.861000000000000000e+03
4.853000000000000000e+03
4.883000000000000000e+03
4.866000000000000000e+03
5.029000000000000000e+03
4.883000000000000000e+03
4.858000000000000000e+03
4.819000000000000000e+03
4.925000000000000000e+03
4.875000000000000000e+03
4.847000000000000000e+03
4.780000000000000000e+03
4.722000000000000000e+03
4.762000000000000000e+03
4.786000000000000000e+03
4.747000000000000000e+03
4.809000000000000000e+03
4.764000000000000000e+03
4.824000000000000000e+03
4.741000000000000000e+03
4.707000000000000000e+03
4.739000000000000000e+03
4.725000000000000000e+03
4.733000000000000000e+03
4.702000000000000000e+03
4.647000000000000000e+03
4.667000000000000000e+03
4.674000000000000000e+03
4.670000000000000000e+03
4.629000000000000000e+03
4.686000000000000000e+03
4.607000000000000000e+03
4.625000000000000000e+03
4.612000000000000000e+03
4.619000000000000000e+03
4.613000000000000000e+03
4.603000000000000000e+03
4.570000000000000000e+03
4.552000000000000000e+03
4.610000000000000000e+03
4.570000000000000000e+03
4.534000000000000000e+03
4.513000000000000000e+03
4.565000000000000000e+03
4.476000000000000000e+03
4.553000000000000000e+03
4.545000000000000000e+03
4.474000000000000000e+03
4.523000000000000000e+03
4.564000000000000000e+03
4.558000000000000000e+03
4.455000000000000000e+03
4.513000000000000000e+03
4.435000000000000000e+03
4.433000000000000000e+03
4.464000000000000000e+03
4.427000000000000000e+03
4.435000000000000000e+03
4.475000000000000000e+03
4.423000000000000000e+03
4.421000000000000000e+03
4.475000000000000000e+03
4.410000000000000000e+03
4.466000000000000000e+03
4.494000000000000000e+03
4.471000000000000000e+03
4.399000000000000000e+03
4.396000000000000000e+03
4.385000000000000000e+03
4.416000000000000000e+03
4.350000000000000000e+03
4.699000000000000000e+03
4.337000000000000000e+03
4.298000000000000000e+03
4.304000000000000000e+03
4.272000000000000000e+03
4.262000000000000000e+03
4.286000000000000000e+03
4.376000000000000000e+03
4.292000000000000000e+03
4.257000000000000000e+03
4.384000000000000000e+03
4.336000000000000000e+03
4.305000000000000000e+03
4.296000000000000000e+03
4.310000000000000000e+03
4.313000000000000000e+03
4.261000000000000000e+03
4.303000000000000000e+03
4.272000000000000000e+03
4.145000000000000000e+03
4.287000000000000000e+03
4.363000000000000000e+03
4.243000000000000000e+03
4.380000000000000000e+03
4.274000000000000000e+03
4.219000000000000000e+03
4.238000000000000000e+03
4.187000000000000000e+03
4.192000000000000000e+03
4.189000000000000000e+03
4.210000000000000000e+03
4.197000000000000000e+03
4.198000000000000000e+03
4.109000000000000000e+03
4.159000000000000000e+03
4.109000000000000000e+03
4.174000000000000000e+03
4.181000000000000000e+03
4.102000000000000000e+03
4.199000000000000000e+03
4.115000000000000000e+03
4.032000000000000000e+03
4.083000000000000000e+03
4.164000000000000000e+03
4.110000000000000000e+03
4.059000000000000000e+03
4.056000000000000000e+03
4.094000000000000000e+03
4.056000000000000000e+03
4.025000000000000000e+03
4.022000000000000000e+03
4.041000000000000000e+03
3.997000000000000000e+03
4.065000000000000000e+03
4.019000000000000000e+03
4.032000000000000000e+03
4.007000000000000000e+03
4.046000000000000000e+03
3.966000000000000000e+03
4.043000000000000000e+03
4.040000000000000000e+03
3.979000000000000000e+03
3.909000000000000000e+03
3.937000000000000000e+03
3.995000000000000000e+03
3.993000000000000000e+03
3.966000000000000000e+03
4.011000000000000000e+03
3.958000000000000000e+03
3.939000000000000000e+03
3.923000000000000000e+03
3.985000000000000000e+03
3.922000000000000000e+03
3.888000000000000000e+03
3.959000000000000000e+03
3.895000000000000000e+03
3.858000000000000000e+03
3.881000000000000000e+03
3.825000000000000000e+03
3.926000000000000000e+03
3.922000000000000000e+03
3.881000000000000000e+03
3.875000000000000000e+03
3.791000000000000000e+03
3.773000000000000000e+03
3.824000000000000000e+03
3.855000000000000000e+03
3.775000000000000000e+03
3.842000000000000000e+03
3.775000000000000000e+03
3.769000000000000000e+03
3.783000000000000000e+03
3.799000000000000000e+03
3.792000000000000000e+03
3.691000000000000000e+03
3.699000000000000000e+03
3.706000000000000000e+03
3.710000000000000000e+03
3.772000000000000000e+03
3.826000000000000000e+03
3.654000000000000000e+03
3.721000000000000000e+03
3.660000000000000000e+03
3.680000000000000000e+03
3.640000000000000000e+03
3.677000000000000000e+03
3.706000000000000000e+03
3.640000000000000000e+03
3.625000000000000000e+03
3.604000000000000000e+03
3.627000000000000000e+03
3.621000000000000000e+03
3.588000000000000000e+03
3.570000000000000000e+03
3.489000000000000000e+03
3.558000000000000000e+03
3.506000000000000000e+03
3.581000000000000000e+03
3.529000000000000000e+03
3.510000000000000000e+03
3.413000000000000000e+03
3.612000000000000000e+03
3.507000000000000000e+03
3.470000000000000000e+03
3.361000000000000000e+03
3.430000000000000000e+03
3.448000000000000000e+03
3.390000000000000000e+03
3.493000000000000000e+03
3.375000000000000000e+03
3.392000000000000000e+03
3.360000000000000000e+03
3.452000000000000000e+03
3.362000000000000000e+03
3.327000000000000000e+03
3.316000000000000000e+03
3.308000000000000000e+03
3.384000000000000000e+03
3.249000000000000000e+03
3.302000000000000000e+03
3.261000000000000000e+03
3.252000000000000000e+03
3.284000000000000000e+03
3.267000000000000000e+03
3.217000000000000000e+03
3.230000000000000000e+03
3.208000000000000000e+03
3.201000000000000000e+03
3.203000000000000000e+03
3.238000000000000000e+03
3.188000000000000000e+03
3.168000000000000000e+03
3.119000000000000000e+03
3.182000000000000000e+03
3.148000000000000000e+03
3.116000000000000000e+03
3.029000000000000000e+03
3.035000000000000000e+03
3.181000000000000000e+03
3.101000000000000000e+03
3.008000000000000000e+03
3.074000000000000000e+03
3.046000000000000000e+03
3.002000000000000000e+03
3.011000000000000000e+03
2.996000000000000000e+03
3.025000000000000000e+03
3.000000000000000000e+03
3.128000000000000000e+03
2.955000000000000000e+03
2.949000000000000000e+03
2.907000000000000000e+03
2.901000000000000000e+03
2.881000000000000000e+03
2.894000000000000000e+03
2.982000000000000000e+03
2.890000000000000000e+03
2.890000000000000000e+03
2.871000000000000000e+03
2.877000000000000000e+03
2.805000000000000000e+03
2.797000000000000000e+03
2.829000000000000000e+03
2.799000000000000000e+03
2.811000000000000000e+03
2.782000000000000000e+03
2.810000000000000000e+03
2.838000000000000000e+03
2.779000000000000000e+03
2.766000000000000000e+03
2.713000000000000000e+03
2.809000000000000000e+03
2.813000000000000000e+03
2.766000000000000000e+03
2.745000000000000000e+03
2.683000000000000000e+03
2.742000000000000000e+03
2.771000000000000000e+03
2.745000000000000000e+03
2.699000000000000000e+03
2.690000000000000000e+03
2.720000000000000000e+03
2.690000000000000000e+03
2.638000000000000000e+03
