1.465000000000000000e+03
1.523000000000000000e+03
1.500000000000000000e+03
1.478000000000000000e+03
1.508000000000000000e+03
1.494000000000000000e+03
1.511000000000000000e+03
1.505000000000000000e+03
1.540000000000000000e+03
1.528000000000000000e+03
1.553000000000000000e+03
1.531000000000000000e+03
1.559000000000000000e+03
1.532000000000000000e+03
1.524000000000000000e+03
1.551000000000000000e+03
1.586000000000000000e+03
1.534000000000000000e+03
1.600000000000000000e+03
1.565000000000000000e+03
1.559000000000000000e+03
1.544000000000000000e+03
1.560000000000000000e+03
1.653000000000000000e+03
1.575000000000000000e+03
1.594000000000000000e+03
1.565000000000000000e+03
1.600000000000000000e+03
1.635000000000000000e+03
1.638000000000000000e+03
1.625000000000000000e+03
1.631000000000000000e+03
1.616000000000000000e+03
1.666000000000000000e+03
1.656000000000000000e+03
1.642000000000000000e+03
1.682000000000000000e+03
1.684000000000000000e+03
1.673000000000000000e+03
1.625000000000000000e+03
1.644000000000000000e+03
1.664000000000000000e+03
1.668000000000000000e+03
1.647000000000000000e+03
1.730000000000000000e+03
1.668000000000000000e+03
1.688000000000000000e+03
1.753000000000000000e+03
1.694000000000000000e+03
1.684000000000000000e+03
1.732000000000000000e+03
1.768000000000000000e+03
1.795000000000000000e+03
1.708000000000000000e+03
1.741000000000000000e+03
1.701000000000000000e+03
1.752000000000000000e+03
1.726000000000000000e+03
1.740000000000000000e+03
1.859000000000000000e+03
1.763000000000000000e+03
1.789000000000000000e+03
1.824000000000000000e+03
1.801000000000000000e+03
1.735000000000000000e+03
1.739000000000000000e+03
1.762000000000000000e+03
1.788000000000000000e+03
1.779000000000000000e+03
1.803000000000000000e+03
1.827000000000000000e+03
1.784000000000000000e+03
1.821000000000000000e+03
1.774000000000000000e+03
1.811000000000000000e+03
1.798000000000000000e+03
1.829000000000000000e+03
1.771000000000000000e+03
1.837000000000000000e+03
1.839000000000000000e+03
1.845000000000000000e+03
1.858000000000000000e+03
1.846000000000000000e+03
1.874000000000000000e+03
1.818000000000000000e+03
1.882000000000000000e+03
1.868000000000000000e+03
1.853000000000000000e+03
1.896000000000000000e+03
1.888000000000000000e+03
1.861000000000000000e+03
1.873000000000000000e+03
1.863000000000000000e+03
1.901000000000000000e+03
1.957000000000000000e+03
1.967000000000000000e+03
1.946000000000000000e+03
1.927000000000000000e+03
1.894000000000000000e+03
1.902000000000000000e+03
1.902000000000000000e+03
1.984000000000000000e+03
1.918000000000000000e+03
1.908000000000000000e+03
1.980000000000000000e+03
1.964000000000000000e+03
1.937000000000000000e+03
2.001000000000000000e+03
1.961000000000000000e+03
1.992000000000000000e+03
2.048000000000000000e+03
1.978000000000000000e+03
1.990000000000000000e+03
1.987000000000000000e+03
2.033000000000000000e+03
2.008000000000000000e+03
2.013000000000000000e+03
2.145000000000000000e+03
2.018000000000000000e+03
2.023000000000000000e+03
2.049000000000000000e+03
2.051000000000000000e+03
2.079000000000000000e+03
2.088000000000000000e+03
2.090000000000000000e+03
2.114000000000000000e+03
2.091000000000000000e+03
2.179000000000000000e+03
2.157000000000000000e+03
2.160000000000000000e+03
2.192000000000000000e+03
2.231000000000000000e+03
2.218000000000000000e+03
2.214000000000000000e+03
2.172000000000000000e+03
2.265000000000000000e+03
2.215000000000000000e+03
2.237000000000000000e+03
2.297000000000000000e+03
2.309000000000000000e+03
2.294000000000000000e+03
2.311000000000000000e+03
2.315000000000000000e+03
2.247000000000000000e+03
2.299000000000000000e+03
2.341000000000000000e+03
2.367000000000000000e+03
2.259000000000000000e+03
2.350000000000000000e+03
2.366000000000000000e+03
2.334000000000000000e+03
2.418000000000000000e+03
2.426000000000000000e+03
2.412000000000000000e+03
2.457000000000000000e+03
2.489000000000000000e+03
2.440000000000000000e+03
2.416000000000000000e+03
2.500000000000000000e+03
2.443000000000000000e+03
2.494000000000000000e+03
2.508000000000000000e+03
2.473000000000000000e+03
2.468000000000000000e+03
2.482000000000000000e+03
2.496000000000000000e+03
2.508000000000000000e+03
2.494000000000000000e+03
2.524000000000000000e+03
2.572000000000000000e+03
2.488000000000000000e+03
2.544000000000000000e+03
2.600000000000000000e+03
2.577000000000000000e+03
2.613000000000000000e+03
2.621000000000000000e+03
2.600000000000000000e+03
2.652000000000000000e+03
2.602000000000000000e+03
2.650000000000000000e+03
2.650000000000000000e+03
2.677000000000000000e+03
2.657000000000000000e+03
2.645000000000000000e+03
2.649000000000000000e+03
2.620000000000000000e+03
2.718000000000000000e+03
3.115000000000000000e+03
2.991000000000000000e+03
2.751000000000000000e+03
2.652000000000000000e+03
2.780000000000000000e+03
2.746000000000000000e+03
2.807000000000000000e+03
2.715000000000000000e+03
2.661000000000000000e+03
2.780000000000000000e+03
2.700000000000000000e+03
2.827000000000000000e+03
2.758000000000000000e+03
2.750000000000000000e+03
2.804000000000000000e+03
2.733000000000000000e+03
2.847000000000000000e+03
2.805000000000000000e+03
2.808000000000000000e+03
2.805000000000000000e+03
2.863000000000000000e+03
2.854000000000000000e+03
2.831000000000000000e+03
2.908000000000000000e+03
2.895000000000000000e+03
2.891000000000000000e+03
2.916000000000000000e+03
2.867000000000000000e+03
2.940000000000000000e+03
2.963000000000000000e+03
2.878000000000000000e+03
2.968000000000000000e+03
2.943000000000000000e+03
2.944000000000000000e+03
3.035000000000000000e+03
3.020000000000000000e+03
2.988000000000000000e+03
3.034000000000000000e+03
3.049000000000000000e+03
3.071000000000000000e+03
3.072000000000000000e+03
3.117000000000000000e+03
3.109000000000000000e+03
3.111000000000000000e+03
3.119000000000000000e+03
3.245000000000000000e+03
3.154000000000000000e+03
3.167000000000000000e+03
3.122000000000000000e+03
3.198000000000000000e+03
3.251000000000000000e+03
3.273000000000000000e+03
3.290000000000000000e+03
3.316000000000000000e+03
3.333000000000000000e+03
3.303000000000000000e+03
3.315000000000000000e+03
3.321000000000000000e+03
3.336000000000000000e+03
3.307000000000000000e+03
3.314000000000000000e+03
3.403000000000000000e+03
3.338000000000000000e+03
3.420000000000000000e+03
3.471000000000000000e+03
3.409000000000000000e+03
3.478000000000000000e+03
3.593000000000000000e+03
3.461000000000000000e+03
3.530000000000000000e+03
3.499000000000000000e+03
3.540000000000000000e+03
3.606000000000000000e+03
3.598000000000000000e+03
3.529000000000000000e+03
3.510000000000000000e+03
3.564000000000000000e+03
3.732000000000000000e+03
3.653000000000000000e+03
3.610000000000000000e+03
3.616000000000000000e+03
3.649000000000000000e+03
3.656000000000000000e+03
3.619000000000000000e+03
3.677000000000000000e+03
3.681000000000000000e+03
3.635000000000000000e+03
3.700000000000000000e+03
3.654000000000000000e+03
3.695000000000000000e+03
3.714000000000000000e+03
3.707000000000000000e+03
3.733000000000000000e+03
3.664000000000000000e+03
3.714000000000000000e+03
3.693000000000000000e+03
3.703000000000000000e+03
3.675000000000000000e+03
3.696000000000000000e+03
3.765000000000000000e+03
3.774000000000000000e+03
3.755000000000000000e+03
3.746000000000000000e+03
3.764000000000000000e+03
3.754000000000000000e+03
3.737000000000000000e+03
3.814000000000000000e+03
3.809000000000000000e+03
3.849000000000000000e+03
3.792000000000000000e+03
3.911000000000000000e+03
3.897000000000000000e+03
3.931000000000000000e+03
3.770000000000000000e+03
3.733000000000000000e+03
3.786000000000000000e+03
3.846000000000000000e+03
3.835000000000000000e+03
3.893000000000000000e+03
3.827000000000000000e+03
3.897000000000000000e+03
3.921000000000000000e+03
3.947000000000000000e+03
3.910000000000000000e+03
3.871000000000000000e+03
3.942000000000000000e+03
3.910000000000000000e+03
3.834000000000000000e+03
3.885000000000000000e+03
3.931000000000000000e+03
3.872000000000000000e+03
3.932000000000000000e+03
3.989000000000000000e+03
3.914000000000000000e+03
3.967000000000000000e+03
3.881000000000000000e+03
3.908000000000000000e+03
3.923000000000000000e+03
3.900000000000000000e+03
3.894000000000000000e+03
3.962000000000000000e+03
3.965000000000000000e+03
4.030000000000000000e+03
3.948000000000000000e+03
3.905000000000000000e+03
3.948000000000000000e+03
3.922000000000000000e+03
3.893000000000000000e+03
3.841000000000000000e+03
3.898000000000000000e+03
3.916000000000000000e+03
3.968000000000000000e+03
3.895000000000000000e+03
3.918000000000000000e+03
3.932000000000000000e+03
3.944000000000000000e+03
3.929000000000000000e+03
3.954000000000000000e+03
3.937000000000000000e+03
3.921000000000000000e+03
3.876000000000000000e+03
3.970000000000000000e+03
3.925000000000000000e+03
3.927000000000000000e+03
3.911000000000000000e+03
3.956000000000000000e+03
3.953000000000000000e+03
3.966000000000000000e+03
3.955000000000000000e+03
3.923000000000000000e+03
3.945000000000000000e+03
3.930000000000000000e+03
3.953000000000000000e+03
3.995000000000000000e+03
3.919000000000000000e+03
3.946000000000000000e+03
3.956000000000000000e+03
4.011000000000000000e+03
4.099000000000000000e+03
3.907000000000000000e+03
4.028000000000000000e+03
4.021000000000000000e+03
4.026000000000000000e+03
4.018000000000000000e+03
3.983000000000000000e+03
4.009000000000000000e+03
4.043000000000000000e+03
4.021000000000000000e+03
3.997000000000000000e+03
4.095000000000000000e+03
4.014000000000000000e+03
4.063000000000000000e+03
4.010000000000000000e+03
4.014000000000000000e+03
3.991000000000000000e+03
4.096000000000000000e+03
4.003000000000000000e+03
4.077000000000000000e+03
4.096000000000000000e+03
4.091000000000000000e+03
4.124000000000000000e+03
4.103000000000000000e+03
4.127000000000000000e+03
4.088000000000000000e+03
4.139000000000000000e+03
4.152000000000000000e+03
4.122000000000000000e+03
4.082000000000000000e+03
4.193000000000000000e+03
4.082000000000000000e+03
4.164000000000000000e+03
4.161000000000000000e+03
4.144000000000000000e+03
4.158000000000000000e+03
4.113000000000000000e+03
4.133000000000000000e+03
4.150000000000000000e+03
4.116000000000000000e+03
4.124000000000000000e+03
4.102000000000000000e+03
4.179000000000000000e+03
4.220000000000000000e+03
4.132000000000000000e+03
4.196000000000000000e+03
4.164000000000000000e+03
4.187000000000000000e+03
4.176000000000000000e+03
4.216000000000000000e+03
4.188000000000000000e+03
4.164000000000000000e+03
4.199000000000000000e+03
4.189000000000000000e+03
4.117000000000000000e+03
4.205000000000000000e+03
4.284000000000000000e+03
4.282000000000000000e+03
4.199000000000000000e+03
4.203000000000000000e+03
4.259000000000000000e+03
4.281000000000000000e+03
4.261000000000000000e+03
4.278000000000000000e+03
4.282000000000000000e+03
4.314000000000000000e+03
4.307000000000000000e+03
4.290000000000000000e+03
4.265000000000000000e+03
4.352000000000000000e+03
4.205000000000000000e+03
4.278000000000000000e+03
4.296000000000000000e+03
4.246000000000000000e+03
4.325000000000000000e+03
4.259000000000000000e+03
4.277000000000000000e+03
4.345000000000000000e+03
4.369000000000000000e+03
4.215000000000000000e+03
4.319000000000000000e+03
4.254000000000000000e+03
4.246000000000000000e+03
4.335000000000000000e+03
4.234000000000000000e+03
4.254000000000000000e+03
4.281000000000000000e+03
4.348000000000000000e+03
4.243000000000000000e+03
4.284000000000000000e+03
4.253000000000000000e+03
4.287000000000000000e+03
4.285000000000000000e+03
4.271000000000000000e+03
4.340000000000000000e+03
4.307000000000000000e+03
4.226000000000000000e+03
4.311000000000000000e+03
4.282000000000000000e+03
4.236000000000000000e+03
4.295000000000000000e+03
4.332000000000000000e+03
4.326000000000000000e+03
4.313000000000000000e+03
4.248000000000000000e+03
4.278000000000000000e+03
4.292000000000000000e+03
4.313000000000000000e+03
4.266000000000000000e+03
4.213000000000000000e+03
4.180000000000000000e+03
4.204000000000000000e+03
4.122000000000000000e+03
4.164000000000000000e+03
4.159000000000000000e+03
4.124000000000000000e+03
4.188000000000000000e+03
4.261000000000000000e+03
4.224000000000000000e+03
4.243000000000000000e+03
4.241000000000000000e+03
4.161000000000000000e+03
4.099000000000000000e+03
4.160000000000000000e+03
4.058000000000000000e+03
4.155000000000000000e+03
4.143000000000000000e+03
4.135000000000000000e+03
4.117000000000000000e+03
4.192000000000000000e+03
4.122000000000000000e+03
4.102000000000000000e+03
4.134000000000000000e+03
4.071000000000000000e+03
4.036000000000000000e+03
4.077000000000000000e+03
4.124000000000000000e+03
4.089000000000000000e+03
4.078000000000000000e+03
4.032000000000000000e+03
4.114000000000000000e+03
3.973000000000000000e+03
4.078000000000000000e+03
4.073000000000000000e+03
4.101000000000000000e+03
4.092000000000000000e+03
4.079000000000000000e+03
3.997000000000000000e+03
4.059000000000000000e+03
4.034000000000000000e+03
3.965000000000000000e+03
3.959000000000000000e+03
3.958000000000000000e+03
3.891000000000000000e+03
3.888000000000000000e+03
3.923000000000000000e+03
3.946000000000000000e+03
3.909000000000000000e+03
3.931000000000000000e+03
3.913000000000000000e+03
3.903000000000000000e+03
3.908000000000000000e+03
3.843000000000000000e+03
3.902000000000000000e+03
3.843000000000000000e+03
3.842000000000000000e+03
3.964000000000000000e+03
3.838000000000000000e+03
3.768000000000000000e+03
3.806000000000000000e+03
3.809000000000000000e+03
3.852000000000000000e+03
3.824000000000000000e+03
3.777000000000000000e+03
3.805000000000000000e+03
3.770000000000000000e+03
3.809000000000000000e+03
3.828000000000000000e+03
3.758000000000000000e+03
3.794000000000000000e+03
3.784000000000000000e+03
3.811000000000000000e+03
3.732000000000000000e+03
3.796000000000000000e+03
3.769000000000000000e+03
3.740000000000000000e+03
3.747000000000000000e+03
3.769000000000000000e+03
3.685000000000000000e+03
3.707000000000000000e+03
3.652000000000000000e+03
3.714000000000000000e+03
3.738000000000000000e+03
3.679000000000000000e+03
3.687000000000000000e+03
3.644000000000000000e+03
3.724000000000000000e+03
3.720000000000000000e+03
3.658000000000000000e+03
3.562000000000000000e+03
3.661000000000000000e+03
3.588000000000000000e+03
3.609000000000000000e+03
3.608000000000000000e+03
3.645000000000000000e+03
3.622000000000000000e+03
3.596000000000000000e+03
3.870000000000000000e+03
3.605000000000000000e+03
3.670000000000000000e+03
3.709000000000000000e+03
3.661000000000000000e+03
3.596000000000000000e+03
3.575000000000000000e+03
3.589000000000000000e+03
3.647000000000000000e+03
3.558000000000000000e+03
3.624000000000000000e+03
3.543000000000000000e+03
3.694000000000000000e+03
3.583000000000000000e+03
3.588000000000000000e+03
3.569000000000000000e+03
3.566000000000000000e+03
3.485000000000000000e+03
3.619000000000000000e+03
3.553000000000000000e+03
3.511000000000000000e+03
3.552000000000000000e+03
3.607000000000000000e+03
3.466000000000000000e+03
3.607000000000000000e+03
3.534000000000000000e+03
3.524000000000000000e+03
3.526000000000000000e+03
3.544000000000000000e+03
3.546000000000000000e+03
3.485000000000000000e+03
3.428000000000000000e+03
3.488000000000000000e+03
3.529000000000000000e+03
3.489000000000000000e+03
3.479000000000000000e+03
3.437000000000000000e+03
3.484000000000000000e+03
3.567000000000000000e+03
3.486000000000000000e+03
3.430000000000000000e+03
3.422000000000000000e+03
3.400000000000000000e+03
3.346000000000000000e+03
3.404000000000000000e+03
3.412000000000000000e+03
3.325000000000000000e+03
3.340000000000000000e+03
3.369000000000000000e+03
3.405000000000000000e+03
3.381000000000000000e+03
3.466000000000000000e+03
3.416000000000000000e+03
3.386000000000000000e+03
3.347000000000000000e+03
3.358000000000000000e+03
3.353000000000000000e+03
3.376000000000000000e+03
3.304000000000000000e+03
3.375000000000000000e+03
3.348000000000000000e+03
3.330000000000000000e+03
3.344000000000000000e+03
3.352000000000000000e+03
3.259000000000000000e+03
3.289000000000000000e+03
3.273000000000000000e+03
3.284000000000000000e+03
3.332000000000000000e+03
3.242000000000000000e+03
3.299000000000000000e+03
3.238000000000000000e+03
3.261000000000000000e+03
3.281000000000000000e+03
3.324000000000000000e+03
3.287000000000000000e+03
3.244000000000000000e+03
3.191000000000000000e+03
3.326000000000000000e+03
3.264000000000000000e+03
3.274000000000000000e+03
3.204000000000000000e+03
3.203000000000000000e+03
3.157000000000000000e+03
3.264000000000000000e+03
3.156000000000000000e+03
3.184000000000000000e+03
3.135000000000000000e+03
3.187000000000000000e+03
3.208000000000000000e+03
3.177000000000000000e+03
3.241000000000000000e+03
3.095000000000000000e+03
3.194000000000000000e+03
3.172000000000000000e+03
3.087000000000000000e+03
3.147000000000000000e+03
3.094000000000000000e+03
3.105000000000000000e+03
3.184000000000000000e+03
3.002000000000000000e+03
3.094000000000000000e+03
3.056000000000000000e+03
3.007000000000000000e+03
3.057000000000000000e+03
3.009000000000000000e+03
3.088000000000000000e+03
2.961000000000000000e+03
3.083000000000000000e+03
3.011000000000000000e+03
2.994000000000000000e+03
2.972000000000000000e+03
2.991000000000000000e+03
2.978000000000000000e+03
3.039000000000000000e+03
2.889000000000000000e+03
2.956000000000000000e+03
2.923000000000000000e+03
2.876000000000000000e+03
2.915000000000000000e+03
2.911000000000000000e+03
2.872000000000000000e+03
2.942000000000000000e+03
2.881000000000000000e+03
2.879000000000000000e+03
2.827000000000000000e+03
5.356000000000000000e+03
2.852000000000000000e+03
2.855000000000000000e+03
2.866000000000000000e+03
2.818000000000000000e+03
2.772000000000000000e+03
2.808000000000000000e+03
2.814000000000000000e+03
2.764000000000000000e+03
2.805000000000000000e+03
2.829000000000000000e+03
2.700000000000000000e+03
2.756000000000000000e+03
2.717000000000000000e+03
2.702000000000000000e+03
2.751000000000000000e+03
2.653000000000000000e+03
2.701000000000000000e+03
2.659000000000000000e+03
2.709000000000000000e+03
2.630000000000000000e+03
2.674000000000000000e+03
2.615000000000000000e+03
2.654000000000000000e+03
2.602000000000000000e+03
2.592000000000000000e+03
2.633000000000000000e+03
2.590000000000000000e+03
2.525000000000000000e+03
2.496000000000000000e+03
2.577000000000000000e+03
2.578000000000000000e+03
2.505000000000000000e+03
2.550000000000000000e+03
2.524000000000000000e+03
2.487000000000000000e+03
2.493000000000000000e+03
2.475000000000000000e+03
2.445000000000000000e+03
2.440000000000000000e+03
2.463000000000000000e+03
2.407000000000000000e+03
2.890000000000000000e+03
2.443000000000000000e+03
2.457000000000000000e+03
2.415000000000000000e+03
2.482000000000000000e+03
2.453000000000000000e+03
2.382000000000000000e+03
2.339000000000000000e+03
2.342000000000000000e+03
2.376000000000000000e+03
2.398000000000000000e+03
2.408000000000000000e+03
2.359000000000000000e+03
2.384000000000000000e+03
2.357000000000000000e+03
2.333000000000000000e+03
2.349000000000000000e+03
2.302000000000000000e+03
2.349000000000000000e+03
2.307000000000000000e+03
2.294000000000000000e+03
2.355000000000000000e+03
2.308000000000000000e+03
2.254000000000000000e+03
2.235000000000000000e+03
