1.490000000000000000e+03
1.448000000000000000e+03
1.464000000000000000e+03
1.512000000000000000e+03
1.486000000000000000e+03
1.489000000000000000e+03
1.433000000000000000e+03
1.509000000000000000e+03
1.516000000000000000e+03
1.564000000000000000e+03
1.499000000000000000e+03
1.527000000000000000e+03
1.575000000000000000e+03
1.600000000000000000e+03
1.556000000000000000e+03
1.542000000000000000e+03
1.574000000000000000e+03
1.574000000000000000e+03
1.645000000000000000e+03
1.537000000000000000e+03
1.608000000000000000e+03
1.592000000000000000e+03
1.636000000000000000e+03
1.579000000000000000e+03
1.614000000000000000e+03
1.585000000000000000e+03
1.576000000000000000e+03
1.617000000000000000e+03
1.578000000000000000e+03
1.629000000000000000e+03
1.651000000000000000e+03
1.616000000000000000e+03
1.603000000000000000e+03
1.616000000000000000e+03
1.635000000000000000e+03
1.635000000000000000e+03
1.664000000000000000e+03
1.619000000000000000e+03
1.680000000000000000e+03
1.663000000000000000e+03
1.666000000000000000e+03
1.657000000000000000e+03
1.670000000000000000e+03
1.644000000000000000e+03
1.683000000000000000e+03
1.681000000000000000e+03
1.643000000000000000e+03
1.696000000000000000e+03
1.661000000000000000e+03
1.682000000000000000e+03
1.698000000000000000e+03
1.738000000000000000e+03
1.732000000000000000e+03
1.739000000000000000e+03
1.676000000000000000e+03
1.724000000000000000e+03
1.708000000000000000e+03
1.752000000000000000e+03
1.775000000000000000e+03
1.808000000000000000e+03
1.796000000000000000e+03
1.768000000000000000e+03
1.752000000000000000e+03
1.755000000000000000e+03
1.728000000000000000e+03
1.789000000000000000e+03
1.769000000000000000e+03
1.765000000000000000e+03
1.806000000000000000e+03
1.781000000000000000e+03
1.779000000000000000e+03
1.778000000000000000e+03
1.842000000000000000e+03
1.821000000000000000e+03
1.839000000000000000e+03
1.815000000000000000e+03
1.800000000000000000e+03
1.832000000000000000e+03
1.787000000000000000e+03
1.839000000000000000e+03
1.871000000000000000e+03
1.824000000000000000e+03
1.840000000000000000e+03
1.839000000000000000e+03
1.835000000000000000e+03
1.867000000000000000e+03
1.868000000000000000e+03
1.900000000000000000e+03
1.799000000000000000e+03
1.931000000000000000e+03
1.878000000000000000e+03
1.865000000000000000e+03
1.845000000000000000e+03
1.927000000000000000e+03
1.887000000000000000e+03
1.889000000000000000e+03
1.866000000000000000e+03
1.926000000000000000e+03
1.903000000000000000e+03
1.922000000000000000e+03
1.938000000000000000e+03
1.868000000000000000e+03
1.925000000000000000e+03
1.934000000000000000e+03
1.936000000000000000e+03
1.929000000000000000e+03
1.949000000000000000e+03
1.935000000000000000e+03
1.961000000000000000e+03
1.993000000000000000e+03
1.971000000000000000e+03
1.998000000000000000e+03
2.034000000000000000e+03
2.031000000000000000e+03
1.958000000000000000e+03
2.019000000000000000e+03
2.021000000000000000e+03
2.020000000000000000e+03
2.079000000000000000e+03
2.085000000000000000e+03
2.098000000000000000e+03
2.058000000000000000e+03
2.132000000000000000e+03
2.106000000000000000e+03
2.087000000000000000e+03
2.101000000000000000e+03
2.117000000000000000e+03
2.061000000000000000e+03
2.176000000000000000e+03
2.146000000000000000e+03
2.175000000000000000e+03
2.202000000000000000e+03
2.142000000000000000e+03
2.193000000000000000e+03
2.184000000000000000e+03
2.222000000000000000e+03
2.200000000000000000e+03
2.209000000000000000e+03
2.230000000000000000e+03
2.245000000000000000e+03
2.257000000000000000e+03
2.264000000000000000e+03
2.222000000000000000e+03
2.269000000000000000e+03
2.330000000000000000e+03
2.271000000000000000e+03
2.284000000000000000e+03
2.357000000000000000e+03
2.314000000000000000e+03
2.308000000000000000e+03
2.379000000000000000e+03
2.328000000000000000e+03
2.386000000000000000e+03
2.376000000000000000e+03
2.401000000000000000e+03
2.458000000000000000e+03
2.369000000000000000e+03
2.384000000000000000e+03
2.456000000000000000e+03
2.442000000000000000e+03
2.497000000000000000e+03
2.435000000000000000e+03
2.432000000000000000e+03
2.444000000000000000e+03
2.509000000000000000e+03
2.530000000000000000e+03
2.487000000000000000e+03
2.520000000000000000e+03
2.516000000000000000e+03
2.566000000000000000e+03
2.568000000000000000e+03
2.599000000000000000e+03
2.572000000000000000e+03
2.557000000000000000e+03
2.540000000000000000e+03
2.624000000000000000e+03
2.582000000000000000e+03
2.641000000000000000e+03
2.591000000000000000e+03
2.620000000000000000e+03
2.648000000000000000e+03
2.689000000000000000e+03
2.647000000000000000e+03
2.627000000000000000e+03
2.612000000000000000e+03
2.677000000000000000e+03
2.715000000000000000e+03
3.095000000000000000e+03
3.066000000000000000e+03
2.761000000000000000e+03
2.702000000000000000e+03
2.670000000000000000e+03
2.666000000000000000e+03
2.629000000000000000e+03
2.743000000000000000e+03
2.697000000000000000e+03
2.717000000000000000e+03
2.760000000000000000e+03
2.723000000000000000e+03
2.734000000000000000e+03
2.739000000000000000e+03
2.746000000000000000e+03
2.744000000000000000e+03
2.739000000000000000e+03
2.761000000000000000e+03
2.779000000000000000e+03
2.833000000000000000e+03
2.821000000000000000e+03
2.871000000000000000e+03
2.826000000000000000e+03
2.827000000000000000e+03
2.859000000000000000e+03
2.854000000000000000e+03
2.886000000000000000e+03
2.869000000000000000e+03
2.903000000000000000e+03
2.879000000000000000e+03
2.900000000000000000e+03
2.925000000000000000e+03
2.863000000000000000e+03
2.982000000000000000e+03
3.027000000000000000e+03
3.004000000000000000e+03
3.046000000000000000e+03
3.022000000000000000e+03
3.028000000000000000e+03
2.987000000000000000e+03
2.977000000000000000e+03
3.060000000000000000e+03
3.137000000000000000e+03
3.121000000000000000e+03
3.098000000000000000e+03
3.115000000000000000e+03
3.129000000000000000e+03
3.135000000000000000e+03
3.167000000000000000e+03
3.157000000000000000e+03
3.234000000000000000e+03
3.146000000000000000e+03
3.195000000000000000e+03
3.254000000000000000e+03
3.270000000000000000e+03
3.284000000000000000e+03
3.244000000000000000e+03
3.286000000000000000e+03
3.217000000000000000e+03
3.308000000000000000e+03
3.337000000000000000e+03
3.384000000000000000e+03
3.445000000000000000e+03
3.426000000000000000e+03
3.400000000000000000e+03
3.407000000000000000e+03
3.357000000000000000e+03
3.382000000000000000e+03
3.421000000000000000e+03
3.428000000000000000e+03
3.490000000000000000e+03
3.611000000000000000e+03
3.540000000000000000e+03
3.610000000000000000e+03
3.517000000000000000e+03
3.557000000000000000e+03
3.559000000000000000e+03
3.581000000000000000e+03
3.620000000000000000e+03
3.574000000000000000e+03
3.646000000000000000e+03
3.603000000000000000e+03
3.627000000000000000e+03
3.548000000000000000e+03
3.536000000000000000e+03
3.645000000000000000e+03
3.567000000000000000e+03
3.686000000000000000e+03
3.728000000000000000e+03
3.692000000000000000e+03
3.594000000000000000e+03
3.650000000000000000e+03
3.621000000000000000e+03
3.736000000000000000e+03
3.697000000000000000e+03
3.724000000000000000e+03
3.700000000000000000e+03
3.810000000000000000e+03
3.761000000000000000e+03
3.702000000000000000e+03
3.688000000000000000e+03
3.729000000000000000e+03
3.680000000000000000e+03
3.711000000000000000e+03
3.720000000000000000e+03
3.729000000000000000e+03
3.779000000000000000e+03
3.704000000000000000e+03
3.738000000000000000e+03
3.748000000000000000e+03
3.754000000000000000e+03
3.798000000000000000e+03
3.753000000000000000e+03
3.861000000000000000e+03
3.793000000000000000e+03
3.868000000000000000e+03
3.864000000000000000e+03
3.827000000000000000e+03
3.783000000000000000e+03
3.810000000000000000e+03
3.896000000000000000e+03
3.856000000000000000e+03
3.811000000000000000e+03
3.814000000000000000e+03
3.801000000000000000e+03
3.920000000000000000e+03
3.876000000000000000e+03
3.790000000000000000e+03
3.896000000000000000e+03
3.835000000000000000e+03
3.844000000000000000e+03
3.948000000000000000e+03
3.804000000000000000e+03
3.869000000000000000e+03
3.875000000000000000e+03
3.913000000000000000e+03
3.872000000000000000e+03
3.881000000000000000e+03
3.911000000000000000e+03
3.890000000000000000e+03
3.930000000000000000e+03
3.932000000000000000e+03
3.838000000000000000e+03
3.898000000000000000e+03
3.901000000000000000e+03
3.885000000000000000e+03
3.909000000000000000e+03
3.965000000000000000e+03
3.856000000000000000e+03
3.843000000000000000e+03
3.938000000000000000e+03
3.955000000000000000e+03
3.902000000000000000e+03
3.861000000000000000e+03
3.883000000000000000e+03
3.877000000000000000e+03
3.886000000000000000e+03
3.876000000000000000e+03
3.931000000000000000e+03
3.878000000000000000e+03
3.890000000000000000e+03
3.944000000000000000e+03
3.980000000000000000e+03
3.926000000000000000e+03
3.961000000000000000e+03
3.917000000000000000e+03
3.873000000000000000e+03
3.940000000000000000e+03
3.920000000000000000e+03
3.863000000000000000e+03
3.954000000000000000e+03
3.982000000000000000e+03
3.913000000000000000e+03
3.893000000000000000e+03
3.898000000000000000e+03
3.868000000000000000e+03
3.925000000000000000e+03
3.999000000000000000e+03
3.914000000000000000e+03
3.973000000000000000e+03
4.029000000000000000e+03
3.935000000000000000e+03
3.982000000000000000e+03
4.025000000000000000e+03
3.994000000000000000e+03
3.975000000000000000e+03
3.938000000000000000e+03
4.041000000000000000e+03
3.998000000000000000e+03
4.024000000000000000e+03
4.031000000000000000e+03
3.956000000000000000e+03
4.159000000000000000e+03
3.976000000000000000e+03
4.008000000000000000e+03
3.982000000000000000e+03
4.077000000000000000e+03
4.098000000000000000e+03
4.028000000000000000e+03
4.128000000000000000e+03
4.077000000000000000e+03
4.082000000000000000e+03
4.024000000000000000e+03
4.100000000000000000e+03
4.096000000000000000e+03
4.142000000000000000e+03
4.092000000000000000e+03
4.053000000000000000e+03
4.176000000000000000e+03
4.173000000000000000e+03
4.097000000000000000e+03
4.085000000000000000e+03
4.107000000000000000e+03
4.080000000000000000e+03
4.070000000000000000e+03
4.131000000000000000e+03
4.095000000000000000e+03
4.102000000000000000e+03
4.044000000000000000e+03
4.100000000000000000e+03
4.067000000000000000e+03
4.098000000000000000e+03
4.089000000000000000e+03
4.120000000000000000e+03
4.113000000000000000e+03
4.167000000000000000e+03
4.177000000000000000e+03
4.094000000000000000e+03
4.140000000000000000e+03
4.230000000000000000e+03
4.127000000000000000e+03
4.227000000000000000e+03
4.204000000000000000e+03
4.192000000000000000e+03
4.149000000000000000e+03
4.178000000000000000e+03
4.270000000000000000e+03
4.225000000000000000e+03
4.265000000000000000e+03
4.179000000000000000e+03
4.205000000000000000e+03
4.233000000000000000e+03
4.286000000000000000e+03
4.250000000000000000e+03
4.194000000000000000e+03
4.162000000000000000e+03
4.227000000000000000e+03
4.244000000000000000e+03
4.281000000000000000e+03
4.189000000000000000e+03
4.256000000000000000e+03
4.283000000000000000e+03
4.248000000000000000e+03
4.283000000000000000e+03
4.206000000000000000e+03
4.288000000000000000e+03
4.175000000000000000e+03
4.269000000000000000e+03
4.239000000000000000e+03
4.265000000000000000e+03
4.304000000000000000e+03
4.402000000000000000e+03
4.259000000000000000e+03
4.358000000000000000e+03
4.254000000000000000e+03
4.289000000000000000e+03
4.304000000000000000e+03
4.339000000000000000e+03
4.320000000000000000e+03
4.241000000000000000e+03
4.242000000000000000e+03
4.296000000000000000e+03
4.226000000000000000e+03
4.232000000000000000e+03
4.306000000000000000e+03
4.213000000000000000e+03
4.260000000000000000e+03
4.277000000000000000e+03
4.249000000000000000e+03
4.261000000000000000e+03
4.166000000000000000e+03
4.221000000000000000e+03
4.311000000000000000e+03
4.230000000000000000e+03
4.167000000000000000e+03
4.172000000000000000e+03
4.231000000000000000e+03
4.231000000000000000e+03
4.169000000000000000e+03
4.194000000000000000e+03
4.157000000000000000e+03
4.170000000000000000e+03
4.234000000000000000e+03
4.194000000000000000e+03
4.228000000000000000e+03
4.199000000000000000e+03
4.205000000000000000e+03
4.121000000000000000e+03
4.120000000000000000e+03
4.144000000000000000e+03
4.135000000000000000e+03
4.111000000000000000e+03
4.142000000000000000e+03
4.125000000000000000e+03
4.077000000000000000e+03
4.111000000000000000e+03
4.095000000000000000e+03
4.081000000000000000e+03
4.078000000000000000e+03
4.087000000000000000e+03
4.110000000000000000e+03
4.110000000000000000e+03
4.115000000000000000e+03
4.044000000000000000e+03
4.063000000000000000e+03
4.073000000000000000e+03
4.061000000000000000e+03
4.046000000000000000e+03
4.040000000000000000e+03
4.070000000000000000e+03
3.994000000000000000e+03
3.986000000000000000e+03
3.988000000000000000e+03
3.997000000000000000e+03
4.045000000000000000e+03
3.912000000000000000e+03
4.001000000000000000e+03
4.004000000000000000e+03
3.934000000000000000e+03
3.971000000000000000e+03
3.900000000000000000e+03
3.954000000000000000e+03
3.973000000000000000e+03
3.893000000000000000e+03
3.890000000000000000e+03
3.912000000000000000e+03
3.904000000000000000e+03
3.898000000000000000e+03
3.815000000000000000e+03
3.888000000000000000e+03
3.888000000000000000e+03
3.893000000000000000e+03
3.873000000000000000e+03
3.755000000000000000e+03
3.784000000000000000e+03
3.892000000000000000e+03
3.870000000000000000e+03
3.763000000000000000e+03
3.798000000000000000e+03
3.788000000000000000e+03
3.796000000000000000e+03
3.760000000000000000e+03
3.855000000000000000e+03
3.937000000000000000e+03
3.776000000000000000e+03
3.776000000000000000e+03
3.736000000000000000e+03
3.734000000000000000e+03
3.710000000000000000e+03
3.765000000000000000e+03
3.673000000000000000e+03
3.709000000000000000e+03
3.736000000000000000e+03
3.693000000000000000e+03
3.654000000000000000e+03
3.703000000000000000e+03
3.731000000000000000e+03
3.724000000000000000e+03
3.591000000000000000e+03
3.700000000000000000e+03
3.695000000000000000e+03
3.638000000000000000e+03
3.720000000000000000e+03
3.630000000000000000e+03
3.605000000000000000e+03
3.675000000000000000e+03
3.613000000000000000e+03
3.625000000000000000e+03
3.649000000000000000e+03
3.582000000000000000e+03
3.694000000000000000e+03
3.598000000000000000e+03
3.635000000000000000e+03
3.611000000000000000e+03
3.576000000000000000e+03
3.653000000000000000e+03
3.569000000000000000e+03
3.635000000000000000e+03
3.615000000000000000e+03
3.596000000000000000e+03
3.611000000000000000e+03
3.531000000000000000e+03
3.587000000000000000e+03
3.607000000000000000e+03
3.628000000000000000e+03
3.559000000000000000e+03
3.590000000000000000e+03
3.495000000000000000e+03
3.598000000000000000e+03
3.492000000000000000e+03
3.543000000000000000e+03
3.540000000000000000e+03
3.570000000000000000e+03
3.521000000000000000e+03
3.605000000000000000e+03
3.559000000000000000e+03
3.500000000000000000e+03
3.569000000000000000e+03
3.479000000000000000e+03
3.511000000000000000e+03
3.527000000000000000e+03
3.485000000000000000e+03
3.451000000000000000e+03
3.491000000000000000e+03
3.422000000000000000e+03
3.475000000000000000e+03
3.431000000000000000e+03
3.470000000000000000e+03
3.483000000000000000e+03
3.420000000000000000e+03
3.462000000000000000e+03
3.466000000000000000e+03
3.472000000000000000e+03
3.431000000000000000e+03
3.409000000000000000e+03
3.484000000000000000e+03
3.444000000000000000e+03
3.444000000000000000e+03
3.358000000000000000e+03
3.390000000000000000e+03
3.328000000000000000e+03
3.361000000000000000e+03
3.416000000000000000e+03
3.376000000000000000e+03
3.345000000000000000e+03
3.392000000000000000e+03
3.290000000000000000e+03
3.373000000000000000e+03
3.328000000000000000e+03
3.319000000000000000e+03
3.321000000000000000e+03
3.336000000000000000e+03
3.394000000000000000e+03
3.317000000000000000e+03
3.275000000000000000e+03
3.339000000000000000e+03
3.272000000000000000e+03
3.248000000000000000e+03
3.327000000000000000e+03
3.310000000000000000e+03
3.359000000000000000e+03
3.304000000000000000e+03
3.261000000000000000e+03
3.218000000000000000e+03
3.241000000000000000e+03
3.254000000000000000e+03
3.220000000000000000e+03
3.258000000000000000e+03
3.269000000000000000e+03
3.134000000000000000e+03
3.269000000000000000e+03
3.188000000000000000e+03
3.200000000000000000e+03
3.218000000000000000e+03
3.248000000000000000e+03
3.194000000000000000e+03
3.221000000000000000e+03
3.181000000000000000e+03
3.172000000000000000e+03
3.189000000000000000e+03
3.129000000000000000e+03
3.187000000000000000e+03
3.182000000000000000e+03
3.133000000000000000e+03
3.162000000000000000e+03
3.154000000000000000e+03
3.138000000000000000e+03
3.124000000000000000e+03
3.159000000000000000e+03
3.140000000000000000e+03
3.041000000000000000e+03
3.136000000000000000e+03
3.041000000000000000e+03
3.055000000000000000e+03
3.081000000000000000e+03
3.063000000000000000e+03
3.092000000000000000e+03
3.094000000000000000e+03
3.062000000000000000e+03
2.951000000000000000e+03
3.067000000000000000e+03
3.036000000000000000e+03
2.961000000000000000e+03
3.004000000000000000e+03
3.014000000000000000e+03
3.003000000000000000e+03
2.948000000000000000e+03
2.975000000000000000e+03
2.917000000000000000e+03
2.913000000000000000e+03
2.934000000000000000e+03
2.856000000000000000e+03
2.910000000000000000e+03
2.902000000000000000e+03
2.919000000000000000e+03
2.884000000000000000e+03
2.937000000000000000e+03
2.905000000000000000e+03
2.892000000000000000e+03
2.827000000000000000e+03
2.829000000000000000e+03
2.835000000000000000e+03
2.858000000000000000e+03
2.812000000000000000e+03
2.827000000000000000e+03
2.762000000000000000e+03
2.795000000000000000e+03
2.753000000000000000e+03
2.773000000000000000e+03
2.722000000000000000e+03
2.709000000000000000e+03
2.750000000000000000e+03
2.698000000000000000e+03
2.711000000000000000e+03
2.668000000000000000e+03
2.699000000000000000e+03
2.688000000000000000e+03
2.717000000000000000e+03
2.694000000000000000e+03
2.640000000000000000e+03
2.578000000000000000e+03
2.628000000000000000e+03
2.658000000000000000e+03
2.605000000000000000e+03
2.580000000000000000e+03
2.572000000000000000e+03
2.589000000000000000e+03
2.461000000000000000e+03
2.567000000000000000e+03
2.509000000000000000e+03
2.544000000000000000e+03
2.555000000000000000e+03
2.523000000000000000e+03
2.570000000000000000e+03
2.518000000000000000e+03
2.485000000000000000e+03
2.499000000000000000e+03
2.439000000000000000e+03
2.381000000000000000e+03
2.472000000000000000e+03
2.447000000000000000e+03
2.418000000000000000e+03
2.478000000000000000e+03
2.398000000000000000e+03
2.441000000000000000e+03
2.423000000000000000e+03
2.445000000000000000e+03
2.396000000000000000e+03
2.409000000000000000e+03
2.402000000000000000e+03
2.399000000000000000e+03
2.359000000000000000e+03
2.384000000000000000e+03
2.347000000000000000e+03
2.317000000000000000e+03
2.315000000000000000e+03
2.279000000000000000e+03
2.333000000000000000e+03
2.362000000000000000e+03
2.314000000000000000e+03
2.319000000000000000e+03
2.298000000000000000e+03
2.246000000000000000e+03
2.229000000000000000e+03
2.285000000000000000e+03
2.286000000000000000e+03
2.312000000000000000e+03
2.420000000000000000e+03
