1.456000000000000000e+03
1.516000000000000000e+03
1.455000000000000000e+03
1.445000000000000000e+03
1.482000000000000000e+03
1.492000000000000000e+03
1.569000000000000000e+03
1.471000000000000000e+03
1.498000000000000000e+03
1.509000000000000000e+03
1.532000000000000000e+03
1.527000000000000000e+03
1.499000000000000000e+03
1.536000000000000000e+03
1.530000000000000000e+03
1.580000000000000000e+03
1.538000000000000000e+03
1.547000000000000000e+03
1.532000000000000000e+03
1.621000000000000000e+03
1.584000000000000000e+03
1.585000000000000000e+03
1.575000000000000000e+03
1.585000000000000000e+03
1.619000000000000000e+03
1.572000000000000000e+03
1.606000000000000000e+03
1.559000000000000000e+03
1.618000000000000000e+03
1.623000000000000000e+03
1.604000000000000000e+03
1.588000000000000000e+03
1.639000000000000000e+03
1.593000000000000000e+03
1.686000000000000000e+03
1.640000000000000000e+03
1.661000000000000000e+03
1.646000000000000000e+03
1.611000000000000000e+03
1.612000000000000000e+03
1.649000000000000000e+03
1.646000000000000000e+03
1.704000000000000000e+03
1.654000000000000000e+03
1.708000000000000000e+03
1.667000000000000000e+03
1.664000000000000000e+03
1.660000000000000000e+03
1.721000000000000000e+03
1.712000000000000000e+03
1.711000000000000000e+03
1.676000000000000000e+03
1.676000000000000000e+03
1.722000000000000000e+03
1.648000000000000000e+03
1.719000000000000000e+03
1.685000000000000000e+03
1.716000000000000000e+03
1.765000000000000000e+03
1.716000000000000000e+03
1.723000000000000000e+03
1.791000000000000000e+03
1.709000000000000000e+03
1.735000000000000000e+03
1.740000000000000000e+03
1.739000000000000000e+03
1.770000000000000000e+03
1.807000000000000000e+03
1.722000000000000000e+03
1.717000000000000000e+03
1.787000000000000000e+03
1.749000000000000000e+03
1.794000000000000000e+03
1.845000000000000000e+03
1.822000000000000000e+03
1.794000000000000000e+03
1.798000000000000000e+03
1.789000000000000000e+03
1.791000000000000000e+03
1.785000000000000000e+03
1.809000000000000000e+03
1.797000000000000000e+03
1.818000000000000000e+03
1.827000000000000000e+03
1.826000000000000000e+03
1.818000000000000000e+03
1.811000000000000000e+03
1.824000000000000000e+03
1.830000000000000000e+03
1.840000000000000000e+03
1.856000000000000000e+03
1.847000000000000000e+03
1.916000000000000000e+03
1.889000000000000000e+03
1.877000000000000000e+03
1.856000000000000000e+03
1.991000000000000000e+03
1.924000000000000000e+03
1.906000000000000000e+03
1.902000000000000000e+03
1.877000000000000000e+03
1.907000000000000000e+03
1.900000000000000000e+03
1.949000000000000000e+03
1.945000000000000000e+03
1.946000000000000000e+03
2.023000000000000000e+03
1.940000000000000000e+03
1.962000000000000000e+03
1.926000000000000000e+03
1.981000000000000000e+03
1.974000000000000000e+03
1.973000000000000000e+03
2.000000000000000000e+03
1.965000000000000000e+03
2.010000000000000000e+03
1.984000000000000000e+03
2.058000000000000000e+03
2.000000000000000000e+03
2.050000000000000000e+03
2.053000000000000000e+03
2.016000000000000000e+03
2.037000000000000000e+03
2.080000000000000000e+03
2.113000000000000000e+03
2.123000000000000000e+03
2.120000000000000000e+03
2.118000000000000000e+03
2.117000000000000000e+03
2.102000000000000000e+03
2.127000000000000000e+03
2.153000000000000000e+03
2.193000000000000000e+03
2.242000000000000000e+03
2.168000000000000000e+03
2.243000000000000000e+03
2.195000000000000000e+03
2.298000000000000000e+03
2.256000000000000000e+03
2.237000000000000000e+03
2.239000000000000000e+03
2.227000000000000000e+03
2.212000000000000000e+03
2.280000000000000000e+03
2.246000000000000000e+03
2.234000000000000000e+03
2.279000000000000000e+03
2.340000000000000000e+03
2.313000000000000000e+03
2.329000000000000000e+03
2.340000000000000000e+03
2.322000000000000000e+03
2.380000000000000000e+03
2.370000000000000000e+03
2.411000000000000000e+03
2.488000000000000000e+03
2.424000000000000000e+03
2.349000000000000000e+03
2.397000000000000000e+03
2.415000000000000000e+03
2.461000000000000000e+03
2.493000000000000000e+03
2.474000000000000000e+03
2.450000000000000000e+03
2.491000000000000000e+03
2.478000000000000000e+03
2.482000000000000000e+03
2.532000000000000000e+03
2.481000000000000000e+03
2.435000000000000000e+03
2.477000000000000000e+03
2.521000000000000000e+03
2.520000000000000000e+03
2.507000000000000000e+03
2.447000000000000000e+03
2.563000000000000000e+03
2.454000000000000000e+03
2.548000000000000000e+03
2.586000000000000000e+03
2.610000000000000000e+03
2.555000000000000000e+03
2.645000000000000000e+03
2.608000000000000000e+03
2.601000000000000000e+03
2.529000000000000000e+03
2.622000000000000000e+03
2.647000000000000000e+03
3.012000000000000000e+03
3.051000000000000000e+03
2.763000000000000000e+03
2.665000000000000000e+03
2.686000000000000000e+03
2.644000000000000000e+03
2.611000000000000000e+03
2.710000000000000000e+03
2.666000000000000000e+03
2.649000000000000000e+03
2.705000000000000000e+03
2.658000000000000000e+03
2.669000000000000000e+03
2.709000000000000000e+03
2.755000000000000000e+03
2.734000000000000000e+03
2.728000000000000000e+03
2.774000000000000000e+03
2.802000000000000000e+03
2.810000000000000000e+03
2.805000000000000000e+03
2.788000000000000000e+03
2.824000000000000000e+03
2.784000000000000000e+03
2.856000000000000000e+03
2.871000000000000000e+03
2.928000000000000000e+03
2.832000000000000000e+03
2.889000000000000000e+03
2.873000000000000000e+03
2.875000000000000000e+03
2.981000000000000000e+03
2.928000000000000000e+03
2.942000000000000000e+03
2.959000000000000000e+03
2.978000000000000000e+03
2.919000000000000000e+03
2.881000000000000000e+03
2.984000000000000000e+03
3.071000000000000000e+03
2.972000000000000000e+03
3.059000000000000000e+03
3.086000000000000000e+03
3.025000000000000000e+03
3.038000000000000000e+03
3.096000000000000000e+03
3.182000000000000000e+03
3.157000000000000000e+03
3.119000000000000000e+03
3.153000000000000000e+03
3.157000000000000000e+03
3.228000000000000000e+03
3.254000000000000000e+03
3.135000000000000000e+03
3.250000000000000000e+03
3.242000000000000000e+03
3.257000000000000000e+03
3.277000000000000000e+03
3.291000000000000000e+03
3.321000000000000000e+03
3.260000000000000000e+03
3.319000000000000000e+03
3.283000000000000000e+03
3.371000000000000000e+03
3.275000000000000000e+03
3.408000000000000000e+03
3.371000000000000000e+03
3.406000000000000000e+03
3.426000000000000000e+03
3.418000000000000000e+03
3.441000000000000000e+03
3.455000000000000000e+03
3.460000000000000000e+03
3.533000000000000000e+03
3.497000000000000000e+03
3.466000000000000000e+03
3.486000000000000000e+03
3.604000000000000000e+03
3.666000000000000000e+03
3.579000000000000000e+03
3.509000000000000000e+03
3.508000000000000000e+03
3.541000000000000000e+03
3.541000000000000000e+03
3.614000000000000000e+03
3.570000000000000000e+03
3.653000000000000000e+03
3.686000000000000000e+03
3.622000000000000000e+03
3.601000000000000000e+03
3.681000000000000000e+03
3.662000000000000000e+03
3.572000000000000000e+03
3.612000000000000000e+03
3.643000000000000000e+03
3.698000000000000000e+03
3.716000000000000000e+03
3.676000000000000000e+03
3.724000000000000000e+03
3.674000000000000000e+03
3.681000000000000000e+03
3.721000000000000000e+03
3.665000000000000000e+03
3.748000000000000000e+03
3.753000000000000000e+03
3.723000000000000000e+03
3.751000000000000000e+03
3.783000000000000000e+03
3.821000000000000000e+03
3.770000000000000000e+03
3.822000000000000000e+03
3.707000000000000000e+03
3.735000000000000000e+03
3.799000000000000000e+03
3.797000000000000000e+03
3.789000000000000000e+03
3.798000000000000000e+03
3.802000000000000000e+03
3.762000000000000000e+03
3.758000000000000000e+03
3.735000000000000000e+03
3.813000000000000000e+03
3.853000000000000000e+03
3.784000000000000000e+03
3.840000000000000000e+03
3.843000000000000000e+03
3.818000000000000000e+03
3.790000000000000000e+03
3.776000000000000000e+03
3.900000000000000000e+03
3.930000000000000000e+03
3.856000000000000000e+03
3.876000000000000000e+03
3.884000000000000000e+03
3.805000000000000000e+03
3.917000000000000000e+03
3.804000000000000000e+03
3.909000000000000000e+03
3.933000000000000000e+03
3.890000000000000000e+03
3.871000000000000000e+03
3.812000000000000000e+03
3.847000000000000000e+03
3.834000000000000000e+03
3.905000000000000000e+03
3.871000000000000000e+03
3.808000000000000000e+03
3.855000000000000000e+03
3.972000000000000000e+03
3.895000000000000000e+03
3.895000000000000000e+03
3.921000000000000000e+03
3.826000000000000000e+03
3.872000000000000000e+03
3.894000000000000000e+03
3.819000000000000000e+03
3.851000000000000000e+03
3.885000000000000000e+03
3.828000000000000000e+03
3.917000000000000000e+03
3.871000000000000000e+03
3.895000000000000000e+03
3.923000000000000000e+03
3.945000000000000000e+03
3.866000000000000000e+03
3.835000000000000000e+03
3.802000000000000000e+03
3.938000000000000000e+03
3.874000000000000000e+03
3.852000000000000000e+03
3.898000000000000000e+03
3.861000000000000000e+03
3.944000000000000000e+03
3.897000000000000000e+03
3.889000000000000000e+03
3.928000000000000000e+03
3.951000000000000000e+03
3.932000000000000000e+03
3.923000000000000000e+03
3.862000000000000000e+03
3.940000000000000000e+03
3.987000000000000000e+03
3.936000000000000000e+03
3.911000000000000000e+03
3.913000000000000000e+03
3.984000000000000000e+03
3.855000000000000000e+03
3.953000000000000000e+03
3.970000000000000000e+03
3.950000000000000000e+03
4.041000000000000000e+03
3.959000000000000000e+03
3.983000000000000000e+03
3.972000000000000000e+03
3.980000000000000000e+03
3.986000000000000000e+03
4.030000000000000000e+03
4.031000000000000000e+03
4.044000000000000000e+03
3.988000000000000000e+03
3.976000000000000000e+03
4.076000000000000000e+03
4.047000000000000000e+03
4.060000000000000000e+03
4.029000000000000000e+03
4.092000000000000000e+03
4.048000000000000000e+03
4.042000000000000000e+03
4.040000000000000000e+03
4.106000000000000000e+03
4.021000000000000000e+03
4.020000000000000000e+03
4.008000000000000000e+03
4.064000000000000000e+03
4.077000000000000000e+03
3.986000000000000000e+03
4.060000000000000000e+03
3.973000000000000000e+03
4.133000000000000000e+03
4.039000000000000000e+03
4.032000000000000000e+03
4.108000000000000000e+03
4.047000000000000000e+03
4.019000000000000000e+03
4.027000000000000000e+03
4.120000000000000000e+03
4.080000000000000000e+03
4.155000000000000000e+03
4.143000000000000000e+03
4.058000000000000000e+03
4.108000000000000000e+03
4.120000000000000000e+03
4.183000000000000000e+03
4.083000000000000000e+03
4.229000000000000000e+03
4.117000000000000000e+03
4.108000000000000000e+03
4.174000000000000000e+03
4.170000000000000000e+03
4.178000000000000000e+03
4.207000000000000000e+03
4.241000000000000000e+03
4.160000000000000000e+03
4.293000000000000000e+03
4.213000000000000000e+03
4.219000000000000000e+03
4.134000000000000000e+03
4.165000000000000000e+03
4.203000000000000000e+03
4.254000000000000000e+03
4.158000000000000000e+03
4.072000000000000000e+03
4.238000000000000000e+03
4.182000000000000000e+03
4.129000000000000000e+03
4.249000000000000000e+03
4.229000000000000000e+03
4.237000000000000000e+03
4.229000000000000000e+03
4.287000000000000000e+03
4.155000000000000000e+03
4.250000000000000000e+03
4.222000000000000000e+03
4.166000000000000000e+03
4.263000000000000000e+03
4.214000000000000000e+03
4.216000000000000000e+03
4.184000000000000000e+03
4.156000000000000000e+03
4.170000000000000000e+03
4.220000000000000000e+03
4.197000000000000000e+03
4.204000000000000000e+03
4.208000000000000000e+03
4.232000000000000000e+03
4.181000000000000000e+03
4.207000000000000000e+03
4.237000000000000000e+03
4.296000000000000000e+03
4.149000000000000000e+03
4.223000000000000000e+03
4.170000000000000000e+03
4.207000000000000000e+03
4.189000000000000000e+03
4.194000000000000000e+03
4.163000000000000000e+03
4.212000000000000000e+03
4.203000000000000000e+03
4.210000000000000000e+03
4.132000000000000000e+03
4.082000000000000000e+03
4.161000000000000000e+03
4.179000000000000000e+03
4.133000000000000000e+03
4.172000000000000000e+03
4.144000000000000000e+03
4.123000000000000000e+03
4.147000000000000000e+03
4.091000000000000000e+03
4.156000000000000000e+03
4.089000000000000000e+03
4.115000000000000000e+03
4.126000000000000000e+03
4.138000000000000000e+03
4.141000000000000000e+03
4.154000000000000000e+03
4.055000000000000000e+03
4.065000000000000000e+03
4.052000000000000000e+03
4.058000000000000000e+03
4.033000000000000000e+03
4.003000000000000000e+03
3.954000000000000000e+03
3.952000000000000000e+03
3.996000000000000000e+03
3.995000000000000000e+03
4.026000000000000000e+03
4.004000000000000000e+03
4.065000000000000000e+03
3.997000000000000000e+03
4.047000000000000000e+03
6.857000000000000000e+03
4.045000000000000000e+03
3.987000000000000000e+03
3.954000000000000000e+03
4.015000000000000000e+03
3.911000000000000000e+03
3.979000000000000000e+03
4.002000000000000000e+03
3.909000000000000000e+03
3.878000000000000000e+03
3.922000000000000000e+03
3.963000000000000000e+03
3.869000000000000000e+03
3.855000000000000000e+03
3.865000000000000000e+03
3.829000000000000000e+03
3.914000000000000000e+03
3.850000000000000000e+03
3.838000000000000000e+03
3.806000000000000000e+03
3.855000000000000000e+03
3.829000000000000000e+03
3.808000000000000000e+03
3.761000000000000000e+03
3.821000000000000000e+03
3.750000000000000000e+03
3.755000000000000000e+03
3.741000000000000000e+03
3.815000000000000000e+03
3.755000000000000000e+03
3.753000000000000000e+03
3.751000000000000000e+03
3.738000000000000000e+03
3.691000000000000000e+03
3.702000000000000000e+03
3.703000000000000000e+03
3.703000000000000000e+03
3.684000000000000000e+03
3.671000000000000000e+03
3.753000000000000000e+03
3.698000000000000000e+03
3.670000000000000000e+03
3.620000000000000000e+03
3.695000000000000000e+03
3.703000000000000000e+03
3.644000000000000000e+03
3.609000000000000000e+03
3.672000000000000000e+03
3.606000000000000000e+03
3.663000000000000000e+03
3.641000000000000000e+03
3.670000000000000000e+03
3.581000000000000000e+03
3.605000000000000000e+03
3.594000000000000000e+03
3.643000000000000000e+03
3.617000000000000000e+03
3.659000000000000000e+03
3.623000000000000000e+03
3.532000000000000000e+03
3.615000000000000000e+03
3.563000000000000000e+03
3.583000000000000000e+03
3.599000000000000000e+03
3.557000000000000000e+03
3.574000000000000000e+03
3.530000000000000000e+03
3.582000000000000000e+03
3.510000000000000000e+03
3.642000000000000000e+03
3.497000000000000000e+03
3.560000000000000000e+03
3.513000000000000000e+03
3.552000000000000000e+03
3.516000000000000000e+03
3.519000000000000000e+03
3.553000000000000000e+03
3.554000000000000000e+03
3.505000000000000000e+03
3.548000000000000000e+03
3.514000000000000000e+03
3.519000000000000000e+03
3.456000000000000000e+03
3.518000000000000000e+03
3.508000000000000000e+03
3.432000000000000000e+03
3.454000000000000000e+03
3.468000000000000000e+03
3.496000000000000000e+03
3.456000000000000000e+03
3.437000000000000000e+03
3.421000000000000000e+03
3.413000000000000000e+03
3.352000000000000000e+03
3.464000000000000000e+03
3.511000000000000000e+03
3.435000000000000000e+03
3.354000000000000000e+03
3.392000000000000000e+03
3.448000000000000000e+03
3.426000000000000000e+03
3.374000000000000000e+03
3.397000000000000000e+03
3.364000000000000000e+03
3.401000000000000000e+03
3.352000000000000000e+03
3.316000000000000000e+03
3.378000000000000000e+03
3.389000000000000000e+03
3.399000000000000000e+03
3.421000000000000000e+03
3.312000000000000000e+03
3.276000000000000000e+03
3.422000000000000000e+03
3.339000000000000000e+03
3.314000000000000000e+03
3.312000000000000000e+03
3.413000000000000000e+03
3.313000000000000000e+03
3.295000000000000000e+03
3.281000000000000000e+03
3.305000000000000000e+03
3.278000000000000000e+03
3.254000000000000000e+03
3.338000000000000000e+03
3.279000000000000000e+03
3.283000000000000000e+03
3.276000000000000000e+03
3.296000000000000000e+03
3.281000000000000000e+03
3.299000000000000000e+03
3.263000000000000000e+03
3.324000000000000000e+03
3.289000000000000000e+03
3.239000000000000000e+03
3.230000000000000000e+03
3.242000000000000000e+03
3.172000000000000000e+03
3.135000000000000000e+03
3.186000000000000000e+03
3.177000000000000000e+03
3.216000000000000000e+03
3.180000000000000000e+03
3.187000000000000000e+03
3.120000000000000000e+03
3.154000000000000000e+03
3.097000000000000000e+03
3.157000000000000000e+03
3.167000000000000000e+03
3.160000000000000000e+03
3.101000000000000000e+03
3.003000000000000000e+03
3.095000000000000000e+03
3.110000000000000000e+03
3.149000000000000000e+03
3.023000000000000000e+03
3.034000000000000000e+03
3.050000000000000000e+03
3.041000000000000000e+03
3.118000000000000000e+03
3.039000000000000000e+03
3.052000000000000000e+03
3.029000000000000000e+03
2.999000000000000000e+03
3.013000000000000000e+03
3.035000000000000000e+03
2.976000000000000000e+03
3.050000000000000000e+03
2.983000000000000000e+03
2.963000000000000000e+03
2.963000000000000000e+03
3.001000000000000000e+03
2.977000000000000000e+03
2.899000000000000000e+03
2.930000000000000000e+03
2.955000000000000000e+03
2.963000000000000000e+03
2.970000000000000000e+03
2.954000000000000000e+03
2.913000000000000000e+03
2.894000000000000000e+03
2.815000000000000000e+03
2.932000000000000000e+03
2.904000000000000000e+03
2.846000000000000000e+03
2.828000000000000000e+03
2.815000000000000000e+03
2.768000000000000000e+03
2.800000000000000000e+03
2.809000000000000000e+03
2.812000000000000000e+03
2.743000000000000000e+03
2.828000000000000000e+03
2.756000000000000000e+03
2.767000000000000000e+03
2.728000000000000000e+03
2.758000000000000000e+03
2.697000000000000000e+03
2.752000000000000000e+03
2.695000000000000000e+03
2.709000000000000000e+03
2.724000000000000000e+03
2.694000000000000000e+03
2.656000000000000000e+03
2.630000000000000000e+03
2.691000000000000000e+03
2.608000000000000000e+03
2.613000000000000000e+03
2.632000000000000000e+03
2.593000000000000000e+03
2.602000000000000000e+03
2.560000000000000000e+03
2.566000000000000000e+03
2.501000000000000000e+03
2.570000000000000000e+03
2.565000000000000000e+03
2.485000000000000000e+03
2.553000000000000000e+03
2.510000000000000000e+03
2.517000000000000000e+03
2.478000000000000000e+03
2.475000000000000000e+03
2.475000000000000000e+03
2.521000000000000000e+03
2.491000000000000000e+03
2.497000000000000000e+03
2.458000000000000000e+03
2.418000000000000000e+03
2.402000000000000000e+03
2.415000000000000000e+03
2.390000000000000000e+03
2.453000000000000000e+03
2.457000000000000000e+03
2.357000000000000000e+03
2.375000000000000000e+03
2.392000000000000000e+03
2.342000000000000000e+03
2.386000000000000000e+03
2.378000000000000000e+03
2.323000000000000000e+03
2.328000000000000000e+03
2.312000000000000000e+03
2.401000000000000000e+03
2.277000000000000000e+03
2.314000000000000000e+03
2.344000000000000000e+03
2.265000000000000000e+03
2.334000000000000000e+03
2.250000000000000000e+03
2.317000000000000000e+03
2.296000000000000000e+03
2.279000000000000000e+03
2.304000000000000000e+03
2.301000000000000000e+03
2.263000000000000000e+03
2.281000000000000000e+03
2.195000000000000000e+03
