1.373000000000000000e+03
1.375000000000000000e+03
1.419000000000000000e+03
1.361000000000000000e+03
1.415000000000000000e+03
1.427000000000000000e+03
1.399000000000000000e+03
1.350000000000000000e+03
1.394000000000000000e+03
1.459000000000000000e+03
1.471000000000000000e+03
1.438000000000000000e+03
1.377000000000000000e+03
1.460000000000000000e+03
1.398000000000000000e+03
1.434000000000000000e+03
1.396000000000000000e+03
1.407000000000000000e+03
1.477000000000000000e+03
1.481000000000000000e+03
1.472000000000000000e+03
1.473000000000000000e+03
1.495000000000000000e+03
1.511000000000000000e+03
1.519000000000000000e+03
1.501000000000000000e+03
1.563000000000000000e+03
1.527000000000000000e+03
1.531000000000000000e+03
1.507000000000000000e+03
1.507000000000000000e+03
1.543000000000000000e+03
1.502000000000000000e+03
1.566000000000000000e+03
1.499000000000000000e+03
1.562000000000000000e+03
1.531000000000000000e+03
1.581000000000000000e+03
1.561000000000000000e+03
1.554000000000000000e+03
1.600000000000000000e+03
1.562000000000000000e+03
1.586000000000000000e+03
1.590000000000000000e+03
1.600000000000000000e+03
1.565000000000000000e+03
1.528000000000000000e+03
1.588000000000000000e+03
1.593000000000000000e+03
1.580000000000000000e+03
1.566000000000000000e+03
1.609000000000000000e+03
1.620000000000000000e+03
1.618000000000000000e+03
1.589000000000000000e+03
1.656000000000000000e+03
1.618000000000000000e+03
1.664000000000000000e+03
1.617000000000000000e+03
1.582000000000000000e+03
1.613000000000000000e+03
1.657000000000000000e+03
1.692000000000000000e+03
1.603000000000000000e+03
1.620000000000000000e+03
1.627000000000000000e+03
1.642000000000000000e+03
1.653000000000000000e+03
1.630000000000000000e+03
1.653000000000000000e+03
1.687000000000000000e+03
1.617000000000000000e+03
1.674000000000000000e+03
1.657000000000000000e+03
1.758000000000000000e+03
1.763000000000000000e+03
1.687000000000000000e+03
1.729000000000000000e+03
1.678000000000000000e+03
1.693000000000000000e+03
1.662000000000000000e+03
1.743000000000000000e+03
1.730000000000000000e+03
1.712000000000000000e+03
1.710000000000000000e+03
1.696000000000000000e+03
1.706000000000000000e+03
1.721000000000000000e+03
1.716000000000000000e+03
1.773000000000000000e+03
1.777000000000000000e+03
1.773000000000000000e+03
1.807000000000000000e+03
1.740000000000000000e+03
1.771000000000000000e+03
1.747000000000000000e+03
1.730000000000000000e+03
1.734000000000000000e+03
1.789000000000000000e+03
1.783000000000000000e+03
1.782000000000000000e+03
1.765000000000000000e+03
1.825000000000000000e+03
1.807000000000000000e+03
1.791000000000000000e+03
1.804000000000000000e+03
1.823000000000000000e+03
1.854000000000000000e+03
1.871000000000000000e+03
1.894000000000000000e+03
1.861000000000000000e+03
1.874000000000000000e+03
1.864000000000000000e+03
1.850000000000000000e+03
1.904000000000000000e+03
1.882000000000000000e+03
1.852000000000000000e+03
1.872000000000000000e+03
1.861000000000000000e+03
1.972000000000000000e+03
1.928000000000000000e+03
1.928000000000000000e+03
1.949000000000000000e+03
1.958000000000000000e+03
1.972000000000000000e+03
1.956000000000000000e+03
1.940000000000000000e+03
2.066000000000000000e+03
1.988000000000000000e+03
1.964000000000000000e+03
2.025000000000000000e+03
2.028000000000000000e+03
1.925000000000000000e+03
2.049000000000000000e+03
2.037000000000000000e+03
2.051000000000000000e+03
2.116000000000000000e+03
2.070000000000000000e+03
2.070000000000000000e+03
2.071000000000000000e+03
2.127000000000000000e+03
2.069000000000000000e+03
2.164000000000000000e+03
2.125000000000000000e+03
2.146000000000000000e+03
2.147000000000000000e+03
2.162000000000000000e+03
2.180000000000000000e+03
2.202000000000000000e+03
2.181000000000000000e+03
2.211000000000000000e+03
2.189000000000000000e+03
2.152000000000000000e+03
2.252000000000000000e+03
2.230000000000000000e+03
2.234000000000000000e+03
2.215000000000000000e+03
2.188000000000000000e+03
2.264000000000000000e+03
2.269000000000000000e+03
2.284000000000000000e+03
2.339000000000000000e+03
2.320000000000000000e+03
2.405000000000000000e+03
2.279000000000000000e+03
2.340000000000000000e+03
2.299000000000000000e+03
2.344000000000000000e+03
2.354000000000000000e+03
2.382000000000000000e+03
2.272000000000000000e+03
2.351000000000000000e+03
2.397000000000000000e+03
2.333000000000000000e+03
2.381000000000000000e+03
2.361000000000000000e+03
2.339000000000000000e+03
2.414000000000000000e+03
2.414000000000000000e+03
2.414000000000000000e+03
2.423000000000000000e+03
2.470000000000000000e+03
2.477000000000000000e+03
2.364000000000000000e+03
2.408000000000000000e+03
2.466000000000000000e+03
2.452000000000000000e+03
2.559000000000000000e+03
2.880000000000000000e+03
2.896000000000000000e+03
2.548000000000000000e+03
2.536000000000000000e+03
2.511000000000000000e+03
2.513000000000000000e+03
2.513000000000000000e+03
2.532000000000000000e+03
2.469000000000000000e+03
2.519000000000000000e+03
2.522000000000000000e+03
2.595000000000000000e+03
2.561000000000000000e+03
2.530000000000000000e+03
2.562000000000000000e+03
2.532000000000000000e+03
2.599000000000000000e+03
2.638000000000000000e+03
2.597000000000000000e+03
2.629000000000000000e+03
2.629000000000000000e+03
2.662000000000000000e+03
2.756000000000000000e+03
2.686000000000000000e+03
2.614000000000000000e+03
2.695000000000000000e+03
2.697000000000000000e+03
2.769000000000000000e+03
2.700000000000000000e+03
2.761000000000000000e+03
2.799000000000000000e+03
2.730000000000000000e+03
2.726000000000000000e+03
2.789000000000000000e+03
2.878000000000000000e+03
2.815000000000000000e+03
2.865000000000000000e+03
2.808000000000000000e+03
2.838000000000000000e+03
2.856000000000000000e+03
2.895000000000000000e+03
2.794000000000000000e+03
2.913000000000000000e+03
2.953000000000000000e+03
2.880000000000000000e+03
2.907000000000000000e+03
2.964000000000000000e+03
2.935000000000000000e+03
2.970000000000000000e+03
2.933000000000000000e+03
3.067000000000000000e+03
2.944000000000000000e+03
3.003000000000000000e+03
3.152000000000000000e+03
3.018000000000000000e+03
3.071000000000000000e+03
3.117000000000000000e+03
3.051000000000000000e+03
3.085000000000000000e+03
3.100000000000000000e+03
3.127000000000000000e+03
3.211000000000000000e+03
3.151000000000000000e+03
3.146000000000000000e+03
3.180000000000000000e+03
3.151000000000000000e+03
3.139000000000000000e+03
3.194000000000000000e+03
3.249000000000000000e+03
3.260000000000000000e+03
3.262000000000000000e+03
3.338000000000000000e+03
3.376000000000000000e+03
3.331000000000000000e+03
3.304000000000000000e+03
3.316000000000000000e+03
3.292000000000000000e+03
3.380000000000000000e+03
3.415000000000000000e+03
3.329000000000000000e+03
3.340000000000000000e+03
3.373000000000000000e+03
3.373000000000000000e+03
3.362000000000000000e+03
3.418000000000000000e+03
3.333000000000000000e+03
3.422000000000000000e+03
3.394000000000000000e+03
3.488000000000000000e+03
3.429000000000000000e+03
3.422000000000000000e+03
3.452000000000000000e+03
3.508000000000000000e+03
3.416000000000000000e+03
3.371000000000000000e+03
3.477000000000000000e+03
3.445000000000000000e+03
3.412000000000000000e+03
3.453000000000000000e+03
3.570000000000000000e+03
3.467000000000000000e+03
3.466000000000000000e+03
3.493000000000000000e+03
3.455000000000000000e+03
3.460000000000000000e+03
3.590000000000000000e+03
3.553000000000000000e+03
3.518000000000000000e+03
3.595000000000000000e+03
3.556000000000000000e+03
3.572000000000000000e+03
3.610000000000000000e+03
3.585000000000000000e+03
3.563000000000000000e+03
3.528000000000000000e+03
3.636000000000000000e+03
3.516000000000000000e+03
3.551000000000000000e+03
3.647000000000000000e+03
3.612000000000000000e+03
3.621000000000000000e+03
3.577000000000000000e+03
3.543000000000000000e+03
3.623000000000000000e+03
3.616000000000000000e+03
3.567000000000000000e+03
3.606000000000000000e+03
3.578000000000000000e+03
3.635000000000000000e+03
3.529000000000000000e+03
3.583000000000000000e+03
3.609000000000000000e+03
3.584000000000000000e+03
3.555000000000000000e+03
3.590000000000000000e+03
3.619000000000000000e+03
3.610000000000000000e+03
3.644000000000000000e+03
3.643000000000000000e+03
3.645000000000000000e+03
3.567000000000000000e+03
3.660000000000000000e+03
3.597000000000000000e+03
3.567000000000000000e+03
3.623000000000000000e+03
3.503000000000000000e+03
3.609000000000000000e+03
3.647000000000000000e+03
3.639000000000000000e+03
3.606000000000000000e+03
3.647000000000000000e+03
3.634000000000000000e+03
3.587000000000000000e+03
3.603000000000000000e+03
3.624000000000000000e+03
3.627000000000000000e+03
3.629000000000000000e+03
3.623000000000000000e+03
3.611000000000000000e+03
3.584000000000000000e+03
3.647000000000000000e+03
3.634000000000000000e+03
3.571000000000000000e+03
3.651000000000000000e+03
3.648000000000000000e+03
3.615000000000000000e+03
3.628000000000000000e+03
3.634000000000000000e+03
3.607000000000000000e+03
3.628000000000000000e+03
3.638000000000000000e+03
3.657000000000000000e+03
3.620000000000000000e+03
3.662000000000000000e+03
3.624000000000000000e+03
3.696000000000000000e+03
3.635000000000000000e+03
3.712000000000000000e+03
3.632000000000000000e+03
3.596000000000000000e+03
3.700000000000000000e+03
3.666000000000000000e+03
3.724000000000000000e+03
3.676000000000000000e+03
3.673000000000000000e+03
3.604000000000000000e+03
3.697000000000000000e+03
3.721000000000000000e+03
3.696000000000000000e+03
3.674000000000000000e+03
3.653000000000000000e+03
3.703000000000000000e+03
3.739000000000000000e+03
3.793000000000000000e+03
3.744000000000000000e+03
3.794000000000000000e+03
3.747000000000000000e+03
3.711000000000000000e+03
3.759000000000000000e+03
3.768000000000000000e+03
3.740000000000000000e+03
3.751000000000000000e+03
3.823000000000000000e+03
3.807000000000000000e+03
3.800000000000000000e+03
3.820000000000000000e+03
3.754000000000000000e+03
3.771000000000000000e+03
3.759000000000000000e+03
3.812000000000000000e+03
3.808000000000000000e+03
3.769000000000000000e+03
3.878000000000000000e+03
3.859000000000000000e+03
3.804000000000000000e+03
3.792000000000000000e+03
3.791000000000000000e+03
3.840000000000000000e+03
3.818000000000000000e+03
3.724000000000000000e+03
3.777000000000000000e+03
3.758000000000000000e+03
3.860000000000000000e+03
3.873000000000000000e+03
3.849000000000000000e+03
3.903000000000000000e+03
3.821000000000000000e+03
3.801000000000000000e+03
3.839000000000000000e+03
3.850000000000000000e+03
3.810000000000000000e+03
3.894000000000000000e+03
3.878000000000000000e+03
3.890000000000000000e+03
3.921000000000000000e+03
3.893000000000000000e+03
3.916000000000000000e+03
3.904000000000000000e+03
3.929000000000000000e+03
3.867000000000000000e+03
3.859000000000000000e+03
3.913000000000000000e+03
3.904000000000000000e+03
3.814000000000000000e+03
3.938000000000000000e+03
3.942000000000000000e+03
3.895000000000000000e+03
3.897000000000000000e+03
3.928000000000000000e+03
3.965000000000000000e+03
3.921000000000000000e+03
4.582000000000000000e+03
3.935000000000000000e+03
3.945000000000000000e+03
3.919000000000000000e+03
3.910000000000000000e+03
3.988000000000000000e+03
3.870000000000000000e+03
3.995000000000000000e+03
3.954000000000000000e+03
3.964000000000000000e+03
3.964000000000000000e+03
3.961000000000000000e+03
3.898000000000000000e+03
3.816000000000000000e+03
3.921000000000000000e+03
3.928000000000000000e+03
3.871000000000000000e+03
3.992000000000000000e+03
3.921000000000000000e+03
3.918000000000000000e+03
3.964000000000000000e+03
3.879000000000000000e+03
3.981000000000000000e+03
3.922000000000000000e+03
3.937000000000000000e+03
3.884000000000000000e+03
4.006000000000000000e+03
3.939000000000000000e+03
3.848000000000000000e+03
3.891000000000000000e+03
3.912000000000000000e+03
3.853000000000000000e+03
3.899000000000000000e+03
3.877000000000000000e+03
3.874000000000000000e+03
3.968000000000000000e+03
3.879000000000000000e+03
3.971000000000000000e+03
3.887000000000000000e+03
4.005000000000000000e+03
3.832000000000000000e+03
3.867000000000000000e+03
3.930000000000000000e+03
3.862000000000000000e+03
3.846000000000000000e+03
3.853000000000000000e+03
3.854000000000000000e+03
3.824000000000000000e+03
3.776000000000000000e+03
3.772000000000000000e+03
3.807000000000000000e+03
3.781000000000000000e+03
3.804000000000000000e+03
3.784000000000000000e+03
3.825000000000000000e+03
3.879000000000000000e+03
3.806000000000000000e+03
3.833000000000000000e+03
3.765000000000000000e+03
3.791000000000000000e+03
3.770000000000000000e+03
3.753000000000000000e+03
3.775000000000000000e+03
3.774000000000000000e+03
3.763000000000000000e+03
3.784000000000000000e+03
3.678000000000000000e+03
3.726000000000000000e+03
3.773000000000000000e+03
3.827000000000000000e+03
3.652000000000000000e+03
3.728000000000000000e+03
3.640000000000000000e+03
3.667000000000000000e+03
3.735000000000000000e+03
3.664000000000000000e+03
3.621000000000000000e+03
3.640000000000000000e+03
3.659000000000000000e+03
3.703000000000000000e+03
3.708000000000000000e+03
3.654000000000000000e+03
3.633000000000000000e+03
3.594000000000000000e+03
3.614000000000000000e+03
3.572000000000000000e+03
3.612000000000000000e+03
3.602000000000000000e+03
3.613000000000000000e+03
3.520000000000000000e+03
3.585000000000000000e+03
3.580000000000000000e+03
3.581000000000000000e+03
3.547000000000000000e+03
3.540000000000000000e+03
3.526000000000000000e+03
3.536000000000000000e+03
3.507000000000000000e+03
3.530000000000000000e+03
3.504000000000000000e+03
3.600000000000000000e+03
3.508000000000000000e+03
3.515000000000000000e+03
3.464000000000000000e+03
3.496000000000000000e+03
3.452000000000000000e+03
3.489000000000000000e+03
3.430000000000000000e+03
3.445000000000000000e+03
3.612000000000000000e+03
3.433000000000000000e+03
3.438000000000000000e+03
3.425000000000000000e+03
3.403000000000000000e+03
3.445000000000000000e+03
3.419000000000000000e+03
3.384000000000000000e+03
3.391000000000000000e+03
3.383000000000000000e+03
3.383000000000000000e+03
3.422000000000000000e+03
3.400000000000000000e+03
3.467000000000000000e+03
3.323000000000000000e+03
3.355000000000000000e+03
3.316000000000000000e+03
3.408000000000000000e+03
3.383000000000000000e+03
3.355000000000000000e+03
3.231000000000000000e+03
3.348000000000000000e+03
3.373000000000000000e+03
3.390000000000000000e+03
3.278000000000000000e+03
3.306000000000000000e+03
3.368000000000000000e+03
3.323000000000000000e+03
3.324000000000000000e+03
3.292000000000000000e+03
3.353000000000000000e+03
3.328000000000000000e+03
3.283000000000000000e+03
3.265000000000000000e+03
3.328000000000000000e+03
3.347000000000000000e+03
3.236000000000000000e+03
3.343000000000000000e+03
3.327000000000000000e+03
3.276000000000000000e+03
3.283000000000000000e+03
3.288000000000000000e+03
3.243000000000000000e+03
3.219000000000000000e+03
3.280000000000000000e+03
3.299000000000000000e+03
3.272000000000000000e+03
3.214000000000000000e+03
3.314000000000000000e+03
3.233000000000000000e+03
3.219000000000000000e+03
3.201000000000000000e+03
3.245000000000000000e+03
3.228000000000000000e+03
3.230000000000000000e+03
3.199000000000000000e+03
3.219000000000000000e+03
3.302000000000000000e+03
3.205000000000000000e+03
3.252000000000000000e+03
3.242000000000000000e+03
3.130000000000000000e+03
3.196000000000000000e+03
3.174000000000000000e+03
3.157000000000000000e+03
3.164000000000000000e+03
3.153000000000000000e+03
3.137000000000000000e+03
3.112000000000000000e+03
3.126000000000000000e+03
3.181000000000000000e+03
3.139000000000000000e+03
3.183000000000000000e+03
3.108000000000000000e+03
3.073000000000000000e+03
3.183000000000000000e+03
3.050000000000000000e+03
3.099000000000000000e+03
3.064000000000000000e+03
3.015000000000000000e+03
3.111000000000000000e+03
3.056000000000000000e+03
3.126000000000000000e+03
3.077000000000000000e+03
3.047000000000000000e+03
3.127000000000000000e+03
3.108000000000000000e+03
3.076000000000000000e+03
3.014000000000000000e+03
3.050000000000000000e+03
3.039000000000000000e+03
3.012000000000000000e+03
3.064000000000000000e+03
3.004000000000000000e+03
2.921000000000000000e+03
3.026000000000000000e+03
3.036000000000000000e+03
2.957000000000000000e+03
2.957000000000000000e+03
3.002000000000000000e+03
2.997000000000000000e+03
3.044000000000000000e+03
3.010000000000000000e+03
2.962000000000000000e+03
2.936000000000000000e+03
2.990000000000000000e+03
2.953000000000000000e+03
2.945000000000000000e+03
2.916000000000000000e+03
2.981000000000000000e+03
2.917000000000000000e+03
2.979000000000000000e+03
2.906000000000000000e+03
2.928000000000000000e+03
2.918000000000000000e+03
2.866000000000000000e+03
2.839000000000000000e+03
2.913000000000000000e+03
2.865000000000000000e+03
2.917000000000000000e+03
2.864000000000000000e+03
2.834000000000000000e+03
2.763000000000000000e+03
2.826000000000000000e+03
2.803000000000000000e+03
2.869000000000000000e+03
2.789000000000000000e+03
2.894000000000000000e+03
2.840000000000000000e+03
2.838000000000000000e+03
2.815000000000000000e+03
2.786000000000000000e+03
2.832000000000000000e+03
2.744000000000000000e+03
2.768000000000000000e+03
2.790000000000000000e+03
2.752000000000000000e+03
2.781000000000000000e+03
2.713000000000000000e+03
2.773000000000000000e+03
2.692000000000000000e+03
2.673000000000000000e+03
2.663000000000000000e+03
2.706000000000000000e+03
2.827000000000000000e+03
2.680000000000000000e+03
2.663000000000000000e+03
2.647000000000000000e+03
2.709000000000000000e+03
2.643000000000000000e+03
2.569000000000000000e+03
2.695000000000000000e+03
2.606000000000000000e+03
2.586000000000000000e+03
2.626000000000000000e+03
2.606000000000000000e+03
2.575000000000000000e+03
2.589000000000000000e+03
2.565000000000000000e+03
2.532000000000000000e+03
2.520000000000000000e+03
2.582000000000000000e+03
2.538000000000000000e+03
2.522000000000000000e+03
2.544000000000000000e+03
2.545000000000000000e+03
2.592000000000000000e+03
2.484000000000000000e+03
2.480000000000000000e+03
2.428000000000000000e+03
2.447000000000000000e+03
2.468000000000000000e+03
2.448000000000000000e+03
2.453000000000000000e+03
2.416000000000000000e+03
2.402000000000000000e+03
2.353000000000000000e+03
2.649000000000000000e+03
2.371000000000000000e+03
2.360000000000000000e+03
2.348000000000000000e+03
2.323000000000000000e+03
2.294000000000000000e+03
2.334000000000000000e+03
2.332000000000000000e+03
2.373000000000000000e+03
2.315000000000000000e+03
2.301000000000000000e+03
2.304000000000000000e+03
2.280000000000000000e+03
2.383000000000000000e+03
2.287000000000000000e+03
2.291000000000000000e+03
2.248000000000000000e+03
2.304000000000000000e+03
2.323000000000000000e+03
2.275000000000000000e+03
2.267000000000000000e+03
2.257000000000000000e+03
2.244000000000000000e+03
2.266000000000000000e+03
2.303000000000000000e+03
2.186000000000000000e+03
2.170000000000000000e+03
2.200000000000000000e+03
2.245000000000000000e+03
2.218000000000000000e+03
2.181000000000000000e+03
2.160000000000000000e+03
2.177000000000000000e+03
2.183000000000000000e+03
2.204000000000000000e+03
2.135000000000000000e+03
2.192000000000000000e+03
2.203000000000000000e+03
2.171000000000000000e+03
2.144000000000000000e+03
