1.472000000000000000e+03
1.465000000000000000e+03
1.463000000000000000e+03
1.411000000000000000e+03
1.463000000000000000e+03
1.484000000000000000e+03
1.446000000000000000e+03
1.475000000000000000e+03
1.438000000000000000e+03
1.443000000000000000e+03
1.509000000000000000e+03
1.541000000000000000e+03
1.479000000000000000e+03
1.461000000000000000e+03
1.515000000000000000e+03
1.499000000000000000e+03
1.559000000000000000e+03
1.515000000000000000e+03
1.507000000000000000e+03
1.583000000000000000e+03
1.558000000000000000e+03
1.526000000000000000e+03
1.535000000000000000e+03
1.554000000000000000e+03
1.554000000000000000e+03
1.544000000000000000e+03
1.540000000000000000e+03
1.578000000000000000e+03
1.608000000000000000e+03
1.596000000000000000e+03
1.597000000000000000e+03
1.565000000000000000e+03
1.584000000000000000e+03
1.600000000000000000e+03
1.601000000000000000e+03
1.602000000000000000e+03
1.622000000000000000e+03
1.629000000000000000e+03
1.608000000000000000e+03
1.590000000000000000e+03
1.625000000000000000e+03
1.648000000000000000e+03
1.630000000000000000e+03
1.633000000000000000e+03
1.640000000000000000e+03
1.675000000000000000e+03
1.676000000000000000e+03
1.620000000000000000e+03
1.638000000000000000e+03
1.633000000000000000e+03
1.679000000000000000e+03
1.689000000000000000e+03
1.680000000000000000e+03
1.684000000000000000e+03
1.682000000000000000e+03
1.682000000000000000e+03
1.678000000000000000e+03
1.677000000000000000e+03
1.665000000000000000e+03
1.644000000000000000e+03
1.688000000000000000e+03
1.728000000000000000e+03
1.638000000000000000e+03
1.711000000000000000e+03
1.725000000000000000e+03
1.716000000000000000e+03
1.744000000000000000e+03
1.728000000000000000e+03
1.726000000000000000e+03
1.755000000000000000e+03
1.684000000000000000e+03
1.773000000000000000e+03
1.752000000000000000e+03
1.753000000000000000e+03
1.775000000000000000e+03
1.788000000000000000e+03
1.803000000000000000e+03
1.732000000000000000e+03
1.815000000000000000e+03
1.794000000000000000e+03
1.773000000000000000e+03
1.798000000000000000e+03
1.752000000000000000e+03
1.759000000000000000e+03
1.785000000000000000e+03
1.807000000000000000e+03
1.776000000000000000e+03
1.800000000000000000e+03
1.771000000000000000e+03
1.822000000000000000e+03
1.787000000000000000e+03
1.788000000000000000e+03
1.845000000000000000e+03
1.818000000000000000e+03
1.852000000000000000e+03
1.850000000000000000e+03
1.808000000000000000e+03
1.867000000000000000e+03
1.844000000000000000e+03
1.884000000000000000e+03
1.888000000000000000e+03
1.896000000000000000e+03
1.855000000000000000e+03
1.900000000000000000e+03
1.897000000000000000e+03
1.989000000000000000e+03
1.897000000000000000e+03
1.870000000000000000e+03
1.897000000000000000e+03
1.875000000000000000e+03
1.882000000000000000e+03
1.978000000000000000e+03
1.988000000000000000e+03
1.946000000000000000e+03
1.971000000000000000e+03
1.940000000000000000e+03
1.965000000000000000e+03
2.017000000000000000e+03
1.937000000000000000e+03
1.974000000000000000e+03
2.012000000000000000e+03
2.042000000000000000e+03
1.982000000000000000e+03
1.991000000000000000e+03
2.041000000000000000e+03
2.049000000000000000e+03
2.060000000000000000e+03
2.105000000000000000e+03
2.098000000000000000e+03
2.070000000000000000e+03
2.103000000000000000e+03
2.116000000000000000e+03
2.099000000000000000e+03
2.085000000000000000e+03
2.172000000000000000e+03
2.142000000000000000e+03
2.128000000000000000e+03
2.147000000000000000e+03
2.163000000000000000e+03
2.204000000000000000e+03
2.192000000000000000e+03
2.185000000000000000e+03
2.186000000000000000e+03
2.190000000000000000e+03
2.240000000000000000e+03
2.225000000000000000e+03
2.215000000000000000e+03
2.253000000000000000e+03
2.353000000000000000e+03
2.289000000000000000e+03
2.395000000000000000e+03
2.302000000000000000e+03
2.319000000000000000e+03
2.342000000000000000e+03
2.335000000000000000e+03
2.327000000000000000e+03
2.357000000000000000e+03
2.399000000000000000e+03
2.369000000000000000e+03
2.370000000000000000e+03
2.366000000000000000e+03
2.422000000000000000e+03
2.354000000000000000e+03
2.422000000000000000e+03
2.413000000000000000e+03
2.409000000000000000e+03
2.416000000000000000e+03
2.472000000000000000e+03
2.452000000000000000e+03
2.463000000000000000e+03
2.450000000000000000e+03
2.460000000000000000e+03
2.525000000000000000e+03
2.496000000000000000e+03
2.442000000000000000e+03
2.541000000000000000e+03
2.625000000000000000e+03
2.510000000000000000e+03
2.552000000000000000e+03
2.573000000000000000e+03
2.458000000000000000e+03
2.558000000000000000e+03
2.593000000000000000e+03
2.660000000000000000e+03
2.539000000000000000e+03
2.544000000000000000e+03
2.625000000000000000e+03
2.878000000000000000e+03
3.041000000000000000e+03
2.831000000000000000e+03
2.648000000000000000e+03
2.614000000000000000e+03
2.648000000000000000e+03
2.575000000000000000e+03
2.618000000000000000e+03
2.621000000000000000e+03
2.716000000000000000e+03
2.652000000000000000e+03
2.638000000000000000e+03
2.697000000000000000e+03
2.646000000000000000e+03
2.708000000000000000e+03
2.664000000000000000e+03
2.713000000000000000e+03
2.718000000000000000e+03
2.745000000000000000e+03
2.772000000000000000e+03
2.716000000000000000e+03
2.826000000000000000e+03
2.788000000000000000e+03
2.803000000000000000e+03
2.744000000000000000e+03
2.869000000000000000e+03
2.713000000000000000e+03
2.804000000000000000e+03
2.854000000000000000e+03
2.828000000000000000e+03
2.915000000000000000e+03
2.798000000000000000e+03
2.801000000000000000e+03
2.933000000000000000e+03
2.869000000000000000e+03
2.902000000000000000e+03
2.912000000000000000e+03
2.943000000000000000e+03
2.919000000000000000e+03
2.931000000000000000e+03
2.908000000000000000e+03
2.969000000000000000e+03
3.046000000000000000e+03
2.990000000000000000e+03
3.126000000000000000e+03
3.117000000000000000e+03
3.055000000000000000e+03
3.093000000000000000e+03
3.105000000000000000e+03
3.112000000000000000e+03
3.127000000000000000e+03
3.107000000000000000e+03
3.191000000000000000e+03
3.154000000000000000e+03
3.192000000000000000e+03
3.131000000000000000e+03
3.147000000000000000e+03
3.218000000000000000e+03
3.177000000000000000e+03
3.209000000000000000e+03
3.235000000000000000e+03
3.314000000000000000e+03
3.293000000000000000e+03
3.319000000000000000e+03
3.370000000000000000e+03
3.350000000000000000e+03
3.305000000000000000e+03
3.331000000000000000e+03
3.363000000000000000e+03
3.396000000000000000e+03
3.353000000000000000e+03
3.331000000000000000e+03
3.426000000000000000e+03
3.539000000000000000e+03
3.480000000000000000e+03
3.538000000000000000e+03
3.467000000000000000e+03
3.540000000000000000e+03
3.559000000000000000e+03
3.516000000000000000e+03
3.508000000000000000e+03
3.507000000000000000e+03
3.477000000000000000e+03
3.506000000000000000e+03
3.561000000000000000e+03
3.513000000000000000e+03
3.523000000000000000e+03
3.599000000000000000e+03
3.565000000000000000e+03
3.590000000000000000e+03
3.558000000000000000e+03
3.519000000000000000e+03
3.598000000000000000e+03
3.602000000000000000e+03
3.572000000000000000e+03
3.652000000000000000e+03
3.578000000000000000e+03
3.585000000000000000e+03
3.636000000000000000e+03
3.653000000000000000e+03
3.660000000000000000e+03
3.624000000000000000e+03
3.694000000000000000e+03
3.648000000000000000e+03
3.639000000000000000e+03
3.725000000000000000e+03
3.732000000000000000e+03
3.693000000000000000e+03
3.724000000000000000e+03
3.714000000000000000e+03
3.755000000000000000e+03
3.752000000000000000e+03
3.710000000000000000e+03
3.757000000000000000e+03
3.657000000000000000e+03
3.699000000000000000e+03
3.741000000000000000e+03
3.696000000000000000e+03
3.846000000000000000e+03
3.826000000000000000e+03
3.727000000000000000e+03
3.775000000000000000e+03
3.784000000000000000e+03
3.796000000000000000e+03
3.829000000000000000e+03
3.767000000000000000e+03
3.859000000000000000e+03
3.724000000000000000e+03
3.820000000000000000e+03
3.759000000000000000e+03
3.778000000000000000e+03
3.803000000000000000e+03
3.761000000000000000e+03
3.817000000000000000e+03
3.730000000000000000e+03
3.829000000000000000e+03
3.746000000000000000e+03
3.783000000000000000e+03
3.827000000000000000e+03
3.788000000000000000e+03
3.743000000000000000e+03
3.761000000000000000e+03
3.723000000000000000e+03
3.738000000000000000e+03
3.788000000000000000e+03
3.775000000000000000e+03
3.738000000000000000e+03
3.775000000000000000e+03
3.780000000000000000e+03
3.776000000000000000e+03
3.775000000000000000e+03
3.832000000000000000e+03
3.687000000000000000e+03
3.836000000000000000e+03
3.780000000000000000e+03
3.766000000000000000e+03
3.856000000000000000e+03
3.834000000000000000e+03
3.752000000000000000e+03
3.805000000000000000e+03
3.816000000000000000e+03
3.813000000000000000e+03
3.813000000000000000e+03
3.828000000000000000e+03
3.794000000000000000e+03
3.841000000000000000e+03
3.826000000000000000e+03
3.818000000000000000e+03
3.844000000000000000e+03
3.809000000000000000e+03
3.774000000000000000e+03
3.765000000000000000e+03
3.793000000000000000e+03
3.817000000000000000e+03
3.846000000000000000e+03
3.821000000000000000e+03
3.822000000000000000e+03
3.802000000000000000e+03
3.826000000000000000e+03
3.825000000000000000e+03
3.855000000000000000e+03
3.873000000000000000e+03
3.828000000000000000e+03
3.852000000000000000e+03
3.819000000000000000e+03
3.903000000000000000e+03
3.854000000000000000e+03
3.877000000000000000e+03
3.908000000000000000e+03
3.867000000000000000e+03
3.887000000000000000e+03
3.873000000000000000e+03
3.870000000000000000e+03
3.908000000000000000e+03
3.935000000000000000e+03
3.991000000000000000e+03
3.922000000000000000e+03
3.949000000000000000e+03
3.969000000000000000e+03
3.927000000000000000e+03
3.979000000000000000e+03
3.860000000000000000e+03
3.922000000000000000e+03
3.890000000000000000e+03
3.966000000000000000e+03
3.966000000000000000e+03
3.980000000000000000e+03
3.981000000000000000e+03
3.925000000000000000e+03
3.988000000000000000e+03
4.013000000000000000e+03
3.944000000000000000e+03
3.982000000000000000e+03
3.982000000000000000e+03
3.972000000000000000e+03
3.970000000000000000e+03
3.996000000000000000e+03
3.993000000000000000e+03
3.985000000000000000e+03
3.988000000000000000e+03
3.989000000000000000e+03
4.008000000000000000e+03
4.038000000000000000e+03
3.971000000000000000e+03
4.036000000000000000e+03
4.062000000000000000e+03
4.084000000000000000e+03
4.001000000000000000e+03
4.019000000000000000e+03
4.005000000000000000e+03
4.016000000000000000e+03
3.980000000000000000e+03
3.995000000000000000e+03
4.042000000000000000e+03
4.127000000000000000e+03
4.069000000000000000e+03
3.985000000000000000e+03
4.074000000000000000e+03
4.052000000000000000e+03
4.050000000000000000e+03
4.167000000000000000e+03
4.047000000000000000e+03
4.060000000000000000e+03
4.105000000000000000e+03
4.092000000000000000e+03
4.094000000000000000e+03
4.082000000000000000e+03
4.133000000000000000e+03
4.154000000000000000e+03
4.105000000000000000e+03
4.160000000000000000e+03
4.161000000000000000e+03
4.147000000000000000e+03
4.116000000000000000e+03
4.075000000000000000e+03
4.140000000000000000e+03
4.131000000000000000e+03
4.119000000000000000e+03
4.193000000000000000e+03
4.151000000000000000e+03
4.069000000000000000e+03
4.075000000000000000e+03
4.142000000000000000e+03
4.130000000000000000e+03
4.086000000000000000e+03
4.162000000000000000e+03
4.098000000000000000e+03
4.169000000000000000e+03
4.148000000000000000e+03
4.197000000000000000e+03
4.104000000000000000e+03
4.201000000000000000e+03
4.079000000000000000e+03
4.133000000000000000e+03
4.051000000000000000e+03
4.112000000000000000e+03
4.039000000000000000e+03
4.151000000000000000e+03
4.091000000000000000e+03
4.139000000000000000e+03
4.052000000000000000e+03
4.143000000000000000e+03
4.171000000000000000e+03
4.182000000000000000e+03
4.135000000000000000e+03
4.137000000000000000e+03
4.130000000000000000e+03
4.046000000000000000e+03
4.072000000000000000e+03
4.071000000000000000e+03
4.103000000000000000e+03
4.089000000000000000e+03
4.093000000000000000e+03
4.196000000000000000e+03
4.063000000000000000e+03
4.082000000000000000e+03
4.078000000000000000e+03
4.095000000000000000e+03
3.992000000000000000e+03
4.050000000000000000e+03
4.004000000000000000e+03
4.052000000000000000e+03
3.982000000000000000e+03
4.036000000000000000e+03
3.972000000000000000e+03
4.005000000000000000e+03
3.936000000000000000e+03
4.024000000000000000e+03
3.984000000000000000e+03
3.996000000000000000e+03
3.986000000000000000e+03
3.897000000000000000e+03
3.993000000000000000e+03
3.973000000000000000e+03
3.901000000000000000e+03
3.901000000000000000e+03
3.887000000000000000e+03
3.923000000000000000e+03
3.966000000000000000e+03
3.907000000000000000e+03
3.934000000000000000e+03
3.875000000000000000e+03
3.879000000000000000e+03
3.905000000000000000e+03
3.866000000000000000e+03
3.844000000000000000e+03
3.806000000000000000e+03
3.835000000000000000e+03
3.831000000000000000e+03
3.829000000000000000e+03
3.821000000000000000e+03
3.824000000000000000e+03
3.730000000000000000e+03
3.730000000000000000e+03
3.831000000000000000e+03
3.811000000000000000e+03
3.804000000000000000e+03
3.753000000000000000e+03
3.773000000000000000e+03
3.738000000000000000e+03
3.755000000000000000e+03
3.745000000000000000e+03
3.766000000000000000e+03
3.762000000000000000e+03
3.761000000000000000e+03
3.699000000000000000e+03
3.638000000000000000e+03
3.745000000000000000e+03
3.753000000000000000e+03
3.675000000000000000e+03
3.666000000000000000e+03
3.624000000000000000e+03
3.675000000000000000e+03
3.694000000000000000e+03
3.670000000000000000e+03
3.601000000000000000e+03
3.597000000000000000e+03
3.671000000000000000e+03
3.616000000000000000e+03
3.625000000000000000e+03
3.595000000000000000e+03
3.599000000000000000e+03
3.655000000000000000e+03
3.589000000000000000e+03
3.674000000000000000e+03
3.579000000000000000e+03
3.587000000000000000e+03
3.587000000000000000e+03
3.574000000000000000e+03
3.649000000000000000e+03
3.551000000000000000e+03
3.567000000000000000e+03
3.595000000000000000e+03
3.557000000000000000e+03
3.571000000000000000e+03
3.550000000000000000e+03
3.570000000000000000e+03
3.559000000000000000e+03
3.479000000000000000e+03
3.571000000000000000e+03
3.489000000000000000e+03
3.549000000000000000e+03
3.579000000000000000e+03
3.494000000000000000e+03
3.547000000000000000e+03
3.475000000000000000e+03
3.474000000000000000e+03
3.503000000000000000e+03
3.481000000000000000e+03
3.627000000000000000e+03
3.459000000000000000e+03
3.437000000000000000e+03
3.527000000000000000e+03
3.466000000000000000e+03
3.475000000000000000e+03
3.447000000000000000e+03
3.502000000000000000e+03
3.435000000000000000e+03
3.453000000000000000e+03
3.426000000000000000e+03
3.370000000000000000e+03
3.432000000000000000e+03
3.442000000000000000e+03
3.402000000000000000e+03
3.416000000000000000e+03
3.424000000000000000e+03
3.444000000000000000e+03
3.440000000000000000e+03
3.429000000000000000e+03
3.428000000000000000e+03
3.488000000000000000e+03
3.780000000000000000e+03
3.388000000000000000e+03
3.302000000000000000e+03
3.428000000000000000e+03
3.420000000000000000e+03
3.368000000000000000e+03
3.324000000000000000e+03
3.273000000000000000e+03
3.312000000000000000e+03
3.380000000000000000e+03
3.268000000000000000e+03
3.244000000000000000e+03
3.350000000000000000e+03
3.289000000000000000e+03
3.329000000000000000e+03
3.261000000000000000e+03
3.296000000000000000e+03
3.416000000000000000e+03
3.222000000000000000e+03
3.311000000000000000e+03
3.263000000000000000e+03
3.293000000000000000e+03
3.197000000000000000e+03
3.312000000000000000e+03
3.366000000000000000e+03
3.222000000000000000e+03
3.143000000000000000e+03
3.295000000000000000e+03
3.293000000000000000e+03
3.208000000000000000e+03
3.220000000000000000e+03
3.194000000000000000e+03
3.226000000000000000e+03
3.251000000000000000e+03
3.197000000000000000e+03
3.177000000000000000e+03
3.168000000000000000e+03
3.164000000000000000e+03
3.203000000000000000e+03
3.230000000000000000e+03
3.146000000000000000e+03
3.200000000000000000e+03
3.129000000000000000e+03
3.131000000000000000e+03
3.148000000000000000e+03
3.185000000000000000e+03
3.133000000000000000e+03
3.102000000000000000e+03
3.154000000000000000e+03
3.132000000000000000e+03
3.119000000000000000e+03
3.086000000000000000e+03
3.076000000000000000e+03
3.101000000000000000e+03
3.113000000000000000e+03
3.067000000000000000e+03
3.080000000000000000e+03
3.044000000000000000e+03
3.051000000000000000e+03
3.014000000000000000e+03
3.042000000000000000e+03
3.072000000000000000e+03
3.037000000000000000e+03
3.102000000000000000e+03
2.997000000000000000e+03
3.060000000000000000e+03
2.993000000000000000e+03
3.039000000000000000e+03
3.032000000000000000e+03
2.994000000000000000e+03
3.013000000000000000e+03
2.974000000000000000e+03
2.951000000000000000e+03
2.984000000000000000e+03
2.945000000000000000e+03
2.947000000000000000e+03
2.901000000000000000e+03
2.942000000000000000e+03
2.989000000000000000e+03
2.967000000000000000e+03
2.906000000000000000e+03
2.930000000000000000e+03
2.908000000000000000e+03
2.918000000000000000e+03
2.903000000000000000e+03
2.881000000000000000e+03
2.913000000000000000e+03
2.865000000000000000e+03
2.844000000000000000e+03
2.843000000000000000e+03
2.814000000000000000e+03
2.798000000000000000e+03
2.799000000000000000e+03
2.825000000000000000e+03
2.827000000000000000e+03
2.833000000000000000e+03
2.828000000000000000e+03
2.791000000000000000e+03
2.802000000000000000e+03
2.802000000000000000e+03
2.759000000000000000e+03
2.780000000000000000e+03
2.707000000000000000e+03
2.705000000000000000e+03
2.668000000000000000e+03
2.666000000000000000e+03
2.704000000000000000e+03
2.727000000000000000e+03
2.755000000000000000e+03
2.652000000000000000e+03
2.641000000000000000e+03
2.633000000000000000e+03
2.646000000000000000e+03
2.682000000000000000e+03
2.609000000000000000e+03
2.651000000000000000e+03
2.627000000000000000e+03
2.585000000000000000e+03
2.553000000000000000e+03
2.611000000000000000e+03
2.723000000000000000e+03
2.566000000000000000e+03
2.559000000000000000e+03
2.550000000000000000e+03
2.515000000000000000e+03
2.503000000000000000e+03
2.505000000000000000e+03
2.487000000000000000e+03
2.489000000000000000e+03
2.470000000000000000e+03
2.486000000000000000e+03
2.458000000000000000e+03
2.494000000000000000e+03
2.418000000000000000e+03
2.393000000000000000e+03
2.408000000000000000e+03
2.368000000000000000e+03
2.380000000000000000e+03
2.465000000000000000e+03
2.330000000000000000e+03
2.392000000000000000e+03
2.345000000000000000e+03
2.364000000000000000e+03
2.350000000000000000e+03
2.329000000000000000e+03
2.300000000000000000e+03
2.371000000000000000e+03
2.369000000000000000e+03
2.313000000000000000e+03
2.343000000000000000e+03
2.301000000000000000e+03
2.279000000000000000e+03
2.287000000000000000e+03
2.303000000000000000e+03
2.270000000000000000e+03
2.250000000000000000e+03
2.254000000000000000e+03
2.275000000000000000e+03
2.195000000000000000e+03
2.248000000000000000e+03
2.300000000000000000e+03
2.252000000000000000e+03
2.235000000000000000e+03
2.262000000000000000e+03
2.205000000000000000e+03
2.252000000000000000e+03
2.184000000000000000e+03
