1.524000000000000000e+03
1.515000000000000000e+03
1.496000000000000000e+03
1.523000000000000000e+03
1.554000000000000000e+03
1.585000000000000000e+03
1.594000000000000000e+03
1.569000000000000000e+03
1.567000000000000000e+03
1.536000000000000000e+03
1.575000000000000000e+03
1.585000000000000000e+03
1.582000000000000000e+03
1.630000000000000000e+03
1.544000000000000000e+03
1.578000000000000000e+03
1.614000000000000000e+03
1.665000000000000000e+03
1.672000000000000000e+03
1.616000000000000000e+03
1.660000000000000000e+03
1.632000000000000000e+03
1.655000000000000000e+03
1.656000000000000000e+03
1.692000000000000000e+03
1.640000000000000000e+03
1.668000000000000000e+03
1.667000000000000000e+03
1.704000000000000000e+03
1.681000000000000000e+03
1.693000000000000000e+03
1.685000000000000000e+03
1.687000000000000000e+03
1.717000000000000000e+03
1.702000000000000000e+03
1.719000000000000000e+03
1.739000000000000000e+03
1.707000000000000000e+03
1.742000000000000000e+03
1.692000000000000000e+03
1.738000000000000000e+03
1.679000000000000000e+03
1.706000000000000000e+03
1.721000000000000000e+03
1.744000000000000000e+03
1.745000000000000000e+03
1.734000000000000000e+03
1.764000000000000000e+03
1.746000000000000000e+03
1.729000000000000000e+03
1.783000000000000000e+03
1.801000000000000000e+03
1.797000000000000000e+03
1.744000000000000000e+03
1.839000000000000000e+03
1.759000000000000000e+03
1.814000000000000000e+03
1.823000000000000000e+03
1.821000000000000000e+03
1.787000000000000000e+03
1.891000000000000000e+03
1.797000000000000000e+03
1.847000000000000000e+03
1.818000000000000000e+03
1.770000000000000000e+03
1.830000000000000000e+03
1.834000000000000000e+03
1.847000000000000000e+03
1.836000000000000000e+03
1.901000000000000000e+03
1.825000000000000000e+03
1.841000000000000000e+03
1.886000000000000000e+03
1.860000000000000000e+03
1.895000000000000000e+03
1.854000000000000000e+03
1.930000000000000000e+03
1.857000000000000000e+03
1.825000000000000000e+03
1.926000000000000000e+03
1.893000000000000000e+03
1.912000000000000000e+03
1.942000000000000000e+03
1.935000000000000000e+03
1.900000000000000000e+03
1.890000000000000000e+03
1.937000000000000000e+03
1.908000000000000000e+03
1.939000000000000000e+03
1.912000000000000000e+03
1.905000000000000000e+03
1.890000000000000000e+03
1.960000000000000000e+03
1.998000000000000000e+03
1.948000000000000000e+03
1.954000000000000000e+03
1.948000000000000000e+03
1.957000000000000000e+03
1.977000000000000000e+03
1.944000000000000000e+03
2.024000000000000000e+03
1.944000000000000000e+03
1.978000000000000000e+03
2.014000000000000000e+03
2.021000000000000000e+03
1.972000000000000000e+03
2.001000000000000000e+03
2.012000000000000000e+03
2.044000000000000000e+03
2.026000000000000000e+03
2.025000000000000000e+03
2.094000000000000000e+03
2.117000000000000000e+03
2.101000000000000000e+03
2.113000000000000000e+03
2.107000000000000000e+03
2.128000000000000000e+03
2.122000000000000000e+03
2.162000000000000000e+03
2.111000000000000000e+03
2.111000000000000000e+03
2.185000000000000000e+03
2.265000000000000000e+03
2.209000000000000000e+03
2.198000000000000000e+03
2.206000000000000000e+03
2.182000000000000000e+03
2.247000000000000000e+03
2.227000000000000000e+03
2.232000000000000000e+03
2.240000000000000000e+03
2.269000000000000000e+03
2.267000000000000000e+03
2.271000000000000000e+03
2.276000000000000000e+03
2.293000000000000000e+03
2.282000000000000000e+03
2.310000000000000000e+03
2.279000000000000000e+03
2.348000000000000000e+03
2.350000000000000000e+03
2.404000000000000000e+03
2.361000000000000000e+03
2.383000000000000000e+03
2.384000000000000000e+03
2.397000000000000000e+03
2.465000000000000000e+03
2.470000000000000000e+03
2.419000000000000000e+03
2.464000000000000000e+03
2.511000000000000000e+03
2.494000000000000000e+03
2.516000000000000000e+03
2.519000000000000000e+03
2.557000000000000000e+03
2.491000000000000000e+03
2.525000000000000000e+03
2.477000000000000000e+03
2.483000000000000000e+03
2.558000000000000000e+03
2.563000000000000000e+03
2.510000000000000000e+03
2.655000000000000000e+03
2.615000000000000000e+03
2.521000000000000000e+03
2.626000000000000000e+03
2.604000000000000000e+03
2.647000000000000000e+03
2.634000000000000000e+03
2.675000000000000000e+03
2.613000000000000000e+03
2.680000000000000000e+03
2.650000000000000000e+03
2.653000000000000000e+03
2.671000000000000000e+03
2.682000000000000000e+03
2.736000000000000000e+03
2.700000000000000000e+03
2.690000000000000000e+03
2.710000000000000000e+03
2.720000000000000000e+03
2.748000000000000000e+03
2.708000000000000000e+03
2.736000000000000000e+03
2.733000000000000000e+03
3.204000000000000000e+03
2.997000000000000000e+03
3.241000000000000000e+03
3.016000000000000000e+03
2.815000000000000000e+03
2.820000000000000000e+03
2.803000000000000000e+03
2.791000000000000000e+03
2.829000000000000000e+03
2.771000000000000000e+03
2.837000000000000000e+03
2.842000000000000000e+03
2.826000000000000000e+03
2.791000000000000000e+03
2.838000000000000000e+03
2.839000000000000000e+03
2.868000000000000000e+03
2.857000000000000000e+03
2.882000000000000000e+03
2.909000000000000000e+03
2.898000000000000000e+03
2.945000000000000000e+03
2.998000000000000000e+03
2.925000000000000000e+03
2.991000000000000000e+03
3.009000000000000000e+03
2.999000000000000000e+03
2.949000000000000000e+03
2.994000000000000000e+03
2.995000000000000000e+03
3.058000000000000000e+03
3.062000000000000000e+03
3.075000000000000000e+03
3.068000000000000000e+03
3.086000000000000000e+03
3.137000000000000000e+03
3.205000000000000000e+03
3.163000000000000000e+03
3.125000000000000000e+03
3.236000000000000000e+03
3.143000000000000000e+03
3.446000000000000000e+03
3.274000000000000000e+03
3.246000000000000000e+03
3.312000000000000000e+03
3.247000000000000000e+03
3.300000000000000000e+03
3.269000000000000000e+03
3.309000000000000000e+03
3.308000000000000000e+03
3.287000000000000000e+03
3.341000000000000000e+03
3.330000000000000000e+03
3.422000000000000000e+03
3.445000000000000000e+03
3.471000000000000000e+03
3.395000000000000000e+03
3.445000000000000000e+03
3.412000000000000000e+03
3.446000000000000000e+03
3.515000000000000000e+03
3.526000000000000000e+03
3.518000000000000000e+03
3.509000000000000000e+03
3.497000000000000000e+03
3.542000000000000000e+03
3.556000000000000000e+03
3.480000000000000000e+03
3.591000000000000000e+03
3.535000000000000000e+03
3.628000000000000000e+03
3.612000000000000000e+03
3.721000000000000000e+03
3.702000000000000000e+03
3.619000000000000000e+03
3.673000000000000000e+03
3.660000000000000000e+03
3.742000000000000000e+03
3.692000000000000000e+03
3.798000000000000000e+03
3.822000000000000000e+03
3.732000000000000000e+03
3.828000000000000000e+03
3.721000000000000000e+03
3.721000000000000000e+03
3.736000000000000000e+03
3.736000000000000000e+03
3.824000000000000000e+03
3.814000000000000000e+03
3.742000000000000000e+03
3.785000000000000000e+03
3.721000000000000000e+03
3.789000000000000000e+03
3.845000000000000000e+03
3.809000000000000000e+03
3.882000000000000000e+03
3.838000000000000000e+03
3.787000000000000000e+03
3.835000000000000000e+03
3.850000000000000000e+03
3.873000000000000000e+03
3.820000000000000000e+03
3.875000000000000000e+03
3.802000000000000000e+03
3.905000000000000000e+03
3.826000000000000000e+03
4.637000000000000000e+03
3.910000000000000000e+03
3.904000000000000000e+03
3.875000000000000000e+03
3.945000000000000000e+03
3.871000000000000000e+03
3.944000000000000000e+03
3.940000000000000000e+03
3.926000000000000000e+03
3.890000000000000000e+03
3.994000000000000000e+03
3.964000000000000000e+03
3.992000000000000000e+03
3.964000000000000000e+03
4.033000000000000000e+03
3.977000000000000000e+03
3.920000000000000000e+03
3.989000000000000000e+03
4.000000000000000000e+03
4.006000000000000000e+03
4.026000000000000000e+03
3.996000000000000000e+03
3.987000000000000000e+03
4.020000000000000000e+03
4.005000000000000000e+03
4.097000000000000000e+03
4.057000000000000000e+03
4.018000000000000000e+03
3.997000000000000000e+03
4.051000000000000000e+03
4.002000000000000000e+03
4.022000000000000000e+03
4.000000000000000000e+03
4.035000000000000000e+03
4.071000000000000000e+03
4.009000000000000000e+03
4.092000000000000000e+03
4.096000000000000000e+03
4.018000000000000000e+03
3.958000000000000000e+03
4.030000000000000000e+03
4.045000000000000000e+03
4.048000000000000000e+03
4.125000000000000000e+03
4.072000000000000000e+03
4.001000000000000000e+03
4.054000000000000000e+03
4.004000000000000000e+03
4.094000000000000000e+03
3.968000000000000000e+03
3.998000000000000000e+03
3.992000000000000000e+03
4.017000000000000000e+03
4.008000000000000000e+03
4.064000000000000000e+03
4.060000000000000000e+03
4.097000000000000000e+03
4.123000000000000000e+03
4.060000000000000000e+03
4.061000000000000000e+03
4.053000000000000000e+03
4.127000000000000000e+03
4.062000000000000000e+03
4.224000000000000000e+03
4.102000000000000000e+03
4.119000000000000000e+03
4.114000000000000000e+03
4.117000000000000000e+03
4.145000000000000000e+03
4.045000000000000000e+03
4.103000000000000000e+03
4.200000000000000000e+03
4.134000000000000000e+03
4.046000000000000000e+03
4.115000000000000000e+03
4.203000000000000000e+03
4.073000000000000000e+03
4.097000000000000000e+03
4.144000000000000000e+03
4.130000000000000000e+03
4.170000000000000000e+03
4.198000000000000000e+03
4.170000000000000000e+03
4.181000000000000000e+03
4.156000000000000000e+03
4.200000000000000000e+03
4.181000000000000000e+03
4.133000000000000000e+03
4.223000000000000000e+03
4.212000000000000000e+03
4.245000000000000000e+03
4.226000000000000000e+03
4.294000000000000000e+03
4.227000000000000000e+03
4.200000000000000000e+03
4.270000000000000000e+03
4.256000000000000000e+03
4.265000000000000000e+03
4.239000000000000000e+03
4.280000000000000000e+03
4.249000000000000000e+03
4.325000000000000000e+03
4.270000000000000000e+03
4.294000000000000000e+03
4.188000000000000000e+03
4.243000000000000000e+03
4.299000000000000000e+03
4.333000000000000000e+03
4.325000000000000000e+03
4.276000000000000000e+03
4.286000000000000000e+03
4.199000000000000000e+03
4.350000000000000000e+03
4.310000000000000000e+03
4.300000000000000000e+03
4.276000000000000000e+03
4.299000000000000000e+03
4.253000000000000000e+03
4.280000000000000000e+03
4.312000000000000000e+03
4.264000000000000000e+03
4.303000000000000000e+03
4.358000000000000000e+03
4.376000000000000000e+03
4.300000000000000000e+03
4.344000000000000000e+03
4.386000000000000000e+03
4.393000000000000000e+03
4.353000000000000000e+03
4.353000000000000000e+03
4.349000000000000000e+03
4.361000000000000000e+03
4.419000000000000000e+03
4.419000000000000000e+03
4.446000000000000000e+03
4.394000000000000000e+03
4.387000000000000000e+03
4.431000000000000000e+03
4.383000000000000000e+03
4.496000000000000000e+03
4.452000000000000000e+03
4.459000000000000000e+03
4.498000000000000000e+03
4.495000000000000000e+03
4.476000000000000000e+03
4.381000000000000000e+03
4.507000000000000000e+03
4.465000000000000000e+03
4.446000000000000000e+03
4.480000000000000000e+03
4.430000000000000000e+03
4.439000000000000000e+03
4.406000000000000000e+03
4.492000000000000000e+03
4.425000000000000000e+03
4.492000000000000000e+03
4.470000000000000000e+03
4.445000000000000000e+03
4.444000000000000000e+03
4.547000000000000000e+03
4.480000000000000000e+03
4.452000000000000000e+03
4.503000000000000000e+03
4.380000000000000000e+03
4.423000000000000000e+03
4.480000000000000000e+03
4.492000000000000000e+03
4.470000000000000000e+03
4.388000000000000000e+03
4.383000000000000000e+03
4.500000000000000000e+03
4.484000000000000000e+03
4.493000000000000000e+03
4.441000000000000000e+03
4.491000000000000000e+03
4.568000000000000000e+03
4.449000000000000000e+03
4.374000000000000000e+03
4.387000000000000000e+03
4.435000000000000000e+03
4.465000000000000000e+03
4.442000000000000000e+03
4.393000000000000000e+03
4.418000000000000000e+03
4.462000000000000000e+03
4.398000000000000000e+03
4.413000000000000000e+03
4.338000000000000000e+03
4.445000000000000000e+03
4.393000000000000000e+03
4.361000000000000000e+03
4.454000000000000000e+03
4.372000000000000000e+03
4.358000000000000000e+03
4.314000000000000000e+03
4.343000000000000000e+03
4.301000000000000000e+03
4.296000000000000000e+03
4.381000000000000000e+03
4.293000000000000000e+03
4.247000000000000000e+03
4.307000000000000000e+03
4.320000000000000000e+03
4.299000000000000000e+03
4.263000000000000000e+03
4.238000000000000000e+03
4.234000000000000000e+03
4.217000000000000000e+03
4.263000000000000000e+03
4.211000000000000000e+03
4.280000000000000000e+03
4.253000000000000000e+03
4.202000000000000000e+03
4.250000000000000000e+03
4.231000000000000000e+03
4.200000000000000000e+03
4.231000000000000000e+03
4.180000000000000000e+03
4.145000000000000000e+03
4.138000000000000000e+03
4.272000000000000000e+03
4.195000000000000000e+03
4.173000000000000000e+03
4.154000000000000000e+03
4.121000000000000000e+03
4.149000000000000000e+03
4.086000000000000000e+03
4.130000000000000000e+03
4.101000000000000000e+03
4.042000000000000000e+03
4.015000000000000000e+03
4.076000000000000000e+03
4.068000000000000000e+03
4.059000000000000000e+03
4.108000000000000000e+03
4.043000000000000000e+03
4.057000000000000000e+03
4.109000000000000000e+03
4.014000000000000000e+03
3.989000000000000000e+03
4.042000000000000000e+03
4.046000000000000000e+03
4.026000000000000000e+03
4.008000000000000000e+03
3.959000000000000000e+03
4.033000000000000000e+03
3.896000000000000000e+03
3.973000000000000000e+03
4.004000000000000000e+03
3.886000000000000000e+03
3.983000000000000000e+03
3.961000000000000000e+03
3.891000000000000000e+03
3.885000000000000000e+03
3.900000000000000000e+03
3.855000000000000000e+03
3.850000000000000000e+03
3.875000000000000000e+03
3.875000000000000000e+03
3.909000000000000000e+03
3.887000000000000000e+03
3.893000000000000000e+03
3.947000000000000000e+03
3.858000000000000000e+03
3.875000000000000000e+03
3.826000000000000000e+03
3.815000000000000000e+03
3.842000000000000000e+03
3.837000000000000000e+03
3.887000000000000000e+03
3.776000000000000000e+03
3.734000000000000000e+03
3.769000000000000000e+03
3.795000000000000000e+03
3.799000000000000000e+03
3.745000000000000000e+03
3.745000000000000000e+03
3.771000000000000000e+03
3.775000000000000000e+03
3.762000000000000000e+03
3.863000000000000000e+03
3.774000000000000000e+03
3.718000000000000000e+03
3.699000000000000000e+03
3.792000000000000000e+03
3.794000000000000000e+03
3.685000000000000000e+03
3.776000000000000000e+03
3.779000000000000000e+03
3.665000000000000000e+03
3.749000000000000000e+03
3.743000000000000000e+03
3.728000000000000000e+03
3.719000000000000000e+03
3.775000000000000000e+03
3.683000000000000000e+03
3.698000000000000000e+03
3.685000000000000000e+03
3.723000000000000000e+03
3.662000000000000000e+03
3.683000000000000000e+03
3.681000000000000000e+03
3.694000000000000000e+03
3.619000000000000000e+03
3.740000000000000000e+03
3.670000000000000000e+03
3.542000000000000000e+03
3.657000000000000000e+03
3.638000000000000000e+03
3.673000000000000000e+03
3.628000000000000000e+03
3.632000000000000000e+03
3.586000000000000000e+03
3.576000000000000000e+03
3.658000000000000000e+03
3.604000000000000000e+03
3.624000000000000000e+03
3.669000000000000000e+03
3.532000000000000000e+03
3.592000000000000000e+03
3.509000000000000000e+03
3.521000000000000000e+03
3.570000000000000000e+03
3.577000000000000000e+03
3.524000000000000000e+03
3.482000000000000000e+03
3.631000000000000000e+03
3.505000000000000000e+03
3.522000000000000000e+03
3.496000000000000000e+03
3.476000000000000000e+03
3.547000000000000000e+03
3.582000000000000000e+03
3.533000000000000000e+03
3.513000000000000000e+03
3.421000000000000000e+03
3.478000000000000000e+03
3.444000000000000000e+03
3.458000000000000000e+03
3.499000000000000000e+03
3.451000000000000000e+03
3.425000000000000000e+03
3.421000000000000000e+03
3.420000000000000000e+03
3.426000000000000000e+03
3.367000000000000000e+03
3.422000000000000000e+03
3.423000000000000000e+03
3.385000000000000000e+03
3.425000000000000000e+03
3.358000000000000000e+03
3.357000000000000000e+03
3.431000000000000000e+03
3.339000000000000000e+03
3.354000000000000000e+03
3.336000000000000000e+03
3.359000000000000000e+03
3.363000000000000000e+03
3.310000000000000000e+03
3.337000000000000000e+03
3.373000000000000000e+03
3.319000000000000000e+03
3.310000000000000000e+03
3.348000000000000000e+03
3.335000000000000000e+03
3.294000000000000000e+03
3.290000000000000000e+03
3.329000000000000000e+03
3.265000000000000000e+03
3.347000000000000000e+03
3.245000000000000000e+03
3.200000000000000000e+03
3.203000000000000000e+03
3.271000000000000000e+03
3.398000000000000000e+03
3.258000000000000000e+03
3.257000000000000000e+03
3.166000000000000000e+03
3.214000000000000000e+03
3.176000000000000000e+03
3.201000000000000000e+03
3.158000000000000000e+03
3.184000000000000000e+03
3.216000000000000000e+03
3.104000000000000000e+03
3.150000000000000000e+03
3.228000000000000000e+03
3.833000000000000000e+03
3.077000000000000000e+03
3.160000000000000000e+03
3.236000000000000000e+03
3.112000000000000000e+03
3.122000000000000000e+03
3.062000000000000000e+03
3.100000000000000000e+03
3.044000000000000000e+03
3.057000000000000000e+03
3.120000000000000000e+03
2.952000000000000000e+03
3.072000000000000000e+03
3.065000000000000000e+03
2.918000000000000000e+03
2.973000000000000000e+03
3.024000000000000000e+03
2.969000000000000000e+03
2.935000000000000000e+03
2.957000000000000000e+03
2.954000000000000000e+03
2.968000000000000000e+03
2.878000000000000000e+03
2.927000000000000000e+03
2.951000000000000000e+03
2.820000000000000000e+03
2.881000000000000000e+03
2.884000000000000000e+03
2.843000000000000000e+03
2.882000000000000000e+03
2.797000000000000000e+03
2.898000000000000000e+03
2.785000000000000000e+03
2.738000000000000000e+03
2.772000000000000000e+03
2.854000000000000000e+03
2.801000000000000000e+03
2.751000000000000000e+03
2.752000000000000000e+03
2.772000000000000000e+03
2.789000000000000000e+03
2.719000000000000000e+03
2.690000000000000000e+03
2.713000000000000000e+03
2.657000000000000000e+03
2.667000000000000000e+03
2.622000000000000000e+03
2.668000000000000000e+03
2.575000000000000000e+03
2.666000000000000000e+03
2.551000000000000000e+03
2.601000000000000000e+03
2.569000000000000000e+03
2.587000000000000000e+03
2.604000000000000000e+03
2.555000000000000000e+03
2.646000000000000000e+03
2.550000000000000000e+03
2.542000000000000000e+03
2.529000000000000000e+03
2.575000000000000000e+03
2.560000000000000000e+03
2.521000000000000000e+03
2.460000000000000000e+03
2.519000000000000000e+03
2.559000000000000000e+03
2.420000000000000000e+03
2.566000000000000000e+03
2.445000000000000000e+03
2.434000000000000000e+03
2.462000000000000000e+03
2.436000000000000000e+03
2.453000000000000000e+03
2.406000000000000000e+03
2.449000000000000000e+03
2.417000000000000000e+03
2.424000000000000000e+03
2.423000000000000000e+03
2.441000000000000000e+03
2.391000000000000000e+03
2.367000000000000000e+03
2.360000000000000000e+03
2.402000000000000000e+03
2.406000000000000000e+03
2.398000000000000000e+03
2.350000000000000000e+03
2.369000000000000000e+03
