1.532000000000000000e+03
1.494000000000000000e+03
1.518000000000000000e+03
1.529000000000000000e+03
1.510000000000000000e+03
1.544000000000000000e+03
1.549000000000000000e+03
1.533000000000000000e+03
1.554000000000000000e+03
1.585000000000000000e+03
1.565000000000000000e+03
1.543000000000000000e+03
1.538000000000000000e+03
1.580000000000000000e+03
1.542000000000000000e+03
1.559000000000000000e+03
1.583000000000000000e+03
1.596000000000000000e+03
1.648000000000000000e+03
1.560000000000000000e+03
1.603000000000000000e+03
1.590000000000000000e+03
1.632000000000000000e+03
1.628000000000000000e+03
1.636000000000000000e+03
1.619000000000000000e+03
1.621000000000000000e+03
1.649000000000000000e+03
1.673000000000000000e+03
1.664000000000000000e+03
1.694000000000000000e+03
1.683000000000000000e+03
1.666000000000000000e+03
1.663000000000000000e+03
1.685000000000000000e+03
1.692000000000000000e+03
1.703000000000000000e+03
1.704000000000000000e+03
1.731000000000000000e+03
1.722000000000000000e+03
1.708000000000000000e+03
1.735000000000000000e+03
1.713000000000000000e+03
1.711000000000000000e+03
1.760000000000000000e+03
1.709000000000000000e+03
1.726000000000000000e+03
1.707000000000000000e+03
1.742000000000000000e+03
1.781000000000000000e+03
1.711000000000000000e+03
1.752000000000000000e+03
1.783000000000000000e+03
1.701000000000000000e+03
1.783000000000000000e+03
1.750000000000000000e+03
1.725000000000000000e+03
1.754000000000000000e+03
1.758000000000000000e+03
1.791000000000000000e+03
1.821000000000000000e+03
1.806000000000000000e+03
1.792000000000000000e+03
1.765000000000000000e+03
1.831000000000000000e+03
1.807000000000000000e+03
1.793000000000000000e+03
1.829000000000000000e+03
1.795000000000000000e+03
1.790000000000000000e+03
1.847000000000000000e+03
1.798000000000000000e+03
1.842000000000000000e+03
1.858000000000000000e+03
1.800000000000000000e+03
1.878000000000000000e+03
1.801000000000000000e+03
1.828000000000000000e+03
1.904000000000000000e+03
1.805000000000000000e+03
1.861000000000000000e+03
1.874000000000000000e+03
1.880000000000000000e+03
1.868000000000000000e+03
1.894000000000000000e+03
1.914000000000000000e+03
1.889000000000000000e+03
1.877000000000000000e+03
1.920000000000000000e+03
1.929000000000000000e+03
1.825000000000000000e+03
1.898000000000000000e+03
1.887000000000000000e+03
1.885000000000000000e+03
1.867000000000000000e+03
1.919000000000000000e+03
1.960000000000000000e+03
1.906000000000000000e+03
2.018000000000000000e+03
1.931000000000000000e+03
2.007000000000000000e+03
1.980000000000000000e+03
2.032000000000000000e+03
1.972000000000000000e+03
1.986000000000000000e+03
1.978000000000000000e+03
3.025000000000000000e+03
1.945000000000000000e+03
1.989000000000000000e+03
2.032000000000000000e+03
2.012000000000000000e+03
2.039000000000000000e+03
2.066000000000000000e+03
2.115000000000000000e+03
2.057000000000000000e+03
2.064000000000000000e+03
2.050000000000000000e+03
2.053000000000000000e+03
2.094000000000000000e+03
2.074000000000000000e+03
2.141000000000000000e+03
2.089000000000000000e+03
2.163000000000000000e+03
2.092000000000000000e+03
2.121000000000000000e+03
2.123000000000000000e+03
2.131000000000000000e+03
2.206000000000000000e+03
2.208000000000000000e+03
2.174000000000000000e+03
2.227000000000000000e+03
2.246000000000000000e+03
2.248000000000000000e+03
2.193000000000000000e+03
2.249000000000000000e+03
2.279000000000000000e+03
2.353000000000000000e+03
2.300000000000000000e+03
2.315000000000000000e+03
2.267000000000000000e+03
2.279000000000000000e+03
2.362000000000000000e+03
2.333000000000000000e+03
2.322000000000000000e+03
2.399000000000000000e+03
2.431000000000000000e+03
2.428000000000000000e+03
2.383000000000000000e+03
2.440000000000000000e+03
2.426000000000000000e+03
2.515000000000000000e+03
2.420000000000000000e+03
2.427000000000000000e+03
2.460000000000000000e+03
2.445000000000000000e+03
2.499000000000000000e+03
2.457000000000000000e+03
2.450000000000000000e+03
2.485000000000000000e+03
2.451000000000000000e+03
2.498000000000000000e+03
2.523000000000000000e+03
2.532000000000000000e+03
2.502000000000000000e+03
2.519000000000000000e+03
2.588000000000000000e+03
2.559000000000000000e+03
2.585000000000000000e+03
2.537000000000000000e+03
2.579000000000000000e+03
2.593000000000000000e+03
2.630000000000000000e+03
2.603000000000000000e+03
2.646000000000000000e+03
2.615000000000000000e+03
2.599000000000000000e+03
2.685000000000000000e+03
2.711000000000000000e+03
2.680000000000000000e+03
2.671000000000000000e+03
2.727000000000000000e+03
2.626000000000000000e+03
2.690000000000000000e+03
2.681000000000000000e+03
2.730000000000000000e+03
2.727000000000000000e+03
2.893000000000000000e+03
3.209000000000000000e+03
3.018000000000000000e+03
2.717000000000000000e+03
2.726000000000000000e+03
2.722000000000000000e+03
2.815000000000000000e+03
2.732000000000000000e+03
2.746000000000000000e+03
2.693000000000000000e+03
2.757000000000000000e+03
2.786000000000000000e+03
2.836000000000000000e+03
2.809000000000000000e+03
2.782000000000000000e+03
2.838000000000000000e+03
2.869000000000000000e+03
2.825000000000000000e+03
2.806000000000000000e+03
2.777000000000000000e+03
2.880000000000000000e+03
2.847000000000000000e+03
2.891000000000000000e+03
2.953000000000000000e+03
2.943000000000000000e+03
2.945000000000000000e+03
2.991000000000000000e+03
2.982000000000000000e+03
3.007000000000000000e+03
2.970000000000000000e+03
2.991000000000000000e+03
3.039000000000000000e+03
3.017000000000000000e+03
3.006000000000000000e+03
2.997000000000000000e+03
3.063000000000000000e+03
3.079000000000000000e+03
3.062000000000000000e+03
3.053000000000000000e+03
3.154000000000000000e+03
3.187000000000000000e+03
3.111000000000000000e+03
3.196000000000000000e+03
3.182000000000000000e+03
3.229000000000000000e+03
3.239000000000000000e+03
3.246000000000000000e+03
3.273000000000000000e+03
3.369000000000000000e+03
3.334000000000000000e+03
3.251000000000000000e+03
3.237000000000000000e+03
3.355000000000000000e+03
3.343000000000000000e+03
3.336000000000000000e+03
3.399000000000000000e+03
3.355000000000000000e+03
3.370000000000000000e+03
3.402000000000000000e+03
3.409000000000000000e+03
3.426000000000000000e+03
3.418000000000000000e+03
3.480000000000000000e+03
3.488000000000000000e+03
3.479000000000000000e+03
3.468000000000000000e+03
3.572000000000000000e+03
3.460000000000000000e+03
3.525000000000000000e+03
3.526000000000000000e+03
3.536000000000000000e+03
3.472000000000000000e+03
3.604000000000000000e+03
3.738000000000000000e+03
3.657000000000000000e+03
3.652000000000000000e+03
3.620000000000000000e+03
3.641000000000000000e+03
3.700000000000000000e+03
3.671000000000000000e+03
3.677000000000000000e+03
3.656000000000000000e+03
3.666000000000000000e+03
3.624000000000000000e+03
3.670000000000000000e+03
3.691000000000000000e+03
3.701000000000000000e+03
3.745000000000000000e+03
3.620000000000000000e+03
3.757000000000000000e+03
3.754000000000000000e+03
3.775000000000000000e+03
3.758000000000000000e+03
3.828000000000000000e+03
3.822000000000000000e+03
3.809000000000000000e+03
3.719000000000000000e+03
3.825000000000000000e+03
3.784000000000000000e+03
3.753000000000000000e+03
3.814000000000000000e+03
3.787000000000000000e+03
3.823000000000000000e+03
3.765000000000000000e+03
3.759000000000000000e+03
3.849000000000000000e+03
3.870000000000000000e+03
3.778000000000000000e+03
3.814000000000000000e+03
3.827000000000000000e+03
3.906000000000000000e+03
3.868000000000000000e+03
3.885000000000000000e+03
3.897000000000000000e+03
3.854000000000000000e+03
3.800000000000000000e+03
3.809000000000000000e+03
3.951000000000000000e+03
3.923000000000000000e+03
3.896000000000000000e+03
3.881000000000000000e+03
3.931000000000000000e+03
3.906000000000000000e+03
3.878000000000000000e+03
3.877000000000000000e+03
3.899000000000000000e+03
3.914000000000000000e+03
3.957000000000000000e+03
3.873000000000000000e+03
3.950000000000000000e+03
3.971000000000000000e+03
3.952000000000000000e+03
3.995000000000000000e+03
3.950000000000000000e+03
4.264000000000000000e+03
4.018000000000000000e+03
3.913000000000000000e+03
3.938000000000000000e+03
4.024000000000000000e+03
4.000000000000000000e+03
3.989000000000000000e+03
3.942000000000000000e+03
3.988000000000000000e+03
4.001000000000000000e+03
4.009000000000000000e+03
4.014000000000000000e+03
3.961000000000000000e+03
3.948000000000000000e+03
3.967000000000000000e+03
4.023000000000000000e+03
3.988000000000000000e+03
4.026000000000000000e+03
3.973000000000000000e+03
3.962000000000000000e+03
4.023000000000000000e+03
3.953000000000000000e+03
4.005000000000000000e+03
3.967000000000000000e+03
3.924000000000000000e+03
3.930000000000000000e+03
3.986000000000000000e+03
4.070000000000000000e+03
4.023000000000000000e+03
4.013000000000000000e+03
4.045000000000000000e+03
4.037000000000000000e+03
4.016000000000000000e+03
4.038000000000000000e+03
3.967000000000000000e+03
3.998000000000000000e+03
3.947000000000000000e+03
4.049000000000000000e+03
4.045000000000000000e+03
3.983000000000000000e+03
4.049000000000000000e+03
4.098000000000000000e+03
4.078000000000000000e+03
4.051000000000000000e+03
4.079000000000000000e+03
4.114000000000000000e+03
4.045000000000000000e+03
4.105000000000000000e+03
4.122000000000000000e+03
4.046000000000000000e+03
4.092000000000000000e+03
4.091000000000000000e+03
4.135000000000000000e+03
4.116000000000000000e+03
4.125000000000000000e+03
4.021000000000000000e+03
4.146000000000000000e+03
4.126000000000000000e+03
4.200000000000000000e+03
4.118000000000000000e+03
4.075000000000000000e+03
4.096000000000000000e+03
4.148000000000000000e+03
4.177000000000000000e+03
4.164000000000000000e+03
4.218000000000000000e+03
4.204000000000000000e+03
4.125000000000000000e+03
4.150000000000000000e+03
4.172000000000000000e+03
4.156000000000000000e+03
4.192000000000000000e+03
4.174000000000000000e+03
4.209000000000000000e+03
4.221000000000000000e+03
4.185000000000000000e+03
4.217000000000000000e+03
4.221000000000000000e+03
4.158000000000000000e+03
4.167000000000000000e+03
4.151000000000000000e+03
4.223000000000000000e+03
4.238000000000000000e+03
4.160000000000000000e+03
4.254000000000000000e+03
4.306000000000000000e+03
4.199000000000000000e+03
4.265000000000000000e+03
4.304000000000000000e+03
4.176000000000000000e+03
4.356000000000000000e+03
4.263000000000000000e+03
4.146000000000000000e+03
4.221000000000000000e+03
4.320000000000000000e+03
4.249000000000000000e+03
4.230000000000000000e+03
4.345000000000000000e+03
4.279000000000000000e+03
4.296000000000000000e+03
4.291000000000000000e+03
4.321000000000000000e+03
4.310000000000000000e+03
4.278000000000000000e+03
4.337000000000000000e+03
4.342000000000000000e+03
4.370000000000000000e+03
4.364000000000000000e+03
4.337000000000000000e+03
4.395000000000000000e+03
4.365000000000000000e+03
4.361000000000000000e+03
4.321000000000000000e+03
4.322000000000000000e+03
4.342000000000000000e+03
4.366000000000000000e+03
4.314000000000000000e+03
4.467000000000000000e+03
4.340000000000000000e+03
4.481000000000000000e+03
4.305000000000000000e+03
4.353000000000000000e+03
4.387000000000000000e+03
4.357000000000000000e+03
4.386000000000000000e+03
4.355000000000000000e+03
4.343000000000000000e+03
4.375000000000000000e+03
4.378000000000000000e+03
4.341000000000000000e+03
4.294000000000000000e+03
4.339000000000000000e+03
4.418000000000000000e+03
4.404000000000000000e+03
4.407000000000000000e+03
4.320000000000000000e+03
4.330000000000000000e+03
4.397000000000000000e+03
4.365000000000000000e+03
4.459000000000000000e+03
4.356000000000000000e+03
4.272000000000000000e+03
4.439000000000000000e+03
4.427000000000000000e+03
4.266000000000000000e+03
4.377000000000000000e+03
4.305000000000000000e+03
4.322000000000000000e+03
4.347000000000000000e+03
4.336000000000000000e+03
4.310000000000000000e+03
4.207000000000000000e+03
4.364000000000000000e+03
4.271000000000000000e+03
4.337000000000000000e+03
4.297000000000000000e+03
4.287000000000000000e+03
4.268000000000000000e+03
4.302000000000000000e+03
4.231000000000000000e+03
4.307000000000000000e+03
4.267000000000000000e+03
4.317000000000000000e+03
4.273000000000000000e+03
4.219000000000000000e+03
4.270000000000000000e+03
4.282000000000000000e+03
4.247000000000000000e+03
4.226000000000000000e+03
4.279000000000000000e+03
4.289000000000000000e+03
4.260000000000000000e+03
4.258000000000000000e+03
4.225000000000000000e+03
4.231000000000000000e+03
4.235000000000000000e+03
4.169000000000000000e+03
4.212000000000000000e+03
4.175000000000000000e+03
4.155000000000000000e+03
4.198000000000000000e+03
4.147000000000000000e+03
4.144000000000000000e+03
4.071000000000000000e+03
4.091000000000000000e+03
4.176000000000000000e+03
4.175000000000000000e+03
4.157000000000000000e+03
4.142000000000000000e+03
4.127000000000000000e+03
4.084000000000000000e+03
4.107000000000000000e+03
4.123000000000000000e+03
4.057000000000000000e+03
4.055000000000000000e+03
4.069000000000000000e+03
4.014000000000000000e+03
4.014000000000000000e+03
4.007000000000000000e+03
4.110000000000000000e+03
4.002000000000000000e+03
4.081000000000000000e+03
3.949000000000000000e+03
3.978000000000000000e+03
4.041000000000000000e+03
3.968000000000000000e+03
3.958000000000000000e+03
3.982000000000000000e+03
3.956000000000000000e+03
3.922000000000000000e+03
3.973000000000000000e+03
3.908000000000000000e+03
3.996000000000000000e+03
3.964000000000000000e+03
3.928000000000000000e+03
3.919000000000000000e+03
3.960000000000000000e+03
3.860000000000000000e+03
3.921000000000000000e+03
3.816000000000000000e+03
3.946000000000000000e+03
3.936000000000000000e+03
3.905000000000000000e+03
3.862000000000000000e+03
3.833000000000000000e+03
3.816000000000000000e+03
3.816000000000000000e+03
3.815000000000000000e+03
3.809000000000000000e+03
3.806000000000000000e+03
3.800000000000000000e+03
3.768000000000000000e+03
3.727000000000000000e+03
3.723000000000000000e+03
3.781000000000000000e+03
3.733000000000000000e+03
3.756000000000000000e+03
3.726000000000000000e+03
3.826000000000000000e+03
3.747000000000000000e+03
3.682000000000000000e+03
3.749000000000000000e+03
3.760000000000000000e+03
3.756000000000000000e+03
3.738000000000000000e+03
3.769000000000000000e+03
3.711000000000000000e+03
3.688000000000000000e+03
3.708000000000000000e+03
3.621000000000000000e+03
3.731000000000000000e+03
3.719000000000000000e+03
3.677000000000000000e+03
3.721000000000000000e+03
3.630000000000000000e+03
3.698000000000000000e+03
3.654000000000000000e+03
3.666000000000000000e+03
3.650000000000000000e+03
3.688000000000000000e+03
3.708000000000000000e+03
3.681000000000000000e+03
3.629000000000000000e+03
3.693000000000000000e+03
3.641000000000000000e+03
3.588000000000000000e+03
3.655000000000000000e+03
3.614000000000000000e+03
3.655000000000000000e+03
3.666000000000000000e+03
3.564000000000000000e+03
3.627000000000000000e+03
3.581000000000000000e+03
3.579000000000000000e+03
3.573000000000000000e+03
3.537000000000000000e+03
3.615000000000000000e+03
3.555000000000000000e+03
3.623000000000000000e+03
3.622000000000000000e+03
3.578000000000000000e+03
3.534000000000000000e+03
3.519000000000000000e+03
3.555000000000000000e+03
3.493000000000000000e+03
3.560000000000000000e+03
3.593000000000000000e+03
3.539000000000000000e+03
3.542000000000000000e+03
3.511000000000000000e+03
3.452000000000000000e+03
3.534000000000000000e+03
3.502000000000000000e+03
3.500000000000000000e+03
3.467000000000000000e+03
3.517000000000000000e+03
3.452000000000000000e+03
3.485000000000000000e+03
3.517000000000000000e+03
3.438000000000000000e+03
3.415000000000000000e+03
3.461000000000000000e+03
3.466000000000000000e+03
3.419000000000000000e+03
3.472000000000000000e+03
3.359000000000000000e+03
3.386000000000000000e+03
3.472000000000000000e+03
3.451000000000000000e+03
3.400000000000000000e+03
3.415000000000000000e+03
3.437000000000000000e+03
3.352000000000000000e+03
3.474000000000000000e+03
3.377000000000000000e+03
3.399000000000000000e+03
3.391000000000000000e+03
3.324000000000000000e+03
3.352000000000000000e+03
3.403000000000000000e+03
3.330000000000000000e+03
3.295000000000000000e+03
3.289000000000000000e+03
3.352000000000000000e+03
3.302000000000000000e+03
3.297000000000000000e+03
3.258000000000000000e+03
3.227000000000000000e+03
3.277000000000000000e+03
3.277000000000000000e+03
3.323000000000000000e+03
3.216000000000000000e+03
3.278000000000000000e+03
3.239000000000000000e+03
3.283000000000000000e+03
3.190000000000000000e+03
3.337000000000000000e+03
3.256000000000000000e+03
3.223000000000000000e+03
3.203000000000000000e+03
3.192000000000000000e+03
3.263000000000000000e+03
3.244000000000000000e+03
3.159000000000000000e+03
3.223000000000000000e+03
3.165000000000000000e+03
3.195000000000000000e+03
3.189000000000000000e+03
3.450000000000000000e+03
3.090000000000000000e+03
3.175000000000000000e+03
3.147000000000000000e+03
3.122000000000000000e+03
3.161000000000000000e+03
3.121000000000000000e+03
3.086000000000000000e+03
3.106000000000000000e+03
3.092000000000000000e+03
3.126000000000000000e+03
3.094000000000000000e+03
3.049000000000000000e+03
3.052000000000000000e+03
3.045000000000000000e+03
2.969000000000000000e+03
3.060000000000000000e+03
3.022000000000000000e+03
3.049000000000000000e+03
3.011000000000000000e+03
2.946000000000000000e+03
2.977000000000000000e+03
2.921000000000000000e+03
2.930000000000000000e+03
2.955000000000000000e+03
2.900000000000000000e+03
2.919000000000000000e+03
2.939000000000000000e+03
2.884000000000000000e+03
2.914000000000000000e+03
2.885000000000000000e+03
2.882000000000000000e+03
2.847000000000000000e+03
2.820000000000000000e+03
2.853000000000000000e+03
2.858000000000000000e+03
2.817000000000000000e+03
2.787000000000000000e+03
2.753000000000000000e+03
2.787000000000000000e+03
2.897000000000000000e+03
2.834000000000000000e+03
2.794000000000000000e+03
2.759000000000000000e+03
2.746000000000000000e+03
2.731000000000000000e+03
2.793000000000000000e+03
2.720000000000000000e+03
2.754000000000000000e+03
2.637000000000000000e+03
2.611000000000000000e+03
2.658000000000000000e+03
2.621000000000000000e+03
2.652000000000000000e+03
2.615000000000000000e+03
2.643000000000000000e+03
2.617000000000000000e+03
2.607000000000000000e+03
2.656000000000000000e+03
2.551000000000000000e+03
2.566000000000000000e+03
2.582000000000000000e+03
2.575000000000000000e+03
2.612000000000000000e+03
2.574000000000000000e+03
2.577000000000000000e+03
2.513000000000000000e+03
2.491000000000000000e+03
2.513000000000000000e+03
2.540000000000000000e+03
2.475000000000000000e+03
2.467000000000000000e+03
2.487000000000000000e+03
2.542000000000000000e+03
2.497000000000000000e+03
2.479000000000000000e+03
2.495000000000000000e+03
2.471000000000000000e+03
2.464000000000000000e+03
2.359000000000000000e+03
2.403000000000000000e+03
2.458000000000000000e+03
2.391000000000000000e+03
2.380000000000000000e+03
2.438000000000000000e+03
2.378000000000000000e+03
2.397000000000000000e+03
2.434000000000000000e+03
2.377000000000000000e+03
2.340000000000000000e+03
2.308000000000000000e+03
2.347000000000000000e+03
2.324000000000000000e+03
2.366000000000000000e+03
2.324000000000000000e+03
2.364000000000000000e+03
2.294000000000000000e+03
