1.668000000000000000e+03
1.714000000000000000e+03
1.650000000000000000e+03
1.659000000000000000e+03
1.743000000000000000e+03
1.677000000000000000e+03
1.680000000000000000e+03
1.669000000000000000e+03
1.702000000000000000e+03
1.726000000000000000e+03
1.754000000000000000e+03
1.749000000000000000e+03
1.743000000000000000e+03
1.720000000000000000e+03
1.752000000000000000e+03
1.745000000000000000e+03
1.774000000000000000e+03
1.771000000000000000e+03
1.740000000000000000e+03
1.809000000000000000e+03
1.762000000000000000e+03
1.788000000000000000e+03
1.819000000000000000e+03
1.760000000000000000e+03
1.814000000000000000e+03
1.756000000000000000e+03
1.801000000000000000e+03
1.811000000000000000e+03
1.780000000000000000e+03
1.797000000000000000e+03
1.817000000000000000e+03
1.835000000000000000e+03
1.823000000000000000e+03
1.888000000000000000e+03
1.806000000000000000e+03
1.826000000000000000e+03
1.822000000000000000e+03
1.906000000000000000e+03
1.845000000000000000e+03
1.857000000000000000e+03
1.888000000000000000e+03
1.872000000000000000e+03
1.841000000000000000e+03
1.867000000000000000e+03
1.862000000000000000e+03
1.884000000000000000e+03
1.852000000000000000e+03
1.930000000000000000e+03
1.863000000000000000e+03
1.885000000000000000e+03
1.957000000000000000e+03
1.989000000000000000e+03
1.925000000000000000e+03
1.930000000000000000e+03
1.959000000000000000e+03
1.943000000000000000e+03
1.958000000000000000e+03
1.911000000000000000e+03
1.996000000000000000e+03
1.927000000000000000e+03
2.002000000000000000e+03
1.989000000000000000e+03
2.018000000000000000e+03
2.028000000000000000e+03
2.003000000000000000e+03
1.957000000000000000e+03
1.939000000000000000e+03
1.993000000000000000e+03
2.009000000000000000e+03
2.014000000000000000e+03
2.026000000000000000e+03
2.066000000000000000e+03
2.079000000000000000e+03
2.022000000000000000e+03
2.040000000000000000e+03
2.025000000000000000e+03
2.016000000000000000e+03
2.034000000000000000e+03
2.104000000000000000e+03
2.040000000000000000e+03
2.066000000000000000e+03
2.037000000000000000e+03
2.104000000000000000e+03
2.077000000000000000e+03
2.057000000000000000e+03
2.081000000000000000e+03
2.123000000000000000e+03
2.076000000000000000e+03
2.086000000000000000e+03
2.083000000000000000e+03
2.154000000000000000e+03
2.142000000000000000e+03
2.141000000000000000e+03
2.160000000000000000e+03
2.175000000000000000e+03
2.180000000000000000e+03
2.113000000000000000e+03
2.199000000000000000e+03
2.121000000000000000e+03
2.170000000000000000e+03
2.237000000000000000e+03
2.134000000000000000e+03
2.179000000000000000e+03
2.174000000000000000e+03
2.197000000000000000e+03
2.202000000000000000e+03
2.284000000000000000e+03
2.186000000000000000e+03
2.244000000000000000e+03
2.230000000000000000e+03
2.228000000000000000e+03
2.248000000000000000e+03
2.381000000000000000e+03
2.341000000000000000e+03
2.320000000000000000e+03
2.316000000000000000e+03
2.380000000000000000e+03
2.278000000000000000e+03
2.407000000000000000e+03
2.356000000000000000e+03
2.385000000000000000e+03
2.373000000000000000e+03
2.320000000000000000e+03
2.431000000000000000e+03
2.404000000000000000e+03
2.406000000000000000e+03
2.486000000000000000e+03
2.492000000000000000e+03
2.467000000000000000e+03
2.472000000000000000e+03
2.489000000000000000e+03
2.508000000000000000e+03
2.509000000000000000e+03
2.554000000000000000e+03
2.533000000000000000e+03
2.526000000000000000e+03
2.573000000000000000e+03
2.503000000000000000e+03
2.596000000000000000e+03
2.538000000000000000e+03
2.600000000000000000e+03
2.555000000000000000e+03
2.571000000000000000e+03
2.696000000000000000e+03
2.628000000000000000e+03
2.645000000000000000e+03
2.730000000000000000e+03
2.675000000000000000e+03
2.737000000000000000e+03
2.701000000000000000e+03
2.718000000000000000e+03
2.720000000000000000e+03
2.726000000000000000e+03
2.738000000000000000e+03
2.723000000000000000e+03
2.756000000000000000e+03
2.773000000000000000e+03
2.813000000000000000e+03
2.801000000000000000e+03
2.851000000000000000e+03
2.872000000000000000e+03
2.795000000000000000e+03
2.767000000000000000e+03
2.847000000000000000e+03
2.838000000000000000e+03
2.840000000000000000e+03
2.871000000000000000e+03
2.878000000000000000e+03
2.899000000000000000e+03
2.856000000000000000e+03
2.920000000000000000e+03
2.966000000000000000e+03
2.872000000000000000e+03
2.918000000000000000e+03
2.952000000000000000e+03
3.017000000000000000e+03
2.977000000000000000e+03
2.937000000000000000e+03
3.068000000000000000e+03
2.997000000000000000e+03
2.998000000000000000e+03
2.958000000000000000e+03
2.999000000000000000e+03
3.012000000000000000e+03
3.398000000000000000e+03
3.532000000000000000e+03
3.268000000000000000e+03
3.102000000000000000e+03
3.036000000000000000e+03
3.149000000000000000e+03
3.065000000000000000e+03
3.088000000000000000e+03
3.036000000000000000e+03
3.037000000000000000e+03
3.083000000000000000e+03
3.123000000000000000e+03
3.140000000000000000e+03
3.216000000000000000e+03
3.146000000000000000e+03
3.175000000000000000e+03
3.094000000000000000e+03
3.196000000000000000e+03
3.229000000000000000e+03
3.177000000000000000e+03
3.190000000000000000e+03
3.240000000000000000e+03
3.264000000000000000e+03
3.306000000000000000e+03
3.215000000000000000e+03
3.309000000000000000e+03
3.281000000000000000e+03
3.376000000000000000e+03
3.256000000000000000e+03
3.290000000000000000e+03
3.354000000000000000e+03
3.434000000000000000e+03
3.377000000000000000e+03
3.421000000000000000e+03
3.380000000000000000e+03
3.457000000000000000e+03
3.465000000000000000e+03
3.475000000000000000e+03
3.422000000000000000e+03
3.520000000000000000e+03
3.575000000000000000e+03
3.443000000000000000e+03
3.515000000000000000e+03
3.561000000000000000e+03
3.589000000000000000e+03
3.574000000000000000e+03
3.654000000000000000e+03
3.618000000000000000e+03
3.655000000000000000e+03
3.638000000000000000e+03
3.584000000000000000e+03
3.721000000000000000e+03
3.637000000000000000e+03
3.663000000000000000e+03
3.760000000000000000e+03
3.728000000000000000e+03
3.758000000000000000e+03
3.734000000000000000e+03
3.818000000000000000e+03
3.765000000000000000e+03
3.840000000000000000e+03
3.808000000000000000e+03
3.945000000000000000e+03
3.873000000000000000e+03
3.839000000000000000e+03
3.865000000000000000e+03
3.965000000000000000e+03
3.963000000000000000e+03
4.027000000000000000e+03
3.879000000000000000e+03
3.958000000000000000e+03
3.994000000000000000e+03
4.086000000000000000e+03
4.126000000000000000e+03
4.035000000000000000e+03
3.993000000000000000e+03
4.032000000000000000e+03
4.073000000000000000e+03
4.185000000000000000e+03
4.123000000000000000e+03
4.090000000000000000e+03
4.072000000000000000e+03
4.054000000000000000e+03
4.115000000000000000e+03
4.086000000000000000e+03
4.081000000000000000e+03
4.052000000000000000e+03
4.160000000000000000e+03
4.223000000000000000e+03
4.180000000000000000e+03
4.114000000000000000e+03
4.153000000000000000e+03
4.176000000000000000e+03
4.218000000000000000e+03
4.113000000000000000e+03
4.177000000000000000e+03
4.203000000000000000e+03
4.196000000000000000e+03
4.264000000000000000e+03
4.303000000000000000e+03
4.246000000000000000e+03
4.227000000000000000e+03
4.253000000000000000e+03
4.172000000000000000e+03
4.255000000000000000e+03
4.256000000000000000e+03
4.287000000000000000e+03
4.242000000000000000e+03
4.312000000000000000e+03
4.370000000000000000e+03
4.276000000000000000e+03
4.303000000000000000e+03
4.373000000000000000e+03
4.476000000000000000e+03
4.284000000000000000e+03
4.300000000000000000e+03
4.374000000000000000e+03
4.371000000000000000e+03
4.361000000000000000e+03
4.468000000000000000e+03
4.417000000000000000e+03
4.433000000000000000e+03
4.403000000000000000e+03
4.346000000000000000e+03
4.321000000000000000e+03
4.338000000000000000e+03
4.346000000000000000e+03
4.399000000000000000e+03
4.397000000000000000e+03
4.378000000000000000e+03
4.404000000000000000e+03
4.373000000000000000e+03
4.415000000000000000e+03
4.379000000000000000e+03
4.476000000000000000e+03
4.472000000000000000e+03
4.443000000000000000e+03
4.382000000000000000e+03
4.423000000000000000e+03
4.400000000000000000e+03
4.381000000000000000e+03
4.494000000000000000e+03
4.444000000000000000e+03
4.331000000000000000e+03
4.465000000000000000e+03
4.378000000000000000e+03
4.433000000000000000e+03
4.429000000000000000e+03
4.431000000000000000e+03
4.455000000000000000e+03
4.404000000000000000e+03
4.398000000000000000e+03
4.479000000000000000e+03
4.370000000000000000e+03
4.415000000000000000e+03
4.492000000000000000e+03
4.464000000000000000e+03
4.415000000000000000e+03
4.412000000000000000e+03
4.483000000000000000e+03
4.444000000000000000e+03
4.404000000000000000e+03
4.422000000000000000e+03
4.404000000000000000e+03
4.507000000000000000e+03
4.536000000000000000e+03
4.569000000000000000e+03
4.456000000000000000e+03
4.508000000000000000e+03
4.495000000000000000e+03
4.457000000000000000e+03
4.430000000000000000e+03
4.425000000000000000e+03
4.405000000000000000e+03
4.430000000000000000e+03
4.518000000000000000e+03
4.564000000000000000e+03
4.538000000000000000e+03
4.559000000000000000e+03
4.532000000000000000e+03
4.409000000000000000e+03
4.564000000000000000e+03
4.624000000000000000e+03
4.522000000000000000e+03
4.528000000000000000e+03
4.555000000000000000e+03
4.605000000000000000e+03
4.529000000000000000e+03
4.580000000000000000e+03
4.533000000000000000e+03
4.534000000000000000e+03
4.530000000000000000e+03
4.634000000000000000e+03
4.649000000000000000e+03
4.542000000000000000e+03
4.644000000000000000e+03
4.660000000000000000e+03
4.596000000000000000e+03
4.638000000000000000e+03
4.581000000000000000e+03
4.701000000000000000e+03
4.633000000000000000e+03
4.692000000000000000e+03
4.641000000000000000e+03
4.662000000000000000e+03
4.638000000000000000e+03
4.702000000000000000e+03
4.633000000000000000e+03
4.607000000000000000e+03
4.681000000000000000e+03
4.685000000000000000e+03
4.625000000000000000e+03
4.683000000000000000e+03
4.650000000000000000e+03
4.691000000000000000e+03
4.678000000000000000e+03
4.707000000000000000e+03
4.682000000000000000e+03
4.628000000000000000e+03
4.670000000000000000e+03
4.717000000000000000e+03
4.659000000000000000e+03
4.741000000000000000e+03
4.740000000000000000e+03
4.753000000000000000e+03
4.743000000000000000e+03
4.714000000000000000e+03
4.778000000000000000e+03
4.717000000000000000e+03
4.691000000000000000e+03
4.751000000000000000e+03
4.768000000000000000e+03
4.829000000000000000e+03
4.743000000000000000e+03
4.798000000000000000e+03
4.807000000000000000e+03
4.781000000000000000e+03
4.806000000000000000e+03
4.818000000000000000e+03
4.789000000000000000e+03
4.767000000000000000e+03
4.850000000000000000e+03
4.736000000000000000e+03
4.816000000000000000e+03
4.795000000000000000e+03
4.870000000000000000e+03
4.852000000000000000e+03
4.781000000000000000e+03
4.813000000000000000e+03
4.902000000000000000e+03
4.869000000000000000e+03
4.864000000000000000e+03
4.831000000000000000e+03
4.807000000000000000e+03
4.880000000000000000e+03
4.903000000000000000e+03
4.840000000000000000e+03
4.898000000000000000e+03
4.819000000000000000e+03
4.873000000000000000e+03
4.758000000000000000e+03
4.833000000000000000e+03
4.844000000000000000e+03
4.819000000000000000e+03
4.867000000000000000e+03
4.800000000000000000e+03
4.850000000000000000e+03
4.812000000000000000e+03
4.867000000000000000e+03
4.838000000000000000e+03
4.885000000000000000e+03
4.936000000000000000e+03
4.812000000000000000e+03
4.799000000000000000e+03
4.837000000000000000e+03
4.794000000000000000e+03
4.868000000000000000e+03
4.769000000000000000e+03
4.770000000000000000e+03
4.811000000000000000e+03
4.757000000000000000e+03
4.761000000000000000e+03
4.850000000000000000e+03
4.781000000000000000e+03
4.755000000000000000e+03
4.707000000000000000e+03
4.775000000000000000e+03
4.764000000000000000e+03
4.739000000000000000e+03
4.759000000000000000e+03
4.771000000000000000e+03
4.778000000000000000e+03
4.800000000000000000e+03
4.731000000000000000e+03
4.803000000000000000e+03
4.838000000000000000e+03
4.764000000000000000e+03
4.700000000000000000e+03
4.786000000000000000e+03
4.686000000000000000e+03
4.877000000000000000e+03
4.853000000000000000e+03
4.664000000000000000e+03
4.756000000000000000e+03
4.713000000000000000e+03
4.682000000000000000e+03
4.618000000000000000e+03
4.628000000000000000e+03
4.596000000000000000e+03
4.646000000000000000e+03
4.680000000000000000e+03
4.628000000000000000e+03
4.637000000000000000e+03
4.632000000000000000e+03
4.648000000000000000e+03
4.673000000000000000e+03
4.541000000000000000e+03
4.555000000000000000e+03
4.565000000000000000e+03
4.549000000000000000e+03
4.566000000000000000e+03
4.562000000000000000e+03
4.610000000000000000e+03
4.563000000000000000e+03
4.671000000000000000e+03
4.564000000000000000e+03
4.525000000000000000e+03
4.504000000000000000e+03
4.519000000000000000e+03
4.483000000000000000e+03
4.473000000000000000e+03
4.426000000000000000e+03
4.496000000000000000e+03
4.450000000000000000e+03
4.455000000000000000e+03
4.455000000000000000e+03
4.473000000000000000e+03
4.417000000000000000e+03
4.428000000000000000e+03
4.414000000000000000e+03
4.363000000000000000e+03
4.394000000000000000e+03
4.538000000000000000e+03
4.369000000000000000e+03
4.320000000000000000e+03
4.443000000000000000e+03
4.336000000000000000e+03
4.377000000000000000e+03
4.323000000000000000e+03
4.360000000000000000e+03
4.302000000000000000e+03
4.249000000000000000e+03
4.263000000000000000e+03
4.258000000000000000e+03
4.305000000000000000e+03
4.333000000000000000e+03
4.279000000000000000e+03
4.346000000000000000e+03
4.332000000000000000e+03
4.275000000000000000e+03
4.142000000000000000e+03
4.302000000000000000e+03
4.241000000000000000e+03
4.185000000000000000e+03
4.267000000000000000e+03
4.185000000000000000e+03
4.200000000000000000e+03
4.190000000000000000e+03
4.207000000000000000e+03
4.171000000000000000e+03
4.190000000000000000e+03
4.196000000000000000e+03
4.109000000000000000e+03
4.262000000000000000e+03
4.115000000000000000e+03
4.092000000000000000e+03
4.168000000000000000e+03
4.199000000000000000e+03
4.193000000000000000e+03
4.114000000000000000e+03
4.161000000000000000e+03
4.121000000000000000e+03
4.151000000000000000e+03
4.094000000000000000e+03
4.061000000000000000e+03
4.114000000000000000e+03
4.091000000000000000e+03
4.059000000000000000e+03
4.028000000000000000e+03
4.071000000000000000e+03
4.161000000000000000e+03
4.051000000000000000e+03
4.078000000000000000e+03
4.077000000000000000e+03
4.039000000000000000e+03
4.119000000000000000e+03
4.138000000000000000e+03
4.001000000000000000e+03
4.042000000000000000e+03
4.042000000000000000e+03
4.014000000000000000e+03
3.977000000000000000e+03
3.974000000000000000e+03
4.044000000000000000e+03
4.040000000000000000e+03
4.044000000000000000e+03
3.966000000000000000e+03
4.016000000000000000e+03
4.021000000000000000e+03
3.960000000000000000e+03
4.005000000000000000e+03
4.017000000000000000e+03
3.848000000000000000e+03
3.954000000000000000e+03
4.037000000000000000e+03
3.926000000000000000e+03
3.958000000000000000e+03
3.964000000000000000e+03
3.960000000000000000e+03
3.934000000000000000e+03
3.888000000000000000e+03
3.837000000000000000e+03
3.928000000000000000e+03
3.937000000000000000e+03
3.888000000000000000e+03
3.881000000000000000e+03
3.815000000000000000e+03
3.873000000000000000e+03
3.838000000000000000e+03
3.912000000000000000e+03
3.778000000000000000e+03
3.847000000000000000e+03
3.847000000000000000e+03
3.856000000000000000e+03
3.836000000000000000e+03
3.781000000000000000e+03
3.794000000000000000e+03
3.843000000000000000e+03
3.748000000000000000e+03
3.804000000000000000e+03
3.826000000000000000e+03
3.733000000000000000e+03
3.735000000000000000e+03
3.793000000000000000e+03
3.760000000000000000e+03
3.788000000000000000e+03
3.763000000000000000e+03
3.747000000000000000e+03
3.770000000000000000e+03
3.760000000000000000e+03
3.725000000000000000e+03
3.662000000000000000e+03
3.734000000000000000e+03
3.736000000000000000e+03
3.741000000000000000e+03
3.699000000000000000e+03
3.716000000000000000e+03
3.697000000000000000e+03
3.688000000000000000e+03
3.675000000000000000e+03
3.651000000000000000e+03
3.701000000000000000e+03
3.667000000000000000e+03
3.604000000000000000e+03
3.690000000000000000e+03
3.550000000000000000e+03
3.714000000000000000e+03
3.582000000000000000e+03
3.664000000000000000e+03
3.653000000000000000e+03
3.585000000000000000e+03
3.592000000000000000e+03
3.549000000000000000e+03
3.532000000000000000e+03
3.507000000000000000e+03
3.631000000000000000e+03
3.585000000000000000e+03
3.526000000000000000e+03
3.532000000000000000e+03
3.555000000000000000e+03
3.562000000000000000e+03
3.519000000000000000e+03
3.457000000000000000e+03
3.525000000000000000e+03
3.499000000000000000e+03
3.481000000000000000e+03
3.511000000000000000e+03
3.439000000000000000e+03
3.334000000000000000e+03
3.506000000000000000e+03
3.458000000000000000e+03
3.447000000000000000e+03
3.431000000000000000e+03
3.489000000000000000e+03
3.393000000000000000e+03
3.365000000000000000e+03
3.402000000000000000e+03
3.355000000000000000e+03
3.310000000000000000e+03
3.302000000000000000e+03
3.331000000000000000e+03
3.344000000000000000e+03
3.251000000000000000e+03
3.288000000000000000e+03
3.324000000000000000e+03
3.254000000000000000e+03
3.284000000000000000e+03
3.298000000000000000e+03
3.196000000000000000e+03
3.264000000000000000e+03
3.228000000000000000e+03
3.248000000000000000e+03
3.188000000000000000e+03
3.225000000000000000e+03
3.125000000000000000e+03
3.241000000000000000e+03
3.265000000000000000e+03
3.149000000000000000e+03
3.191000000000000000e+03
3.183000000000000000e+03
3.159000000000000000e+03
3.102000000000000000e+03
3.139000000000000000e+03
3.066000000000000000e+03
3.079000000000000000e+03
3.071000000000000000e+03
2.985000000000000000e+03
3.015000000000000000e+03
3.048000000000000000e+03
2.974000000000000000e+03
3.014000000000000000e+03
2.991000000000000000e+03
3.027000000000000000e+03
2.977000000000000000e+03
2.932000000000000000e+03
2.984000000000000000e+03
2.914000000000000000e+03
2.911000000000000000e+03
2.882000000000000000e+03
2.960000000000000000e+03
2.885000000000000000e+03
2.904000000000000000e+03
2.878000000000000000e+03
2.805000000000000000e+03
2.828000000000000000e+03
2.846000000000000000e+03
2.804000000000000000e+03
2.864000000000000000e+03
2.819000000000000000e+03
2.740000000000000000e+03
2.784000000000000000e+03
2.857000000000000000e+03
2.808000000000000000e+03
2.755000000000000000e+03
2.760000000000000000e+03
2.753000000000000000e+03
2.711000000000000000e+03
2.644000000000000000e+03
2.715000000000000000e+03
2.672000000000000000e+03
2.731000000000000000e+03
2.682000000000000000e+03
2.644000000000000000e+03
2.722000000000000000e+03
2.677000000000000000e+03
2.678000000000000000e+03
2.613000000000000000e+03
2.652000000000000000e+03
2.636000000000000000e+03
2.570000000000000000e+03
2.637000000000000000e+03
2.647000000000000000e+03
2.701000000000000000e+03
2.605000000000000000e+03
2.616000000000000000e+03
2.510000000000000000e+03
2.599000000000000000e+03
2.571000000000000000e+03
2.606000000000000000e+03
2.580000000000000000e+03
2.513000000000000000e+03
