1.364000000000000000e+03
1.351000000000000000e+03
1.385000000000000000e+03
1.345000000000000000e+03
1.390000000000000000e+03
1.396000000000000000e+03
1.442000000000000000e+03
1.383000000000000000e+03
1.366000000000000000e+03
1.452000000000000000e+03
1.404000000000000000e+03
1.401000000000000000e+03
1.455000000000000000e+03
1.405000000000000000e+03
1.437000000000000000e+03
1.429000000000000000e+03
1.450000000000000000e+03
1.431000000000000000e+03
1.418000000000000000e+03
1.438000000000000000e+03
1.526000000000000000e+03
1.480000000000000000e+03
1.471000000000000000e+03
1.473000000000000000e+03
1.972000000000000000e+03
1.508000000000000000e+03
1.569000000000000000e+03
1.462000000000000000e+03
1.450000000000000000e+03
1.520000000000000000e+03
1.461000000000000000e+03
1.527000000000000000e+03
1.476000000000000000e+03
1.496000000000000000e+03
1.492000000000000000e+03
1.567000000000000000e+03
1.514000000000000000e+03
1.568000000000000000e+03
1.513000000000000000e+03
1.540000000000000000e+03
1.574000000000000000e+03
1.540000000000000000e+03
1.576000000000000000e+03
1.559000000000000000e+03
1.521000000000000000e+03
1.653000000000000000e+03
1.580000000000000000e+03
1.565000000000000000e+03
1.555000000000000000e+03
1.583000000000000000e+03
1.586000000000000000e+03
1.557000000000000000e+03
1.578000000000000000e+03
1.559000000000000000e+03
1.590000000000000000e+03
1.640000000000000000e+03
1.567000000000000000e+03
1.649000000000000000e+03
1.611000000000000000e+03
1.612000000000000000e+03
1.577000000000000000e+03
1.654000000000000000e+03
1.587000000000000000e+03
1.631000000000000000e+03
1.581000000000000000e+03
1.678000000000000000e+03
1.624000000000000000e+03
1.662000000000000000e+03
1.610000000000000000e+03
1.602000000000000000e+03
1.632000000000000000e+03
1.685000000000000000e+03
1.616000000000000000e+03
1.640000000000000000e+03
1.633000000000000000e+03
1.657000000000000000e+03
1.698000000000000000e+03
1.668000000000000000e+03
1.645000000000000000e+03
1.655000000000000000e+03
1.695000000000000000e+03
1.657000000000000000e+03
1.701000000000000000e+03
1.791000000000000000e+03
1.646000000000000000e+03
1.651000000000000000e+03
1.662000000000000000e+03
1.726000000000000000e+03
1.723000000000000000e+03
1.704000000000000000e+03
1.731000000000000000e+03
1.740000000000000000e+03
1.741000000000000000e+03
1.730000000000000000e+03
1.729000000000000000e+03
1.782000000000000000e+03
1.768000000000000000e+03
1.746000000000000000e+03
1.757000000000000000e+03
1.714000000000000000e+03
1.740000000000000000e+03
1.808000000000000000e+03
1.757000000000000000e+03
1.774000000000000000e+03
1.772000000000000000e+03
1.761000000000000000e+03
1.824000000000000000e+03
1.786000000000000000e+03
1.797000000000000000e+03
1.845000000000000000e+03
1.802000000000000000e+03
1.892000000000000000e+03
1.816000000000000000e+03
1.838000000000000000e+03
1.839000000000000000e+03
1.856000000000000000e+03
1.885000000000000000e+03
1.857000000000000000e+03
1.873000000000000000e+03
1.875000000000000000e+03
1.856000000000000000e+03
1.962000000000000000e+03
1.846000000000000000e+03
1.874000000000000000e+03
1.907000000000000000e+03
1.913000000000000000e+03
1.897000000000000000e+03
1.893000000000000000e+03
1.888000000000000000e+03
1.950000000000000000e+03
1.947000000000000000e+03
1.939000000000000000e+03
1.971000000000000000e+03
2.021000000000000000e+03
2.013000000000000000e+03
1.934000000000000000e+03
2.034000000000000000e+03
2.054000000000000000e+03
2.035000000000000000e+03
2.038000000000000000e+03
2.037000000000000000e+03
2.021000000000000000e+03
2.092000000000000000e+03
2.075000000000000000e+03
2.109000000000000000e+03
2.079000000000000000e+03
2.062000000000000000e+03
2.056000000000000000e+03
2.130000000000000000e+03
2.122000000000000000e+03
2.150000000000000000e+03
2.148000000000000000e+03
2.128000000000000000e+03
2.185000000000000000e+03
2.153000000000000000e+03
2.232000000000000000e+03
2.161000000000000000e+03
2.241000000000000000e+03
2.214000000000000000e+03
2.203000000000000000e+03
2.164000000000000000e+03
2.259000000000000000e+03
2.266000000000000000e+03
2.224000000000000000e+03
2.266000000000000000e+03
2.216000000000000000e+03
2.270000000000000000e+03
2.277000000000000000e+03
2.228000000000000000e+03
2.260000000000000000e+03
2.309000000000000000e+03
2.337000000000000000e+03
2.435000000000000000e+03
2.364000000000000000e+03
2.364000000000000000e+03
2.354000000000000000e+03
2.323000000000000000e+03
2.355000000000000000e+03
2.324000000000000000e+03
2.369000000000000000e+03
2.400000000000000000e+03
2.318000000000000000e+03
2.355000000000000000e+03
2.369000000000000000e+03
2.390000000000000000e+03
2.372000000000000000e+03
2.373000000000000000e+03
2.463000000000000000e+03
2.671000000000000000e+03
2.864000000000000000e+03
2.580000000000000000e+03
2.414000000000000000e+03
2.462000000000000000e+03
2.463000000000000000e+03
2.453000000000000000e+03
2.456000000000000000e+03
2.413000000000000000e+03
2.453000000000000000e+03
2.451000000000000000e+03
2.514000000000000000e+03
2.456000000000000000e+03
2.503000000000000000e+03
2.510000000000000000e+03
2.515000000000000000e+03
2.513000000000000000e+03
2.581000000000000000e+03
2.506000000000000000e+03
2.485000000000000000e+03
2.527000000000000000e+03
2.559000000000000000e+03
2.518000000000000000e+03
2.581000000000000000e+03
2.627000000000000000e+03
2.570000000000000000e+03
2.646000000000000000e+03
2.628000000000000000e+03
2.611000000000000000e+03
2.683000000000000000e+03
2.648000000000000000e+03
2.697000000000000000e+03
2.668000000000000000e+03
2.686000000000000000e+03
2.691000000000000000e+03
2.728000000000000000e+03
2.723000000000000000e+03
2.716000000000000000e+03
2.792000000000000000e+03
2.766000000000000000e+03
2.756000000000000000e+03
2.774000000000000000e+03
2.820000000000000000e+03
2.821000000000000000e+03
2.856000000000000000e+03
2.884000000000000000e+03
2.813000000000000000e+03
2.845000000000000000e+03
2.922000000000000000e+03
2.881000000000000000e+03
2.908000000000000000e+03
3.015000000000000000e+03
2.934000000000000000e+03
2.956000000000000000e+03
2.967000000000000000e+03
2.961000000000000000e+03
2.950000000000000000e+03
3.048000000000000000e+03
2.960000000000000000e+03
2.986000000000000000e+03
3.023000000000000000e+03
3.064000000000000000e+03
3.053000000000000000e+03
3.052000000000000000e+03
2.961000000000000000e+03
3.098000000000000000e+03
3.117000000000000000e+03
3.146000000000000000e+03
3.184000000000000000e+03
3.086000000000000000e+03
3.161000000000000000e+03
3.198000000000000000e+03
3.256000000000000000e+03
3.252000000000000000e+03
3.248000000000000000e+03
3.199000000000000000e+03
3.184000000000000000e+03
3.317000000000000000e+03
3.356000000000000000e+03
3.220000000000000000e+03
3.215000000000000000e+03
3.225000000000000000e+03
3.235000000000000000e+03
3.332000000000000000e+03
3.344000000000000000e+03
3.291000000000000000e+03
3.347000000000000000e+03
3.350000000000000000e+03
3.272000000000000000e+03
3.345000000000000000e+03
3.311000000000000000e+03
3.290000000000000000e+03
3.368000000000000000e+03
3.332000000000000000e+03
3.419000000000000000e+03
3.310000000000000000e+03
3.405000000000000000e+03
3.356000000000000000e+03
3.341000000000000000e+03
3.398000000000000000e+03
3.380000000000000000e+03
3.382000000000000000e+03
3.352000000000000000e+03
3.359000000000000000e+03
3.445000000000000000e+03
3.444000000000000000e+03
3.473000000000000000e+03
3.453000000000000000e+03
3.459000000000000000e+03
3.434000000000000000e+03
3.401000000000000000e+03
3.395000000000000000e+03
3.463000000000000000e+03
3.426000000000000000e+03
3.445000000000000000e+03
3.427000000000000000e+03
3.455000000000000000e+03
3.386000000000000000e+03
3.460000000000000000e+03
3.487000000000000000e+03
3.411000000000000000e+03
3.474000000000000000e+03
3.480000000000000000e+03
3.465000000000000000e+03
3.499000000000000000e+03
3.451000000000000000e+03
3.512000000000000000e+03
3.500000000000000000e+03
3.447000000000000000e+03
3.450000000000000000e+03
3.511000000000000000e+03
3.505000000000000000e+03
3.540000000000000000e+03
3.503000000000000000e+03
3.508000000000000000e+03
3.538000000000000000e+03
3.551000000000000000e+03
3.480000000000000000e+03
3.555000000000000000e+03
3.413000000000000000e+03
3.548000000000000000e+03
3.443000000000000000e+03
3.536000000000000000e+03
3.583000000000000000e+03
3.487000000000000000e+03
3.572000000000000000e+03
3.462000000000000000e+03
3.468000000000000000e+03
3.454000000000000000e+03
3.506000000000000000e+03
3.488000000000000000e+03
3.473000000000000000e+03
3.501000000000000000e+03
3.492000000000000000e+03
3.532000000000000000e+03
3.461000000000000000e+03
3.494000000000000000e+03
3.443000000000000000e+03
3.549000000000000000e+03
3.521000000000000000e+03
3.498000000000000000e+03
3.569000000000000000e+03
3.498000000000000000e+03
3.414000000000000000e+03
3.543000000000000000e+03
3.529000000000000000e+03
3.518000000000000000e+03
3.528000000000000000e+03
3.533000000000000000e+03
3.494000000000000000e+03
3.575000000000000000e+03
3.524000000000000000e+03
3.525000000000000000e+03
3.514000000000000000e+03
3.485000000000000000e+03
3.466000000000000000e+03
3.524000000000000000e+03
3.523000000000000000e+03
3.641000000000000000e+03
3.543000000000000000e+03
3.613000000000000000e+03
3.516000000000000000e+03
3.555000000000000000e+03
3.591000000000000000e+03
3.582000000000000000e+03
3.586000000000000000e+03
3.525000000000000000e+03
3.567000000000000000e+03
3.599000000000000000e+03
3.589000000000000000e+03
3.689000000000000000e+03
3.638000000000000000e+03
3.646000000000000000e+03
3.571000000000000000e+03
3.591000000000000000e+03
3.566000000000000000e+03
3.596000000000000000e+03
3.601000000000000000e+03
3.747000000000000000e+03
3.674000000000000000e+03
3.656000000000000000e+03
3.680000000000000000e+03
3.618000000000000000e+03
3.622000000000000000e+03
3.704000000000000000e+03
3.728000000000000000e+03
3.641000000000000000e+03
3.628000000000000000e+03
3.592000000000000000e+03
3.704000000000000000e+03
3.733000000000000000e+03
3.698000000000000000e+03
3.708000000000000000e+03
3.697000000000000000e+03
3.612000000000000000e+03
3.734000000000000000e+03
3.728000000000000000e+03
3.769000000000000000e+03
3.622000000000000000e+03
3.680000000000000000e+03
3.652000000000000000e+03
3.677000000000000000e+03
3.702000000000000000e+03
3.716000000000000000e+03
3.704000000000000000e+03
3.737000000000000000e+03
3.627000000000000000e+03
3.733000000000000000e+03
3.688000000000000000e+03
3.620000000000000000e+03
3.706000000000000000e+03
3.702000000000000000e+03
3.735000000000000000e+03
3.753000000000000000e+03
3.777000000000000000e+03
3.705000000000000000e+03
3.728000000000000000e+03
3.710000000000000000e+03
3.707000000000000000e+03
3.731000000000000000e+03
3.799000000000000000e+03
3.820000000000000000e+03
3.705000000000000000e+03
3.722000000000000000e+03
3.747000000000000000e+03
3.738000000000000000e+03
3.776000000000000000e+03
3.806000000000000000e+03
3.741000000000000000e+03
3.807000000000000000e+03
3.768000000000000000e+03
3.753000000000000000e+03
3.785000000000000000e+03
3.819000000000000000e+03
3.914000000000000000e+03
3.824000000000000000e+03
3.758000000000000000e+03
3.830000000000000000e+03
3.778000000000000000e+03
3.856000000000000000e+03
3.748000000000000000e+03
3.833000000000000000e+03
3.793000000000000000e+03
3.780000000000000000e+03
3.817000000000000000e+03
3.785000000000000000e+03
3.839000000000000000e+03
3.747000000000000000e+03
3.800000000000000000e+03
3.819000000000000000e+03
3.806000000000000000e+03
3.875000000000000000e+03
3.822000000000000000e+03
3.792000000000000000e+03
3.803000000000000000e+03
3.881000000000000000e+03
3.862000000000000000e+03
3.725000000000000000e+03
3.893000000000000000e+03
3.811000000000000000e+03
3.746000000000000000e+03
3.704000000000000000e+03
3.738000000000000000e+03
3.739000000000000000e+03
3.803000000000000000e+03
3.829000000000000000e+03
3.789000000000000000e+03
3.697000000000000000e+03
3.758000000000000000e+03
3.727000000000000000e+03
3.763000000000000000e+03
3.766000000000000000e+03
3.735000000000000000e+03
3.708000000000000000e+03
3.674000000000000000e+03
3.662000000000000000e+03
3.680000000000000000e+03
3.735000000000000000e+03
3.677000000000000000e+03
3.688000000000000000e+03
3.649000000000000000e+03
3.716000000000000000e+03
3.754000000000000000e+03
3.655000000000000000e+03
3.668000000000000000e+03
3.651000000000000000e+03
3.656000000000000000e+03
3.689000000000000000e+03
3.659000000000000000e+03
3.636000000000000000e+03
3.695000000000000000e+03
3.681000000000000000e+03
3.650000000000000000e+03
3.694000000000000000e+03
3.653000000000000000e+03
3.602000000000000000e+03
3.607000000000000000e+03
3.637000000000000000e+03
3.665000000000000000e+03
3.534000000000000000e+03
3.580000000000000000e+03
3.654000000000000000e+03
3.626000000000000000e+03
3.602000000000000000e+03
3.629000000000000000e+03
3.644000000000000000e+03
3.621000000000000000e+03
3.628000000000000000e+03
3.628000000000000000e+03
3.626000000000000000e+03
3.464000000000000000e+03
3.559000000000000000e+03
3.524000000000000000e+03
3.604000000000000000e+03
3.588000000000000000e+03
3.492000000000000000e+03
3.534000000000000000e+03
3.501000000000000000e+03
3.441000000000000000e+03
3.524000000000000000e+03
3.520000000000000000e+03
3.505000000000000000e+03
3.454000000000000000e+03
3.466000000000000000e+03
3.568000000000000000e+03
3.413000000000000000e+03
3.451000000000000000e+03
3.393000000000000000e+03
3.424000000000000000e+03
3.401000000000000000e+03
3.386000000000000000e+03
3.386000000000000000e+03
3.394000000000000000e+03
3.377000000000000000e+03
3.335000000000000000e+03
3.333000000000000000e+03
3.349000000000000000e+03
3.396000000000000000e+03
3.318000000000000000e+03
3.362000000000000000e+03
3.347000000000000000e+03
3.331000000000000000e+03
3.332000000000000000e+03
3.349000000000000000e+03
3.312000000000000000e+03
3.255000000000000000e+03
3.347000000000000000e+03
3.313000000000000000e+03
3.278000000000000000e+03
3.256000000000000000e+03
3.295000000000000000e+03
3.322000000000000000e+03
3.250000000000000000e+03
3.328000000000000000e+03
3.260000000000000000e+03
3.243000000000000000e+03
3.265000000000000000e+03
3.265000000000000000e+03
3.265000000000000000e+03
3.253000000000000000e+03
3.247000000000000000e+03
3.263000000000000000e+03
3.266000000000000000e+03
3.178000000000000000e+03
3.258000000000000000e+03
3.338000000000000000e+03
3.218000000000000000e+03
3.277000000000000000e+03
3.204000000000000000e+03
3.209000000000000000e+03
3.193000000000000000e+03
3.212000000000000000e+03
3.207000000000000000e+03
3.184000000000000000e+03
3.179000000000000000e+03
3.147000000000000000e+03
3.165000000000000000e+03
3.246000000000000000e+03
3.200000000000000000e+03
3.218000000000000000e+03
3.234000000000000000e+03
3.178000000000000000e+03
3.248000000000000000e+03
3.100000000000000000e+03
3.152000000000000000e+03
3.184000000000000000e+03
3.108000000000000000e+03
3.101000000000000000e+03
3.081000000000000000e+03
3.077000000000000000e+03
3.112000000000000000e+03
3.092000000000000000e+03
3.119000000000000000e+03
3.119000000000000000e+03
3.106000000000000000e+03
3.109000000000000000e+03
3.120000000000000000e+03
3.170000000000000000e+03
3.074000000000000000e+03
3.136000000000000000e+03
3.046000000000000000e+03
3.216000000000000000e+03
3.053000000000000000e+03
3.033000000000000000e+03
3.057000000000000000e+03
3.012000000000000000e+03
3.024000000000000000e+03
3.042000000000000000e+03
3.023000000000000000e+03
3.003000000000000000e+03
3.037000000000000000e+03
3.008000000000000000e+03
3.053000000000000000e+03
3.031000000000000000e+03
2.986000000000000000e+03
3.042000000000000000e+03
3.056000000000000000e+03
3.026000000000000000e+03
3.038000000000000000e+03
3.005000000000000000e+03
3.016000000000000000e+03
2.957000000000000000e+03
3.024000000000000000e+03
3.021000000000000000e+03
2.978000000000000000e+03
3.009000000000000000e+03
2.990000000000000000e+03
2.968000000000000000e+03
2.927000000000000000e+03
2.916000000000000000e+03
2.947000000000000000e+03
2.916000000000000000e+03
2.913000000000000000e+03
2.983000000000000000e+03
2.948000000000000000e+03
2.931000000000000000e+03
2.984000000000000000e+03
2.958000000000000000e+03
2.931000000000000000e+03
2.909000000000000000e+03
3.075000000000000000e+03
2.884000000000000000e+03
2.928000000000000000e+03
2.886000000000000000e+03
2.830000000000000000e+03
2.915000000000000000e+03
2.876000000000000000e+03
2.869000000000000000e+03
2.861000000000000000e+03
2.841000000000000000e+03
2.871000000000000000e+03
2.796000000000000000e+03
2.798000000000000000e+03
2.819000000000000000e+03
2.883000000000000000e+03
2.830000000000000000e+03
2.848000000000000000e+03
2.793000000000000000e+03
2.782000000000000000e+03
2.851000000000000000e+03
2.801000000000000000e+03
2.821000000000000000e+03
2.742000000000000000e+03
2.753000000000000000e+03
2.775000000000000000e+03
2.790000000000000000e+03
2.738000000000000000e+03
2.736000000000000000e+03
2.763000000000000000e+03
2.755000000000000000e+03
2.780000000000000000e+03
2.668000000000000000e+03
2.781000000000000000e+03
2.666000000000000000e+03
2.690000000000000000e+03
2.693000000000000000e+03
2.689000000000000000e+03
2.663000000000000000e+03
2.749000000000000000e+03
2.685000000000000000e+03
2.662000000000000000e+03
2.614000000000000000e+03
2.619000000000000000e+03
2.547000000000000000e+03
2.694000000000000000e+03
2.597000000000000000e+03
2.609000000000000000e+03
2.607000000000000000e+03
2.619000000000000000e+03
2.501000000000000000e+03
2.574000000000000000e+03
2.554000000000000000e+03
2.502000000000000000e+03
2.566000000000000000e+03
2.586000000000000000e+03
2.581000000000000000e+03
2.521000000000000000e+03
2.524000000000000000e+03
2.472000000000000000e+03
2.476000000000000000e+03
2.490000000000000000e+03
2.490000000000000000e+03
2.432000000000000000e+03
2.512000000000000000e+03
2.476000000000000000e+03
2.441000000000000000e+03
2.473000000000000000e+03
2.356000000000000000e+03
2.405000000000000000e+03
2.384000000000000000e+03
2.378000000000000000e+03
2.479000000000000000e+03
2.356000000000000000e+03
2.462000000000000000e+03
2.345000000000000000e+03
2.401000000000000000e+03
2.335000000000000000e+03
2.372000000000000000e+03
2.356000000000000000e+03
2.330000000000000000e+03
2.310000000000000000e+03
2.286000000000000000e+03
2.269000000000000000e+03
2.289000000000000000e+03
2.297000000000000000e+03
2.280000000000000000e+03
2.252000000000000000e+03
2.262000000000000000e+03
2.191000000000000000e+03
2.187000000000000000e+03
2.232000000000000000e+03
2.221000000000000000e+03
2.200000000000000000e+03
2.158000000000000000e+03
2.214000000000000000e+03
2.245000000000000000e+03
2.214000000000000000e+03
2.181000000000000000e+03
2.204000000000000000e+03
2.196000000000000000e+03
2.163000000000000000e+03
2.160000000000000000e+03
2.159000000000000000e+03
2.152000000000000000e+03
2.153000000000000000e+03
2.146000000000000000e+03
2.121000000000000000e+03
2.167000000000000000e+03
2.120000000000000000e+03
2.127000000000000000e+03
2.084000000000000000e+03
2.055000000000000000e+03
2.086000000000000000e+03
2.096000000000000000e+03
2.103000000000000000e+03
2.101000000000000000e+03
2.074000000000000000e+03
