1.515000000000000000e+03
1.509000000000000000e+03
1.518000000000000000e+03
1.648000000000000000e+03
1.559000000000000000e+03
1.555000000000000000e+03
1.562000000000000000e+03
1.560000000000000000e+03
1.521000000000000000e+03
1.543000000000000000e+03
1.610000000000000000e+03
1.600000000000000000e+03
1.560000000000000000e+03
1.618000000000000000e+03
1.678000000000000000e+03
1.612000000000000000e+03
1.612000000000000000e+03
1.565000000000000000e+03
1.612000000000000000e+03
1.569000000000000000e+03
1.637000000000000000e+03
1.589000000000000000e+03
1.591000000000000000e+03
1.624000000000000000e+03
1.659000000000000000e+03
1.611000000000000000e+03
1.662000000000000000e+03
1.638000000000000000e+03
1.652000000000000000e+03
1.654000000000000000e+03
1.714000000000000000e+03
1.649000000000000000e+03
1.641000000000000000e+03
1.712000000000000000e+03
1.681000000000000000e+03
1.656000000000000000e+03
1.711000000000000000e+03
1.718000000000000000e+03
1.665000000000000000e+03
1.918000000000000000e+03
1.741000000000000000e+03
1.738000000000000000e+03
1.696000000000000000e+03
1.722000000000000000e+03
1.700000000000000000e+03
1.690000000000000000e+03
1.728000000000000000e+03
1.732000000000000000e+03
1.725000000000000000e+03
1.772000000000000000e+03
1.780000000000000000e+03
1.728000000000000000e+03
1.753000000000000000e+03
1.759000000000000000e+03
1.765000000000000000e+03
1.764000000000000000e+03
1.737000000000000000e+03
1.863000000000000000e+03
1.763000000000000000e+03
1.799000000000000000e+03
1.872000000000000000e+03
1.775000000000000000e+03
1.802000000000000000e+03
1.770000000000000000e+03
1.838000000000000000e+03
1.876000000000000000e+03
1.855000000000000000e+03
1.809000000000000000e+03
1.825000000000000000e+03
1.836000000000000000e+03
1.804000000000000000e+03
1.846000000000000000e+03
1.803000000000000000e+03
1.822000000000000000e+03
1.833000000000000000e+03
1.860000000000000000e+03
1.865000000000000000e+03
1.855000000000000000e+03
1.880000000000000000e+03
1.855000000000000000e+03
1.848000000000000000e+03
1.898000000000000000e+03
1.883000000000000000e+03
1.880000000000000000e+03
1.918000000000000000e+03
1.908000000000000000e+03
1.904000000000000000e+03
1.899000000000000000e+03
1.897000000000000000e+03
1.889000000000000000e+03
1.920000000000000000e+03
2.009000000000000000e+03
1.943000000000000000e+03
1.930000000000000000e+03
1.930000000000000000e+03
2.064000000000000000e+03
1.939000000000000000e+03
1.958000000000000000e+03
1.997000000000000000e+03
1.997000000000000000e+03
1.981000000000000000e+03
2.071000000000000000e+03
1.985000000000000000e+03
1.982000000000000000e+03
2.047000000000000000e+03
1.974000000000000000e+03
1.987000000000000000e+03
2.015000000000000000e+03
2.045000000000000000e+03
2.082000000000000000e+03
2.072000000000000000e+03
2.030000000000000000e+03
2.090000000000000000e+03
2.030000000000000000e+03
2.112000000000000000e+03
2.045000000000000000e+03
2.084000000000000000e+03
2.080000000000000000e+03
2.104000000000000000e+03
2.081000000000000000e+03
2.167000000000000000e+03
2.120000000000000000e+03
2.148000000000000000e+03
2.153000000000000000e+03
2.154000000000000000e+03
2.174000000000000000e+03
2.189000000000000000e+03
2.156000000000000000e+03
2.143000000000000000e+03
2.257000000000000000e+03
2.257000000000000000e+03
2.267000000000000000e+03
2.261000000000000000e+03
2.263000000000000000e+03
2.286000000000000000e+03
2.282000000000000000e+03
2.290000000000000000e+03
2.295000000000000000e+03
2.347000000000000000e+03
2.349000000000000000e+03
2.321000000000000000e+03
2.324000000000000000e+03
2.354000000000000000e+03
2.418000000000000000e+03
2.338000000000000000e+03
2.338000000000000000e+03
2.381000000000000000e+03
2.341000000000000000e+03
2.440000000000000000e+03
2.388000000000000000e+03
2.392000000000000000e+03
2.430000000000000000e+03
2.491000000000000000e+03
2.388000000000000000e+03
2.400000000000000000e+03
2.509000000000000000e+03
2.528000000000000000e+03
2.542000000000000000e+03
2.481000000000000000e+03
2.505000000000000000e+03
2.519000000000000000e+03
2.516000000000000000e+03
2.565000000000000000e+03
2.559000000000000000e+03
2.550000000000000000e+03
2.587000000000000000e+03
2.612000000000000000e+03
2.679000000000000000e+03
2.554000000000000000e+03
2.617000000000000000e+03
2.626000000000000000e+03
2.636000000000000000e+03
2.627000000000000000e+03
2.673000000000000000e+03
2.643000000000000000e+03
2.584000000000000000e+03
2.632000000000000000e+03
2.675000000000000000e+03
2.723000000000000000e+03
2.679000000000000000e+03
2.653000000000000000e+03
2.688000000000000000e+03
2.662000000000000000e+03
2.731000000000000000e+03
2.742000000000000000e+03
2.734000000000000000e+03
2.952000000000000000e+03
3.256000000000000000e+03
2.954000000000000000e+03
2.761000000000000000e+03
2.776000000000000000e+03
2.709000000000000000e+03
2.753000000000000000e+03
2.749000000000000000e+03
2.831000000000000000e+03
2.772000000000000000e+03
2.766000000000000000e+03
2.855000000000000000e+03
2.802000000000000000e+03
2.814000000000000000e+03
2.904000000000000000e+03
2.837000000000000000e+03
2.870000000000000000e+03
2.824000000000000000e+03
2.925000000000000000e+03
2.840000000000000000e+03
2.891000000000000000e+03
2.932000000000000000e+03
2.964000000000000000e+03
2.914000000000000000e+03
2.945000000000000000e+03
2.863000000000000000e+03
2.885000000000000000e+03
2.956000000000000000e+03
2.969000000000000000e+03
3.046000000000000000e+03
3.038000000000000000e+03
3.007000000000000000e+03
3.044000000000000000e+03
3.014000000000000000e+03
3.040000000000000000e+03
3.061000000000000000e+03
3.174000000000000000e+03
3.117000000000000000e+03
3.044000000000000000e+03
3.173000000000000000e+03
3.111000000000000000e+03
3.225000000000000000e+03
3.126000000000000000e+03
3.189000000000000000e+03
3.222000000000000000e+03
3.230000000000000000e+03
3.242000000000000000e+03
3.193000000000000000e+03
3.295000000000000000e+03
3.340000000000000000e+03
3.241000000000000000e+03
3.277000000000000000e+03
3.403000000000000000e+03
3.383000000000000000e+03
3.324000000000000000e+03
3.370000000000000000e+03
3.435000000000000000e+03
3.331000000000000000e+03
3.519000000000000000e+03
3.392000000000000000e+03
3.449000000000000000e+03
3.510000000000000000e+03
3.406000000000000000e+03
3.502000000000000000e+03
3.524000000000000000e+03
3.594000000000000000e+03
3.568000000000000000e+03
3.657000000000000000e+03
3.540000000000000000e+03
3.561000000000000000e+03
3.564000000000000000e+03
3.553000000000000000e+03
3.643000000000000000e+03
3.700000000000000000e+03
3.702000000000000000e+03
3.665000000000000000e+03
3.646000000000000000e+03
3.706000000000000000e+03
3.757000000000000000e+03
3.729000000000000000e+03
3.699000000000000000e+03
3.617000000000000000e+03
3.717000000000000000e+03
3.607000000000000000e+03
3.698000000000000000e+03
3.711000000000000000e+03
3.690000000000000000e+03
3.715000000000000000e+03
3.714000000000000000e+03
3.733000000000000000e+03
3.690000000000000000e+03
3.721000000000000000e+03
3.755000000000000000e+03
3.741000000000000000e+03
3.643000000000000000e+03
3.836000000000000000e+03
3.847000000000000000e+03
3.803000000000000000e+03
3.795000000000000000e+03
3.810000000000000000e+03
3.773000000000000000e+03
3.870000000000000000e+03
3.843000000000000000e+03
3.871000000000000000e+03
3.820000000000000000e+03
3.823000000000000000e+03
3.725000000000000000e+03
3.822000000000000000e+03
3.863000000000000000e+03
3.880000000000000000e+03
3.838000000000000000e+03
3.926000000000000000e+03
3.864000000000000000e+03
3.867000000000000000e+03
3.844000000000000000e+03
3.893000000000000000e+03
3.829000000000000000e+03
3.952000000000000000e+03
3.859000000000000000e+03
3.885000000000000000e+03
3.895000000000000000e+03
3.843000000000000000e+03
3.889000000000000000e+03
3.899000000000000000e+03
3.934000000000000000e+03
3.907000000000000000e+03
3.962000000000000000e+03
3.878000000000000000e+03
3.979000000000000000e+03
3.941000000000000000e+03
3.958000000000000000e+03
3.873000000000000000e+03
3.964000000000000000e+03
4.018000000000000000e+03
3.938000000000000000e+03
3.965000000000000000e+03
3.999000000000000000e+03
3.937000000000000000e+03
3.949000000000000000e+03
3.976000000000000000e+03
3.967000000000000000e+03
3.987000000000000000e+03
3.955000000000000000e+03
4.075000000000000000e+03
3.973000000000000000e+03
3.987000000000000000e+03
3.947000000000000000e+03
4.035000000000000000e+03
4.015000000000000000e+03
4.866000000000000000e+03
4.015000000000000000e+03
4.050000000000000000e+03
3.987000000000000000e+03
3.955000000000000000e+03
3.972000000000000000e+03
3.990000000000000000e+03
3.977000000000000000e+03
4.023000000000000000e+03
4.099000000000000000e+03
3.972000000000000000e+03
4.033000000000000000e+03
4.035000000000000000e+03
4.010000000000000000e+03
4.015000000000000000e+03
4.040000000000000000e+03
3.982000000000000000e+03
3.999000000000000000e+03
4.040000000000000000e+03
4.090000000000000000e+03
4.029000000000000000e+03
4.040000000000000000e+03
4.002000000000000000e+03
4.065000000000000000e+03
4.060000000000000000e+03
4.047000000000000000e+03
4.145000000000000000e+03
4.121000000000000000e+03
4.067000000000000000e+03
3.977000000000000000e+03
4.062000000000000000e+03
4.134000000000000000e+03
4.031000000000000000e+03
4.106000000000000000e+03
4.070000000000000000e+03
4.076000000000000000e+03
4.128000000000000000e+03
4.078000000000000000e+03
4.117000000000000000e+03
4.080000000000000000e+03
4.081000000000000000e+03
4.172000000000000000e+03
4.204000000000000000e+03
4.174000000000000000e+03
4.121000000000000000e+03
4.202000000000000000e+03
4.053000000000000000e+03
4.120000000000000000e+03
4.160000000000000000e+03
4.178000000000000000e+03
4.124000000000000000e+03
4.206000000000000000e+03
4.216000000000000000e+03
4.180000000000000000e+03
4.240000000000000000e+03
4.165000000000000000e+03
4.225000000000000000e+03
4.244000000000000000e+03
4.256000000000000000e+03
4.224000000000000000e+03
4.243000000000000000e+03
4.199000000000000000e+03
4.173000000000000000e+03
4.229000000000000000e+03
4.212000000000000000e+03
4.203000000000000000e+03
4.282000000000000000e+03
4.155000000000000000e+03
4.238000000000000000e+03
4.236000000000000000e+03
4.198000000000000000e+03
4.212000000000000000e+03
4.199000000000000000e+03
4.285000000000000000e+03
4.377000000000000000e+03
4.292000000000000000e+03
4.308000000000000000e+03
4.246000000000000000e+03
4.223000000000000000e+03
4.275000000000000000e+03
4.292000000000000000e+03
4.333000000000000000e+03
4.276000000000000000e+03
4.259000000000000000e+03
4.310000000000000000e+03
4.300000000000000000e+03
4.387000000000000000e+03
4.372000000000000000e+03
4.298000000000000000e+03
4.380000000000000000e+03
4.380000000000000000e+03
4.319000000000000000e+03
4.348000000000000000e+03
4.349000000000000000e+03
4.332000000000000000e+03
4.389000000000000000e+03
4.386000000000000000e+03
4.376000000000000000e+03
4.391000000000000000e+03
4.348000000000000000e+03
4.375000000000000000e+03
4.392000000000000000e+03
4.345000000000000000e+03
4.379000000000000000e+03
4.404000000000000000e+03
4.414000000000000000e+03
4.469000000000000000e+03
4.347000000000000000e+03
4.394000000000000000e+03
4.324000000000000000e+03
4.360000000000000000e+03
4.454000000000000000e+03
4.343000000000000000e+03
4.361000000000000000e+03
4.321000000000000000e+03
4.336000000000000000e+03
4.365000000000000000e+03
4.326000000000000000e+03
4.390000000000000000e+03
4.298000000000000000e+03
4.516000000000000000e+03
4.419000000000000000e+03
4.353000000000000000e+03
4.420000000000000000e+03
4.304000000000000000e+03
4.381000000000000000e+03
4.255000000000000000e+03
4.346000000000000000e+03
4.393000000000000000e+03
4.412000000000000000e+03
4.339000000000000000e+03
4.347000000000000000e+03
4.360000000000000000e+03
4.278000000000000000e+03
4.300000000000000000e+03
4.467000000000000000e+03
4.359000000000000000e+03
4.288000000000000000e+03
4.377000000000000000e+03
4.285000000000000000e+03
4.255000000000000000e+03
4.315000000000000000e+03
4.352000000000000000e+03
4.310000000000000000e+03
4.350000000000000000e+03
4.327000000000000000e+03
4.226000000000000000e+03
4.372000000000000000e+03
4.204000000000000000e+03
4.245000000000000000e+03
4.254000000000000000e+03
4.192000000000000000e+03
4.252000000000000000e+03
4.288000000000000000e+03
4.247000000000000000e+03
4.244000000000000000e+03
4.236000000000000000e+03
4.228000000000000000e+03
4.285000000000000000e+03
4.227000000000000000e+03
4.200000000000000000e+03
4.237000000000000000e+03
4.204000000000000000e+03
4.118000000000000000e+03
4.239000000000000000e+03
4.220000000000000000e+03
4.154000000000000000e+03
4.140000000000000000e+03
4.141000000000000000e+03
4.127000000000000000e+03
4.308000000000000000e+03
4.144000000000000000e+03
4.164000000000000000e+03
4.107000000000000000e+03
4.058000000000000000e+03
4.189000000000000000e+03
4.144000000000000000e+03
4.133000000000000000e+03
4.162000000000000000e+03
4.100000000000000000e+03
4.102000000000000000e+03
4.061000000000000000e+03
4.043000000000000000e+03
4.048000000000000000e+03
4.157000000000000000e+03
4.012000000000000000e+03
3.998000000000000000e+03
3.990000000000000000e+03
3.981000000000000000e+03
4.018000000000000000e+03
3.997000000000000000e+03
4.044000000000000000e+03
4.041000000000000000e+03
3.903000000000000000e+03
3.968000000000000000e+03
4.002000000000000000e+03
3.932000000000000000e+03
3.939000000000000000e+03
3.934000000000000000e+03
3.897000000000000000e+03
3.957000000000000000e+03
3.877000000000000000e+03
3.883000000000000000e+03
3.904000000000000000e+03
3.890000000000000000e+03
3.838000000000000000e+03
3.898000000000000000e+03
3.850000000000000000e+03
3.873000000000000000e+03
3.872000000000000000e+03
3.897000000000000000e+03
3.892000000000000000e+03
3.813000000000000000e+03
3.835000000000000000e+03
3.765000000000000000e+03
3.795000000000000000e+03
3.756000000000000000e+03
3.823000000000000000e+03
3.747000000000000000e+03
3.819000000000000000e+03
3.746000000000000000e+03
3.796000000000000000e+03
3.815000000000000000e+03
3.791000000000000000e+03
3.734000000000000000e+03
3.757000000000000000e+03
3.745000000000000000e+03
3.766000000000000000e+03
3.822000000000000000e+03
3.668000000000000000e+03
3.707000000000000000e+03
3.715000000000000000e+03
3.697000000000000000e+03
3.709000000000000000e+03
3.716000000000000000e+03
3.743000000000000000e+03
3.750000000000000000e+03
3.670000000000000000e+03
3.659000000000000000e+03
3.648000000000000000e+03
3.710000000000000000e+03
3.720000000000000000e+03
3.632000000000000000e+03
3.666000000000000000e+03
3.664000000000000000e+03
3.689000000000000000e+03
3.661000000000000000e+03
3.708000000000000000e+03
3.645000000000000000e+03
3.728000000000000000e+03
3.670000000000000000e+03
3.591000000000000000e+03
3.633000000000000000e+03
3.583000000000000000e+03
3.728000000000000000e+03
3.625000000000000000e+03
3.635000000000000000e+03
3.670000000000000000e+03
3.591000000000000000e+03
3.548000000000000000e+03
3.618000000000000000e+03
3.550000000000000000e+03
3.597000000000000000e+03
3.558000000000000000e+03
3.597000000000000000e+03
3.564000000000000000e+03
3.533000000000000000e+03
3.638000000000000000e+03
3.549000000000000000e+03
3.518000000000000000e+03
3.528000000000000000e+03
3.507000000000000000e+03
3.485000000000000000e+03
3.526000000000000000e+03
3.560000000000000000e+03
3.500000000000000000e+03
3.502000000000000000e+03
3.490000000000000000e+03
3.480000000000000000e+03
3.549000000000000000e+03
3.516000000000000000e+03
3.500000000000000000e+03
3.476000000000000000e+03
3.492000000000000000e+03
3.487000000000000000e+03
3.505000000000000000e+03
3.441000000000000000e+03
3.477000000000000000e+03
3.480000000000000000e+03
3.351000000000000000e+03
3.402000000000000000e+03
3.438000000000000000e+03
3.386000000000000000e+03
3.412000000000000000e+03
3.479000000000000000e+03
3.445000000000000000e+03
3.388000000000000000e+03
3.397000000000000000e+03
3.348000000000000000e+03
3.443000000000000000e+03
3.386000000000000000e+03
3.381000000000000000e+03
3.278000000000000000e+03
3.313000000000000000e+03
3.331000000000000000e+03
3.477000000000000000e+03
3.374000000000000000e+03
3.324000000000000000e+03
3.346000000000000000e+03
3.430000000000000000e+03
3.302000000000000000e+03
3.312000000000000000e+03
3.332000000000000000e+03
3.329000000000000000e+03
3.272000000000000000e+03
3.325000000000000000e+03
3.328000000000000000e+03
3.245000000000000000e+03
3.282000000000000000e+03
3.224000000000000000e+03
3.211000000000000000e+03
3.213000000000000000e+03
3.198000000000000000e+03
3.236000000000000000e+03
3.281000000000000000e+03
3.195000000000000000e+03
3.250000000000000000e+03
3.244000000000000000e+03
3.209000000000000000e+03
3.194000000000000000e+03
3.230000000000000000e+03
3.148000000000000000e+03
3.173000000000000000e+03
3.199000000000000000e+03
3.181000000000000000e+03
3.148000000000000000e+03
3.184000000000000000e+03
3.166000000000000000e+03
3.126000000000000000e+03
3.131000000000000000e+03
3.128000000000000000e+03
3.097000000000000000e+03
3.041000000000000000e+03
3.089000000000000000e+03
3.106000000000000000e+03
3.081000000000000000e+03
3.083000000000000000e+03
3.059000000000000000e+03
3.074000000000000000e+03
3.077000000000000000e+03
3.011000000000000000e+03
3.291000000000000000e+03
2.950000000000000000e+03
2.925000000000000000e+03
2.966000000000000000e+03
2.999000000000000000e+03
2.978000000000000000e+03
2.944000000000000000e+03
2.935000000000000000e+03
2.960000000000000000e+03
2.927000000000000000e+03
2.900000000000000000e+03
2.921000000000000000e+03
2.934000000000000000e+03
2.908000000000000000e+03
2.874000000000000000e+03
2.936000000000000000e+03
2.866000000000000000e+03
2.816000000000000000e+03
2.861000000000000000e+03
2.804000000000000000e+03
2.860000000000000000e+03
2.841000000000000000e+03
2.893000000000000000e+03
2.714000000000000000e+03
2.753000000000000000e+03
2.829000000000000000e+03
2.715000000000000000e+03
2.755000000000000000e+03
2.756000000000000000e+03
2.679000000000000000e+03
2.702000000000000000e+03
2.675000000000000000e+03
2.655000000000000000e+03
2.661000000000000000e+03
2.695000000000000000e+03
2.628000000000000000e+03
2.647000000000000000e+03
2.590000000000000000e+03
2.599000000000000000e+03
2.618000000000000000e+03
2.601000000000000000e+03
2.586000000000000000e+03
2.613000000000000000e+03
2.599000000000000000e+03
2.549000000000000000e+03
2.550000000000000000e+03
2.525000000000000000e+03
2.507000000000000000e+03
2.543000000000000000e+03
2.559000000000000000e+03
2.473000000000000000e+03
2.459000000000000000e+03
2.583000000000000000e+03
2.466000000000000000e+03
2.535000000000000000e+03
2.434000000000000000e+03
2.474000000000000000e+03
2.419000000000000000e+03
2.416000000000000000e+03
2.482000000000000000e+03
2.428000000000000000e+03
2.416000000000000000e+03
2.459000000000000000e+03
2.420000000000000000e+03
2.385000000000000000e+03
2.389000000000000000e+03
2.397000000000000000e+03
2.399000000000000000e+03
2.389000000000000000e+03
2.407000000000000000e+03
2.390000000000000000e+03
2.331000000000000000e+03
2.403000000000000000e+03
2.374000000000000000e+03
3.403000000000000000e+03
2.325000000000000000e+03
2.314000000000000000e+03
2.371000000000000000e+03
2.256000000000000000e+03
