1.598000000000000000e+03
1.672000000000000000e+03
1.600000000000000000e+03
1.617000000000000000e+03
1.610000000000000000e+03
1.600000000000000000e+03
1.616000000000000000e+03
1.609000000000000000e+03
1.651000000000000000e+03
1.644000000000000000e+03
1.653000000000000000e+03
1.716000000000000000e+03
1.666000000000000000e+03
1.715000000000000000e+03
1.700000000000000000e+03
1.671000000000000000e+03
1.668000000000000000e+03
1.696000000000000000e+03
1.683000000000000000e+03
1.720000000000000000e+03
1.730000000000000000e+03
1.728000000000000000e+03
1.741000000000000000e+03
1.807000000000000000e+03
1.740000000000000000e+03
1.692000000000000000e+03
1.744000000000000000e+03
1.751000000000000000e+03
1.766000000000000000e+03
1.765000000000000000e+03
1.708000000000000000e+03
1.777000000000000000e+03
1.787000000000000000e+03
1.788000000000000000e+03
1.770000000000000000e+03
1.769000000000000000e+03
1.775000000000000000e+03
1.791000000000000000e+03
1.793000000000000000e+03
1.804000000000000000e+03
1.815000000000000000e+03
1.802000000000000000e+03
1.851000000000000000e+03
1.791000000000000000e+03
1.817000000000000000e+03
1.794000000000000000e+03
1.844000000000000000e+03
1.883000000000000000e+03
1.886000000000000000e+03
1.823000000000000000e+03
1.880000000000000000e+03
1.837000000000000000e+03
1.875000000000000000e+03
1.937000000000000000e+03
1.827000000000000000e+03
1.876000000000000000e+03
1.883000000000000000e+03
1.883000000000000000e+03
1.867000000000000000e+03
1.886000000000000000e+03
1.881000000000000000e+03
1.915000000000000000e+03
1.902000000000000000e+03
1.987000000000000000e+03
1.888000000000000000e+03
1.922000000000000000e+03
1.910000000000000000e+03
1.952000000000000000e+03
2.042000000000000000e+03
1.948000000000000000e+03
1.949000000000000000e+03
1.961000000000000000e+03
2.040000000000000000e+03
1.952000000000000000e+03
1.957000000000000000e+03
2.007000000000000000e+03
1.950000000000000000e+03
1.969000000000000000e+03
2.005000000000000000e+03
1.986000000000000000e+03
1.938000000000000000e+03
2.001000000000000000e+03
1.950000000000000000e+03
1.998000000000000000e+03
2.000000000000000000e+03
2.012000000000000000e+03
2.014000000000000000e+03
1.973000000000000000e+03
1.988000000000000000e+03
2.021000000000000000e+03
2.048000000000000000e+03
2.065000000000000000e+03
2.030000000000000000e+03
2.045000000000000000e+03
2.074000000000000000e+03
2.044000000000000000e+03
2.103000000000000000e+03
2.025000000000000000e+03
2.115000000000000000e+03
2.065000000000000000e+03
2.053000000000000000e+03
2.118000000000000000e+03
2.159000000000000000e+03
2.119000000000000000e+03
2.131000000000000000e+03
2.134000000000000000e+03
2.105000000000000000e+03
2.110000000000000000e+03
2.139000000000000000e+03
2.174000000000000000e+03
2.201000000000000000e+03
2.210000000000000000e+03
2.240000000000000000e+03
2.226000000000000000e+03
2.176000000000000000e+03
2.191000000000000000e+03
2.240000000000000000e+03
2.265000000000000000e+03
2.249000000000000000e+03
2.273000000000000000e+03
2.278000000000000000e+03
2.305000000000000000e+03
2.283000000000000000e+03
2.302000000000000000e+03
2.271000000000000000e+03
2.361000000000000000e+03
2.299000000000000000e+03
2.451000000000000000e+03
2.361000000000000000e+03
2.371000000000000000e+03
2.402000000000000000e+03
2.383000000000000000e+03
2.506000000000000000e+03
2.422000000000000000e+03
2.454000000000000000e+03
2.496000000000000000e+03
2.435000000000000000e+03
2.405000000000000000e+03
2.497000000000000000e+03
2.460000000000000000e+03
2.485000000000000000e+03
2.466000000000000000e+03
2.486000000000000000e+03
2.519000000000000000e+03
2.516000000000000000e+03
2.519000000000000000e+03
2.565000000000000000e+03
2.536000000000000000e+03
2.602000000000000000e+03
2.573000000000000000e+03
2.642000000000000000e+03
2.666000000000000000e+03
2.645000000000000000e+03
2.640000000000000000e+03
2.618000000000000000e+03
2.728000000000000000e+03
2.672000000000000000e+03
2.671000000000000000e+03
2.709000000000000000e+03
2.749000000000000000e+03
2.720000000000000000e+03
2.709000000000000000e+03
2.715000000000000000e+03
2.754000000000000000e+03
2.782000000000000000e+03
2.797000000000000000e+03
2.807000000000000000e+03
2.739000000000000000e+03
2.789000000000000000e+03
2.796000000000000000e+03
2.779000000000000000e+03
2.763000000000000000e+03
2.823000000000000000e+03
2.782000000000000000e+03
2.813000000000000000e+03
2.858000000000000000e+03
2.819000000000000000e+03
2.879000000000000000e+03
2.809000000000000000e+03
2.914000000000000000e+03
2.912000000000000000e+03
2.886000000000000000e+03
2.882000000000000000e+03
2.938000000000000000e+03
2.948000000000000000e+03
3.333000000000000000e+03
3.496000000000000000e+03
3.116000000000000000e+03
2.928000000000000000e+03
2.897000000000000000e+03
2.910000000000000000e+03
2.968000000000000000e+03
2.945000000000000000e+03
2.960000000000000000e+03
3.003000000000000000e+03
2.993000000000000000e+03
3.052000000000000000e+03
3.123000000000000000e+03
3.012000000000000000e+03
2.994000000000000000e+03
3.042000000000000000e+03
3.060000000000000000e+03
3.146000000000000000e+03
3.068000000000000000e+03
3.073000000000000000e+03
3.145000000000000000e+03
3.077000000000000000e+03
3.140000000000000000e+03
3.136000000000000000e+03
3.170000000000000000e+03
3.162000000000000000e+03
3.159000000000000000e+03
3.117000000000000000e+03
3.169000000000000000e+03
3.209000000000000000e+03
3.208000000000000000e+03
3.278000000000000000e+03
3.255000000000000000e+03
3.287000000000000000e+03
3.330000000000000000e+03
3.329000000000000000e+03
3.308000000000000000e+03
3.326000000000000000e+03
3.358000000000000000e+03
3.329000000000000000e+03
3.407000000000000000e+03
3.325000000000000000e+03
3.416000000000000000e+03
3.444000000000000000e+03
3.483000000000000000e+03
3.426000000000000000e+03
3.506000000000000000e+03
3.492000000000000000e+03
3.469000000000000000e+03
3.527000000000000000e+03
3.513000000000000000e+03
3.537000000000000000e+03
3.581000000000000000e+03
3.539000000000000000e+03
3.599000000000000000e+03
3.638000000000000000e+03
3.634000000000000000e+03
3.703000000000000000e+03
3.738000000000000000e+03
3.651000000000000000e+03
3.633000000000000000e+03
3.677000000000000000e+03
3.714000000000000000e+03
3.676000000000000000e+03
3.787000000000000000e+03
3.718000000000000000e+03
3.874000000000000000e+03
3.752000000000000000e+03
3.769000000000000000e+03
3.842000000000000000e+03
3.793000000000000000e+03
3.856000000000000000e+03
3.977000000000000000e+03
3.979000000000000000e+03
3.896000000000000000e+03
3.823000000000000000e+03
3.933000000000000000e+03
3.986000000000000000e+03
4.003000000000000000e+03
3.989000000000000000e+03
3.923000000000000000e+03
4.002000000000000000e+03
3.997000000000000000e+03
3.890000000000000000e+03
3.950000000000000000e+03
3.939000000000000000e+03
3.956000000000000000e+03
4.035000000000000000e+03
4.016000000000000000e+03
4.012000000000000000e+03
4.026000000000000000e+03
4.001000000000000000e+03
4.035000000000000000e+03
4.080000000000000000e+03
4.040000000000000000e+03
4.121000000000000000e+03
4.039000000000000000e+03
4.066000000000000000e+03
4.041000000000000000e+03
4.112000000000000000e+03
4.070000000000000000e+03
4.023000000000000000e+03
4.157000000000000000e+03
4.234000000000000000e+03
4.185000000000000000e+03
4.061000000000000000e+03
4.099000000000000000e+03
4.103000000000000000e+03
4.216000000000000000e+03
4.238000000000000000e+03
4.059000000000000000e+03
4.219000000000000000e+03
4.186000000000000000e+03
4.232000000000000000e+03
4.112000000000000000e+03
4.179000000000000000e+03
4.190000000000000000e+03
4.244000000000000000e+03
4.212000000000000000e+03
4.285000000000000000e+03
4.194000000000000000e+03
4.204000000000000000e+03
4.180000000000000000e+03
4.232000000000000000e+03
4.259000000000000000e+03
4.189000000000000000e+03
4.184000000000000000e+03
4.285000000000000000e+03
4.160000000000000000e+03
4.266000000000000000e+03
4.223000000000000000e+03
4.180000000000000000e+03
4.322000000000000000e+03
4.232000000000000000e+03
4.353000000000000000e+03
4.310000000000000000e+03
4.348000000000000000e+03
4.244000000000000000e+03
4.221000000000000000e+03
4.219000000000000000e+03
4.216000000000000000e+03
4.288000000000000000e+03
4.288000000000000000e+03
4.231000000000000000e+03
4.354000000000000000e+03
4.269000000000000000e+03
4.348000000000000000e+03
4.301000000000000000e+03
4.298000000000000000e+03
4.372000000000000000e+03
4.323000000000000000e+03
4.293000000000000000e+03
4.270000000000000000e+03
4.316000000000000000e+03
4.300000000000000000e+03
4.186000000000000000e+03
4.303000000000000000e+03
4.301000000000000000e+03
4.297000000000000000e+03
4.289000000000000000e+03
4.332000000000000000e+03
4.250000000000000000e+03
4.334000000000000000e+03
4.378000000000000000e+03
4.354000000000000000e+03
4.341000000000000000e+03
4.353000000000000000e+03
4.337000000000000000e+03
4.301000000000000000e+03
4.360000000000000000e+03
4.195000000000000000e+03
4.322000000000000000e+03
4.366000000000000000e+03
4.362000000000000000e+03
4.361000000000000000e+03
4.382000000000000000e+03
4.312000000000000000e+03
4.348000000000000000e+03
4.389000000000000000e+03
4.411000000000000000e+03
4.469000000000000000e+03
4.437000000000000000e+03
4.377000000000000000e+03
4.407000000000000000e+03
4.451000000000000000e+03
4.410000000000000000e+03
4.402000000000000000e+03
4.458000000000000000e+03
4.427000000000000000e+03
4.411000000000000000e+03
4.448000000000000000e+03
4.433000000000000000e+03
4.457000000000000000e+03
4.458000000000000000e+03
4.530000000000000000e+03
4.473000000000000000e+03
4.455000000000000000e+03
4.451000000000000000e+03
4.456000000000000000e+03
4.505000000000000000e+03
4.526000000000000000e+03
4.443000000000000000e+03
4.574000000000000000e+03
4.504000000000000000e+03
4.531000000000000000e+03
4.488000000000000000e+03
4.494000000000000000e+03
4.533000000000000000e+03
4.560000000000000000e+03
4.518000000000000000e+03
4.492000000000000000e+03
4.469000000000000000e+03
4.635000000000000000e+03
4.508000000000000000e+03
4.473000000000000000e+03
4.576000000000000000e+03
4.550000000000000000e+03
4.575000000000000000e+03
4.493000000000000000e+03
4.559000000000000000e+03
4.613000000000000000e+03
4.557000000000000000e+03
4.651000000000000000e+03
4.626000000000000000e+03
4.583000000000000000e+03
4.642000000000000000e+03
4.554000000000000000e+03
4.530000000000000000e+03
4.549000000000000000e+03
4.702000000000000000e+03
4.517000000000000000e+03
4.636000000000000000e+03
4.640000000000000000e+03
4.622000000000000000e+03
4.669000000000000000e+03
4.627000000000000000e+03
4.580000000000000000e+03
4.665000000000000000e+03
4.608000000000000000e+03
4.598000000000000000e+03
4.702000000000000000e+03
4.649000000000000000e+03
4.630000000000000000e+03
4.680000000000000000e+03
4.657000000000000000e+03
4.676000000000000000e+03
4.758000000000000000e+03
4.673000000000000000e+03
4.685000000000000000e+03
4.706000000000000000e+03
4.776000000000000000e+03
4.692000000000000000e+03
4.703000000000000000e+03
4.702000000000000000e+03
4.721000000000000000e+03
4.637000000000000000e+03
4.713000000000000000e+03
4.778000000000000000e+03
4.688000000000000000e+03
4.683000000000000000e+03
4.730000000000000000e+03
4.767000000000000000e+03
4.813000000000000000e+03
4.721000000000000000e+03
4.718000000000000000e+03
4.736000000000000000e+03
4.767000000000000000e+03
4.691000000000000000e+03
4.739000000000000000e+03
4.677000000000000000e+03
4.708000000000000000e+03
4.738000000000000000e+03
4.643000000000000000e+03
4.646000000000000000e+03
4.731000000000000000e+03
4.656000000000000000e+03
4.713000000000000000e+03
4.699000000000000000e+03
4.713000000000000000e+03
4.671000000000000000e+03
4.749000000000000000e+03
4.751000000000000000e+03
4.630000000000000000e+03
4.574000000000000000e+03
4.715000000000000000e+03
4.735000000000000000e+03
4.706000000000000000e+03
4.625000000000000000e+03
4.649000000000000000e+03
4.691000000000000000e+03
4.554000000000000000e+03
4.661000000000000000e+03
4.627000000000000000e+03
4.618000000000000000e+03
4.583000000000000000e+03
4.668000000000000000e+03
4.647000000000000000e+03
4.607000000000000000e+03
4.637000000000000000e+03
4.527000000000000000e+03
4.496000000000000000e+03
4.567000000000000000e+03
4.471000000000000000e+03
4.622000000000000000e+03
4.559000000000000000e+03
4.573000000000000000e+03
4.606000000000000000e+03
4.590000000000000000e+03
4.528000000000000000e+03
4.506000000000000000e+03
4.486000000000000000e+03
4.501000000000000000e+03
4.440000000000000000e+03
4.424000000000000000e+03
4.481000000000000000e+03
4.429000000000000000e+03
4.446000000000000000e+03
4.421000000000000000e+03
4.456000000000000000e+03
4.446000000000000000e+03
4.486000000000000000e+03
4.424000000000000000e+03
4.438000000000000000e+03
4.468000000000000000e+03
4.396000000000000000e+03
4.409000000000000000e+03
4.448000000000000000e+03
4.392000000000000000e+03
4.380000000000000000e+03
4.372000000000000000e+03
4.434000000000000000e+03
4.409000000000000000e+03
4.361000000000000000e+03
4.289000000000000000e+03
4.292000000000000000e+03
4.308000000000000000e+03
4.359000000000000000e+03
4.315000000000000000e+03
4.231000000000000000e+03
4.317000000000000000e+03
4.241000000000000000e+03
4.274000000000000000e+03
4.339000000000000000e+03
4.234000000000000000e+03
4.335000000000000000e+03
4.266000000000000000e+03
4.229000000000000000e+03
4.210000000000000000e+03
4.205000000000000000e+03
4.186000000000000000e+03
4.224000000000000000e+03
4.138000000000000000e+03
4.249000000000000000e+03
4.147000000000000000e+03
4.169000000000000000e+03
4.164000000000000000e+03
4.237000000000000000e+03
4.107000000000000000e+03
4.202000000000000000e+03
4.142000000000000000e+03
4.128000000000000000e+03
4.202000000000000000e+03
4.118000000000000000e+03
4.116000000000000000e+03
4.100000000000000000e+03
4.096000000000000000e+03
4.041000000000000000e+03
4.048000000000000000e+03
4.113000000000000000e+03
4.009000000000000000e+03
4.069000000000000000e+03
4.079000000000000000e+03
4.036000000000000000e+03
3.987000000000000000e+03
3.998000000000000000e+03
4.011000000000000000e+03
4.022000000000000000e+03
3.988000000000000000e+03
4.035000000000000000e+03
4.032000000000000000e+03
4.011000000000000000e+03
3.993000000000000000e+03
4.036000000000000000e+03
3.986000000000000000e+03
4.044000000000000000e+03
3.975000000000000000e+03
4.087000000000000000e+03
3.965000000000000000e+03
3.968000000000000000e+03
3.992000000000000000e+03
3.974000000000000000e+03
3.894000000000000000e+03
3.939000000000000000e+03
3.900000000000000000e+03
3.984000000000000000e+03
3.917000000000000000e+03
3.916000000000000000e+03
3.891000000000000000e+03
3.885000000000000000e+03
3.853000000000000000e+03
3.879000000000000000e+03
3.988000000000000000e+03
3.918000000000000000e+03
3.859000000000000000e+03
3.895000000000000000e+03
3.834000000000000000e+03
3.901000000000000000e+03
3.856000000000000000e+03
3.843000000000000000e+03
3.918000000000000000e+03
3.804000000000000000e+03
3.755000000000000000e+03
3.832000000000000000e+03
3.923000000000000000e+03
3.764000000000000000e+03
3.929000000000000000e+03
3.818000000000000000e+03
3.756000000000000000e+03
3.822000000000000000e+03
3.805000000000000000e+03
3.774000000000000000e+03
3.789000000000000000e+03
3.785000000000000000e+03
3.796000000000000000e+03
3.715000000000000000e+03
3.729000000000000000e+03
3.799000000000000000e+03
3.782000000000000000e+03
3.809000000000000000e+03
3.707000000000000000e+03
3.727000000000000000e+03
3.675000000000000000e+03
3.696000000000000000e+03
3.675000000000000000e+03
3.678000000000000000e+03
3.771000000000000000e+03
3.691000000000000000e+03
3.701000000000000000e+03
3.711000000000000000e+03
3.664000000000000000e+03
3.683000000000000000e+03
3.626000000000000000e+03
3.731000000000000000e+03
3.654000000000000000e+03
3.676000000000000000e+03
3.686000000000000000e+03
3.684000000000000000e+03
3.602000000000000000e+03
3.609000000000000000e+03
3.628000000000000000e+03
3.604000000000000000e+03
3.605000000000000000e+03
3.533000000000000000e+03
3.630000000000000000e+03
3.621000000000000000e+03
3.597000000000000000e+03
3.582000000000000000e+03
3.610000000000000000e+03
3.529000000000000000e+03
3.639000000000000000e+03
3.542000000000000000e+03
3.521000000000000000e+03
3.573000000000000000e+03
3.558000000000000000e+03
3.506000000000000000e+03
3.493000000000000000e+03
3.611000000000000000e+03
3.506000000000000000e+03
3.448000000000000000e+03
3.492000000000000000e+03
3.539000000000000000e+03
3.495000000000000000e+03
3.469000000000000000e+03
3.505000000000000000e+03
3.440000000000000000e+03
3.434000000000000000e+03
3.431000000000000000e+03
3.422000000000000000e+03
3.471000000000000000e+03
3.401000000000000000e+03
3.404000000000000000e+03
3.426000000000000000e+03
3.368000000000000000e+03
3.370000000000000000e+03
3.330000000000000000e+03
3.365000000000000000e+03
3.420000000000000000e+03
3.340000000000000000e+03
3.356000000000000000e+03
3.349000000000000000e+03
3.362000000000000000e+03
3.280000000000000000e+03
3.328000000000000000e+03
3.269000000000000000e+03
3.227000000000000000e+03
3.232000000000000000e+03
3.225000000000000000e+03
3.245000000000000000e+03
3.246000000000000000e+03
3.242000000000000000e+03
3.184000000000000000e+03
3.154000000000000000e+03
3.251000000000000000e+03
3.172000000000000000e+03
3.180000000000000000e+03
3.200000000000000000e+03
3.169000000000000000e+03
3.183000000000000000e+03
3.145000000000000000e+03
3.064000000000000000e+03
3.117000000000000000e+03
3.062000000000000000e+03
3.075000000000000000e+03
3.094000000000000000e+03
3.060000000000000000e+03
3.094000000000000000e+03
3.061000000000000000e+03
3.083000000000000000e+03
3.096000000000000000e+03
2.985000000000000000e+03
3.012000000000000000e+03
2.958000000000000000e+03
2.995000000000000000e+03
2.977000000000000000e+03
2.891000000000000000e+03
2.984000000000000000e+03
2.956000000000000000e+03
2.971000000000000000e+03
2.943000000000000000e+03
2.855000000000000000e+03
2.900000000000000000e+03
2.869000000000000000e+03
3.003000000000000000e+03
2.818000000000000000e+03
2.830000000000000000e+03
2.877000000000000000e+03
2.787000000000000000e+03
2.838000000000000000e+03
2.732000000000000000e+03
2.820000000000000000e+03
2.751000000000000000e+03
2.790000000000000000e+03
2.776000000000000000e+03
2.776000000000000000e+03
2.728000000000000000e+03
2.783000000000000000e+03
2.761000000000000000e+03
2.724000000000000000e+03
2.717000000000000000e+03
2.701000000000000000e+03
2.755000000000000000e+03
2.666000000000000000e+03
2.685000000000000000e+03
2.655000000000000000e+03
2.686000000000000000e+03
2.634000000000000000e+03
2.705000000000000000e+03
2.610000000000000000e+03
2.623000000000000000e+03
2.600000000000000000e+03
2.640000000000000000e+03
2.555000000000000000e+03
2.621000000000000000e+03
2.591000000000000000e+03
2.612000000000000000e+03
2.565000000000000000e+03
2.562000000000000000e+03
2.571000000000000000e+03
2.542000000000000000e+03
2.557000000000000000e+03
2.527000000000000000e+03
2.460000000000000000e+03
2.578000000000000000e+03
2.449000000000000000e+03
2.558000000000000000e+03
2.474000000000000000e+03
2.520000000000000000e+03
2.468000000000000000e+03
2.442000000000000000e+03
2.441000000000000000e+03
