1.553000000000000000e+03
1.533000000000000000e+03
1.542000000000000000e+03
1.553000000000000000e+03
1.537000000000000000e+03
1.579000000000000000e+03
1.570000000000000000e+03
1.576000000000000000e+03
1.550000000000000000e+03
1.598000000000000000e+03
1.555000000000000000e+03
1.568000000000000000e+03
1.697000000000000000e+03
1.565000000000000000e+03
1.617000000000000000e+03
1.558000000000000000e+03
1.597000000000000000e+03
1.619000000000000000e+03
1.614000000000000000e+03
1.643000000000000000e+03
1.608000000000000000e+03
1.687000000000000000e+03
1.627000000000000000e+03
1.645000000000000000e+03
1.654000000000000000e+03
1.653000000000000000e+03
1.667000000000000000e+03
1.647000000000000000e+03
1.683000000000000000e+03
1.685000000000000000e+03
1.671000000000000000e+03
1.678000000000000000e+03
1.674000000000000000e+03
1.690000000000000000e+03
1.687000000000000000e+03
1.710000000000000000e+03
1.701000000000000000e+03
1.709000000000000000e+03
1.732000000000000000e+03
1.731000000000000000e+03
1.684000000000000000e+03
1.722000000000000000e+03
1.735000000000000000e+03
1.729000000000000000e+03
1.762000000000000000e+03
1.764000000000000000e+03
1.713000000000000000e+03
1.702000000000000000e+03
1.766000000000000000e+03
1.780000000000000000e+03
1.788000000000000000e+03
1.710000000000000000e+03
1.784000000000000000e+03
1.748000000000000000e+03
1.812000000000000000e+03
1.804000000000000000e+03
1.781000000000000000e+03
1.817000000000000000e+03
1.825000000000000000e+03
1.825000000000000000e+03
1.828000000000000000e+03
1.795000000000000000e+03
1.835000000000000000e+03
1.799000000000000000e+03
1.855000000000000000e+03
1.808000000000000000e+03
1.810000000000000000e+03
1.799000000000000000e+03
1.818000000000000000e+03
1.831000000000000000e+03
1.828000000000000000e+03
1.780000000000000000e+03
1.842000000000000000e+03
1.853000000000000000e+03
1.939000000000000000e+03
1.881000000000000000e+03
1.844000000000000000e+03
1.864000000000000000e+03
1.902000000000000000e+03
1.903000000000000000e+03
1.903000000000000000e+03
1.820000000000000000e+03
2.001000000000000000e+03
1.877000000000000000e+03
1.906000000000000000e+03
1.890000000000000000e+03
1.961000000000000000e+03
1.870000000000000000e+03
1.934000000000000000e+03
1.937000000000000000e+03
1.921000000000000000e+03
1.931000000000000000e+03
1.893000000000000000e+03
1.972000000000000000e+03
1.955000000000000000e+03
1.914000000000000000e+03
1.967000000000000000e+03
1.974000000000000000e+03
2.000000000000000000e+03
1.959000000000000000e+03
1.988000000000000000e+03
2.023000000000000000e+03
1.984000000000000000e+03
1.981000000000000000e+03
2.007000000000000000e+03
2.016000000000000000e+03
2.002000000000000000e+03
2.025000000000000000e+03
2.042000000000000000e+03
2.027000000000000000e+03
2.040000000000000000e+03
2.064000000000000000e+03
2.142000000000000000e+03
2.089000000000000000e+03
2.074000000000000000e+03
2.084000000000000000e+03
2.093000000000000000e+03
2.136000000000000000e+03
2.163000000000000000e+03
2.133000000000000000e+03
2.141000000000000000e+03
2.135000000000000000e+03
2.216000000000000000e+03
2.150000000000000000e+03
2.219000000000000000e+03
2.187000000000000000e+03
2.190000000000000000e+03
2.172000000000000000e+03
2.197000000000000000e+03
2.226000000000000000e+03
2.239000000000000000e+03
2.240000000000000000e+03
2.248000000000000000e+03
2.262000000000000000e+03
2.236000000000000000e+03
2.211000000000000000e+03
2.301000000000000000e+03
2.333000000000000000e+03
2.305000000000000000e+03
2.328000000000000000e+03
2.314000000000000000e+03
2.323000000000000000e+03
2.379000000000000000e+03
2.374000000000000000e+03
2.377000000000000000e+03
2.389000000000000000e+03
2.362000000000000000e+03
2.386000000000000000e+03
2.444000000000000000e+03
2.462000000000000000e+03
2.458000000000000000e+03
2.457000000000000000e+03
2.497000000000000000e+03
2.484000000000000000e+03
2.536000000000000000e+03
2.505000000000000000e+03
2.531000000000000000e+03
2.507000000000000000e+03
2.544000000000000000e+03
2.524000000000000000e+03
2.523000000000000000e+03
2.582000000000000000e+03
2.558000000000000000e+03
2.597000000000000000e+03
2.609000000000000000e+03
2.539000000000000000e+03
2.589000000000000000e+03
2.621000000000000000e+03
2.614000000000000000e+03
2.623000000000000000e+03
2.651000000000000000e+03
2.591000000000000000e+03
2.618000000000000000e+03
2.632000000000000000e+03
2.642000000000000000e+03
2.639000000000000000e+03
2.698000000000000000e+03
2.668000000000000000e+03
2.732000000000000000e+03
2.665000000000000000e+03
2.694000000000000000e+03
2.732000000000000000e+03
2.729000000000000000e+03
2.697000000000000000e+03
2.699000000000000000e+03
2.817000000000000000e+03
3.080000000000000000e+03
3.278000000000000000e+03
2.987000000000000000e+03
2.826000000000000000e+03
2.782000000000000000e+03
2.833000000000000000e+03
2.752000000000000000e+03
2.807000000000000000e+03
2.833000000000000000e+03
2.880000000000000000e+03
2.799000000000000000e+03
2.872000000000000000e+03
2.807000000000000000e+03
2.810000000000000000e+03
2.856000000000000000e+03
2.862000000000000000e+03
2.881000000000000000e+03
2.899000000000000000e+03
2.912000000000000000e+03
2.860000000000000000e+03
3.000000000000000000e+03
2.950000000000000000e+03
2.958000000000000000e+03
2.948000000000000000e+03
3.000000000000000000e+03
3.029000000000000000e+03
3.021000000000000000e+03
2.964000000000000000e+03
2.952000000000000000e+03
3.028000000000000000e+03
3.058000000000000000e+03
3.063000000000000000e+03
3.012000000000000000e+03
3.136000000000000000e+03
3.064000000000000000e+03
3.112000000000000000e+03
3.111000000000000000e+03
3.140000000000000000e+03
3.189000000000000000e+03
3.144000000000000000e+03
3.177000000000000000e+03
3.235000000000000000e+03
3.236000000000000000e+03
3.298000000000000000e+03
3.200000000000000000e+03
3.283000000000000000e+03
3.315000000000000000e+03
3.345000000000000000e+03
3.344000000000000000e+03
3.312000000000000000e+03
3.275000000000000000e+03
3.374000000000000000e+03
3.431000000000000000e+03
3.408000000000000000e+03
3.425000000000000000e+03
3.466000000000000000e+03
3.340000000000000000e+03
3.382000000000000000e+03
3.441000000000000000e+03
3.419000000000000000e+03
3.385000000000000000e+03
3.573000000000000000e+03
3.500000000000000000e+03
3.491000000000000000e+03
3.574000000000000000e+03
3.526000000000000000e+03
3.587000000000000000e+03
3.561000000000000000e+03
3.583000000000000000e+03
3.572000000000000000e+03
3.665000000000000000e+03
3.651000000000000000e+03
3.694000000000000000e+03
3.758000000000000000e+03
3.688000000000000000e+03
3.722000000000000000e+03
3.687000000000000000e+03
3.828000000000000000e+03
3.737000000000000000e+03
3.745000000000000000e+03
3.713000000000000000e+03
3.766000000000000000e+03
3.696000000000000000e+03
3.691000000000000000e+03
3.702000000000000000e+03
3.718000000000000000e+03
3.737000000000000000e+03
3.665000000000000000e+03
3.850000000000000000e+03
3.700000000000000000e+03
3.768000000000000000e+03
3.750000000000000000e+03
3.806000000000000000e+03
3.876000000000000000e+03
3.805000000000000000e+03
3.856000000000000000e+03
3.804000000000000000e+03
3.764000000000000000e+03
3.761000000000000000e+03
3.875000000000000000e+03
3.841000000000000000e+03
3.881000000000000000e+03
3.904000000000000000e+03
3.803000000000000000e+03
3.859000000000000000e+03
3.810000000000000000e+03
3.878000000000000000e+03
3.864000000000000000e+03
3.894000000000000000e+03
3.899000000000000000e+03
3.937000000000000000e+03
3.896000000000000000e+03
3.889000000000000000e+03
3.972000000000000000e+03
3.951000000000000000e+03
3.942000000000000000e+03
3.973000000000000000e+03
4.002000000000000000e+03
3.945000000000000000e+03
4.143000000000000000e+03
3.957000000000000000e+03
3.898000000000000000e+03
3.932000000000000000e+03
3.911000000000000000e+03
3.922000000000000000e+03
4.010000000000000000e+03
3.961000000000000000e+03
3.945000000000000000e+03
4.006000000000000000e+03
3.985000000000000000e+03
4.088000000000000000e+03
4.043000000000000000e+03
3.958000000000000000e+03
3.969000000000000000e+03
4.083000000000000000e+03
4.048000000000000000e+03
4.062000000000000000e+03
3.985000000000000000e+03
4.087000000000000000e+03
4.042000000000000000e+03
4.008000000000000000e+03
4.017000000000000000e+03
4.035000000000000000e+03
4.030000000000000000e+03
3.937000000000000000e+03
4.081000000000000000e+03
4.075000000000000000e+03
4.086000000000000000e+03
4.029000000000000000e+03
4.014000000000000000e+03
4.151000000000000000e+03
4.139000000000000000e+03
4.064000000000000000e+03
4.062000000000000000e+03
4.081000000000000000e+03
3.999000000000000000e+03
3.946000000000000000e+03
4.076000000000000000e+03
4.037000000000000000e+03
4.054000000000000000e+03
4.023000000000000000e+03
4.100000000000000000e+03
3.988000000000000000e+03
4.087000000000000000e+03
4.133000000000000000e+03
4.027000000000000000e+03
4.061000000000000000e+03
4.173000000000000000e+03
4.070000000000000000e+03
4.063000000000000000e+03
4.119000000000000000e+03
4.126000000000000000e+03
4.146000000000000000e+03
4.117000000000000000e+03
4.115000000000000000e+03
4.154000000000000000e+03
4.121000000000000000e+03
4.060000000000000000e+03
4.067000000000000000e+03
4.035000000000000000e+03
4.120000000000000000e+03
4.186000000000000000e+03
4.188000000000000000e+03
4.054000000000000000e+03
4.211000000000000000e+03
4.156000000000000000e+03
4.165000000000000000e+03
4.128000000000000000e+03
4.172000000000000000e+03
4.199000000000000000e+03
4.136000000000000000e+03
4.154000000000000000e+03
4.229000000000000000e+03
4.245000000000000000e+03
4.290000000000000000e+03
4.201000000000000000e+03
4.232000000000000000e+03
4.211000000000000000e+03
4.263000000000000000e+03
4.264000000000000000e+03
4.278000000000000000e+03
4.221000000000000000e+03
4.239000000000000000e+03
4.262000000000000000e+03
4.173000000000000000e+03
4.324000000000000000e+03
4.227000000000000000e+03
4.306000000000000000e+03
4.409000000000000000e+03
4.335000000000000000e+03
4.293000000000000000e+03
4.335000000000000000e+03
4.260000000000000000e+03
4.350000000000000000e+03
4.271000000000000000e+03
4.247000000000000000e+03
4.327000000000000000e+03
4.285000000000000000e+03
4.281000000000000000e+03
4.270000000000000000e+03
4.347000000000000000e+03
4.270000000000000000e+03
4.266000000000000000e+03
4.315000000000000000e+03
4.213000000000000000e+03
4.255000000000000000e+03
4.265000000000000000e+03
4.357000000000000000e+03
4.354000000000000000e+03
4.287000000000000000e+03
4.298000000000000000e+03
4.378000000000000000e+03
4.358000000000000000e+03
4.368000000000000000e+03
4.278000000000000000e+03
4.340000000000000000e+03
4.352000000000000000e+03
4.277000000000000000e+03
4.417000000000000000e+03
4.364000000000000000e+03
4.305000000000000000e+03
4.325000000000000000e+03
4.318000000000000000e+03
4.375000000000000000e+03
4.436000000000000000e+03
4.442000000000000000e+03
4.346000000000000000e+03
4.481000000000000000e+03
4.390000000000000000e+03
4.396000000000000000e+03
4.405000000000000000e+03
4.384000000000000000e+03
4.406000000000000000e+03
4.432000000000000000e+03
4.444000000000000000e+03
4.411000000000000000e+03
4.393000000000000000e+03
4.409000000000000000e+03
4.416000000000000000e+03
4.396000000000000000e+03
4.450000000000000000e+03
4.475000000000000000e+03
4.434000000000000000e+03
4.464000000000000000e+03
4.424000000000000000e+03
4.464000000000000000e+03
4.454000000000000000e+03
4.485000000000000000e+03
4.452000000000000000e+03
4.453000000000000000e+03
4.452000000000000000e+03
4.525000000000000000e+03
4.355000000000000000e+03
4.445000000000000000e+03
4.430000000000000000e+03
4.437000000000000000e+03
4.530000000000000000e+03
4.447000000000000000e+03
4.422000000000000000e+03
4.461000000000000000e+03
4.415000000000000000e+03
4.448000000000000000e+03
4.459000000000000000e+03
4.392000000000000000e+03
4.383000000000000000e+03
4.390000000000000000e+03
4.472000000000000000e+03
4.386000000000000000e+03
4.365000000000000000e+03
4.431000000000000000e+03
4.385000000000000000e+03
4.372000000000000000e+03
4.353000000000000000e+03
4.410000000000000000e+03
4.274000000000000000e+03
4.334000000000000000e+03
4.336000000000000000e+03
4.234000000000000000e+03
4.288000000000000000e+03
4.325000000000000000e+03
4.348000000000000000e+03
4.293000000000000000e+03
4.305000000000000000e+03
4.309000000000000000e+03
4.307000000000000000e+03
4.277000000000000000e+03
4.366000000000000000e+03
4.243000000000000000e+03
4.282000000000000000e+03
4.362000000000000000e+03
4.190000000000000000e+03
4.225000000000000000e+03
4.295000000000000000e+03
4.216000000000000000e+03
4.345000000000000000e+03
4.149000000000000000e+03
4.183000000000000000e+03
4.259000000000000000e+03
4.232000000000000000e+03
4.218000000000000000e+03
4.142000000000000000e+03
4.163000000000000000e+03
4.171000000000000000e+03
4.165000000000000000e+03
4.141000000000000000e+03
4.156000000000000000e+03
4.087000000000000000e+03
4.107000000000000000e+03
4.086000000000000000e+03
4.147000000000000000e+03
4.125000000000000000e+03
4.135000000000000000e+03
4.023000000000000000e+03
4.108000000000000000e+03
4.050000000000000000e+03
4.054000000000000000e+03
4.090000000000000000e+03
4.090000000000000000e+03
4.005000000000000000e+03
4.040000000000000000e+03
4.044000000000000000e+03
4.033000000000000000e+03
4.028000000000000000e+03
4.115000000000000000e+03
3.996000000000000000e+03
4.077000000000000000e+03
4.015000000000000000e+03
3.908000000000000000e+03
4.011000000000000000e+03
3.981000000000000000e+03
3.939000000000000000e+03
3.955000000000000000e+03
3.897000000000000000e+03
3.918000000000000000e+03
3.955000000000000000e+03
3.915000000000000000e+03
3.922000000000000000e+03
3.951000000000000000e+03
3.932000000000000000e+03
3.975000000000000000e+03
3.854000000000000000e+03
3.885000000000000000e+03
3.870000000000000000e+03
3.844000000000000000e+03
3.858000000000000000e+03
3.901000000000000000e+03
3.838000000000000000e+03
3.817000000000000000e+03
3.841000000000000000e+03
3.841000000000000000e+03
3.843000000000000000e+03
3.765000000000000000e+03
3.718000000000000000e+03
3.739000000000000000e+03
3.811000000000000000e+03
3.818000000000000000e+03
3.819000000000000000e+03
3.825000000000000000e+03
3.755000000000000000e+03
3.735000000000000000e+03
3.853000000000000000e+03
3.754000000000000000e+03
3.791000000000000000e+03
3.726000000000000000e+03
3.698000000000000000e+03
3.810000000000000000e+03
3.792000000000000000e+03
3.723000000000000000e+03
3.693000000000000000e+03
3.701000000000000000e+03
3.749000000000000000e+03
3.704000000000000000e+03
3.679000000000000000e+03
3.675000000000000000e+03
3.722000000000000000e+03
3.659000000000000000e+03
3.661000000000000000e+03
3.679000000000000000e+03
3.683000000000000000e+03
3.653000000000000000e+03
3.690000000000000000e+03
3.687000000000000000e+03
3.695000000000000000e+03
3.670000000000000000e+03
3.631000000000000000e+03
3.713000000000000000e+03
3.715000000000000000e+03
3.687000000000000000e+03
3.668000000000000000e+03
3.650000000000000000e+03
3.634000000000000000e+03
3.611000000000000000e+03
3.618000000000000000e+03
3.600000000000000000e+03
3.653000000000000000e+03
3.588000000000000000e+03
3.667000000000000000e+03
3.585000000000000000e+03
3.608000000000000000e+03
3.626000000000000000e+03
3.601000000000000000e+03
3.566000000000000000e+03
3.534000000000000000e+03
3.561000000000000000e+03
3.528000000000000000e+03
3.571000000000000000e+03
3.525000000000000000e+03
3.508000000000000000e+03
3.538000000000000000e+03
3.537000000000000000e+03
3.478000000000000000e+03
3.506000000000000000e+03
3.501000000000000000e+03
3.553000000000000000e+03
3.511000000000000000e+03
3.456000000000000000e+03
3.517000000000000000e+03
3.474000000000000000e+03
3.511000000000000000e+03
3.403000000000000000e+03
3.505000000000000000e+03
3.431000000000000000e+03
3.425000000000000000e+03
3.426000000000000000e+03
3.470000000000000000e+03
3.459000000000000000e+03
3.383000000000000000e+03
3.383000000000000000e+03
3.433000000000000000e+03
3.464000000000000000e+03
3.419000000000000000e+03
3.399000000000000000e+03
3.447000000000000000e+03
3.402000000000000000e+03
3.393000000000000000e+03
3.338000000000000000e+03
3.407000000000000000e+03
3.427000000000000000e+03
3.380000000000000000e+03
3.375000000000000000e+03
3.368000000000000000e+03
3.470000000000000000e+03
3.386000000000000000e+03
3.352000000000000000e+03
3.390000000000000000e+03
3.328000000000000000e+03
3.356000000000000000e+03
3.260000000000000000e+03
3.313000000000000000e+03
3.277000000000000000e+03
3.284000000000000000e+03
3.305000000000000000e+03
3.257000000000000000e+03
3.242000000000000000e+03
3.270000000000000000e+03
3.249000000000000000e+03
3.166000000000000000e+03
3.246000000000000000e+03
3.196000000000000000e+03
3.260000000000000000e+03
3.171000000000000000e+03
3.252000000000000000e+03
3.152000000000000000e+03
3.272000000000000000e+03
3.128000000000000000e+03
3.095000000000000000e+03
3.157000000000000000e+03
3.181000000000000000e+03
3.180000000000000000e+03
3.140000000000000000e+03
3.178000000000000000e+03
3.175000000000000000e+03
3.095000000000000000e+03
3.132000000000000000e+03
3.053000000000000000e+03
3.096000000000000000e+03
3.142000000000000000e+03
3.087000000000000000e+03
3.041000000000000000e+03
3.051000000000000000e+03
3.013000000000000000e+03
3.040000000000000000e+03
2.994000000000000000e+03
2.990000000000000000e+03
2.999000000000000000e+03
2.998000000000000000e+03
2.925000000000000000e+03
2.988000000000000000e+03
2.913000000000000000e+03
2.998000000000000000e+03
3.000000000000000000e+03
2.951000000000000000e+03
3.024000000000000000e+03
2.955000000000000000e+03
2.936000000000000000e+03
2.937000000000000000e+03
2.867000000000000000e+03
2.900000000000000000e+03
2.842000000000000000e+03
2.801000000000000000e+03
2.851000000000000000e+03
2.819000000000000000e+03
2.877000000000000000e+03
2.833000000000000000e+03
2.815000000000000000e+03
2.835000000000000000e+03
2.806000000000000000e+03
2.778000000000000000e+03
2.722000000000000000e+03
2.758000000000000000e+03
2.715000000000000000e+03
2.752000000000000000e+03
2.733000000000000000e+03
2.709000000000000000e+03
2.681000000000000000e+03
2.714000000000000000e+03
2.689000000000000000e+03
2.694000000000000000e+03
2.622000000000000000e+03
2.650000000000000000e+03
2.580000000000000000e+03
2.570000000000000000e+03
2.661000000000000000e+03
2.585000000000000000e+03
2.640000000000000000e+03
2.601000000000000000e+03
2.553000000000000000e+03
2.558000000000000000e+03
2.563000000000000000e+03
2.569000000000000000e+03
2.478000000000000000e+03
2.494000000000000000e+03
2.500000000000000000e+03
2.519000000000000000e+03
2.471000000000000000e+03
2.512000000000000000e+03
2.476000000000000000e+03
2.517000000000000000e+03
2.450000000000000000e+03
2.474000000000000000e+03
2.460000000000000000e+03
2.464000000000000000e+03
2.427000000000000000e+03
2.405000000000000000e+03
2.433000000000000000e+03
2.436000000000000000e+03
2.516000000000000000e+03
2.431000000000000000e+03
2.414000000000000000e+03
2.391000000000000000e+03
2.445000000000000000e+03
2.376000000000000000e+03
2.390000000000000000e+03
2.333000000000000000e+03
2.386000000000000000e+03
2.379000000000000000e+03
2.368000000000000000e+03
2.381000000000000000e+03
2.375000000000000000e+03
