1.762000000000000000e+03
1.729000000000000000e+03
1.798000000000000000e+03
1.789000000000000000e+03
1.772000000000000000e+03
1.780000000000000000e+03
1.815000000000000000e+03
1.817000000000000000e+03
1.762000000000000000e+03
1.801000000000000000e+03
1.841000000000000000e+03
1.842000000000000000e+03
1.886000000000000000e+03
1.889000000000000000e+03
1.902000000000000000e+03
1.867000000000000000e+03
1.877000000000000000e+03
1.872000000000000000e+03
1.879000000000000000e+03
1.908000000000000000e+03
1.854000000000000000e+03
1.858000000000000000e+03
1.892000000000000000e+03
1.927000000000000000e+03
1.945000000000000000e+03
1.905000000000000000e+03
1.937000000000000000e+03
1.940000000000000000e+03
1.939000000000000000e+03
1.998000000000000000e+03
1.967000000000000000e+03
1.951000000000000000e+03
1.988000000000000000e+03
1.950000000000000000e+03
1.993000000000000000e+03
2.002000000000000000e+03
2.023000000000000000e+03
2.020000000000000000e+03
2.000000000000000000e+03
2.038000000000000000e+03
2.032000000000000000e+03
1.978000000000000000e+03
1.997000000000000000e+03
2.044000000000000000e+03
2.009000000000000000e+03
1.980000000000000000e+03
2.025000000000000000e+03
2.062000000000000000e+03
2.048000000000000000e+03
2.035000000000000000e+03
2.084000000000000000e+03
2.114000000000000000e+03
2.076000000000000000e+03
2.068000000000000000e+03
2.063000000000000000e+03
2.080000000000000000e+03
2.068000000000000000e+03
2.116000000000000000e+03
2.101000000000000000e+03
2.050000000000000000e+03
2.121000000000000000e+03
2.109000000000000000e+03
2.185000000000000000e+03
2.118000000000000000e+03
2.164000000000000000e+03
2.174000000000000000e+03
2.255000000000000000e+03
2.138000000000000000e+03
2.201000000000000000e+03
2.141000000000000000e+03
2.173000000000000000e+03
2.183000000000000000e+03
2.116000000000000000e+03
2.186000000000000000e+03
2.211000000000000000e+03
2.227000000000000000e+03
2.295000000000000000e+03
2.248000000000000000e+03
2.224000000000000000e+03
2.251000000000000000e+03
2.251000000000000000e+03
2.263000000000000000e+03
2.248000000000000000e+03
2.225000000000000000e+03
2.218000000000000000e+03
2.274000000000000000e+03
2.335000000000000000e+03
2.288000000000000000e+03
2.303000000000000000e+03
2.312000000000000000e+03
2.357000000000000000e+03
2.311000000000000000e+03
2.277000000000000000e+03
2.303000000000000000e+03
2.341000000000000000e+03
2.343000000000000000e+03
2.319000000000000000e+03
2.334000000000000000e+03
2.386000000000000000e+03
2.367000000000000000e+03
2.378000000000000000e+03
2.406000000000000000e+03
2.408000000000000000e+03
2.441000000000000000e+03
2.434000000000000000e+03
2.368000000000000000e+03
2.409000000000000000e+03
2.425000000000000000e+03
2.482000000000000000e+03
2.404000000000000000e+03
2.504000000000000000e+03
2.442000000000000000e+03
2.471000000000000000e+03
2.496000000000000000e+03
2.537000000000000000e+03
2.529000000000000000e+03
2.564000000000000000e+03
2.547000000000000000e+03
2.553000000000000000e+03
2.562000000000000000e+03
2.635000000000000000e+03
2.633000000000000000e+03
2.595000000000000000e+03
2.662000000000000000e+03
2.609000000000000000e+03
2.690000000000000000e+03
2.667000000000000000e+03
2.710000000000000000e+03
2.712000000000000000e+03
2.742000000000000000e+03
2.709000000000000000e+03
2.714000000000000000e+03
2.772000000000000000e+03
2.728000000000000000e+03
2.749000000000000000e+03
2.847000000000000000e+03
2.881000000000000000e+03
2.865000000000000000e+03
2.840000000000000000e+03
2.783000000000000000e+03
2.843000000000000000e+03
2.847000000000000000e+03
2.871000000000000000e+03
2.853000000000000000e+03
2.838000000000000000e+03
2.911000000000000000e+03
2.915000000000000000e+03
2.946000000000000000e+03
2.946000000000000000e+03
2.941000000000000000e+03
2.907000000000000000e+03
2.998000000000000000e+03
2.992000000000000000e+03
3.016000000000000000e+03
3.003000000000000000e+03
2.990000000000000000e+03
3.089000000000000000e+03
3.008000000000000000e+03
3.057000000000000000e+03
3.071000000000000000e+03
3.068000000000000000e+03
3.075000000000000000e+03
3.117000000000000000e+03
3.051000000000000000e+03
3.127000000000000000e+03
3.149000000000000000e+03
3.091000000000000000e+03
3.107000000000000000e+03
3.183000000000000000e+03
3.182000000000000000e+03
3.143000000000000000e+03
3.151000000000000000e+03
3.211000000000000000e+03
3.186000000000000000e+03
3.189000000000000000e+03
3.251000000000000000e+03
3.187000000000000000e+03
3.258000000000000000e+03
3.304000000000000000e+03
3.287000000000000000e+03
3.271000000000000000e+03
3.310000000000000000e+03
3.368000000000000000e+03
3.685000000000000000e+03
3.730000000000000000e+03
3.423000000000000000e+03
3.273000000000000000e+03
3.336000000000000000e+03
3.399000000000000000e+03
3.393000000000000000e+03
3.310000000000000000e+03
3.415000000000000000e+03
3.293000000000000000e+03
3.334000000000000000e+03
3.370000000000000000e+03
3.397000000000000000e+03
3.394000000000000000e+03
3.490000000000000000e+03
3.472000000000000000e+03
3.496000000000000000e+03
3.502000000000000000e+03
3.392000000000000000e+03
3.545000000000000000e+03
3.521000000000000000e+03
3.492000000000000000e+03
3.517000000000000000e+03
3.564000000000000000e+03
3.571000000000000000e+03
3.623000000000000000e+03
3.569000000000000000e+03
3.543000000000000000e+03
3.701000000000000000e+03
3.570000000000000000e+03
3.695000000000000000e+03
3.779000000000000000e+03
3.743000000000000000e+03
3.687000000000000000e+03
3.669000000000000000e+03
3.766000000000000000e+03
3.718000000000000000e+03
3.743000000000000000e+03
3.807000000000000000e+03
3.867000000000000000e+03
3.792000000000000000e+03
3.772000000000000000e+03
3.806000000000000000e+03
3.815000000000000000e+03
3.826000000000000000e+03
3.860000000000000000e+03
3.852000000000000000e+03
3.916000000000000000e+03
3.959000000000000000e+03
3.912000000000000000e+03
3.976000000000000000e+03
4.021000000000000000e+03
4.000000000000000000e+03
4.062000000000000000e+03
4.044000000000000000e+03
4.068000000000000000e+03
4.022000000000000000e+03
4.076000000000000000e+03
4.092000000000000000e+03
4.152000000000000000e+03
4.177000000000000000e+03
4.137000000000000000e+03
4.220000000000000000e+03
4.185000000000000000e+03
4.181000000000000000e+03
4.191000000000000000e+03
4.250000000000000000e+03
4.256000000000000000e+03
4.247000000000000000e+03
4.267000000000000000e+03
4.275000000000000000e+03
4.336000000000000000e+03
4.432000000000000000e+03
4.423000000000000000e+03
4.323000000000000000e+03
4.427000000000000000e+03
4.273000000000000000e+03
4.548000000000000000e+03
4.490000000000000000e+03
4.394000000000000000e+03
4.439000000000000000e+03
4.387000000000000000e+03
4.461000000000000000e+03
4.448000000000000000e+03
4.504000000000000000e+03
4.451000000000000000e+03
4.438000000000000000e+03
4.479000000000000000e+03
4.485000000000000000e+03
4.476000000000000000e+03
4.463000000000000000e+03
4.484000000000000000e+03
4.447000000000000000e+03
4.499000000000000000e+03
4.504000000000000000e+03
4.563000000000000000e+03
4.500000000000000000e+03
4.535000000000000000e+03
4.611000000000000000e+03
4.540000000000000000e+03
4.527000000000000000e+03
4.593000000000000000e+03
4.619000000000000000e+03
4.618000000000000000e+03
4.652000000000000000e+03
4.519000000000000000e+03
4.602000000000000000e+03
4.638000000000000000e+03
4.688000000000000000e+03
4.589000000000000000e+03
4.690000000000000000e+03
4.689000000000000000e+03
4.693000000000000000e+03
4.696000000000000000e+03
4.706000000000000000e+03
4.729000000000000000e+03
4.767000000000000000e+03
4.690000000000000000e+03
4.665000000000000000e+03
4.700000000000000000e+03
4.718000000000000000e+03
4.742000000000000000e+03
4.872000000000000000e+03
4.694000000000000000e+03
4.745000000000000000e+03
4.856000000000000000e+03
4.744000000000000000e+03
4.733000000000000000e+03
4.829000000000000000e+03
4.847000000000000000e+03
4.769000000000000000e+03
4.820000000000000000e+03
4.754000000000000000e+03
4.698000000000000000e+03
4.754000000000000000e+03
4.767000000000000000e+03
4.736000000000000000e+03
4.784000000000000000e+03
4.792000000000000000e+03
4.749000000000000000e+03
4.766000000000000000e+03
4.852000000000000000e+03
4.776000000000000000e+03
4.828000000000000000e+03
4.815000000000000000e+03
4.813000000000000000e+03
4.817000000000000000e+03
4.780000000000000000e+03
4.776000000000000000e+03
4.839000000000000000e+03
4.823000000000000000e+03
4.811000000000000000e+03
4.745000000000000000e+03
4.805000000000000000e+03
4.811000000000000000e+03
4.947000000000000000e+03
4.830000000000000000e+03
4.806000000000000000e+03
4.878000000000000000e+03
4.775000000000000000e+03
4.810000000000000000e+03
4.757000000000000000e+03
4.808000000000000000e+03
4.957000000000000000e+03
4.815000000000000000e+03
4.797000000000000000e+03
4.854000000000000000e+03
4.856000000000000000e+03
4.826000000000000000e+03
4.842000000000000000e+03
4.854000000000000000e+03
4.800000000000000000e+03
4.921000000000000000e+03
4.813000000000000000e+03
4.964000000000000000e+03
4.873000000000000000e+03
4.949000000000000000e+03
4.862000000000000000e+03
4.863000000000000000e+03
5.013000000000000000e+03
4.910000000000000000e+03
4.938000000000000000e+03
4.904000000000000000e+03
5.035000000000000000e+03
4.910000000000000000e+03
4.833000000000000000e+03
4.965000000000000000e+03
4.921000000000000000e+03
4.971000000000000000e+03
4.945000000000000000e+03
4.935000000000000000e+03
4.806000000000000000e+03
4.918000000000000000e+03
4.978000000000000000e+03
4.991000000000000000e+03
4.999000000000000000e+03
4.949000000000000000e+03
5.045000000000000000e+03
5.021000000000000000e+03
4.922000000000000000e+03
5.043000000000000000e+03
5.035000000000000000e+03
4.979000000000000000e+03
5.019000000000000000e+03
5.069000000000000000e+03
5.046000000000000000e+03
4.970000000000000000e+03
5.058000000000000000e+03
5.034000000000000000e+03
5.103000000000000000e+03
5.144000000000000000e+03
5.036000000000000000e+03
5.001000000000000000e+03
5.112000000000000000e+03
5.130000000000000000e+03
5.037000000000000000e+03
5.049000000000000000e+03
5.167000000000000000e+03
5.056000000000000000e+03
5.013000000000000000e+03
5.015000000000000000e+03
5.010000000000000000e+03
5.107000000000000000e+03
5.085000000000000000e+03
5.095000000000000000e+03
5.087000000000000000e+03
5.089000000000000000e+03
5.147000000000000000e+03
5.147000000000000000e+03
5.123000000000000000e+03
5.102000000000000000e+03
5.182000000000000000e+03
5.154000000000000000e+03
5.155000000000000000e+03
5.122000000000000000e+03
5.189000000000000000e+03
5.168000000000000000e+03
5.056000000000000000e+03
5.074000000000000000e+03
5.225000000000000000e+03
5.142000000000000000e+03
5.092000000000000000e+03
5.089000000000000000e+03
5.233000000000000000e+03
5.198000000000000000e+03
5.221000000000000000e+03
5.176000000000000000e+03
5.214000000000000000e+03
5.171000000000000000e+03
5.236000000000000000e+03
5.302000000000000000e+03
5.209000000000000000e+03
5.212000000000000000e+03
5.202000000000000000e+03
5.209000000000000000e+03
5.181000000000000000e+03
5.111000000000000000e+03
5.284000000000000000e+03
5.197000000000000000e+03
5.214000000000000000e+03
5.182000000000000000e+03
5.186000000000000000e+03
5.185000000000000000e+03
5.171000000000000000e+03
5.148000000000000000e+03
5.224000000000000000e+03
5.216000000000000000e+03
5.226000000000000000e+03
5.246000000000000000e+03
5.117000000000000000e+03
5.196000000000000000e+03
5.253000000000000000e+03
5.224000000000000000e+03
5.100000000000000000e+03
5.242000000000000000e+03
5.237000000000000000e+03
5.138000000000000000e+03
5.161000000000000000e+03
5.228000000000000000e+03
5.172000000000000000e+03
5.199000000000000000e+03
5.196000000000000000e+03
5.207000000000000000e+03
5.153000000000000000e+03
5.165000000000000000e+03
5.146000000000000000e+03
5.104000000000000000e+03
5.155000000000000000e+03
5.206000000000000000e+03
5.131000000000000000e+03
5.124000000000000000e+03
5.145000000000000000e+03
5.046000000000000000e+03
5.157000000000000000e+03
5.139000000000000000e+03
5.093000000000000000e+03
5.059000000000000000e+03
5.112000000000000000e+03
5.050000000000000000e+03
5.118000000000000000e+03
5.106000000000000000e+03
5.031000000000000000e+03
5.056000000000000000e+03
5.109000000000000000e+03
5.008000000000000000e+03
5.092000000000000000e+03
5.142000000000000000e+03
5.036000000000000000e+03
5.066000000000000000e+03
5.044000000000000000e+03
5.021000000000000000e+03
5.077000000000000000e+03
5.016000000000000000e+03
5.076000000000000000e+03
5.009000000000000000e+03
4.959000000000000000e+03
4.958000000000000000e+03
4.992000000000000000e+03
4.945000000000000000e+03
5.014000000000000000e+03
4.950000000000000000e+03
4.913000000000000000e+03
4.905000000000000000e+03
4.995000000000000000e+03
4.804000000000000000e+03
4.880000000000000000e+03
4.847000000000000000e+03
4.919000000000000000e+03
4.886000000000000000e+03
4.816000000000000000e+03
4.828000000000000000e+03
4.915000000000000000e+03
4.871000000000000000e+03
4.865000000000000000e+03
4.872000000000000000e+03
4.897000000000000000e+03
4.835000000000000000e+03
4.811000000000000000e+03
4.750000000000000000e+03
4.873000000000000000e+03
4.839000000000000000e+03
4.751000000000000000e+03
4.870000000000000000e+03
4.773000000000000000e+03
4.674000000000000000e+03
4.783000000000000000e+03
4.699000000000000000e+03
4.640000000000000000e+03
4.743000000000000000e+03
4.752000000000000000e+03
4.703000000000000000e+03
4.791000000000000000e+03
4.616000000000000000e+03
4.626000000000000000e+03
4.744000000000000000e+03
4.751000000000000000e+03
4.654000000000000000e+03
4.572000000000000000e+03
4.601000000000000000e+03
4.653000000000000000e+03
4.622000000000000000e+03
4.601000000000000000e+03
4.561000000000000000e+03
4.655000000000000000e+03
4.679000000000000000e+03
4.525000000000000000e+03
4.579000000000000000e+03
4.574000000000000000e+03
4.575000000000000000e+03
4.610000000000000000e+03
4.570000000000000000e+03
4.495000000000000000e+03
4.513000000000000000e+03
4.566000000000000000e+03
4.548000000000000000e+03
4.569000000000000000e+03
4.470000000000000000e+03
4.535000000000000000e+03
4.460000000000000000e+03
4.469000000000000000e+03
4.503000000000000000e+03
4.537000000000000000e+03
4.382000000000000000e+03
4.441000000000000000e+03
4.455000000000000000e+03
4.503000000000000000e+03
4.451000000000000000e+03
4.461000000000000000e+03
4.487000000000000000e+03
4.463000000000000000e+03
4.451000000000000000e+03
4.447000000000000000e+03
4.422000000000000000e+03
4.479000000000000000e+03
4.366000000000000000e+03
4.451000000000000000e+03
4.503000000000000000e+03
4.340000000000000000e+03
4.362000000000000000e+03
4.396000000000000000e+03
4.354000000000000000e+03
4.371000000000000000e+03
4.436000000000000000e+03
4.401000000000000000e+03
4.357000000000000000e+03
4.332000000000000000e+03
4.263000000000000000e+03
4.292000000000000000e+03
4.446000000000000000e+03
4.319000000000000000e+03
4.240000000000000000e+03
4.310000000000000000e+03
4.297000000000000000e+03
4.320000000000000000e+03
4.294000000000000000e+03
4.325000000000000000e+03
4.280000000000000000e+03
4.331000000000000000e+03
4.321000000000000000e+03
4.289000000000000000e+03
4.179000000000000000e+03
4.253000000000000000e+03
4.230000000000000000e+03
4.266000000000000000e+03
4.226000000000000000e+03
4.223000000000000000e+03
4.214000000000000000e+03
4.217000000000000000e+03
4.197000000000000000e+03
4.192000000000000000e+03
4.266000000000000000e+03
4.201000000000000000e+03
4.215000000000000000e+03
4.163000000000000000e+03
4.189000000000000000e+03
4.196000000000000000e+03
4.110000000000000000e+03
4.143000000000000000e+03
4.151000000000000000e+03
4.123000000000000000e+03
4.157000000000000000e+03
4.096000000000000000e+03
4.099000000000000000e+03
4.051000000000000000e+03
4.126000000000000000e+03
4.091000000000000000e+03
4.069000000000000000e+03
4.123000000000000000e+03
4.126000000000000000e+03
4.108000000000000000e+03
4.067000000000000000e+03
4.067000000000000000e+03
4.054000000000000000e+03
4.021000000000000000e+03
4.040000000000000000e+03
4.043000000000000000e+03
4.063000000000000000e+03
4.044000000000000000e+03
3.979000000000000000e+03
4.005000000000000000e+03
4.015000000000000000e+03
3.926000000000000000e+03
4.009000000000000000e+03
3.995000000000000000e+03
3.970000000000000000e+03
3.943000000000000000e+03
3.956000000000000000e+03
3.910000000000000000e+03
3.883000000000000000e+03
4.001000000000000000e+03
3.866000000000000000e+03
3.921000000000000000e+03
3.845000000000000000e+03
3.831000000000000000e+03
3.878000000000000000e+03
3.861000000000000000e+03
3.827000000000000000e+03
3.815000000000000000e+03
3.839000000000000000e+03
3.820000000000000000e+03
3.807000000000000000e+03
3.763000000000000000e+03
3.847000000000000000e+03
3.783000000000000000e+03
3.745000000000000000e+03
3.763000000000000000e+03
3.766000000000000000e+03
3.727000000000000000e+03
3.699000000000000000e+03
3.747000000000000000e+03
3.719000000000000000e+03
3.724000000000000000e+03
3.638000000000000000e+03
3.715000000000000000e+03
3.734000000000000000e+03
3.675000000000000000e+03
3.661000000000000000e+03
3.692000000000000000e+03
3.603000000000000000e+03
3.612000000000000000e+03
3.610000000000000000e+03
3.603000000000000000e+03
3.532000000000000000e+03
3.546000000000000000e+03
3.556000000000000000e+03
3.540000000000000000e+03
3.610000000000000000e+03
3.524000000000000000e+03
3.508000000000000000e+03
3.504000000000000000e+03
3.476000000000000000e+03
3.473000000000000000e+03
3.436000000000000000e+03
3.452000000000000000e+03
3.405000000000000000e+03
3.468000000000000000e+03
3.519000000000000000e+03
3.380000000000000000e+03
3.408000000000000000e+03
3.394000000000000000e+03
3.396000000000000000e+03
3.374000000000000000e+03
3.361000000000000000e+03
3.380000000000000000e+03
3.337000000000000000e+03
3.396000000000000000e+03
3.272000000000000000e+03
3.282000000000000000e+03
3.349000000000000000e+03
3.303000000000000000e+03
3.201000000000000000e+03
3.268000000000000000e+03
3.212000000000000000e+03
3.186000000000000000e+03
3.219000000000000000e+03
3.147000000000000000e+03
3.156000000000000000e+03
3.192000000000000000e+03
3.172000000000000000e+03
3.190000000000000000e+03
3.067000000000000000e+03
3.100000000000000000e+03
3.145000000000000000e+03
3.060000000000000000e+03
3.105000000000000000e+03
3.054000000000000000e+03
3.077000000000000000e+03
3.039000000000000000e+03
3.033000000000000000e+03
3.023000000000000000e+03
3.032000000000000000e+03
3.014000000000000000e+03
2.970000000000000000e+03
3.082000000000000000e+03
2.962000000000000000e+03
2.972000000000000000e+03
2.949000000000000000e+03
2.941000000000000000e+03
2.957000000000000000e+03
2.901000000000000000e+03
2.925000000000000000e+03
2.934000000000000000e+03
2.950000000000000000e+03
2.922000000000000000e+03
2.859000000000000000e+03
2.822000000000000000e+03
2.845000000000000000e+03
2.777000000000000000e+03
2.805000000000000000e+03
2.795000000000000000e+03
2.848000000000000000e+03
2.891000000000000000e+03
2.759000000000000000e+03
2.806000000000000000e+03
2.763000000000000000e+03
2.812000000000000000e+03
2.723000000000000000e+03
2.766000000000000000e+03
2.809000000000000000e+03
2.726000000000000000e+03
2.785000000000000000e+03
2.735000000000000000e+03
