1.429000000000000000e+03
1.386000000000000000e+03
1.387000000000000000e+03
1.435000000000000000e+03
1.392000000000000000e+03
1.383000000000000000e+03
1.429000000000000000e+03
1.454000000000000000e+03
1.423000000000000000e+03
1.412000000000000000e+03
1.434000000000000000e+03
1.406000000000000000e+03
1.464000000000000000e+03
1.410000000000000000e+03
1.424000000000000000e+03
1.409000000000000000e+03
1.452000000000000000e+03
1.480000000000000000e+03
1.444000000000000000e+03
1.484000000000000000e+03
1.463000000000000000e+03
1.440000000000000000e+03
1.472000000000000000e+03
1.501000000000000000e+03
1.481000000000000000e+03
1.514000000000000000e+03
1.496000000000000000e+03
1.537000000000000000e+03
1.506000000000000000e+03
1.543000000000000000e+03
1.581000000000000000e+03
1.496000000000000000e+03
1.542000000000000000e+03
1.561000000000000000e+03
1.539000000000000000e+03
1.571000000000000000e+03
1.612000000000000000e+03
1.512000000000000000e+03
1.554000000000000000e+03
1.559000000000000000e+03
1.506000000000000000e+03
1.537000000000000000e+03
1.604000000000000000e+03
1.625000000000000000e+03
1.526000000000000000e+03
1.532000000000000000e+03
1.602000000000000000e+03
1.645000000000000000e+03
1.586000000000000000e+03
1.568000000000000000e+03
1.588000000000000000e+03
1.609000000000000000e+03
1.614000000000000000e+03
1.617000000000000000e+03
1.629000000000000000e+03
1.612000000000000000e+03
1.610000000000000000e+03
1.664000000000000000e+03
1.594000000000000000e+03
1.622000000000000000e+03
1.624000000000000000e+03
1.661000000000000000e+03
1.649000000000000000e+03
1.653000000000000000e+03
1.641000000000000000e+03
1.672000000000000000e+03
1.639000000000000000e+03
1.674000000000000000e+03
1.646000000000000000e+03
1.650000000000000000e+03
1.669000000000000000e+03
1.635000000000000000e+03
1.672000000000000000e+03
1.696000000000000000e+03
1.704000000000000000e+03
1.711000000000000000e+03
1.686000000000000000e+03
1.681000000000000000e+03
1.677000000000000000e+03
1.684000000000000000e+03
1.750000000000000000e+03
1.688000000000000000e+03
1.759000000000000000e+03
1.751000000000000000e+03
1.705000000000000000e+03
1.720000000000000000e+03
1.693000000000000000e+03
1.755000000000000000e+03
1.754000000000000000e+03
1.747000000000000000e+03
1.780000000000000000e+03
1.754000000000000000e+03
1.770000000000000000e+03
1.741000000000000000e+03
1.783000000000000000e+03
1.744000000000000000e+03
1.797000000000000000e+03
1.760000000000000000e+03
1.691000000000000000e+03
1.762000000000000000e+03
1.768000000000000000e+03
1.786000000000000000e+03
1.804000000000000000e+03
1.762000000000000000e+03
1.813000000000000000e+03
1.805000000000000000e+03
1.805000000000000000e+03
1.821000000000000000e+03
1.845000000000000000e+03
1.811000000000000000e+03
1.830000000000000000e+03
1.827000000000000000e+03
1.871000000000000000e+03
1.819000000000000000e+03
1.895000000000000000e+03
1.852000000000000000e+03
1.934000000000000000e+03
1.894000000000000000e+03
1.922000000000000000e+03
1.906000000000000000e+03
2.173000000000000000e+03
1.904000000000000000e+03
1.961000000000000000e+03
1.941000000000000000e+03
1.953000000000000000e+03
1.946000000000000000e+03
1.956000000000000000e+03
1.930000000000000000e+03
1.971000000000000000e+03
1.946000000000000000e+03
1.944000000000000000e+03
2.021000000000000000e+03
2.016000000000000000e+03
2.002000000000000000e+03
2.029000000000000000e+03
2.053000000000000000e+03
2.050000000000000000e+03
2.049000000000000000e+03
2.105000000000000000e+03
2.102000000000000000e+03
2.106000000000000000e+03
2.112000000000000000e+03
2.123000000000000000e+03
2.127000000000000000e+03
2.177000000000000000e+03
2.149000000000000000e+03
2.152000000000000000e+03
2.171000000000000000e+03
2.179000000000000000e+03
2.190000000000000000e+03
2.162000000000000000e+03
2.220000000000000000e+03
2.235000000000000000e+03
2.206000000000000000e+03
2.201000000000000000e+03
2.224000000000000000e+03
2.224000000000000000e+03
2.318000000000000000e+03
2.313000000000000000e+03
2.270000000000000000e+03
2.276000000000000000e+03
2.280000000000000000e+03
2.300000000000000000e+03
2.286000000000000000e+03
2.317000000000000000e+03
2.293000000000000000e+03
2.337000000000000000e+03
2.349000000000000000e+03
2.345000000000000000e+03
2.335000000000000000e+03
2.439000000000000000e+03
2.346000000000000000e+03
2.351000000000000000e+03
2.363000000000000000e+03
2.287000000000000000e+03
2.374000000000000000e+03
2.432000000000000000e+03
2.427000000000000000e+03
2.407000000000000000e+03
2.466000000000000000e+03
2.448000000000000000e+03
2.444000000000000000e+03
2.411000000000000000e+03
2.466000000000000000e+03
2.461000000000000000e+03
2.444000000000000000e+03
2.425000000000000000e+03
2.538000000000000000e+03
2.841000000000000000e+03
2.891000000000000000e+03
2.556000000000000000e+03
2.527000000000000000e+03
2.517000000000000000e+03
2.502000000000000000e+03
2.535000000000000000e+03
2.525000000000000000e+03
2.519000000000000000e+03
2.571000000000000000e+03
2.533000000000000000e+03
2.543000000000000000e+03
2.530000000000000000e+03
2.578000000000000000e+03
2.599000000000000000e+03
2.586000000000000000e+03
2.583000000000000000e+03
2.616000000000000000e+03
2.645000000000000000e+03
2.607000000000000000e+03
2.601000000000000000e+03
2.587000000000000000e+03
2.676000000000000000e+03
2.623000000000000000e+03
2.654000000000000000e+03
2.670000000000000000e+03
2.619000000000000000e+03
2.733000000000000000e+03
2.694000000000000000e+03
2.681000000000000000e+03
2.736000000000000000e+03
2.786000000000000000e+03
2.795000000000000000e+03
2.776000000000000000e+03
2.738000000000000000e+03
2.809000000000000000e+03
2.916000000000000000e+03
2.815000000000000000e+03
2.804000000000000000e+03
2.832000000000000000e+03
2.866000000000000000e+03
2.896000000000000000e+03
2.883000000000000000e+03
2.916000000000000000e+03
3.068000000000000000e+03
2.905000000000000000e+03
2.932000000000000000e+03
2.951000000000000000e+03
3.017000000000000000e+03
2.957000000000000000e+03
2.990000000000000000e+03
3.005000000000000000e+03
3.035000000000000000e+03
3.071000000000000000e+03
3.083000000000000000e+03
3.100000000000000000e+03
3.074000000000000000e+03
3.059000000000000000e+03
3.107000000000000000e+03
3.071000000000000000e+03
3.097000000000000000e+03
3.104000000000000000e+03
3.155000000000000000e+03
3.186000000000000000e+03
3.115000000000000000e+03
3.166000000000000000e+03
3.209000000000000000e+03
3.259000000000000000e+03
3.245000000000000000e+03
3.194000000000000000e+03
3.289000000000000000e+03
3.318000000000000000e+03
3.326000000000000000e+03
3.319000000000000000e+03
3.332000000000000000e+03
3.295000000000000000e+03
3.377000000000000000e+03
3.372000000000000000e+03
3.431000000000000000e+03
3.421000000000000000e+03
3.343000000000000000e+03
3.398000000000000000e+03
3.449000000000000000e+03
3.379000000000000000e+03
3.454000000000000000e+03
3.355000000000000000e+03
3.444000000000000000e+03
3.398000000000000000e+03
3.386000000000000000e+03
3.348000000000000000e+03
3.435000000000000000e+03
3.420000000000000000e+03
3.444000000000000000e+03
3.465000000000000000e+03
3.385000000000000000e+03
3.450000000000000000e+03
3.452000000000000000e+03
3.532000000000000000e+03
3.438000000000000000e+03
3.495000000000000000e+03
3.496000000000000000e+03
3.512000000000000000e+03
3.484000000000000000e+03
3.436000000000000000e+03
3.578000000000000000e+03
3.524000000000000000e+03
3.497000000000000000e+03
3.512000000000000000e+03
3.544000000000000000e+03
3.552000000000000000e+03
3.560000000000000000e+03
3.595000000000000000e+03
3.541000000000000000e+03
3.533000000000000000e+03
3.480000000000000000e+03
3.481000000000000000e+03
3.538000000000000000e+03
3.527000000000000000e+03
3.523000000000000000e+03
3.492000000000000000e+03
3.630000000000000000e+03
3.568000000000000000e+03
3.639000000000000000e+03
3.623000000000000000e+03
3.552000000000000000e+03
3.572000000000000000e+03
3.584000000000000000e+03
3.531000000000000000e+03
3.627000000000000000e+03
3.645000000000000000e+03
3.540000000000000000e+03
3.605000000000000000e+03
3.586000000000000000e+03
3.591000000000000000e+03
3.614000000000000000e+03
3.637000000000000000e+03
3.559000000000000000e+03
3.604000000000000000e+03
3.667000000000000000e+03
3.620000000000000000e+03
3.618000000000000000e+03
3.634000000000000000e+03
3.676000000000000000e+03
3.570000000000000000e+03
3.561000000000000000e+03
3.653000000000000000e+03
3.581000000000000000e+03
3.669000000000000000e+03
3.521000000000000000e+03
3.606000000000000000e+03
3.606000000000000000e+03
3.586000000000000000e+03
3.606000000000000000e+03
3.606000000000000000e+03
3.620000000000000000e+03
3.609000000000000000e+03
3.628000000000000000e+03
3.565000000000000000e+03
3.545000000000000000e+03
3.573000000000000000e+03
3.567000000000000000e+03
3.621000000000000000e+03
3.658000000000000000e+03
3.663000000000000000e+03
3.634000000000000000e+03
3.651000000000000000e+03
3.598000000000000000e+03
3.633000000000000000e+03
3.662000000000000000e+03
3.600000000000000000e+03
3.671000000000000000e+03
3.588000000000000000e+03
3.734000000000000000e+03
3.585000000000000000e+03
3.609000000000000000e+03
3.599000000000000000e+03
3.640000000000000000e+03
3.672000000000000000e+03
3.670000000000000000e+03
3.627000000000000000e+03
3.698000000000000000e+03
3.733000000000000000e+03
3.649000000000000000e+03
3.728000000000000000e+03
3.667000000000000000e+03
3.733000000000000000e+03
3.718000000000000000e+03
3.694000000000000000e+03
3.757000000000000000e+03
3.671000000000000000e+03
3.746000000000000000e+03
3.632000000000000000e+03
3.725000000000000000e+03
3.787000000000000000e+03
3.783000000000000000e+03
3.713000000000000000e+03
3.748000000000000000e+03
3.802000000000000000e+03
3.835000000000000000e+03
3.722000000000000000e+03
3.778000000000000000e+03
3.760000000000000000e+03
3.789000000000000000e+03
3.799000000000000000e+03
3.764000000000000000e+03
3.824000000000000000e+03
3.841000000000000000e+03
3.814000000000000000e+03
3.747000000000000000e+03
3.781000000000000000e+03
3.724000000000000000e+03
3.794000000000000000e+03
3.824000000000000000e+03
3.866000000000000000e+03
3.750000000000000000e+03
3.821000000000000000e+03
3.853000000000000000e+03
3.812000000000000000e+03
3.765000000000000000e+03
3.877000000000000000e+03
3.866000000000000000e+03
3.870000000000000000e+03
3.832000000000000000e+03
3.862000000000000000e+03
3.831000000000000000e+03
3.845000000000000000e+03
3.869000000000000000e+03
3.841000000000000000e+03
3.853000000000000000e+03
3.754000000000000000e+03
3.790000000000000000e+03
3.871000000000000000e+03
3.807000000000000000e+03
3.914000000000000000e+03
3.893000000000000000e+03
3.880000000000000000e+03
3.855000000000000000e+03
3.782000000000000000e+03
3.789000000000000000e+03
3.982000000000000000e+03
3.844000000000000000e+03
3.963000000000000000e+03
3.893000000000000000e+03
3.918000000000000000e+03
3.885000000000000000e+03
3.972000000000000000e+03
3.943000000000000000e+03
3.918000000000000000e+03
3.897000000000000000e+03
3.891000000000000000e+03
3.928000000000000000e+03
3.987000000000000000e+03
3.933000000000000000e+03
3.950000000000000000e+03
3.902000000000000000e+03
3.956000000000000000e+03
3.966000000000000000e+03
3.954000000000000000e+03
3.925000000000000000e+03
3.840000000000000000e+03
3.925000000000000000e+03
3.933000000000000000e+03
3.925000000000000000e+03
3.903000000000000000e+03
3.888000000000000000e+03
3.858000000000000000e+03
4.031000000000000000e+03
3.942000000000000000e+03
4.039000000000000000e+03
3.937000000000000000e+03
3.953000000000000000e+03
3.963000000000000000e+03
3.944000000000000000e+03
3.871000000000000000e+03
3.923000000000000000e+03
3.951000000000000000e+03
3.927000000000000000e+03
4.021000000000000000e+03
3.914000000000000000e+03
3.882000000000000000e+03
3.846000000000000000e+03
3.871000000000000000e+03
4.047000000000000000e+03
3.860000000000000000e+03
3.916000000000000000e+03
3.881000000000000000e+03
3.886000000000000000e+03
3.850000000000000000e+03
3.809000000000000000e+03
3.829000000000000000e+03
3.883000000000000000e+03
3.917000000000000000e+03
3.880000000000000000e+03
3.887000000000000000e+03
3.899000000000000000e+03
3.846000000000000000e+03
3.923000000000000000e+03
3.796000000000000000e+03
3.802000000000000000e+03
3.827000000000000000e+03
3.784000000000000000e+03
3.802000000000000000e+03
3.789000000000000000e+03
3.825000000000000000e+03
3.859000000000000000e+03
3.796000000000000000e+03
3.805000000000000000e+03
3.755000000000000000e+03
3.807000000000000000e+03
3.802000000000000000e+03
3.685000000000000000e+03
3.758000000000000000e+03
3.659000000000000000e+03
3.775000000000000000e+03
3.720000000000000000e+03
3.723000000000000000e+03
3.805000000000000000e+03
3.831000000000000000e+03
3.715000000000000000e+03
3.805000000000000000e+03
3.786000000000000000e+03
3.715000000000000000e+03
3.698000000000000000e+03
3.647000000000000000e+03
3.651000000000000000e+03
3.689000000000000000e+03
3.674000000000000000e+03
3.685000000000000000e+03
3.667000000000000000e+03
3.662000000000000000e+03
3.670000000000000000e+03
3.653000000000000000e+03
3.714000000000000000e+03
3.626000000000000000e+03
3.688000000000000000e+03
3.676000000000000000e+03
3.619000000000000000e+03
3.596000000000000000e+03
3.640000000000000000e+03
3.544000000000000000e+03
3.628000000000000000e+03
3.610000000000000000e+03
3.508000000000000000e+03
3.528000000000000000e+03
3.524000000000000000e+03
3.557000000000000000e+03
3.548000000000000000e+03
3.481000000000000000e+03
3.473000000000000000e+03
3.476000000000000000e+03
3.567000000000000000e+03
3.516000000000000000e+03
3.466000000000000000e+03
3.511000000000000000e+03
3.569000000000000000e+03
3.427000000000000000e+03
3.501000000000000000e+03
3.476000000000000000e+03
3.438000000000000000e+03
3.426000000000000000e+03
3.499000000000000000e+03
3.414000000000000000e+03
3.409000000000000000e+03
3.472000000000000000e+03
3.385000000000000000e+03
3.414000000000000000e+03
3.377000000000000000e+03
3.370000000000000000e+03
3.389000000000000000e+03
3.406000000000000000e+03
3.384000000000000000e+03
3.354000000000000000e+03
3.356000000000000000e+03
3.370000000000000000e+03
3.313000000000000000e+03
3.416000000000000000e+03
3.337000000000000000e+03
3.428000000000000000e+03
3.348000000000000000e+03
3.327000000000000000e+03
3.328000000000000000e+03
3.378000000000000000e+03
3.428000000000000000e+03
3.377000000000000000e+03
3.359000000000000000e+03
3.348000000000000000e+03
3.332000000000000000e+03
3.345000000000000000e+03
3.255000000000000000e+03
3.338000000000000000e+03
3.244000000000000000e+03
3.241000000000000000e+03
3.303000000000000000e+03
3.286000000000000000e+03
3.312000000000000000e+03
3.280000000000000000e+03
3.307000000000000000e+03
3.295000000000000000e+03
3.273000000000000000e+03
3.301000000000000000e+03
3.360000000000000000e+03
3.335000000000000000e+03
3.162000000000000000e+03
3.235000000000000000e+03
3.239000000000000000e+03
3.233000000000000000e+03
3.250000000000000000e+03
3.224000000000000000e+03
3.271000000000000000e+03
3.246000000000000000e+03
3.227000000000000000e+03
3.244000000000000000e+03
3.192000000000000000e+03
3.247000000000000000e+03
3.225000000000000000e+03
3.187000000000000000e+03
3.153000000000000000e+03
3.237000000000000000e+03
3.218000000000000000e+03
3.218000000000000000e+03
3.154000000000000000e+03
3.122000000000000000e+03
3.118000000000000000e+03
3.152000000000000000e+03
3.192000000000000000e+03
3.229000000000000000e+03
3.176000000000000000e+03
3.117000000000000000e+03
3.141000000000000000e+03
3.152000000000000000e+03
3.135000000000000000e+03
3.052000000000000000e+03
3.119000000000000000e+03
3.095000000000000000e+03
3.141000000000000000e+03
3.159000000000000000e+03
3.092000000000000000e+03
3.110000000000000000e+03
3.031000000000000000e+03
3.106000000000000000e+03
3.034000000000000000e+03
3.109000000000000000e+03
3.116000000000000000e+03
3.067000000000000000e+03
3.040000000000000000e+03
3.097000000000000000e+03
3.078000000000000000e+03
3.085000000000000000e+03
3.002000000000000000e+03
3.137000000000000000e+03
3.127000000000000000e+03
3.033000000000000000e+03
3.051000000000000000e+03
3.037000000000000000e+03
2.998000000000000000e+03
3.007000000000000000e+03
2.982000000000000000e+03
2.990000000000000000e+03
3.055000000000000000e+03
3.008000000000000000e+03
2.982000000000000000e+03
2.960000000000000000e+03
2.969000000000000000e+03
2.974000000000000000e+03
2.989000000000000000e+03
2.996000000000000000e+03
2.976000000000000000e+03
2.954000000000000000e+03
2.968000000000000000e+03
2.923000000000000000e+03
2.924000000000000000e+03
2.957000000000000000e+03
2.909000000000000000e+03
2.941000000000000000e+03
2.907000000000000000e+03
2.849000000000000000e+03
2.871000000000000000e+03
2.867000000000000000e+03
2.895000000000000000e+03
2.870000000000000000e+03
2.835000000000000000e+03
2.870000000000000000e+03
2.907000000000000000e+03
2.819000000000000000e+03
2.805000000000000000e+03
2.814000000000000000e+03
2.904000000000000000e+03
2.759000000000000000e+03
2.815000000000000000e+03
2.814000000000000000e+03
2.816000000000000000e+03
2.784000000000000000e+03
2.815000000000000000e+03
2.743000000000000000e+03
2.764000000000000000e+03
2.736000000000000000e+03
2.753000000000000000e+03
2.738000000000000000e+03
2.790000000000000000e+03
2.713000000000000000e+03
2.752000000000000000e+03
2.662000000000000000e+03
2.673000000000000000e+03
2.712000000000000000e+03
2.627000000000000000e+03
2.689000000000000000e+03
2.697000000000000000e+03
2.631000000000000000e+03
2.621000000000000000e+03
2.651000000000000000e+03
2.674000000000000000e+03
2.694000000000000000e+03
2.595000000000000000e+03
2.646000000000000000e+03
2.643000000000000000e+03
2.544000000000000000e+03
2.621000000000000000e+03
2.587000000000000000e+03
2.524000000000000000e+03
2.550000000000000000e+03
2.552000000000000000e+03
2.542000000000000000e+03
2.547000000000000000e+03
2.549000000000000000e+03
2.516000000000000000e+03
2.516000000000000000e+03
2.504000000000000000e+03
2.538000000000000000e+03
2.455000000000000000e+03
2.524000000000000000e+03
2.452000000000000000e+03
2.417000000000000000e+03
2.416000000000000000e+03
2.430000000000000000e+03
2.449000000000000000e+03
2.445000000000000000e+03
2.379000000000000000e+03
2.373000000000000000e+03
2.400000000000000000e+03
2.355000000000000000e+03
2.382000000000000000e+03
2.330000000000000000e+03
2.319000000000000000e+03
2.341000000000000000e+03
2.323000000000000000e+03
2.328000000000000000e+03
2.292000000000000000e+03
2.355000000000000000e+03
2.262000000000000000e+03
2.279000000000000000e+03
2.260000000000000000e+03
2.265000000000000000e+03
2.310000000000000000e+03
2.300000000000000000e+03
2.270000000000000000e+03
2.225000000000000000e+03
2.238000000000000000e+03
2.173000000000000000e+03
2.364000000000000000e+03
2.272000000000000000e+03
2.195000000000000000e+03
2.144000000000000000e+03
2.238000000000000000e+03
2.228000000000000000e+03
2.184000000000000000e+03
2.211000000000000000e+03
2.213000000000000000e+03
2.156000000000000000e+03
2.169000000000000000e+03
2.189000000000000000e+03
2.167000000000000000e+03
2.134000000000000000e+03
2.133000000000000000e+03
2.186000000000000000e+03
2.110000000000000000e+03
2.110000000000000000e+03
2.096000000000000000e+03
