1.350000000000000000e+03
1.407000000000000000e+03
1.390000000000000000e+03
1.373000000000000000e+03
1.396000000000000000e+03
1.416000000000000000e+03
1.411000000000000000e+03
1.413000000000000000e+03
1.395000000000000000e+03
1.412000000000000000e+03
1.448000000000000000e+03
1.442000000000000000e+03
1.479000000000000000e+03
1.427000000000000000e+03
1.449000000000000000e+03
1.433000000000000000e+03
1.552000000000000000e+03
1.534000000000000000e+03
1.442000000000000000e+03
1.439000000000000000e+03
1.438000000000000000e+03
1.516000000000000000e+03
1.493000000000000000e+03
1.485000000000000000e+03
1.507000000000000000e+03
1.500000000000000000e+03
1.521000000000000000e+03
1.490000000000000000e+03
1.506000000000000000e+03
1.534000000000000000e+03
1.505000000000000000e+03
1.486000000000000000e+03
1.552000000000000000e+03
1.537000000000000000e+03
1.517000000000000000e+03
1.535000000000000000e+03
1.588000000000000000e+03
1.541000000000000000e+03
1.551000000000000000e+03
1.566000000000000000e+03
1.539000000000000000e+03
1.564000000000000000e+03
1.527000000000000000e+03
1.602000000000000000e+03
1.544000000000000000e+03
1.578000000000000000e+03
1.561000000000000000e+03
1.582000000000000000e+03
1.608000000000000000e+03
1.597000000000000000e+03
1.609000000000000000e+03
1.606000000000000000e+03
1.600000000000000000e+03
1.628000000000000000e+03
1.607000000000000000e+03
1.646000000000000000e+03
1.593000000000000000e+03
1.580000000000000000e+03
1.636000000000000000e+03
1.623000000000000000e+03
1.632000000000000000e+03
1.647000000000000000e+03
1.621000000000000000e+03
1.700000000000000000e+03
1.582000000000000000e+03
1.709000000000000000e+03
1.679000000000000000e+03
1.622000000000000000e+03
1.688000000000000000e+03
1.668000000000000000e+03
1.667000000000000000e+03
1.682000000000000000e+03
1.681000000000000000e+03
1.672000000000000000e+03
1.708000000000000000e+03
1.691000000000000000e+03
1.697000000000000000e+03
1.775000000000000000e+03
1.716000000000000000e+03
1.721000000000000000e+03
1.698000000000000000e+03
1.734000000000000000e+03
1.814000000000000000e+03
1.689000000000000000e+03
1.698000000000000000e+03
1.729000000000000000e+03
1.641000000000000000e+03
1.728000000000000000e+03
1.690000000000000000e+03
1.704000000000000000e+03
1.746000000000000000e+03
1.786000000000000000e+03
1.761000000000000000e+03
1.725000000000000000e+03
1.773000000000000000e+03
1.777000000000000000e+03
1.760000000000000000e+03
1.755000000000000000e+03
1.786000000000000000e+03
1.791000000000000000e+03
1.807000000000000000e+03
1.788000000000000000e+03
1.775000000000000000e+03
1.812000000000000000e+03
1.866000000000000000e+03
1.810000000000000000e+03
1.813000000000000000e+03
1.819000000000000000e+03
1.844000000000000000e+03
1.932000000000000000e+03
1.865000000000000000e+03
1.794000000000000000e+03
1.855000000000000000e+03
1.908000000000000000e+03
1.825000000000000000e+03
1.898000000000000000e+03
1.865000000000000000e+03
1.911000000000000000e+03
1.868000000000000000e+03
1.899000000000000000e+03
1.913000000000000000e+03
1.839000000000000000e+03
1.923000000000000000e+03
1.968000000000000000e+03
1.939000000000000000e+03
1.943000000000000000e+03
1.927000000000000000e+03
1.975000000000000000e+03
2.004000000000000000e+03
2.006000000000000000e+03
1.962000000000000000e+03
1.998000000000000000e+03
1.986000000000000000e+03
2.073000000000000000e+03
2.033000000000000000e+03
2.056000000000000000e+03
2.024000000000000000e+03
2.041000000000000000e+03
2.071000000000000000e+03
2.070000000000000000e+03
2.084000000000000000e+03
2.101000000000000000e+03
2.078000000000000000e+03
2.103000000000000000e+03
2.161000000000000000e+03
2.140000000000000000e+03
2.131000000000000000e+03
2.169000000000000000e+03
2.167000000000000000e+03
2.163000000000000000e+03
2.121000000000000000e+03
2.227000000000000000e+03
2.203000000000000000e+03
2.226000000000000000e+03
2.202000000000000000e+03
2.174000000000000000e+03
2.231000000000000000e+03
2.327000000000000000e+03
2.308000000000000000e+03
2.225000000000000000e+03
2.268000000000000000e+03
2.235000000000000000e+03
2.319000000000000000e+03
2.316000000000000000e+03
2.274000000000000000e+03
2.384000000000000000e+03
2.294000000000000000e+03
2.283000000000000000e+03
2.280000000000000000e+03
2.332000000000000000e+03
2.340000000000000000e+03
2.440000000000000000e+03
2.290000000000000000e+03
2.440000000000000000e+03
2.368000000000000000e+03
2.380000000000000000e+03
2.380000000000000000e+03
2.380000000000000000e+03
2.365000000000000000e+03
2.417000000000000000e+03
2.425000000000000000e+03
2.401000000000000000e+03
2.409000000000000000e+03
2.434000000000000000e+03
2.443000000000000000e+03
2.474000000000000000e+03
2.462000000000000000e+03
2.539000000000000000e+03
2.857000000000000000e+03
2.919000000000000000e+03
2.540000000000000000e+03
2.480000000000000000e+03
2.479000000000000000e+03
2.463000000000000000e+03
2.475000000000000000e+03
2.504000000000000000e+03
2.536000000000000000e+03
2.506000000000000000e+03
2.567000000000000000e+03
2.539000000000000000e+03
2.561000000000000000e+03
2.540000000000000000e+03
2.576000000000000000e+03
2.523000000000000000e+03
2.574000000000000000e+03
2.662000000000000000e+03
2.597000000000000000e+03
2.580000000000000000e+03
2.659000000000000000e+03
2.645000000000000000e+03
2.617000000000000000e+03
2.758000000000000000e+03
2.645000000000000000e+03
2.663000000000000000e+03
2.718000000000000000e+03
2.690000000000000000e+03
2.720000000000000000e+03
2.790000000000000000e+03
2.774000000000000000e+03
2.740000000000000000e+03
2.705000000000000000e+03
2.769000000000000000e+03
2.825000000000000000e+03
2.809000000000000000e+03
2.769000000000000000e+03
2.807000000000000000e+03
2.866000000000000000e+03
2.814000000000000000e+03
2.871000000000000000e+03
2.871000000000000000e+03
2.891000000000000000e+03
2.933000000000000000e+03
2.884000000000000000e+03
2.951000000000000000e+03
3.003000000000000000e+03
2.918000000000000000e+03
2.982000000000000000e+03
2.969000000000000000e+03
2.990000000000000000e+03
3.023000000000000000e+03
3.044000000000000000e+03
3.013000000000000000e+03
3.014000000000000000e+03
3.097000000000000000e+03
3.034000000000000000e+03
3.104000000000000000e+03
3.091000000000000000e+03
3.124000000000000000e+03
3.142000000000000000e+03
3.161000000000000000e+03
3.172000000000000000e+03
3.103000000000000000e+03
3.240000000000000000e+03
3.164000000000000000e+03
3.179000000000000000e+03
3.192000000000000000e+03
3.246000000000000000e+03
3.176000000000000000e+03
3.208000000000000000e+03
3.206000000000000000e+03
3.353000000000000000e+03
3.333000000000000000e+03
3.304000000000000000e+03
3.288000000000000000e+03
3.325000000000000000e+03
3.347000000000000000e+03
3.438000000000000000e+03
3.388000000000000000e+03
3.381000000000000000e+03
3.367000000000000000e+03
3.355000000000000000e+03
3.401000000000000000e+03
3.376000000000000000e+03
3.390000000000000000e+03
3.427000000000000000e+03
3.347000000000000000e+03
3.366000000000000000e+03
3.444000000000000000e+03
3.388000000000000000e+03
3.494000000000000000e+03
3.391000000000000000e+03
3.493000000000000000e+03
3.441000000000000000e+03
3.436000000000000000e+03
3.440000000000000000e+03
3.403000000000000000e+03
3.478000000000000000e+03
3.435000000000000000e+03
3.520000000000000000e+03
3.468000000000000000e+03
3.435000000000000000e+03
3.461000000000000000e+03
3.455000000000000000e+03
3.453000000000000000e+03
3.441000000000000000e+03
3.559000000000000000e+03
3.503000000000000000e+03
3.526000000000000000e+03
3.546000000000000000e+03
3.503000000000000000e+03
3.550000000000000000e+03
3.535000000000000000e+03
3.612000000000000000e+03
3.557000000000000000e+03
3.542000000000000000e+03
3.656000000000000000e+03
3.555000000000000000e+03
3.548000000000000000e+03
3.519000000000000000e+03
3.552000000000000000e+03
3.592000000000000000e+03
3.526000000000000000e+03
3.552000000000000000e+03
3.595000000000000000e+03
3.565000000000000000e+03
3.580000000000000000e+03
3.565000000000000000e+03
3.621000000000000000e+03
3.610000000000000000e+03
3.583000000000000000e+03
3.637000000000000000e+03
3.626000000000000000e+03
3.618000000000000000e+03
3.636000000000000000e+03
3.566000000000000000e+03
3.703000000000000000e+03
3.624000000000000000e+03
3.573000000000000000e+03
3.621000000000000000e+03
3.581000000000000000e+03
3.650000000000000000e+03
3.617000000000000000e+03
3.622000000000000000e+03
3.618000000000000000e+03
3.574000000000000000e+03
3.573000000000000000e+03
3.563000000000000000e+03
3.593000000000000000e+03
3.617000000000000000e+03
3.561000000000000000e+03
3.546000000000000000e+03
3.619000000000000000e+03
3.635000000000000000e+03
3.635000000000000000e+03
3.595000000000000000e+03
3.593000000000000000e+03
3.602000000000000000e+03
3.654000000000000000e+03
3.538000000000000000e+03
3.651000000000000000e+03
3.626000000000000000e+03
3.597000000000000000e+03
3.605000000000000000e+03
3.576000000000000000e+03
3.527000000000000000e+03
3.588000000000000000e+03
3.506000000000000000e+03
3.670000000000000000e+03
3.685000000000000000e+03
3.671000000000000000e+03
3.624000000000000000e+03
3.585000000000000000e+03
3.649000000000000000e+03
3.658000000000000000e+03
3.615000000000000000e+03
3.592000000000000000e+03
3.686000000000000000e+03
3.675000000000000000e+03
3.644000000000000000e+03
3.694000000000000000e+03
3.665000000000000000e+03
3.677000000000000000e+03
3.667000000000000000e+03
3.680000000000000000e+03
3.605000000000000000e+03
3.702000000000000000e+03
3.658000000000000000e+03
3.683000000000000000e+03
3.677000000000000000e+03
3.650000000000000000e+03
3.628000000000000000e+03
3.776000000000000000e+03
3.703000000000000000e+03
3.678000000000000000e+03
3.720000000000000000e+03
3.720000000000000000e+03
3.764000000000000000e+03
3.710000000000000000e+03
3.765000000000000000e+03
3.764000000000000000e+03
3.773000000000000000e+03
3.732000000000000000e+03
3.772000000000000000e+03
3.726000000000000000e+03
3.697000000000000000e+03
3.778000000000000000e+03
3.768000000000000000e+03
3.757000000000000000e+03
3.853000000000000000e+03
3.766000000000000000e+03
3.812000000000000000e+03
3.768000000000000000e+03
3.742000000000000000e+03
3.830000000000000000e+03
3.813000000000000000e+03
3.701000000000000000e+03
3.781000000000000000e+03
3.817000000000000000e+03
3.860000000000000000e+03
3.766000000000000000e+03
3.826000000000000000e+03
3.767000000000000000e+03
3.807000000000000000e+03
3.828000000000000000e+03
3.776000000000000000e+03
3.769000000000000000e+03
3.767000000000000000e+03
3.795000000000000000e+03
3.788000000000000000e+03
3.821000000000000000e+03
3.774000000000000000e+03
3.851000000000000000e+03
3.851000000000000000e+03
3.804000000000000000e+03
3.878000000000000000e+03
3.888000000000000000e+03
3.895000000000000000e+03
3.875000000000000000e+03
3.861000000000000000e+03
3.861000000000000000e+03
3.805000000000000000e+03
3.939000000000000000e+03
3.895000000000000000e+03
3.862000000000000000e+03
3.882000000000000000e+03
3.914000000000000000e+03
3.926000000000000000e+03
3.866000000000000000e+03
3.913000000000000000e+03
3.945000000000000000e+03
3.888000000000000000e+03
3.881000000000000000e+03
3.885000000000000000e+03
4.055000000000000000e+03
3.875000000000000000e+03
3.896000000000000000e+03
3.843000000000000000e+03
4.015000000000000000e+03
3.943000000000000000e+03
3.882000000000000000e+03
3.900000000000000000e+03
3.943000000000000000e+03
3.902000000000000000e+03
3.982000000000000000e+03
3.901000000000000000e+03
3.916000000000000000e+03
3.874000000000000000e+03
3.837000000000000000e+03
3.901000000000000000e+03
3.895000000000000000e+03
3.868000000000000000e+03
3.888000000000000000e+03
3.894000000000000000e+03
3.870000000000000000e+03
3.850000000000000000e+03
3.853000000000000000e+03
3.824000000000000000e+03
3.844000000000000000e+03
3.865000000000000000e+03
3.928000000000000000e+03
3.883000000000000000e+03
3.853000000000000000e+03
3.880000000000000000e+03
3.871000000000000000e+03
3.808000000000000000e+03
3.875000000000000000e+03
3.859000000000000000e+03
3.781000000000000000e+03
3.890000000000000000e+03
3.825000000000000000e+03
3.806000000000000000e+03
3.859000000000000000e+03
3.787000000000000000e+03
3.776000000000000000e+03
3.835000000000000000e+03
3.768000000000000000e+03
3.835000000000000000e+03
3.806000000000000000e+03
3.837000000000000000e+03
3.726000000000000000e+03
3.784000000000000000e+03
3.886000000000000000e+03
3.725000000000000000e+03
3.814000000000000000e+03
3.737000000000000000e+03
3.745000000000000000e+03
3.836000000000000000e+03
3.802000000000000000e+03
3.801000000000000000e+03
3.771000000000000000e+03
3.802000000000000000e+03
3.717000000000000000e+03
3.717000000000000000e+03
3.687000000000000000e+03
3.751000000000000000e+03
3.712000000000000000e+03
3.691000000000000000e+03
3.735000000000000000e+03
3.747000000000000000e+03
3.683000000000000000e+03
3.636000000000000000e+03
3.603000000000000000e+03
3.674000000000000000e+03
3.650000000000000000e+03
3.646000000000000000e+03
3.613000000000000000e+03
3.655000000000000000e+03
3.616000000000000000e+03
3.544000000000000000e+03
3.617000000000000000e+03
3.642000000000000000e+03
3.551000000000000000e+03
3.668000000000000000e+03
3.584000000000000000e+03
3.519000000000000000e+03
3.561000000000000000e+03
3.550000000000000000e+03
3.569000000000000000e+03
3.577000000000000000e+03
3.558000000000000000e+03
3.530000000000000000e+03
3.521000000000000000e+03
3.510000000000000000e+03
3.478000000000000000e+03
3.501000000000000000e+03
3.453000000000000000e+03
3.502000000000000000e+03
3.432000000000000000e+03
3.556000000000000000e+03
3.443000000000000000e+03
3.486000000000000000e+03
3.484000000000000000e+03
3.372000000000000000e+03
3.481000000000000000e+03
3.466000000000000000e+03
3.441000000000000000e+03
3.429000000000000000e+03
3.405000000000000000e+03
3.442000000000000000e+03
3.365000000000000000e+03
3.439000000000000000e+03
3.387000000000000000e+03
3.447000000000000000e+03
3.401000000000000000e+03
3.374000000000000000e+03
3.370000000000000000e+03
3.383000000000000000e+03
3.383000000000000000e+03
3.327000000000000000e+03
3.349000000000000000e+03
3.345000000000000000e+03
3.302000000000000000e+03
3.298000000000000000e+03
3.302000000000000000e+03
3.370000000000000000e+03
3.303000000000000000e+03
3.293000000000000000e+03
3.425000000000000000e+03
3.289000000000000000e+03
3.248000000000000000e+03
3.343000000000000000e+03
3.319000000000000000e+03
3.246000000000000000e+03
3.286000000000000000e+03
3.281000000000000000e+03
3.250000000000000000e+03
3.318000000000000000e+03
3.313000000000000000e+03
3.256000000000000000e+03
3.351000000000000000e+03
3.316000000000000000e+03
3.376000000000000000e+03
3.335000000000000000e+03
3.292000000000000000e+03
3.474000000000000000e+03
3.265000000000000000e+03
3.265000000000000000e+03
3.255000000000000000e+03
3.236000000000000000e+03
3.276000000000000000e+03
3.379000000000000000e+03
3.254000000000000000e+03
3.210000000000000000e+03
3.209000000000000000e+03
3.249000000000000000e+03
3.254000000000000000e+03
3.197000000000000000e+03
3.256000000000000000e+03
3.191000000000000000e+03
3.175000000000000000e+03
3.197000000000000000e+03
3.194000000000000000e+03
3.177000000000000000e+03
3.290000000000000000e+03
3.162000000000000000e+03
3.166000000000000000e+03
3.169000000000000000e+03
3.146000000000000000e+03
3.145000000000000000e+03
3.116000000000000000e+03
3.160000000000000000e+03
3.091000000000000000e+03
3.120000000000000000e+03
3.135000000000000000e+03
3.084000000000000000e+03
3.192000000000000000e+03
3.134000000000000000e+03
3.149000000000000000e+03
3.078000000000000000e+03
3.076000000000000000e+03
3.144000000000000000e+03
3.104000000000000000e+03
3.075000000000000000e+03
3.020000000000000000e+03
3.004000000000000000e+03
3.065000000000000000e+03
3.085000000000000000e+03
3.042000000000000000e+03
3.088000000000000000e+03
2.980000000000000000e+03
3.019000000000000000e+03
3.102000000000000000e+03
3.021000000000000000e+03
2.977000000000000000e+03
2.985000000000000000e+03
3.030000000000000000e+03
2.997000000000000000e+03
3.034000000000000000e+03
3.078000000000000000e+03
3.022000000000000000e+03
2.969000000000000000e+03
2.971000000000000000e+03
3.032000000000000000e+03
2.964000000000000000e+03
3.000000000000000000e+03
3.007000000000000000e+03
2.975000000000000000e+03
2.944000000000000000e+03
2.860000000000000000e+03
2.960000000000000000e+03
2.990000000000000000e+03
2.938000000000000000e+03
2.877000000000000000e+03
2.965000000000000000e+03
2.909000000000000000e+03
2.937000000000000000e+03
2.908000000000000000e+03
2.887000000000000000e+03
2.911000000000000000e+03
2.894000000000000000e+03
2.902000000000000000e+03
2.917000000000000000e+03
2.879000000000000000e+03
2.863000000000000000e+03
2.884000000000000000e+03
2.877000000000000000e+03
2.871000000000000000e+03
2.839000000000000000e+03
2.858000000000000000e+03
2.860000000000000000e+03
2.855000000000000000e+03
2.814000000000000000e+03
2.803000000000000000e+03
2.692000000000000000e+03
2.777000000000000000e+03
2.786000000000000000e+03
2.785000000000000000e+03
2.763000000000000000e+03
2.788000000000000000e+03
2.735000000000000000e+03
2.745000000000000000e+03
2.727000000000000000e+03
2.775000000000000000e+03
2.765000000000000000e+03
2.722000000000000000e+03
2.758000000000000000e+03
2.707000000000000000e+03
2.722000000000000000e+03
2.698000000000000000e+03
2.640000000000000000e+03
2.632000000000000000e+03
2.690000000000000000e+03
2.636000000000000000e+03
2.665000000000000000e+03
2.657000000000000000e+03
2.648000000000000000e+03
2.604000000000000000e+03
2.593000000000000000e+03
2.551000000000000000e+03
2.550000000000000000e+03
2.596000000000000000e+03
2.633000000000000000e+03
2.582000000000000000e+03
2.547000000000000000e+03
2.481000000000000000e+03
2.584000000000000000e+03
2.523000000000000000e+03
2.537000000000000000e+03
2.526000000000000000e+03
2.490000000000000000e+03
2.492000000000000000e+03
2.470000000000000000e+03
2.471000000000000000e+03
2.501000000000000000e+03
2.441000000000000000e+03
2.396000000000000000e+03
2.424000000000000000e+03
2.398000000000000000e+03
2.470000000000000000e+03
2.398000000000000000e+03
2.433000000000000000e+03
2.357000000000000000e+03
2.372000000000000000e+03
2.397000000000000000e+03
2.368000000000000000e+03
2.367000000000000000e+03
2.423000000000000000e+03
2.349000000000000000e+03
2.319000000000000000e+03
2.361000000000000000e+03
2.282000000000000000e+03
2.315000000000000000e+03
2.247000000000000000e+03
2.331000000000000000e+03
2.294000000000000000e+03
2.292000000000000000e+03
2.298000000000000000e+03
2.222000000000000000e+03
2.230000000000000000e+03
2.248000000000000000e+03
2.293000000000000000e+03
2.185000000000000000e+03
2.173000000000000000e+03
2.232000000000000000e+03
2.200000000000000000e+03
2.247000000000000000e+03
2.214000000000000000e+03
2.199000000000000000e+03
2.197000000000000000e+03
2.193000000000000000e+03
2.175000000000000000e+03
2.225000000000000000e+03
2.191000000000000000e+03
2.183000000000000000e+03
2.143000000000000000e+03
2.178000000000000000e+03
2.159000000000000000e+03
2.139000000000000000e+03
2.142000000000000000e+03
2.122000000000000000e+03
2.132000000000000000e+03
2.111000000000000000e+03
2.123000000000000000e+03
2.133000000000000000e+03
2.020000000000000000e+03
