1.554000000000000000e+03
1.567000000000000000e+03
1.584000000000000000e+03
1.577000000000000000e+03
1.570000000000000000e+03
1.573000000000000000e+03
1.587000000000000000e+03
1.637000000000000000e+03
1.583000000000000000e+03
1.593000000000000000e+03
1.590000000000000000e+03
1.590000000000000000e+03
1.642000000000000000e+03
1.702000000000000000e+03
1.614000000000000000e+03
1.673000000000000000e+03
1.645000000000000000e+03
1.640000000000000000e+03
1.653000000000000000e+03
1.681000000000000000e+03
1.706000000000000000e+03
1.739000000000000000e+03
1.676000000000000000e+03
1.667000000000000000e+03
1.711000000000000000e+03
1.709000000000000000e+03
1.715000000000000000e+03
1.696000000000000000e+03
1.711000000000000000e+03
1.714000000000000000e+03
1.734000000000000000e+03
1.687000000000000000e+03
1.748000000000000000e+03
1.766000000000000000e+03
1.697000000000000000e+03
1.725000000000000000e+03
1.743000000000000000e+03
1.724000000000000000e+03
1.756000000000000000e+03
1.754000000000000000e+03
1.750000000000000000e+03
1.754000000000000000e+03
1.773000000000000000e+03
1.800000000000000000e+03
1.784000000000000000e+03
1.824000000000000000e+03
1.748000000000000000e+03
1.763000000000000000e+03
1.824000000000000000e+03
1.764000000000000000e+03
1.825000000000000000e+03
1.804000000000000000e+03
1.823000000000000000e+03
1.853000000000000000e+03
1.801000000000000000e+03
1.822000000000000000e+03
1.829000000000000000e+03
1.818000000000000000e+03
1.879000000000000000e+03
1.819000000000000000e+03
1.844000000000000000e+03
1.863000000000000000e+03
1.852000000000000000e+03
1.847000000000000000e+03
1.878000000000000000e+03
1.837000000000000000e+03
1.874000000000000000e+03
1.924000000000000000e+03
1.902000000000000000e+03
1.913000000000000000e+03
1.891000000000000000e+03
1.897000000000000000e+03
1.917000000000000000e+03
1.928000000000000000e+03
1.910000000000000000e+03
1.923000000000000000e+03
1.899000000000000000e+03
1.930000000000000000e+03
2.005000000000000000e+03
1.925000000000000000e+03
1.923000000000000000e+03
1.911000000000000000e+03
1.948000000000000000e+03
1.943000000000000000e+03
1.983000000000000000e+03
1.927000000000000000e+03
1.999000000000000000e+03
1.920000000000000000e+03
1.939000000000000000e+03
1.994000000000000000e+03
1.974000000000000000e+03
1.998000000000000000e+03
2.013000000000000000e+03
1.947000000000000000e+03
2.016000000000000000e+03
1.985000000000000000e+03
2.041000000000000000e+03
2.002000000000000000e+03
1.998000000000000000e+03
2.044000000000000000e+03
2.038000000000000000e+03
2.034000000000000000e+03
1.981000000000000000e+03
2.124000000000000000e+03
2.084000000000000000e+03
2.021000000000000000e+03
2.052000000000000000e+03
2.095000000000000000e+03
2.105000000000000000e+03
2.120000000000000000e+03
2.087000000000000000e+03
2.065000000000000000e+03
2.079000000000000000e+03
2.083000000000000000e+03
2.140000000000000000e+03
2.178000000000000000e+03
2.202000000000000000e+03
2.186000000000000000e+03
2.202000000000000000e+03
2.205000000000000000e+03
2.196000000000000000e+03
2.156000000000000000e+03
2.272000000000000000e+03
2.205000000000000000e+03
2.299000000000000000e+03
2.257000000000000000e+03
2.272000000000000000e+03
2.269000000000000000e+03
2.230000000000000000e+03
2.299000000000000000e+03
2.311000000000000000e+03
2.309000000000000000e+03
2.287000000000000000e+03
2.317000000000000000e+03
2.314000000000000000e+03
2.359000000000000000e+03
2.375000000000000000e+03
2.406000000000000000e+03
2.371000000000000000e+03
2.420000000000000000e+03
2.411000000000000000e+03
2.422000000000000000e+03
2.417000000000000000e+03
2.450000000000000000e+03
2.436000000000000000e+03
2.498000000000000000e+03
2.493000000000000000e+03
2.515000000000000000e+03
2.544000000000000000e+03
2.501000000000000000e+03
2.493000000000000000e+03
2.543000000000000000e+03
2.535000000000000000e+03
2.500000000000000000e+03
2.603000000000000000e+03
2.603000000000000000e+03
2.590000000000000000e+03
2.647000000000000000e+03
2.621000000000000000e+03
2.627000000000000000e+03
2.651000000000000000e+03
2.605000000000000000e+03
2.602000000000000000e+03
2.671000000000000000e+03
2.690000000000000000e+03
2.674000000000000000e+03
2.678000000000000000e+03
2.688000000000000000e+03
2.675000000000000000e+03
2.713000000000000000e+03
2.717000000000000000e+03
2.693000000000000000e+03
2.757000000000000000e+03
2.678000000000000000e+03
2.711000000000000000e+03
2.751000000000000000e+03
2.758000000000000000e+03
2.819000000000000000e+03
2.824000000000000000e+03
2.710000000000000000e+03
2.783000000000000000e+03
2.737000000000000000e+03
2.802000000000000000e+03
2.853000000000000000e+03
2.793000000000000000e+03
2.926000000000000000e+03
3.295000000000000000e+03
3.332000000000000000e+03
3.018000000000000000e+03
2.886000000000000000e+03
2.901000000000000000e+03
2.847000000000000000e+03
2.949000000000000000e+03
3.001000000000000000e+03
2.849000000000000000e+03
2.871000000000000000e+03
2.931000000000000000e+03
2.943000000000000000e+03
2.906000000000000000e+03
2.899000000000000000e+03
2.851000000000000000e+03
2.971000000000000000e+03
2.971000000000000000e+03
2.924000000000000000e+03
2.926000000000000000e+03
2.991000000000000000e+03
2.966000000000000000e+03
3.003000000000000000e+03
3.041000000000000000e+03
3.080000000000000000e+03
3.114000000000000000e+03
3.105000000000000000e+03
3.003000000000000000e+03
3.067000000000000000e+03
3.076000000000000000e+03
3.149000000000000000e+03
3.119000000000000000e+03
3.134000000000000000e+03
3.175000000000000000e+03
3.129000000000000000e+03
3.202000000000000000e+03
3.203000000000000000e+03
3.257000000000000000e+03
3.219000000000000000e+03
3.323000000000000000e+03
3.269000000000000000e+03
3.315000000000000000e+03
3.255000000000000000e+03
3.330000000000000000e+03
3.302000000000000000e+03
3.307000000000000000e+03
3.363000000000000000e+03
3.382000000000000000e+03
3.417000000000000000e+03
3.368000000000000000e+03
3.467000000000000000e+03
3.475000000000000000e+03
3.436000000000000000e+03
3.523000000000000000e+03
3.416000000000000000e+03
3.518000000000000000e+03
3.543000000000000000e+03
3.525000000000000000e+03
3.566000000000000000e+03
3.517000000000000000e+03
3.548000000000000000e+03
3.518000000000000000e+03
3.627000000000000000e+03
3.580000000000000000e+03
3.614000000000000000e+03
3.625000000000000000e+03
3.676000000000000000e+03
3.622000000000000000e+03
3.656000000000000000e+03
3.629000000000000000e+03
3.690000000000000000e+03
3.732000000000000000e+03
3.740000000000000000e+03
3.792000000000000000e+03
3.859000000000000000e+03
3.844000000000000000e+03
3.784000000000000000e+03
3.816000000000000000e+03
3.928000000000000000e+03
3.935000000000000000e+03
3.825000000000000000e+03
3.860000000000000000e+03
3.865000000000000000e+03
3.772000000000000000e+03
3.894000000000000000e+03
3.794000000000000000e+03
3.885000000000000000e+03
3.734000000000000000e+03
3.873000000000000000e+03
3.880000000000000000e+03
3.924000000000000000e+03
3.854000000000000000e+03
3.909000000000000000e+03
3.887000000000000000e+03
3.932000000000000000e+03
3.880000000000000000e+03
3.964000000000000000e+03
3.923000000000000000e+03
3.911000000000000000e+03
3.892000000000000000e+03
3.996000000000000000e+03
3.988000000000000000e+03
3.963000000000000000e+03
3.959000000000000000e+03
3.960000000000000000e+03
4.049000000000000000e+03
3.976000000000000000e+03
4.002000000000000000e+03
4.010000000000000000e+03
4.017000000000000000e+03
3.979000000000000000e+03
3.948000000000000000e+03
3.996000000000000000e+03
4.045000000000000000e+03
3.939000000000000000e+03
4.043000000000000000e+03
4.024000000000000000e+03
4.109000000000000000e+03
4.103000000000000000e+03
4.063000000000000000e+03
4.150000000000000000e+03
4.124000000000000000e+03
4.075000000000000000e+03
4.126000000000000000e+03
4.071000000000000000e+03
4.128000000000000000e+03
4.085000000000000000e+03
4.127000000000000000e+03
4.120000000000000000e+03
4.130000000000000000e+03
4.089000000000000000e+03
4.095000000000000000e+03
4.099000000000000000e+03
4.060000000000000000e+03
4.049000000000000000e+03
4.103000000000000000e+03
4.087000000000000000e+03
4.110000000000000000e+03
4.137000000000000000e+03
4.127000000000000000e+03
4.086000000000000000e+03
4.118000000000000000e+03
4.209000000000000000e+03
4.190000000000000000e+03
4.174000000000000000e+03
4.072000000000000000e+03
4.105000000000000000e+03
4.166000000000000000e+03
4.149000000000000000e+03
4.141000000000000000e+03
4.129000000000000000e+03
4.099000000000000000e+03
4.073000000000000000e+03
4.214000000000000000e+03
4.194000000000000000e+03
4.103000000000000000e+03
4.018000000000000000e+03
4.134000000000000000e+03
4.156000000000000000e+03
4.160000000000000000e+03
4.186000000000000000e+03
4.144000000000000000e+03
4.161000000000000000e+03
4.200000000000000000e+03
4.196000000000000000e+03
4.108000000000000000e+03
4.273000000000000000e+03
4.138000000000000000e+03
4.097000000000000000e+03
4.208000000000000000e+03
4.137000000000000000e+03
4.179000000000000000e+03
4.125000000000000000e+03
4.223000000000000000e+03
4.241000000000000000e+03
4.195000000000000000e+03
4.187000000000000000e+03
4.239000000000000000e+03
4.198000000000000000e+03
4.182000000000000000e+03
4.199000000000000000e+03
4.235000000000000000e+03
4.191000000000000000e+03
4.184000000000000000e+03
4.240000000000000000e+03
4.258000000000000000e+03
4.295000000000000000e+03
4.266000000000000000e+03
4.265000000000000000e+03
4.252000000000000000e+03
4.253000000000000000e+03
4.311000000000000000e+03
4.313000000000000000e+03
4.347000000000000000e+03
4.260000000000000000e+03
4.263000000000000000e+03
4.291000000000000000e+03
4.210000000000000000e+03
4.351000000000000000e+03
4.329000000000000000e+03
4.326000000000000000e+03
4.319000000000000000e+03
4.305000000000000000e+03
4.343000000000000000e+03
4.386000000000000000e+03
4.409000000000000000e+03
4.447000000000000000e+03
4.402000000000000000e+03
4.342000000000000000e+03
4.336000000000000000e+03
4.435000000000000000e+03
4.362000000000000000e+03
4.421000000000000000e+03
4.381000000000000000e+03
4.449000000000000000e+03
4.407000000000000000e+03
4.449000000000000000e+03
4.447000000000000000e+03
4.371000000000000000e+03
4.446000000000000000e+03
4.403000000000000000e+03
4.355000000000000000e+03
4.455000000000000000e+03
4.455000000000000000e+03
4.393000000000000000e+03
4.386000000000000000e+03
4.419000000000000000e+03
4.443000000000000000e+03
4.422000000000000000e+03
4.426000000000000000e+03
4.461000000000000000e+03
4.486000000000000000e+03
4.531000000000000000e+03
4.492000000000000000e+03
4.457000000000000000e+03
4.495000000000000000e+03
4.561000000000000000e+03
4.483000000000000000e+03
4.509000000000000000e+03
4.439000000000000000e+03
4.563000000000000000e+03
4.559000000000000000e+03
4.523000000000000000e+03
4.491000000000000000e+03
4.442000000000000000e+03
4.503000000000000000e+03
4.483000000000000000e+03
4.566000000000000000e+03
4.503000000000000000e+03
4.497000000000000000e+03
4.475000000000000000e+03
4.591000000000000000e+03
4.477000000000000000e+03
4.478000000000000000e+03
4.598000000000000000e+03
4.555000000000000000e+03
4.555000000000000000e+03
4.498000000000000000e+03
4.548000000000000000e+03
4.569000000000000000e+03
4.578000000000000000e+03
4.610000000000000000e+03
4.437000000000000000e+03
4.460000000000000000e+03
4.606000000000000000e+03
4.561000000000000000e+03
4.544000000000000000e+03
4.586000000000000000e+03
4.537000000000000000e+03
4.645000000000000000e+03
4.574000000000000000e+03
4.553000000000000000e+03
4.496000000000000000e+03
4.546000000000000000e+03
4.491000000000000000e+03
4.632000000000000000e+03
4.470000000000000000e+03
4.533000000000000000e+03
4.649000000000000000e+03
4.607000000000000000e+03
4.549000000000000000e+03
4.501000000000000000e+03
4.558000000000000000e+03
4.486000000000000000e+03
4.463000000000000000e+03
4.551000000000000000e+03
4.487000000000000000e+03
4.553000000000000000e+03
4.508000000000000000e+03
4.518000000000000000e+03
4.499000000000000000e+03
4.439000000000000000e+03
4.455000000000000000e+03
4.481000000000000000e+03
4.421000000000000000e+03
4.398000000000000000e+03
4.459000000000000000e+03
4.462000000000000000e+03
4.539000000000000000e+03
4.467000000000000000e+03
4.601000000000000000e+03
4.362000000000000000e+03
4.489000000000000000e+03
4.347000000000000000e+03
4.442000000000000000e+03
4.379000000000000000e+03
4.385000000000000000e+03
4.391000000000000000e+03
4.310000000000000000e+03
4.405000000000000000e+03
4.403000000000000000e+03
4.370000000000000000e+03
4.395000000000000000e+03
4.432000000000000000e+03
4.331000000000000000e+03
4.331000000000000000e+03
4.252000000000000000e+03
4.299000000000000000e+03
4.317000000000000000e+03
4.326000000000000000e+03
4.346000000000000000e+03
4.369000000000000000e+03
4.283000000000000000e+03
4.310000000000000000e+03
4.225000000000000000e+03
4.229000000000000000e+03
4.319000000000000000e+03
4.191000000000000000e+03
4.265000000000000000e+03
4.250000000000000000e+03
4.307000000000000000e+03
4.231000000000000000e+03
4.246000000000000000e+03
4.150000000000000000e+03
4.197000000000000000e+03
4.202000000000000000e+03
4.231000000000000000e+03
4.077000000000000000e+03
4.141000000000000000e+03
4.155000000000000000e+03
4.129000000000000000e+03
4.106000000000000000e+03
4.147000000000000000e+03
4.091000000000000000e+03
4.055000000000000000e+03
4.066000000000000000e+03
4.061000000000000000e+03
4.067000000000000000e+03
4.067000000000000000e+03
4.043000000000000000e+03
4.085000000000000000e+03
4.047000000000000000e+03
4.067000000000000000e+03
4.039000000000000000e+03
4.090000000000000000e+03
3.999000000000000000e+03
4.007000000000000000e+03
3.983000000000000000e+03
4.046000000000000000e+03
4.101000000000000000e+03
3.998000000000000000e+03
3.970000000000000000e+03
4.043000000000000000e+03
3.924000000000000000e+03
3.946000000000000000e+03
3.949000000000000000e+03
3.969000000000000000e+03
3.946000000000000000e+03
3.917000000000000000e+03
3.957000000000000000e+03
3.987000000000000000e+03
3.915000000000000000e+03
3.905000000000000000e+03
3.955000000000000000e+03
3.831000000000000000e+03
3.987000000000000000e+03
3.863000000000000000e+03
3.899000000000000000e+03
3.903000000000000000e+03
3.862000000000000000e+03
3.903000000000000000e+03
3.867000000000000000e+03
3.886000000000000000e+03
3.910000000000000000e+03
3.809000000000000000e+03
3.839000000000000000e+03
3.879000000000000000e+03
3.809000000000000000e+03
3.800000000000000000e+03
3.850000000000000000e+03
3.771000000000000000e+03
3.866000000000000000e+03
3.899000000000000000e+03
3.837000000000000000e+03
3.868000000000000000e+03
3.835000000000000000e+03
3.793000000000000000e+03
3.786000000000000000e+03
3.807000000000000000e+03
3.709000000000000000e+03
3.782000000000000000e+03
3.783000000000000000e+03
3.769000000000000000e+03
3.726000000000000000e+03
3.758000000000000000e+03
3.765000000000000000e+03
3.722000000000000000e+03
3.787000000000000000e+03
3.712000000000000000e+03
3.760000000000000000e+03
3.719000000000000000e+03
3.772000000000000000e+03
3.654000000000000000e+03
3.664000000000000000e+03
3.693000000000000000e+03
3.654000000000000000e+03
3.661000000000000000e+03
3.721000000000000000e+03
3.764000000000000000e+03
3.678000000000000000e+03
3.741000000000000000e+03
3.658000000000000000e+03
3.655000000000000000e+03
3.625000000000000000e+03
3.596000000000000000e+03
3.722000000000000000e+03
3.685000000000000000e+03
3.598000000000000000e+03
3.631000000000000000e+03
3.608000000000000000e+03
3.568000000000000000e+03
3.606000000000000000e+03
3.556000000000000000e+03
3.643000000000000000e+03
3.573000000000000000e+03
3.548000000000000000e+03
3.588000000000000000e+03
3.548000000000000000e+03
3.587000000000000000e+03
3.554000000000000000e+03
3.501000000000000000e+03
3.573000000000000000e+03
3.628000000000000000e+03
3.598000000000000000e+03
3.576000000000000000e+03
3.546000000000000000e+03
3.519000000000000000e+03
3.516000000000000000e+03
3.440000000000000000e+03
3.500000000000000000e+03
3.521000000000000000e+03
3.538000000000000000e+03
3.445000000000000000e+03
3.445000000000000000e+03
3.537000000000000000e+03
3.450000000000000000e+03
3.512000000000000000e+03
3.526000000000000000e+03
3.498000000000000000e+03
3.426000000000000000e+03
3.417000000000000000e+03
3.397000000000000000e+03
3.409000000000000000e+03
3.453000000000000000e+03
3.392000000000000000e+03
3.407000000000000000e+03
3.327000000000000000e+03
3.355000000000000000e+03
3.418000000000000000e+03
3.388000000000000000e+03
3.278000000000000000e+03
3.390000000000000000e+03
3.387000000000000000e+03
3.409000000000000000e+03
3.429000000000000000e+03
3.405000000000000000e+03
3.304000000000000000e+03
3.347000000000000000e+03
3.279000000000000000e+03
3.310000000000000000e+03
3.294000000000000000e+03
3.248000000000000000e+03
3.371000000000000000e+03
3.303000000000000000e+03
3.245000000000000000e+03
3.297000000000000000e+03
3.257000000000000000e+03
3.211000000000000000e+03
3.267000000000000000e+03
3.258000000000000000e+03
3.235000000000000000e+03
3.163000000000000000e+03
3.214000000000000000e+03
3.230000000000000000e+03
3.248000000000000000e+03
3.175000000000000000e+03
3.219000000000000000e+03
3.176000000000000000e+03
3.189000000000000000e+03
3.125000000000000000e+03
3.174000000000000000e+03
3.138000000000000000e+03
3.057000000000000000e+03
3.102000000000000000e+03
3.087000000000000000e+03
3.084000000000000000e+03
3.041000000000000000e+03
3.007000000000000000e+03
3.060000000000000000e+03
3.047000000000000000e+03
3.037000000000000000e+03
2.982000000000000000e+03
2.983000000000000000e+03
3.017000000000000000e+03
2.927000000000000000e+03
3.011000000000000000e+03
2.973000000000000000e+03
2.938000000000000000e+03
2.938000000000000000e+03
3.034000000000000000e+03
2.906000000000000000e+03
2.970000000000000000e+03
2.897000000000000000e+03
2.884000000000000000e+03
2.860000000000000000e+03
2.872000000000000000e+03
2.897000000000000000e+03
2.870000000000000000e+03
2.813000000000000000e+03
2.849000000000000000e+03
2.809000000000000000e+03
2.807000000000000000e+03
2.769000000000000000e+03
2.746000000000000000e+03
2.727000000000000000e+03
2.727000000000000000e+03
2.787000000000000000e+03
2.715000000000000000e+03
2.705000000000000000e+03
2.747000000000000000e+03
2.763000000000000000e+03
2.715000000000000000e+03
2.690000000000000000e+03
2.722000000000000000e+03
2.678000000000000000e+03
2.699000000000000000e+03
2.611000000000000000e+03
2.660000000000000000e+03
2.612000000000000000e+03
2.620000000000000000e+03
2.651000000000000000e+03
2.658000000000000000e+03
2.629000000000000000e+03
2.625000000000000000e+03
2.576000000000000000e+03
2.567000000000000000e+03
2.653000000000000000e+03
2.562000000000000000e+03
2.582000000000000000e+03
2.581000000000000000e+03
2.494000000000000000e+03
2.498000000000000000e+03
2.585000000000000000e+03
2.520000000000000000e+03
2.478000000000000000e+03
2.517000000000000000e+03
2.504000000000000000e+03
2.483000000000000000e+03
2.524000000000000000e+03
2.533000000000000000e+03
2.503000000000000000e+03
2.448000000000000000e+03
2.478000000000000000e+03
2.404000000000000000e+03
2.423000000000000000e+03
2.442000000000000000e+03
2.437000000000000000e+03
2.417000000000000000e+03
2.424000000000000000e+03
2.330000000000000000e+03
