1.542000000000000000e+03
1.565000000000000000e+03
1.580000000000000000e+03
1.580000000000000000e+03
1.575000000000000000e+03
1.536000000000000000e+03
1.607000000000000000e+03
1.617000000000000000e+03
1.676000000000000000e+03
1.583000000000000000e+03
1.545000000000000000e+03
1.590000000000000000e+03
1.571000000000000000e+03
1.597000000000000000e+03
1.571000000000000000e+03
1.658000000000000000e+03
1.665000000000000000e+03
1.659000000000000000e+03
1.663000000000000000e+03
1.646000000000000000e+03
1.673000000000000000e+03
1.642000000000000000e+03
1.655000000000000000e+03
1.762000000000000000e+03
1.800000000000000000e+03
1.730000000000000000e+03
1.684000000000000000e+03
1.675000000000000000e+03
1.701000000000000000e+03
1.744000000000000000e+03
1.720000000000000000e+03
1.717000000000000000e+03
1.726000000000000000e+03
1.723000000000000000e+03
1.773000000000000000e+03
1.748000000000000000e+03
1.910000000000000000e+03
1.749000000000000000e+03
1.730000000000000000e+03
1.694000000000000000e+03
1.748000000000000000e+03
1.792000000000000000e+03
1.782000000000000000e+03
1.752000000000000000e+03
1.801000000000000000e+03
1.800000000000000000e+03
1.769000000000000000e+03
1.821000000000000000e+03
1.749000000000000000e+03
1.826000000000000000e+03
1.812000000000000000e+03
1.798000000000000000e+03
1.810000000000000000e+03
1.810000000000000000e+03
1.825000000000000000e+03
1.821000000000000000e+03
1.844000000000000000e+03
1.844000000000000000e+03
1.861000000000000000e+03
1.854000000000000000e+03
1.819000000000000000e+03
1.820000000000000000e+03
1.840000000000000000e+03
1.870000000000000000e+03
1.893000000000000000e+03
1.807000000000000000e+03
1.849000000000000000e+03
1.832000000000000000e+03
1.876000000000000000e+03
1.871000000000000000e+03
1.891000000000000000e+03
1.842000000000000000e+03
1.957000000000000000e+03
1.881000000000000000e+03
1.907000000000000000e+03
1.914000000000000000e+03
1.896000000000000000e+03
1.930000000000000000e+03
1.947000000000000000e+03
1.898000000000000000e+03
1.900000000000000000e+03
1.956000000000000000e+03
1.913000000000000000e+03
1.954000000000000000e+03
1.985000000000000000e+03
1.949000000000000000e+03
2.009000000000000000e+03
2.030000000000000000e+03
1.980000000000000000e+03
1.979000000000000000e+03
2.006000000000000000e+03
1.958000000000000000e+03
1.944000000000000000e+03
1.969000000000000000e+03
1.966000000000000000e+03
2.000000000000000000e+03
1.996000000000000000e+03
2.016000000000000000e+03
1.994000000000000000e+03
2.068000000000000000e+03
2.009000000000000000e+03
2.005000000000000000e+03
2.057000000000000000e+03
2.049000000000000000e+03
2.064000000000000000e+03
2.098000000000000000e+03
2.042000000000000000e+03
2.070000000000000000e+03
2.139000000000000000e+03
2.132000000000000000e+03
2.080000000000000000e+03
2.065000000000000000e+03
2.081000000000000000e+03
2.103000000000000000e+03
2.141000000000000000e+03
2.092000000000000000e+03
2.226000000000000000e+03
2.122000000000000000e+03
2.170000000000000000e+03
2.179000000000000000e+03
2.173000000000000000e+03
2.257000000000000000e+03
2.184000000000000000e+03
2.176000000000000000e+03
2.266000000000000000e+03
2.246000000000000000e+03
2.254000000000000000e+03
2.264000000000000000e+03
2.248000000000000000e+03
2.269000000000000000e+03
2.301000000000000000e+03
2.305000000000000000e+03
2.328000000000000000e+03
2.301000000000000000e+03
2.342000000000000000e+03
2.347000000000000000e+03
2.327000000000000000e+03
2.352000000000000000e+03
2.355000000000000000e+03
2.413000000000000000e+03
2.371000000000000000e+03
2.454000000000000000e+03
2.424000000000000000e+03
2.466000000000000000e+03
2.442000000000000000e+03
2.458000000000000000e+03
2.436000000000000000e+03
2.473000000000000000e+03
2.509000000000000000e+03
2.517000000000000000e+03
2.572000000000000000e+03
2.488000000000000000e+03
2.530000000000000000e+03
2.543000000000000000e+03
2.582000000000000000e+03
2.616000000000000000e+03
2.545000000000000000e+03
2.605000000000000000e+03
2.578000000000000000e+03
2.568000000000000000e+03
2.589000000000000000e+03
2.622000000000000000e+03
2.627000000000000000e+03
2.621000000000000000e+03
2.688000000000000000e+03
2.603000000000000000e+03
2.696000000000000000e+03
2.699000000000000000e+03
2.718000000000000000e+03
2.677000000000000000e+03
2.642000000000000000e+03
2.689000000000000000e+03
2.675000000000000000e+03
2.748000000000000000e+03
2.695000000000000000e+03
2.760000000000000000e+03
2.787000000000000000e+03
2.710000000000000000e+03
2.760000000000000000e+03
2.766000000000000000e+03
2.801000000000000000e+03
2.774000000000000000e+03
2.756000000000000000e+03
2.792000000000000000e+03
2.817000000000000000e+03
2.934000000000000000e+03
3.261000000000000000e+03
3.305000000000000000e+03
2.980000000000000000e+03
2.862000000000000000e+03
2.849000000000000000e+03
2.811000000000000000e+03
2.838000000000000000e+03
2.892000000000000000e+03
2.857000000000000000e+03
2.887000000000000000e+03
2.862000000000000000e+03
2.885000000000000000e+03
2.856000000000000000e+03
2.914000000000000000e+03
2.918000000000000000e+03
2.964000000000000000e+03
2.975000000000000000e+03
2.981000000000000000e+03
2.981000000000000000e+03
2.961000000000000000e+03
3.004000000000000000e+03
2.978000000000000000e+03
3.010000000000000000e+03
3.030000000000000000e+03
3.035000000000000000e+03
3.076000000000000000e+03
3.032000000000000000e+03
3.076000000000000000e+03
3.125000000000000000e+03
3.070000000000000000e+03
3.116000000000000000e+03
3.160000000000000000e+03
3.217000000000000000e+03
3.218000000000000000e+03
3.152000000000000000e+03
3.176000000000000000e+03
3.104000000000000000e+03
3.243000000000000000e+03
3.249000000000000000e+03
3.213000000000000000e+03
3.244000000000000000e+03
3.221000000000000000e+03
3.227000000000000000e+03
3.326000000000000000e+03
3.327000000000000000e+03
3.424000000000000000e+03
3.351000000000000000e+03
3.374000000000000000e+03
3.361000000000000000e+03
3.363000000000000000e+03
3.361000000000000000e+03
3.374000000000000000e+03
3.428000000000000000e+03
3.415000000000000000e+03
3.451000000000000000e+03
3.439000000000000000e+03
3.560000000000000000e+03
3.541000000000000000e+03
3.486000000000000000e+03
3.543000000000000000e+03
3.610000000000000000e+03
3.601000000000000000e+03
3.627000000000000000e+03
3.700000000000000000e+03
3.615000000000000000e+03
3.628000000000000000e+03
3.646000000000000000e+03
3.711000000000000000e+03
3.681000000000000000e+03
3.702000000000000000e+03
3.700000000000000000e+03
3.741000000000000000e+03
3.891000000000000000e+03
3.798000000000000000e+03
3.797000000000000000e+03
3.689000000000000000e+03
3.807000000000000000e+03
3.922000000000000000e+03
3.933000000000000000e+03
3.835000000000000000e+03
3.762000000000000000e+03
3.810000000000000000e+03
3.769000000000000000e+03
3.807000000000000000e+03
3.810000000000000000e+03
3.800000000000000000e+03
3.905000000000000000e+03
3.894000000000000000e+03
3.855000000000000000e+03
3.793000000000000000e+03
3.861000000000000000e+03
3.850000000000000000e+03
3.857000000000000000e+03
3.859000000000000000e+03
3.935000000000000000e+03
3.794000000000000000e+03
3.913000000000000000e+03
3.935000000000000000e+03
3.935000000000000000e+03
3.887000000000000000e+03
3.929000000000000000e+03
3.927000000000000000e+03
3.938000000000000000e+03
3.911000000000000000e+03
3.911000000000000000e+03
3.983000000000000000e+03
3.966000000000000000e+03
3.977000000000000000e+03
3.959000000000000000e+03
4.011000000000000000e+03
4.038000000000000000e+03
4.029000000000000000e+03
3.978000000000000000e+03
4.014000000000000000e+03
4.071000000000000000e+03
3.996000000000000000e+03
4.067000000000000000e+03
4.021000000000000000e+03
3.976000000000000000e+03
4.051000000000000000e+03
4.040000000000000000e+03
4.254000000000000000e+03
4.083000000000000000e+03
4.064000000000000000e+03
4.074000000000000000e+03
4.113000000000000000e+03
4.060000000000000000e+03
3.991000000000000000e+03
4.113000000000000000e+03
4.112000000000000000e+03
4.079000000000000000e+03
4.104000000000000000e+03
4.114000000000000000e+03
4.099000000000000000e+03
4.132000000000000000e+03
4.067000000000000000e+03
4.117000000000000000e+03
4.117000000000000000e+03
4.102000000000000000e+03
4.201000000000000000e+03
4.086000000000000000e+03
4.098000000000000000e+03
4.091000000000000000e+03
4.105000000000000000e+03
4.106000000000000000e+03
4.120000000000000000e+03
4.108000000000000000e+03
4.166000000000000000e+03
4.143000000000000000e+03
4.053000000000000000e+03
4.112000000000000000e+03
4.084000000000000000e+03
4.169000000000000000e+03
4.098000000000000000e+03
4.059000000000000000e+03
4.117000000000000000e+03
4.097000000000000000e+03
4.074000000000000000e+03
4.193000000000000000e+03
4.118000000000000000e+03
4.142000000000000000e+03
4.159000000000000000e+03
4.136000000000000000e+03
4.131000000000000000e+03
4.073000000000000000e+03
4.149000000000000000e+03
4.162000000000000000e+03
4.141000000000000000e+03
4.107000000000000000e+03
4.159000000000000000e+03
4.118000000000000000e+03
4.076000000000000000e+03
4.182000000000000000e+03
4.194000000000000000e+03
4.166000000000000000e+03
4.209000000000000000e+03
4.185000000000000000e+03
4.224000000000000000e+03
4.172000000000000000e+03
4.197000000000000000e+03
4.218000000000000000e+03
4.234000000000000000e+03
4.212000000000000000e+03
4.240000000000000000e+03
4.235000000000000000e+03
4.281000000000000000e+03
4.168000000000000000e+03
4.276000000000000000e+03
4.285000000000000000e+03
4.218000000000000000e+03
4.282000000000000000e+03
4.292000000000000000e+03
4.264000000000000000e+03
4.246000000000000000e+03
4.320000000000000000e+03
4.305000000000000000e+03
4.353000000000000000e+03
4.305000000000000000e+03
4.276000000000000000e+03
4.304000000000000000e+03
4.359000000000000000e+03
4.346000000000000000e+03
4.271000000000000000e+03
4.352000000000000000e+03
4.376000000000000000e+03
4.318000000000000000e+03
4.317000000000000000e+03
4.395000000000000000e+03
4.313000000000000000e+03
4.365000000000000000e+03
4.369000000000000000e+03
4.378000000000000000e+03
4.374000000000000000e+03
4.367000000000000000e+03
4.351000000000000000e+03
4.367000000000000000e+03
4.304000000000000000e+03
4.448000000000000000e+03
4.350000000000000000e+03
4.463000000000000000e+03
4.386000000000000000e+03
4.400000000000000000e+03
4.337000000000000000e+03
4.413000000000000000e+03
4.467000000000000000e+03
4.421000000000000000e+03
4.392000000000000000e+03
4.499000000000000000e+03
4.346000000000000000e+03
4.459000000000000000e+03
4.434000000000000000e+03
4.428000000000000000e+03
4.407000000000000000e+03
4.504000000000000000e+03
4.378000000000000000e+03
4.537000000000000000e+03
4.469000000000000000e+03
4.431000000000000000e+03
4.561000000000000000e+03
4.481000000000000000e+03
4.459000000000000000e+03
4.554000000000000000e+03
4.514000000000000000e+03
4.446000000000000000e+03
4.566000000000000000e+03
4.503000000000000000e+03
4.585000000000000000e+03
4.600000000000000000e+03
4.605000000000000000e+03
4.497000000000000000e+03
4.534000000000000000e+03
4.590000000000000000e+03
4.665000000000000000e+03
4.499000000000000000e+03
4.602000000000000000e+03
4.552000000000000000e+03
4.492000000000000000e+03
4.458000000000000000e+03
4.575000000000000000e+03
4.617000000000000000e+03
4.536000000000000000e+03
4.485000000000000000e+03
4.481000000000000000e+03
4.530000000000000000e+03
4.427000000000000000e+03
4.461000000000000000e+03
4.511000000000000000e+03
4.510000000000000000e+03
4.588000000000000000e+03
4.626000000000000000e+03
4.578000000000000000e+03
4.486000000000000000e+03
4.557000000000000000e+03
4.540000000000000000e+03
4.484000000000000000e+03
4.528000000000000000e+03
4.501000000000000000e+03
4.562000000000000000e+03
4.516000000000000000e+03
4.580000000000000000e+03
4.573000000000000000e+03
4.519000000000000000e+03
4.425000000000000000e+03
4.485000000000000000e+03
4.465000000000000000e+03
4.494000000000000000e+03
4.467000000000000000e+03
4.495000000000000000e+03
4.511000000000000000e+03
4.375000000000000000e+03
4.393000000000000000e+03
4.479000000000000000e+03
4.386000000000000000e+03
4.446000000000000000e+03
4.418000000000000000e+03
4.375000000000000000e+03
4.419000000000000000e+03
4.440000000000000000e+03
4.400000000000000000e+03
4.396000000000000000e+03
4.419000000000000000e+03
4.310000000000000000e+03
4.313000000000000000e+03
4.396000000000000000e+03
4.421000000000000000e+03
4.471000000000000000e+03
4.412000000000000000e+03
4.419000000000000000e+03
4.485000000000000000e+03
4.314000000000000000e+03
4.326000000000000000e+03
4.405000000000000000e+03
4.306000000000000000e+03
4.294000000000000000e+03
4.325000000000000000e+03
4.320000000000000000e+03
4.254000000000000000e+03
4.252000000000000000e+03
4.241000000000000000e+03
4.219000000000000000e+03
4.340000000000000000e+03
4.277000000000000000e+03
4.264000000000000000e+03
4.235000000000000000e+03
4.334000000000000000e+03
4.248000000000000000e+03
4.270000000000000000e+03
4.300000000000000000e+03
4.235000000000000000e+03
4.244000000000000000e+03
4.184000000000000000e+03
4.236000000000000000e+03
4.292000000000000000e+03
4.182000000000000000e+03
4.141000000000000000e+03
4.145000000000000000e+03
4.116000000000000000e+03
4.112000000000000000e+03
4.164000000000000000e+03
4.154000000000000000e+03
4.087000000000000000e+03
4.185000000000000000e+03
4.049000000000000000e+03
4.133000000000000000e+03
4.065000000000000000e+03
4.110000000000000000e+03
4.087000000000000000e+03
4.030000000000000000e+03
3.998000000000000000e+03
4.006000000000000000e+03
4.061000000000000000e+03
3.995000000000000000e+03
4.029000000000000000e+03
4.057000000000000000e+03
4.044000000000000000e+03
4.030000000000000000e+03
3.918000000000000000e+03
4.039000000000000000e+03
4.019000000000000000e+03
4.060000000000000000e+03
4.029000000000000000e+03
3.940000000000000000e+03
3.991000000000000000e+03
4.002000000000000000e+03
3.881000000000000000e+03
3.903000000000000000e+03
3.976000000000000000e+03
3.939000000000000000e+03
3.885000000000000000e+03
3.890000000000000000e+03
3.914000000000000000e+03
3.957000000000000000e+03
3.831000000000000000e+03
3.831000000000000000e+03
3.876000000000000000e+03
3.857000000000000000e+03
3.927000000000000000e+03
3.930000000000000000e+03
3.847000000000000000e+03
3.860000000000000000e+03
3.843000000000000000e+03
3.850000000000000000e+03
3.856000000000000000e+03
3.799000000000000000e+03
3.833000000000000000e+03
3.818000000000000000e+03
3.808000000000000000e+03
3.765000000000000000e+03
3.791000000000000000e+03
3.822000000000000000e+03
3.817000000000000000e+03
3.760000000000000000e+03
3.802000000000000000e+03
3.743000000000000000e+03
3.837000000000000000e+03
3.819000000000000000e+03
3.753000000000000000e+03
3.761000000000000000e+03
3.735000000000000000e+03
3.734000000000000000e+03
3.715000000000000000e+03
3.719000000000000000e+03
3.763000000000000000e+03
3.779000000000000000e+03
3.752000000000000000e+03
3.687000000000000000e+03
3.702000000000000000e+03
3.843000000000000000e+03
3.799000000000000000e+03
3.708000000000000000e+03
3.630000000000000000e+03
3.664000000000000000e+03
3.690000000000000000e+03
3.686000000000000000e+03
3.753000000000000000e+03
3.704000000000000000e+03
3.633000000000000000e+03
3.656000000000000000e+03
3.672000000000000000e+03
3.763000000000000000e+03
3.716000000000000000e+03
3.634000000000000000e+03
3.649000000000000000e+03
3.608000000000000000e+03
3.579000000000000000e+03
3.629000000000000000e+03
3.552000000000000000e+03
3.635000000000000000e+03
3.601000000000000000e+03
3.595000000000000000e+03
3.599000000000000000e+03
3.564000000000000000e+03
3.563000000000000000e+03
3.579000000000000000e+03
3.547000000000000000e+03
3.574000000000000000e+03
3.580000000000000000e+03
3.574000000000000000e+03
3.591000000000000000e+03
3.514000000000000000e+03
3.541000000000000000e+03
3.525000000000000000e+03
3.529000000000000000e+03
3.498000000000000000e+03
3.509000000000000000e+03
3.514000000000000000e+03
3.547000000000000000e+03
3.507000000000000000e+03
3.441000000000000000e+03
3.459000000000000000e+03
3.505000000000000000e+03
3.486000000000000000e+03
3.523000000000000000e+03
3.423000000000000000e+03
3.446000000000000000e+03
3.399000000000000000e+03
3.472000000000000000e+03
3.466000000000000000e+03
3.439000000000000000e+03
3.448000000000000000e+03
3.399000000000000000e+03
3.508000000000000000e+03
3.425000000000000000e+03
3.435000000000000000e+03
3.361000000000000000e+03
3.395000000000000000e+03
3.361000000000000000e+03
3.455000000000000000e+03
3.398000000000000000e+03
3.363000000000000000e+03
3.358000000000000000e+03
3.406000000000000000e+03
3.331000000000000000e+03
3.340000000000000000e+03
3.314000000000000000e+03
3.333000000000000000e+03
3.361000000000000000e+03
3.346000000000000000e+03
3.337000000000000000e+03
3.484000000000000000e+03
3.250000000000000000e+03
3.354000000000000000e+03
3.209000000000000000e+03
3.302000000000000000e+03
3.217000000000000000e+03
3.249000000000000000e+03
3.277000000000000000e+03
3.227000000000000000e+03
3.205000000000000000e+03
3.231000000000000000e+03
3.267000000000000000e+03
3.243000000000000000e+03
3.299000000000000000e+03
3.202000000000000000e+03
3.139000000000000000e+03
3.182000000000000000e+03
3.143000000000000000e+03
3.203000000000000000e+03
3.117000000000000000e+03
3.142000000000000000e+03
3.089000000000000000e+03
3.071000000000000000e+03
3.107000000000000000e+03
3.103000000000000000e+03
3.008000000000000000e+03
3.130000000000000000e+03
3.030000000000000000e+03
3.034000000000000000e+03
3.055000000000000000e+03
3.036000000000000000e+03
3.084000000000000000e+03
3.001000000000000000e+03
2.968000000000000000e+03
2.978000000000000000e+03
2.957000000000000000e+03
2.928000000000000000e+03
2.918000000000000000e+03
2.949000000000000000e+03
2.893000000000000000e+03
2.878000000000000000e+03
2.868000000000000000e+03
2.961000000000000000e+03
2.910000000000000000e+03
2.846000000000000000e+03
2.824000000000000000e+03
2.808000000000000000e+03
2.826000000000000000e+03
2.880000000000000000e+03
2.800000000000000000e+03
2.849000000000000000e+03
2.877000000000000000e+03
2.781000000000000000e+03
2.768000000000000000e+03
2.793000000000000000e+03
2.738000000000000000e+03
2.775000000000000000e+03
2.723000000000000000e+03
2.653000000000000000e+03
2.670000000000000000e+03
2.725000000000000000e+03
2.662000000000000000e+03
2.667000000000000000e+03
2.687000000000000000e+03
2.680000000000000000e+03
2.686000000000000000e+03
2.664000000000000000e+03
2.562000000000000000e+03
2.667000000000000000e+03
2.629000000000000000e+03
2.597000000000000000e+03
2.600000000000000000e+03
2.592000000000000000e+03
2.642000000000000000e+03
2.591000000000000000e+03
2.582000000000000000e+03
2.508000000000000000e+03
2.509000000000000000e+03
2.601000000000000000e+03
2.486000000000000000e+03
2.548000000000000000e+03
2.541000000000000000e+03
2.514000000000000000e+03
2.510000000000000000e+03
2.488000000000000000e+03
2.512000000000000000e+03
2.487000000000000000e+03
2.532000000000000000e+03
2.416000000000000000e+03
2.500000000000000000e+03
2.473000000000000000e+03
2.435000000000000000e+03
2.501000000000000000e+03
2.481000000000000000e+03
2.413000000000000000e+03
2.391000000000000000e+03
2.446000000000000000e+03
2.430000000000000000e+03
2.450000000000000000e+03
2.382000000000000000e+03
