1.593000000000000000e+03
1.661000000000000000e+03
1.705000000000000000e+03
1.656000000000000000e+03
1.653000000000000000e+03
1.651000000000000000e+03
1.667000000000000000e+03
1.646000000000000000e+03
1.649000000000000000e+03
1.671000000000000000e+03
1.706000000000000000e+03
1.662000000000000000e+03
1.649000000000000000e+03
1.663000000000000000e+03
1.718000000000000000e+03
1.721000000000000000e+03
1.745000000000000000e+03
1.699000000000000000e+03
1.755000000000000000e+03
1.681000000000000000e+03
1.690000000000000000e+03
1.702000000000000000e+03
1.734000000000000000e+03
1.767000000000000000e+03
1.803000000000000000e+03
1.788000000000000000e+03
1.769000000000000000e+03
1.785000000000000000e+03
1.787000000000000000e+03
1.815000000000000000e+03
1.797000000000000000e+03
1.747000000000000000e+03
1.794000000000000000e+03
1.815000000000000000e+03
1.795000000000000000e+03
1.767000000000000000e+03
1.858000000000000000e+03
1.809000000000000000e+03
1.807000000000000000e+03
1.795000000000000000e+03
1.787000000000000000e+03
1.781000000000000000e+03
1.879000000000000000e+03
1.831000000000000000e+03
1.887000000000000000e+03
1.874000000000000000e+03
1.846000000000000000e+03
1.878000000000000000e+03
1.870000000000000000e+03
1.878000000000000000e+03
1.849000000000000000e+03
1.952000000000000000e+03
1.948000000000000000e+03
1.913000000000000000e+03
1.860000000000000000e+03
1.914000000000000000e+03
1.901000000000000000e+03
1.893000000000000000e+03
1.942000000000000000e+03
1.925000000000000000e+03
1.917000000000000000e+03
1.955000000000000000e+03
1.967000000000000000e+03
1.957000000000000000e+03
1.911000000000000000e+03
1.947000000000000000e+03
1.975000000000000000e+03
1.935000000000000000e+03
1.935000000000000000e+03
2.011000000000000000e+03
1.918000000000000000e+03
1.982000000000000000e+03
1.974000000000000000e+03
1.983000000000000000e+03
1.987000000000000000e+03
1.972000000000000000e+03
1.992000000000000000e+03
2.024000000000000000e+03
2.014000000000000000e+03
1.971000000000000000e+03
1.981000000000000000e+03
2.048000000000000000e+03
2.049000000000000000e+03
2.052000000000000000e+03
2.034000000000000000e+03
2.059000000000000000e+03
2.068000000000000000e+03
2.066000000000000000e+03
2.057000000000000000e+03
2.064000000000000000e+03
2.054000000000000000e+03
2.081000000000000000e+03
2.056000000000000000e+03
2.122000000000000000e+03
2.101000000000000000e+03
2.101000000000000000e+03
2.139000000000000000e+03
2.100000000000000000e+03
2.125000000000000000e+03
2.107000000000000000e+03
2.103000000000000000e+03
2.198000000000000000e+03
2.156000000000000000e+03
2.146000000000000000e+03
2.182000000000000000e+03
2.162000000000000000e+03
2.189000000000000000e+03
2.140000000000000000e+03
2.197000000000000000e+03
2.224000000000000000e+03
2.220000000000000000e+03
2.218000000000000000e+03
2.173000000000000000e+03
2.246000000000000000e+03
2.221000000000000000e+03
2.276000000000000000e+03
2.276000000000000000e+03
2.270000000000000000e+03
2.261000000000000000e+03
2.354000000000000000e+03
2.352000000000000000e+03
2.341000000000000000e+03
2.337000000000000000e+03
2.334000000000000000e+03
2.389000000000000000e+03
2.405000000000000000e+03
2.375000000000000000e+03
2.438000000000000000e+03
2.364000000000000000e+03
2.446000000000000000e+03
2.439000000000000000e+03
2.482000000000000000e+03
2.389000000000000000e+03
2.485000000000000000e+03
2.505000000000000000e+03
2.498000000000000000e+03
2.492000000000000000e+03
2.515000000000000000e+03
2.579000000000000000e+03
2.566000000000000000e+03
2.572000000000000000e+03
2.556000000000000000e+03
2.527000000000000000e+03
2.606000000000000000e+03
2.645000000000000000e+03
2.616000000000000000e+03
2.544000000000000000e+03
2.647000000000000000e+03
2.661000000000000000e+03
2.634000000000000000e+03
2.621000000000000000e+03
2.713000000000000000e+03
2.663000000000000000e+03
2.734000000000000000e+03
2.668000000000000000e+03
2.775000000000000000e+03
2.735000000000000000e+03
2.698000000000000000e+03
2.733000000000000000e+03
2.765000000000000000e+03
2.799000000000000000e+03
2.850000000000000000e+03
2.837000000000000000e+03
2.775000000000000000e+03
2.775000000000000000e+03
2.838000000000000000e+03
2.760000000000000000e+03
2.795000000000000000e+03
2.779000000000000000e+03
2.762000000000000000e+03
2.888000000000000000e+03
2.844000000000000000e+03
2.826000000000000000e+03
2.882000000000000000e+03
2.893000000000000000e+03
2.880000000000000000e+03
2.924000000000000000e+03
2.933000000000000000e+03
2.941000000000000000e+03
2.991000000000000000e+03
2.905000000000000000e+03
2.969000000000000000e+03
2.942000000000000000e+03
2.975000000000000000e+03
3.067000000000000000e+03
3.586000000000000000e+03
3.438000000000000000e+03
3.069000000000000000e+03
2.946000000000000000e+03
3.066000000000000000e+03
3.048000000000000000e+03
3.045000000000000000e+03
2.974000000000000000e+03
3.092000000000000000e+03
3.040000000000000000e+03
3.017000000000000000e+03
3.031000000000000000e+03
3.129000000000000000e+03
3.100000000000000000e+03
3.053000000000000000e+03
3.150000000000000000e+03
3.091000000000000000e+03
3.135000000000000000e+03
3.068000000000000000e+03
3.159000000000000000e+03
3.165000000000000000e+03
3.158000000000000000e+03
3.186000000000000000e+03
3.237000000000000000e+03
3.202000000000000000e+03
3.167000000000000000e+03
3.272000000000000000e+03
3.300000000000000000e+03
3.266000000000000000e+03
3.193000000000000000e+03
3.279000000000000000e+03
3.308000000000000000e+03
3.304000000000000000e+03
3.308000000000000000e+03
3.339000000000000000e+03
3.430000000000000000e+03
3.456000000000000000e+03
3.425000000000000000e+03
3.397000000000000000e+03
3.450000000000000000e+03
3.396000000000000000e+03
3.477000000000000000e+03
3.478000000000000000e+03
3.575000000000000000e+03
3.549000000000000000e+03
3.456000000000000000e+03
3.534000000000000000e+03
3.568000000000000000e+03
3.594000000000000000e+03
3.587000000000000000e+03
3.516000000000000000e+03
3.761000000000000000e+03
3.652000000000000000e+03
3.741000000000000000e+03
3.807000000000000000e+03
3.716000000000000000e+03
3.654000000000000000e+03
3.724000000000000000e+03
3.715000000000000000e+03
3.818000000000000000e+03
3.797000000000000000e+03
3.880000000000000000e+03
3.772000000000000000e+03
3.895000000000000000e+03
3.937000000000000000e+03
3.851000000000000000e+03
3.817000000000000000e+03
3.892000000000000000e+03
3.819000000000000000e+03
3.915000000000000000e+03
3.911000000000000000e+03
3.930000000000000000e+03
3.936000000000000000e+03
4.050000000000000000e+03
3.914000000000000000e+03
3.951000000000000000e+03
4.036000000000000000e+03
4.129000000000000000e+03
4.029000000000000000e+03
4.048000000000000000e+03
4.030000000000000000e+03
4.056000000000000000e+03
4.003000000000000000e+03
4.062000000000000000e+03
4.033000000000000000e+03
4.053000000000000000e+03
3.965000000000000000e+03
4.062000000000000000e+03
4.105000000000000000e+03
4.099000000000000000e+03
4.078000000000000000e+03
4.151000000000000000e+03
4.104000000000000000e+03
4.094000000000000000e+03
4.187000000000000000e+03
4.200000000000000000e+03
4.155000000000000000e+03
4.112000000000000000e+03
4.121000000000000000e+03
4.174000000000000000e+03
4.192000000000000000e+03
4.194000000000000000e+03
4.208000000000000000e+03
4.238000000000000000e+03
4.185000000000000000e+03
4.249000000000000000e+03
4.265000000000000000e+03
4.225000000000000000e+03
4.212000000000000000e+03
4.299000000000000000e+03
4.247000000000000000e+03
4.254000000000000000e+03
4.270000000000000000e+03
4.261000000000000000e+03
4.366000000000000000e+03
4.299000000000000000e+03
4.337000000000000000e+03
4.317000000000000000e+03
4.262000000000000000e+03
4.369000000000000000e+03
4.310000000000000000e+03
4.234000000000000000e+03
4.306000000000000000e+03
4.264000000000000000e+03
4.307000000000000000e+03
4.365000000000000000e+03
4.301000000000000000e+03
4.304000000000000000e+03
4.324000000000000000e+03
4.315000000000000000e+03
4.298000000000000000e+03
4.326000000000000000e+03
4.341000000000000000e+03
4.309000000000000000e+03
4.314000000000000000e+03
4.309000000000000000e+03
4.308000000000000000e+03
4.351000000000000000e+03
4.363000000000000000e+03
4.365000000000000000e+03
4.351000000000000000e+03
4.425000000000000000e+03
4.475000000000000000e+03
4.402000000000000000e+03
4.323000000000000000e+03
4.306000000000000000e+03
4.391000000000000000e+03
4.386000000000000000e+03
4.385000000000000000e+03
4.447000000000000000e+03
4.332000000000000000e+03
4.423000000000000000e+03
4.408000000000000000e+03
4.391000000000000000e+03
4.343000000000000000e+03
4.457000000000000000e+03
4.430000000000000000e+03
4.361000000000000000e+03
4.279000000000000000e+03
4.387000000000000000e+03
4.411000000000000000e+03
4.460000000000000000e+03
4.379000000000000000e+03
4.443000000000000000e+03
4.458000000000000000e+03
4.335000000000000000e+03
4.405000000000000000e+03
4.402000000000000000e+03
4.398000000000000000e+03
4.397000000000000000e+03
4.487000000000000000e+03
4.498000000000000000e+03
4.440000000000000000e+03
4.497000000000000000e+03
4.430000000000000000e+03
4.427000000000000000e+03
4.437000000000000000e+03
4.497000000000000000e+03
4.395000000000000000e+03
4.433000000000000000e+03
4.503000000000000000e+03
4.434000000000000000e+03
4.479000000000000000e+03
4.543000000000000000e+03
4.566000000000000000e+03
4.479000000000000000e+03
4.548000000000000000e+03
4.514000000000000000e+03
4.515000000000000000e+03
4.561000000000000000e+03
4.594000000000000000e+03
4.553000000000000000e+03
4.484000000000000000e+03
4.563000000000000000e+03
4.571000000000000000e+03
4.592000000000000000e+03
4.518000000000000000e+03
4.540000000000000000e+03
4.550000000000000000e+03
4.595000000000000000e+03
4.624000000000000000e+03
4.556000000000000000e+03
4.657000000000000000e+03
4.616000000000000000e+03
4.610000000000000000e+03
4.649000000000000000e+03
4.569000000000000000e+03
4.670000000000000000e+03
4.625000000000000000e+03
4.664000000000000000e+03
4.718000000000000000e+03
4.626000000000000000e+03
4.697000000000000000e+03
4.610000000000000000e+03
4.676000000000000000e+03
4.632000000000000000e+03
4.572000000000000000e+03
4.635000000000000000e+03
4.648000000000000000e+03
4.684000000000000000e+03
4.672000000000000000e+03
4.725000000000000000e+03
4.579000000000000000e+03
4.741000000000000000e+03
4.677000000000000000e+03
4.624000000000000000e+03
4.722000000000000000e+03
4.711000000000000000e+03
4.687000000000000000e+03
4.639000000000000000e+03
4.693000000000000000e+03
4.737000000000000000e+03
4.810000000000000000e+03
4.763000000000000000e+03
4.714000000000000000e+03
4.771000000000000000e+03
4.730000000000000000e+03
4.804000000000000000e+03
4.738000000000000000e+03
4.857000000000000000e+03
4.739000000000000000e+03
4.749000000000000000e+03
4.781000000000000000e+03
4.724000000000000000e+03
4.778000000000000000e+03
4.718000000000000000e+03
4.806000000000000000e+03
4.806000000000000000e+03
4.792000000000000000e+03
4.800000000000000000e+03
4.777000000000000000e+03
4.785000000000000000e+03
4.788000000000000000e+03
4.753000000000000000e+03
4.717000000000000000e+03
4.830000000000000000e+03
4.839000000000000000e+03
4.768000000000000000e+03
4.850000000000000000e+03
4.854000000000000000e+03
4.780000000000000000e+03
4.855000000000000000e+03
4.825000000000000000e+03
4.849000000000000000e+03
4.733000000000000000e+03
4.821000000000000000e+03
4.727000000000000000e+03
4.811000000000000000e+03
4.818000000000000000e+03
4.790000000000000000e+03
4.782000000000000000e+03
4.823000000000000000e+03
4.811000000000000000e+03
4.797000000000000000e+03
4.860000000000000000e+03
4.809000000000000000e+03
4.775000000000000000e+03
4.803000000000000000e+03
4.839000000000000000e+03
4.749000000000000000e+03
4.774000000000000000e+03
4.719000000000000000e+03
4.802000000000000000e+03
4.707000000000000000e+03
4.710000000000000000e+03
4.733000000000000000e+03
4.727000000000000000e+03
4.688000000000000000e+03
4.747000000000000000e+03
4.673000000000000000e+03
4.758000000000000000e+03
4.687000000000000000e+03
4.733000000000000000e+03
4.643000000000000000e+03
4.710000000000000000e+03
4.736000000000000000e+03
4.683000000000000000e+03
4.782000000000000000e+03
4.626000000000000000e+03
4.636000000000000000e+03
4.664000000000000000e+03
4.638000000000000000e+03
4.696000000000000000e+03
4.664000000000000000e+03
4.616000000000000000e+03
4.693000000000000000e+03
4.628000000000000000e+03
4.601000000000000000e+03
4.581000000000000000e+03
4.609000000000000000e+03
4.619000000000000000e+03
4.593000000000000000e+03
4.594000000000000000e+03
4.591000000000000000e+03
4.719000000000000000e+03
4.623000000000000000e+03
4.507000000000000000e+03
4.537000000000000000e+03
4.551000000000000000e+03
4.642000000000000000e+03
4.594000000000000000e+03
4.531000000000000000e+03
4.495000000000000000e+03
4.487000000000000000e+03
4.500000000000000000e+03
4.480000000000000000e+03
4.430000000000000000e+03
4.515000000000000000e+03
4.455000000000000000e+03
4.401000000000000000e+03
4.465000000000000000e+03
4.412000000000000000e+03
4.419000000000000000e+03
4.443000000000000000e+03
4.406000000000000000e+03
4.455000000000000000e+03
4.413000000000000000e+03
4.399000000000000000e+03
4.319000000000000000e+03
4.417000000000000000e+03
4.371000000000000000e+03
4.415000000000000000e+03
4.271000000000000000e+03
4.363000000000000000e+03
4.370000000000000000e+03
4.366000000000000000e+03
4.343000000000000000e+03
4.358000000000000000e+03
4.238000000000000000e+03
4.308000000000000000e+03
4.321000000000000000e+03
4.271000000000000000e+03
4.304000000000000000e+03
4.305000000000000000e+03
4.169000000000000000e+03
4.238000000000000000e+03
4.226000000000000000e+03
4.173000000000000000e+03
4.238000000000000000e+03
4.159000000000000000e+03
4.209000000000000000e+03
4.196000000000000000e+03
4.163000000000000000e+03
4.125000000000000000e+03
4.174000000000000000e+03
4.207000000000000000e+03
4.149000000000000000e+03
4.242000000000000000e+03
4.123000000000000000e+03
4.132000000000000000e+03
4.147000000000000000e+03
4.099000000000000000e+03
4.077000000000000000e+03
4.146000000000000000e+03
4.068000000000000000e+03
4.083000000000000000e+03
4.146000000000000000e+03
4.127000000000000000e+03
4.061000000000000000e+03
4.096000000000000000e+03
4.038000000000000000e+03
4.060000000000000000e+03
4.182000000000000000e+03
4.047000000000000000e+03
4.088000000000000000e+03
4.016000000000000000e+03
4.028000000000000000e+03
4.012000000000000000e+03
4.174000000000000000e+03
4.137000000000000000e+03
4.164000000000000000e+03
3.996000000000000000e+03
3.972000000000000000e+03
4.048000000000000000e+03
4.027000000000000000e+03
4.056000000000000000e+03
4.028000000000000000e+03
4.029000000000000000e+03
4.045000000000000000e+03
3.983000000000000000e+03
3.973000000000000000e+03
4.012000000000000000e+03
3.951000000000000000e+03
4.039000000000000000e+03
3.951000000000000000e+03
4.034000000000000000e+03
3.972000000000000000e+03
4.014000000000000000e+03
3.894000000000000000e+03
4.003000000000000000e+03
3.917000000000000000e+03
3.973000000000000000e+03
3.896000000000000000e+03
3.856000000000000000e+03
3.931000000000000000e+03
3.887000000000000000e+03
3.835000000000000000e+03
3.924000000000000000e+03
3.900000000000000000e+03
3.883000000000000000e+03
3.903000000000000000e+03
3.867000000000000000e+03
3.933000000000000000e+03
3.909000000000000000e+03
3.855000000000000000e+03
3.751000000000000000e+03
3.830000000000000000e+03
3.863000000000000000e+03
3.855000000000000000e+03
3.790000000000000000e+03
3.786000000000000000e+03
3.772000000000000000e+03
3.755000000000000000e+03
3.775000000000000000e+03
3.828000000000000000e+03
3.825000000000000000e+03
3.753000000000000000e+03
3.779000000000000000e+03
3.746000000000000000e+03
3.753000000000000000e+03
3.823000000000000000e+03
3.794000000000000000e+03
3.802000000000000000e+03
3.784000000000000000e+03
3.762000000000000000e+03
3.718000000000000000e+03
3.788000000000000000e+03
3.736000000000000000e+03
3.672000000000000000e+03
3.716000000000000000e+03
3.696000000000000000e+03
3.669000000000000000e+03
3.664000000000000000e+03
3.740000000000000000e+03
3.616000000000000000e+03
3.657000000000000000e+03
3.623000000000000000e+03
3.616000000000000000e+03
3.585000000000000000e+03
3.596000000000000000e+03
3.610000000000000000e+03
3.555000000000000000e+03
3.584000000000000000e+03
3.639000000000000000e+03
3.653000000000000000e+03
3.576000000000000000e+03
3.562000000000000000e+03
3.620000000000000000e+03
3.503000000000000000e+03
3.607000000000000000e+03
3.589000000000000000e+03
3.508000000000000000e+03
3.644000000000000000e+03
3.486000000000000000e+03
3.523000000000000000e+03
3.447000000000000000e+03
3.472000000000000000e+03
3.472000000000000000e+03
3.492000000000000000e+03
3.523000000000000000e+03
3.462000000000000000e+03
3.508000000000000000e+03
3.456000000000000000e+03
3.468000000000000000e+03
3.407000000000000000e+03
3.409000000000000000e+03
3.356000000000000000e+03
3.472000000000000000e+03
3.393000000000000000e+03
3.370000000000000000e+03
3.363000000000000000e+03
3.380000000000000000e+03
3.337000000000000000e+03
3.339000000000000000e+03
3.332000000000000000e+03
3.327000000000000000e+03
3.348000000000000000e+03
3.271000000000000000e+03
3.326000000000000000e+03
3.304000000000000000e+03
3.251000000000000000e+03
3.293000000000000000e+03
3.243000000000000000e+03
3.256000000000000000e+03
3.185000000000000000e+03
3.210000000000000000e+03
3.195000000000000000e+03
3.170000000000000000e+03
3.173000000000000000e+03
3.211000000000000000e+03
3.172000000000000000e+03
3.174000000000000000e+03
3.140000000000000000e+03
3.146000000000000000e+03
3.151000000000000000e+03
3.124000000000000000e+03
3.065000000000000000e+03
3.125000000000000000e+03
3.052000000000000000e+03
3.086000000000000000e+03
3.065000000000000000e+03
3.087000000000000000e+03
3.062000000000000000e+03
3.068000000000000000e+03
3.036000000000000000e+03
2.986000000000000000e+03
2.970000000000000000e+03
2.980000000000000000e+03
2.925000000000000000e+03
2.960000000000000000e+03
2.945000000000000000e+03
2.941000000000000000e+03
2.953000000000000000e+03
2.959000000000000000e+03
2.897000000000000000e+03
2.914000000000000000e+03
2.858000000000000000e+03
2.862000000000000000e+03
2.867000000000000000e+03
2.838000000000000000e+03
2.861000000000000000e+03
2.817000000000000000e+03
2.752000000000000000e+03
2.890000000000000000e+03
2.780000000000000000e+03
2.742000000000000000e+03
2.818000000000000000e+03
2.845000000000000000e+03
2.793000000000000000e+03
2.769000000000000000e+03
2.776000000000000000e+03
2.732000000000000000e+03
2.738000000000000000e+03
2.686000000000000000e+03
2.731000000000000000e+03
2.728000000000000000e+03
2.700000000000000000e+03
2.709000000000000000e+03
2.676000000000000000e+03
2.750000000000000000e+03
2.676000000000000000e+03
2.629000000000000000e+03
2.687000000000000000e+03
2.612000000000000000e+03
2.648000000000000000e+03
2.661000000000000000e+03
2.614000000000000000e+03
2.643000000000000000e+03
2.580000000000000000e+03
2.529000000000000000e+03
2.538000000000000000e+03
2.597000000000000000e+03
2.643000000000000000e+03
2.532000000000000000e+03
2.603000000000000000e+03
2.572000000000000000e+03
2.535000000000000000e+03
2.582000000000000000e+03
2.569000000000000000e+03
2.503000000000000000e+03
