1.555000000000000000e+03
1.543000000000000000e+03
1.544000000000000000e+03
1.595000000000000000e+03
1.536000000000000000e+03
1.618000000000000000e+03
1.571000000000000000e+03
1.644000000000000000e+03
1.534000000000000000e+03
1.561000000000000000e+03
1.593000000000000000e+03
1.623000000000000000e+03
1.617000000000000000e+03
1.605000000000000000e+03
1.623000000000000000e+03
1.650000000000000000e+03
1.622000000000000000e+03
1.611000000000000000e+03
1.675000000000000000e+03
1.654000000000000000e+03
1.645000000000000000e+03
1.665000000000000000e+03
1.651000000000000000e+03
1.683000000000000000e+03
1.648000000000000000e+03
1.675000000000000000e+03
1.687000000000000000e+03
1.711000000000000000e+03
1.695000000000000000e+03
1.708000000000000000e+03
1.674000000000000000e+03
1.711000000000000000e+03
1.727000000000000000e+03
1.731000000000000000e+03
1.721000000000000000e+03
1.725000000000000000e+03
1.759000000000000000e+03
1.735000000000000000e+03
1.783000000000000000e+03
1.795000000000000000e+03
1.766000000000000000e+03
1.750000000000000000e+03
1.787000000000000000e+03
1.738000000000000000e+03
1.755000000000000000e+03
1.761000000000000000e+03
1.756000000000000000e+03
1.763000000000000000e+03
1.789000000000000000e+03
1.791000000000000000e+03
1.815000000000000000e+03
1.745000000000000000e+03
1.823000000000000000e+03
1.799000000000000000e+03
1.810000000000000000e+03
1.822000000000000000e+03
1.787000000000000000e+03
1.870000000000000000e+03
1.834000000000000000e+03
1.865000000000000000e+03
1.820000000000000000e+03
1.818000000000000000e+03
1.793000000000000000e+03
1.832000000000000000e+03
1.878000000000000000e+03
1.900000000000000000e+03
1.837000000000000000e+03
1.822000000000000000e+03
1.881000000000000000e+03
1.829000000000000000e+03
1.860000000000000000e+03
1.878000000000000000e+03
1.869000000000000000e+03
1.898000000000000000e+03
1.894000000000000000e+03
1.901000000000000000e+03
1.908000000000000000e+03
1.878000000000000000e+03
1.849000000000000000e+03
1.897000000000000000e+03
1.931000000000000000e+03
1.873000000000000000e+03
1.912000000000000000e+03
1.918000000000000000e+03
1.959000000000000000e+03
1.987000000000000000e+03
1.979000000000000000e+03
1.957000000000000000e+03
1.904000000000000000e+03
1.922000000000000000e+03
1.958000000000000000e+03
1.970000000000000000e+03
1.979000000000000000e+03
2.004000000000000000e+03
2.004000000000000000e+03
1.996000000000000000e+03
1.965000000000000000e+03
1.970000000000000000e+03
2.073000000000000000e+03
2.024000000000000000e+03
1.996000000000000000e+03
2.018000000000000000e+03
1.993000000000000000e+03
1.998000000000000000e+03
2.076000000000000000e+03
2.021000000000000000e+03
2.036000000000000000e+03
2.047000000000000000e+03
2.084000000000000000e+03
2.096000000000000000e+03
2.107000000000000000e+03
2.116000000000000000e+03
2.126000000000000000e+03
2.160000000000000000e+03
2.097000000000000000e+03
2.119000000000000000e+03
2.161000000000000000e+03
2.153000000000000000e+03
2.212000000000000000e+03
2.194000000000000000e+03
2.206000000000000000e+03
2.206000000000000000e+03
2.203000000000000000e+03
2.276000000000000000e+03
2.233000000000000000e+03
2.164000000000000000e+03
2.225000000000000000e+03
2.231000000000000000e+03
2.309000000000000000e+03
2.274000000000000000e+03
2.349000000000000000e+03
2.294000000000000000e+03
2.274000000000000000e+03
2.322000000000000000e+03
2.345000000000000000e+03
2.278000000000000000e+03
2.349000000000000000e+03
2.364000000000000000e+03
2.349000000000000000e+03
2.391000000000000000e+03
2.408000000000000000e+03
2.367000000000000000e+03
2.393000000000000000e+03
2.395000000000000000e+03
2.470000000000000000e+03
2.416000000000000000e+03
2.466000000000000000e+03
2.514000000000000000e+03
2.527000000000000000e+03
2.508000000000000000e+03
2.517000000000000000e+03
2.469000000000000000e+03
2.468000000000000000e+03
2.471000000000000000e+03
2.504000000000000000e+03
2.554000000000000000e+03
2.582000000000000000e+03
2.569000000000000000e+03
2.523000000000000000e+03
2.552000000000000000e+03
2.524000000000000000e+03
2.665000000000000000e+03
2.567000000000000000e+03
2.602000000000000000e+03
2.621000000000000000e+03
2.588000000000000000e+03
2.662000000000000000e+03
2.615000000000000000e+03
2.700000000000000000e+03
2.667000000000000000e+03
2.620000000000000000e+03
2.681000000000000000e+03
2.710000000000000000e+03
2.724000000000000000e+03
2.746000000000000000e+03
2.696000000000000000e+03
2.686000000000000000e+03
2.697000000000000000e+03
2.712000000000000000e+03
2.725000000000000000e+03
2.716000000000000000e+03
2.817000000000000000e+03
2.731000000000000000e+03
2.800000000000000000e+03
2.770000000000000000e+03
2.800000000000000000e+03
3.194000000000000000e+03
3.290000000000000000e+03
2.933000000000000000e+03
2.856000000000000000e+03
2.829000000000000000e+03
2.780000000000000000e+03
2.828000000000000000e+03
2.870000000000000000e+03
2.856000000000000000e+03
2.911000000000000000e+03
2.880000000000000000e+03
2.873000000000000000e+03
2.844000000000000000e+03
2.933000000000000000e+03
2.922000000000000000e+03
2.913000000000000000e+03
2.887000000000000000e+03
2.933000000000000000e+03
2.923000000000000000e+03
2.968000000000000000e+03
2.975000000000000000e+03
3.027000000000000000e+03
3.003000000000000000e+03
3.010000000000000000e+03
3.008000000000000000e+03
3.026000000000000000e+03
2.983000000000000000e+03
3.038000000000000000e+03
3.125000000000000000e+03
3.105000000000000000e+03
3.077000000000000000e+03
3.106000000000000000e+03
3.072000000000000000e+03
3.142000000000000000e+03
3.142000000000000000e+03
3.155000000000000000e+03
3.284000000000000000e+03
3.141000000000000000e+03
3.181000000000000000e+03
3.197000000000000000e+03
3.207000000000000000e+03
3.261000000000000000e+03
3.303000000000000000e+03
3.327000000000000000e+03
3.210000000000000000e+03
3.335000000000000000e+03
3.343000000000000000e+03
3.414000000000000000e+03
3.314000000000000000e+03
3.496000000000000000e+03
3.399000000000000000e+03
3.366000000000000000e+03
3.413000000000000000e+03
3.469000000000000000e+03
3.452000000000000000e+03
3.479000000000000000e+03
3.532000000000000000e+03
3.487000000000000000e+03
3.558000000000000000e+03
3.557000000000000000e+03
3.579000000000000000e+03
3.593000000000000000e+03
3.527000000000000000e+03
3.593000000000000000e+03
3.655000000000000000e+03
3.587000000000000000e+03
3.587000000000000000e+03
3.579000000000000000e+03
3.615000000000000000e+03
3.746000000000000000e+03
3.631000000000000000e+03
3.695000000000000000e+03
3.683000000000000000e+03
3.806000000000000000e+03
3.736000000000000000e+03
3.683000000000000000e+03
3.751000000000000000e+03
3.850000000000000000e+03
3.881000000000000000e+03
3.788000000000000000e+03
3.742000000000000000e+03
3.826000000000000000e+03
3.780000000000000000e+03
3.751000000000000000e+03
3.776000000000000000e+03
3.832000000000000000e+03
3.761000000000000000e+03
3.776000000000000000e+03
3.834000000000000000e+03
3.857000000000000000e+03
3.772000000000000000e+03
3.798000000000000000e+03
3.821000000000000000e+03
3.836000000000000000e+03
3.879000000000000000e+03
3.885000000000000000e+03
3.844000000000000000e+03
3.923000000000000000e+03
3.872000000000000000e+03
3.879000000000000000e+03
3.883000000000000000e+03
3.896000000000000000e+03
3.974000000000000000e+03
3.829000000000000000e+03
3.887000000000000000e+03
3.899000000000000000e+03
3.948000000000000000e+03
3.948000000000000000e+03
3.983000000000000000e+03
4.039000000000000000e+03
3.911000000000000000e+03
3.949000000000000000e+03
4.036000000000000000e+03
3.990000000000000000e+03
3.967000000000000000e+03
4.015000000000000000e+03
3.999000000000000000e+03
3.993000000000000000e+03
4.056000000000000000e+03
3.963000000000000000e+03
4.015000000000000000e+03
4.059000000000000000e+03
3.999000000000000000e+03
4.012000000000000000e+03
4.011000000000000000e+03
4.007000000000000000e+03
4.011000000000000000e+03
4.010000000000000000e+03
4.009000000000000000e+03
4.067000000000000000e+03
4.046000000000000000e+03
4.038000000000000000e+03
4.036000000000000000e+03
4.142000000000000000e+03
4.170000000000000000e+03
4.084000000000000000e+03
4.084000000000000000e+03
4.017000000000000000e+03
4.053000000000000000e+03
4.040000000000000000e+03
4.045000000000000000e+03
4.077000000000000000e+03
4.038000000000000000e+03
3.990000000000000000e+03
4.069000000000000000e+03
4.050000000000000000e+03
4.094000000000000000e+03
4.077000000000000000e+03
4.101000000000000000e+03
4.050000000000000000e+03
4.029000000000000000e+03
4.081000000000000000e+03
4.083000000000000000e+03
4.039000000000000000e+03
4.001000000000000000e+03
4.058000000000000000e+03
4.094000000000000000e+03
4.026000000000000000e+03
4.091000000000000000e+03
4.087000000000000000e+03
4.181000000000000000e+03
4.112000000000000000e+03
4.141000000000000000e+03
4.091000000000000000e+03
4.063000000000000000e+03
4.043000000000000000e+03
4.113000000000000000e+03
4.162000000000000000e+03
4.094000000000000000e+03
4.155000000000000000e+03
4.111000000000000000e+03
4.047000000000000000e+03
4.109000000000000000e+03
4.157000000000000000e+03
4.182000000000000000e+03
4.127000000000000000e+03
4.175000000000000000e+03
4.174000000000000000e+03
4.187000000000000000e+03
4.181000000000000000e+03
4.147000000000000000e+03
4.158000000000000000e+03
4.200000000000000000e+03
4.239000000000000000e+03
4.122000000000000000e+03
4.146000000000000000e+03
4.136000000000000000e+03
4.220000000000000000e+03
4.178000000000000000e+03
4.156000000000000000e+03
4.280000000000000000e+03
4.316000000000000000e+03
4.257000000000000000e+03
4.209000000000000000e+03
4.292000000000000000e+03
4.245000000000000000e+03
4.345000000000000000e+03
4.318000000000000000e+03
4.231000000000000000e+03
4.328000000000000000e+03
4.354000000000000000e+03
4.323000000000000000e+03
4.265000000000000000e+03
4.314000000000000000e+03
4.325000000000000000e+03
4.349000000000000000e+03
4.359000000000000000e+03
4.338000000000000000e+03
4.305000000000000000e+03
4.362000000000000000e+03
4.327000000000000000e+03
4.298000000000000000e+03
4.317000000000000000e+03
4.418000000000000000e+03
4.281000000000000000e+03
4.366000000000000000e+03
4.369000000000000000e+03
4.363000000000000000e+03
4.388000000000000000e+03
4.422000000000000000e+03
4.333000000000000000e+03
4.362000000000000000e+03
4.399000000000000000e+03
4.401000000000000000e+03
4.305000000000000000e+03
4.386000000000000000e+03
4.369000000000000000e+03
4.439000000000000000e+03
4.459000000000000000e+03
4.335000000000000000e+03
4.385000000000000000e+03
4.391000000000000000e+03
4.402000000000000000e+03
4.419000000000000000e+03
4.554000000000000000e+03
4.426000000000000000e+03
4.474000000000000000e+03
4.464000000000000000e+03
4.451000000000000000e+03
4.384000000000000000e+03
4.325000000000000000e+03
4.489000000000000000e+03
4.484000000000000000e+03
4.378000000000000000e+03
4.532000000000000000e+03
4.546000000000000000e+03
4.455000000000000000e+03
4.580000000000000000e+03
4.560000000000000000e+03
4.513000000000000000e+03
4.417000000000000000e+03
4.462000000000000000e+03
4.561000000000000000e+03
4.441000000000000000e+03
4.426000000000000000e+03
4.519000000000000000e+03
4.409000000000000000e+03
4.483000000000000000e+03
4.475000000000000000e+03
4.524000000000000000e+03
4.582000000000000000e+03
4.482000000000000000e+03
4.531000000000000000e+03
4.450000000000000000e+03
4.577000000000000000e+03
4.553000000000000000e+03
4.504000000000000000e+03
4.498000000000000000e+03
4.604000000000000000e+03
4.519000000000000000e+03
4.431000000000000000e+03
4.504000000000000000e+03
4.512000000000000000e+03
4.524000000000000000e+03
4.438000000000000000e+03
4.470000000000000000e+03
4.493000000000000000e+03
4.500000000000000000e+03
4.440000000000000000e+03
4.496000000000000000e+03
4.412000000000000000e+03
4.474000000000000000e+03
4.448000000000000000e+03
4.512000000000000000e+03
4.449000000000000000e+03
4.437000000000000000e+03
4.441000000000000000e+03
4.401000000000000000e+03
4.404000000000000000e+03
4.387000000000000000e+03
4.411000000000000000e+03
4.399000000000000000e+03
4.438000000000000000e+03
4.472000000000000000e+03
4.451000000000000000e+03
4.366000000000000000e+03
4.471000000000000000e+03
4.420000000000000000e+03
4.437000000000000000e+03
4.398000000000000000e+03
4.357000000000000000e+03
4.319000000000000000e+03
4.401000000000000000e+03
4.346000000000000000e+03
4.400000000000000000e+03
4.294000000000000000e+03
4.347000000000000000e+03
4.371000000000000000e+03
4.373000000000000000e+03
4.345000000000000000e+03
4.273000000000000000e+03
4.307000000000000000e+03
4.295000000000000000e+03
4.238000000000000000e+03
4.351000000000000000e+03
4.379000000000000000e+03
4.278000000000000000e+03
4.274000000000000000e+03
4.268000000000000000e+03
4.274000000000000000e+03
4.267000000000000000e+03
4.216000000000000000e+03
4.157000000000000000e+03
4.237000000000000000e+03
4.181000000000000000e+03
4.179000000000000000e+03
4.225000000000000000e+03
4.303000000000000000e+03
4.314000000000000000e+03
4.202000000000000000e+03
4.158000000000000000e+03
4.170000000000000000e+03
4.130000000000000000e+03
4.180000000000000000e+03
4.088000000000000000e+03
4.136000000000000000e+03
4.100000000000000000e+03
4.140000000000000000e+03
4.105000000000000000e+03
4.108000000000000000e+03
4.068000000000000000e+03
4.048000000000000000e+03
4.125000000000000000e+03
4.091000000000000000e+03
4.081000000000000000e+03
4.077000000000000000e+03
4.100000000000000000e+03
4.075000000000000000e+03
4.071000000000000000e+03
3.974000000000000000e+03
4.035000000000000000e+03
3.993000000000000000e+03
4.054000000000000000e+03
4.002000000000000000e+03
4.004000000000000000e+03
4.095000000000000000e+03
3.927000000000000000e+03
3.933000000000000000e+03
3.980000000000000000e+03
3.892000000000000000e+03
3.966000000000000000e+03
3.943000000000000000e+03
3.943000000000000000e+03
3.936000000000000000e+03
3.892000000000000000e+03
3.908000000000000000e+03
3.871000000000000000e+03
3.930000000000000000e+03
3.884000000000000000e+03
3.821000000000000000e+03
4.008000000000000000e+03
3.799000000000000000e+03
3.917000000000000000e+03
3.800000000000000000e+03
3.886000000000000000e+03
3.873000000000000000e+03
3.922000000000000000e+03
3.775000000000000000e+03
3.824000000000000000e+03
3.825000000000000000e+03
3.795000000000000000e+03
3.820000000000000000e+03
3.799000000000000000e+03
3.840000000000000000e+03
3.843000000000000000e+03
3.830000000000000000e+03
3.832000000000000000e+03
3.891000000000000000e+03
3.777000000000000000e+03
3.723000000000000000e+03
3.716000000000000000e+03
3.777000000000000000e+03
3.806000000000000000e+03
3.795000000000000000e+03
3.739000000000000000e+03
3.761000000000000000e+03
3.719000000000000000e+03
3.725000000000000000e+03
3.758000000000000000e+03
3.750000000000000000e+03
3.707000000000000000e+03
3.727000000000000000e+03
3.714000000000000000e+03
3.684000000000000000e+03
3.685000000000000000e+03
3.682000000000000000e+03
3.675000000000000000e+03
3.749000000000000000e+03
3.773000000000000000e+03
3.767000000000000000e+03
3.784000000000000000e+03
3.694000000000000000e+03
3.639000000000000000e+03
3.690000000000000000e+03
3.674000000000000000e+03
3.648000000000000000e+03
3.648000000000000000e+03
3.687000000000000000e+03
3.612000000000000000e+03
3.664000000000000000e+03
3.645000000000000000e+03
3.644000000000000000e+03
3.614000000000000000e+03
3.572000000000000000e+03
3.565000000000000000e+03
3.594000000000000000e+03
3.540000000000000000e+03
3.628000000000000000e+03
3.585000000000000000e+03
3.598000000000000000e+03
3.569000000000000000e+03
3.533000000000000000e+03
3.628000000000000000e+03
3.567000000000000000e+03
3.553000000000000000e+03
3.563000000000000000e+03
3.478000000000000000e+03
3.525000000000000000e+03
3.558000000000000000e+03
3.487000000000000000e+03
3.514000000000000000e+03
3.509000000000000000e+03
3.487000000000000000e+03
3.493000000000000000e+03
3.518000000000000000e+03
3.469000000000000000e+03
3.470000000000000000e+03
3.507000000000000000e+03
3.442000000000000000e+03
3.480000000000000000e+03
3.442000000000000000e+03
3.465000000000000000e+03
3.463000000000000000e+03
3.376000000000000000e+03
3.424000000000000000e+03
3.397000000000000000e+03
3.426000000000000000e+03
3.463000000000000000e+03
3.445000000000000000e+03
3.420000000000000000e+03
3.415000000000000000e+03
3.412000000000000000e+03
3.330000000000000000e+03
3.342000000000000000e+03
3.348000000000000000e+03
3.387000000000000000e+03
3.336000000000000000e+03
3.320000000000000000e+03
3.349000000000000000e+03
3.357000000000000000e+03
3.346000000000000000e+03
3.328000000000000000e+03
3.369000000000000000e+03
3.331000000000000000e+03
3.319000000000000000e+03
3.380000000000000000e+03
3.293000000000000000e+03
3.283000000000000000e+03
3.307000000000000000e+03
3.242000000000000000e+03
3.309000000000000000e+03
3.218000000000000000e+03
3.302000000000000000e+03
3.263000000000000000e+03
3.221000000000000000e+03
3.218000000000000000e+03
3.188000000000000000e+03
3.180000000000000000e+03
3.215000000000000000e+03
3.183000000000000000e+03
3.204000000000000000e+03
3.168000000000000000e+03
3.152000000000000000e+03
3.142000000000000000e+03
3.166000000000000000e+03
3.233000000000000000e+03
3.193000000000000000e+03
3.100000000000000000e+03
3.173000000000000000e+03
3.085000000000000000e+03
3.087000000000000000e+03
3.091000000000000000e+03
3.025000000000000000e+03
3.123000000000000000e+03
3.026000000000000000e+03
2.999000000000000000e+03
2.990000000000000000e+03
2.999000000000000000e+03
3.003000000000000000e+03
2.992000000000000000e+03
3.014000000000000000e+03
3.016000000000000000e+03
2.999000000000000000e+03
3.026000000000000000e+03
2.924000000000000000e+03
2.976000000000000000e+03
2.925000000000000000e+03
2.875000000000000000e+03
2.937000000000000000e+03
2.932000000000000000e+03
2.957000000000000000e+03
2.879000000000000000e+03
2.875000000000000000e+03
2.811000000000000000e+03
2.857000000000000000e+03
2.851000000000000000e+03
2.827000000000000000e+03
2.815000000000000000e+03
2.775000000000000000e+03
2.830000000000000000e+03
2.735000000000000000e+03
2.802000000000000000e+03
2.738000000000000000e+03
2.779000000000000000e+03
2.761000000000000000e+03
2.711000000000000000e+03
2.668000000000000000e+03
2.701000000000000000e+03
2.650000000000000000e+03
2.679000000000000000e+03
2.662000000000000000e+03
2.684000000000000000e+03
2.599000000000000000e+03
2.640000000000000000e+03
2.619000000000000000e+03
2.597000000000000000e+03
2.620000000000000000e+03
2.575000000000000000e+03
2.621000000000000000e+03
2.622000000000000000e+03
2.499000000000000000e+03
2.549000000000000000e+03
2.534000000000000000e+03
2.607000000000000000e+03
2.584000000000000000e+03
2.534000000000000000e+03
2.530000000000000000e+03
2.493000000000000000e+03
2.598000000000000000e+03
2.508000000000000000e+03
2.489000000000000000e+03
2.521000000000000000e+03
2.510000000000000000e+03
2.468000000000000000e+03
2.441000000000000000e+03
2.439000000000000000e+03
2.495000000000000000e+03
2.401000000000000000e+03
2.476000000000000000e+03
2.447000000000000000e+03
2.455000000000000000e+03
2.443000000000000000e+03
2.423000000000000000e+03
2.457000000000000000e+03
2.418000000000000000e+03
2.415000000000000000e+03
2.431000000000000000e+03
2.367000000000000000e+03
2.391000000000000000e+03
