1.772000000000000000e+03
1.779000000000000000e+03
1.806000000000000000e+03
1.794000000000000000e+03
1.821000000000000000e+03
1.853000000000000000e+03
1.770000000000000000e+03
1.796000000000000000e+03
1.884000000000000000e+03
1.819000000000000000e+03
1.867000000000000000e+03
1.897000000000000000e+03
1.840000000000000000e+03
1.860000000000000000e+03
1.879000000000000000e+03
1.914000000000000000e+03
1.890000000000000000e+03
1.909000000000000000e+03
1.856000000000000000e+03
1.866000000000000000e+03
1.876000000000000000e+03
1.924000000000000000e+03
1.918000000000000000e+03
1.948000000000000000e+03
1.925000000000000000e+03
1.957000000000000000e+03
1.968000000000000000e+03
1.960000000000000000e+03
1.964000000000000000e+03
1.902000000000000000e+03
1.954000000000000000e+03
2.005000000000000000e+03
1.953000000000000000e+03
2.017000000000000000e+03
2.041000000000000000e+03
1.973000000000000000e+03
2.039000000000000000e+03
2.002000000000000000e+03
2.014000000000000000e+03
2.031000000000000000e+03
2.027000000000000000e+03
2.023000000000000000e+03
2.049000000000000000e+03
2.040000000000000000e+03
1.994000000000000000e+03
2.066000000000000000e+03
2.055000000000000000e+03
2.083000000000000000e+03
2.117000000000000000e+03
2.077000000000000000e+03
2.077000000000000000e+03
2.090000000000000000e+03
2.134000000000000000e+03
2.074000000000000000e+03
2.131000000000000000e+03
2.139000000000000000e+03
2.068000000000000000e+03
2.053000000000000000e+03
2.117000000000000000e+03
2.142000000000000000e+03
2.135000000000000000e+03
2.153000000000000000e+03
2.139000000000000000e+03
2.150000000000000000e+03
2.169000000000000000e+03
2.183000000000000000e+03
2.098000000000000000e+03
2.215000000000000000e+03
2.172000000000000000e+03
2.179000000000000000e+03
2.230000000000000000e+03
2.192000000000000000e+03
2.235000000000000000e+03
2.224000000000000000e+03
2.206000000000000000e+03
2.185000000000000000e+03
2.201000000000000000e+03
2.235000000000000000e+03
2.260000000000000000e+03
2.245000000000000000e+03
2.199000000000000000e+03
2.251000000000000000e+03
2.243000000000000000e+03
2.313000000000000000e+03
2.278000000000000000e+03
2.287000000000000000e+03
2.307000000000000000e+03
2.302000000000000000e+03
2.254000000000000000e+03
2.305000000000000000e+03
2.306000000000000000e+03
2.319000000000000000e+03
2.345000000000000000e+03
2.297000000000000000e+03
2.403000000000000000e+03
2.348000000000000000e+03
2.386000000000000000e+03
2.347000000000000000e+03
2.383000000000000000e+03
2.399000000000000000e+03
2.385000000000000000e+03
2.457000000000000000e+03
2.379000000000000000e+03
2.390000000000000000e+03
2.423000000000000000e+03
2.499000000000000000e+03
2.414000000000000000e+03
2.527000000000000000e+03
2.513000000000000000e+03
2.487000000000000000e+03
2.511000000000000000e+03
2.481000000000000000e+03
2.546000000000000000e+03
2.510000000000000000e+03
2.547000000000000000e+03
2.527000000000000000e+03
2.586000000000000000e+03
2.617000000000000000e+03
2.629000000000000000e+03
2.610000000000000000e+03
2.598000000000000000e+03
2.664000000000000000e+03
2.606000000000000000e+03
2.638000000000000000e+03
2.668000000000000000e+03
2.700000000000000000e+03
2.704000000000000000e+03
2.620000000000000000e+03
2.685000000000000000e+03
2.756000000000000000e+03
2.660000000000000000e+03
2.728000000000000000e+03
2.808000000000000000e+03
2.794000000000000000e+03
2.796000000000000000e+03
2.812000000000000000e+03
2.828000000000000000e+03
2.849000000000000000e+03
2.865000000000000000e+03
2.800000000000000000e+03
2.909000000000000000e+03
2.944000000000000000e+03
2.854000000000000000e+03
2.887000000000000000e+03
2.913000000000000000e+03
2.927000000000000000e+03
2.992000000000000000e+03
2.824000000000000000e+03
2.974000000000000000e+03
2.927000000000000000e+03
2.991000000000000000e+03
3.089000000000000000e+03
3.008000000000000000e+03
2.965000000000000000e+03
3.066000000000000000e+03
3.039000000000000000e+03
3.070000000000000000e+03
3.029000000000000000e+03
3.062000000000000000e+03
3.081000000000000000e+03
3.122000000000000000e+03
3.093000000000000000e+03
3.179000000000000000e+03
3.164000000000000000e+03
3.158000000000000000e+03
3.189000000000000000e+03
3.175000000000000000e+03
3.191000000000000000e+03
3.221000000000000000e+03
3.165000000000000000e+03
3.175000000000000000e+03
3.178000000000000000e+03
3.306000000000000000e+03
3.194000000000000000e+03
3.230000000000000000e+03
3.258000000000000000e+03
3.256000000000000000e+03
3.261000000000000000e+03
3.260000000000000000e+03
3.281000000000000000e+03
3.281000000000000000e+03
3.269000000000000000e+03
3.343000000000000000e+03
3.860000000000000000e+03
3.715000000000000000e+03
3.358000000000000000e+03
3.306000000000000000e+03
3.351000000000000000e+03
3.309000000000000000e+03
3.339000000000000000e+03
3.385000000000000000e+03
3.405000000000000000e+03
3.395000000000000000e+03
3.427000000000000000e+03
3.431000000000000000e+03
3.475000000000000000e+03
3.442000000000000000e+03
3.522000000000000000e+03
3.534000000000000000e+03
3.471000000000000000e+03
3.507000000000000000e+03
3.493000000000000000e+03
3.521000000000000000e+03
3.528000000000000000e+03
3.579000000000000000e+03
3.551000000000000000e+03
3.606000000000000000e+03
3.587000000000000000e+03
3.584000000000000000e+03
3.630000000000000000e+03
3.642000000000000000e+03
3.765000000000000000e+03
3.762000000000000000e+03
3.672000000000000000e+03
3.657000000000000000e+03
3.756000000000000000e+03
3.702000000000000000e+03
3.741000000000000000e+03
3.772000000000000000e+03
3.834000000000000000e+03
3.833000000000000000e+03
3.857000000000000000e+03
3.927000000000000000e+03
3.876000000000000000e+03
3.845000000000000000e+03
3.935000000000000000e+03
3.930000000000000000e+03
3.871000000000000000e+03
3.912000000000000000e+03
3.950000000000000000e+03
3.927000000000000000e+03
3.937000000000000000e+03
4.006000000000000000e+03
3.980000000000000000e+03
4.044000000000000000e+03
4.063000000000000000e+03
4.034000000000000000e+03
4.057000000000000000e+03
4.172000000000000000e+03
4.148000000000000000e+03
4.110000000000000000e+03
4.213000000000000000e+03
4.122000000000000000e+03
4.177000000000000000e+03
4.236000000000000000e+03
4.212000000000000000e+03
4.267000000000000000e+03
4.268000000000000000e+03
4.359000000000000000e+03
4.253000000000000000e+03
4.272000000000000000e+03
4.362000000000000000e+03
4.321000000000000000e+03
4.247000000000000000e+03
4.407000000000000000e+03
4.477000000000000000e+03
4.557000000000000000e+03
4.446000000000000000e+03
4.474000000000000000e+03
4.418000000000000000e+03
4.474000000000000000e+03
4.547000000000000000e+03
4.520000000000000000e+03
4.473000000000000000e+03
4.448000000000000000e+03
4.461000000000000000e+03
4.507000000000000000e+03
4.517000000000000000e+03
4.559000000000000000e+03
4.456000000000000000e+03
4.546000000000000000e+03
4.579000000000000000e+03
4.603000000000000000e+03
4.474000000000000000e+03
4.573000000000000000e+03
4.536000000000000000e+03
4.571000000000000000e+03
4.579000000000000000e+03
4.608000000000000000e+03
4.587000000000000000e+03
4.589000000000000000e+03
4.654000000000000000e+03
4.602000000000000000e+03
4.660000000000000000e+03
4.683000000000000000e+03
4.655000000000000000e+03
4.624000000000000000e+03
4.700000000000000000e+03
4.697000000000000000e+03
4.695000000000000000e+03
4.642000000000000000e+03
4.673000000000000000e+03
4.725000000000000000e+03
4.734000000000000000e+03
4.658000000000000000e+03
4.788000000000000000e+03
4.710000000000000000e+03
4.726000000000000000e+03
4.645000000000000000e+03
4.748000000000000000e+03
4.661000000000000000e+03
4.685000000000000000e+03
4.700000000000000000e+03
4.754000000000000000e+03
4.745000000000000000e+03
4.686000000000000000e+03
4.835000000000000000e+03
4.772000000000000000e+03
4.777000000000000000e+03
4.795000000000000000e+03
4.752000000000000000e+03
4.734000000000000000e+03
4.772000000000000000e+03
4.858000000000000000e+03
4.838000000000000000e+03
4.817000000000000000e+03
4.792000000000000000e+03
4.776000000000000000e+03
4.760000000000000000e+03
4.833000000000000000e+03
4.863000000000000000e+03
4.813000000000000000e+03
4.848000000000000000e+03
4.897000000000000000e+03
4.778000000000000000e+03
4.814000000000000000e+03
4.883000000000000000e+03
4.777000000000000000e+03
4.887000000000000000e+03
4.685000000000000000e+03
4.884000000000000000e+03
4.871000000000000000e+03
4.774000000000000000e+03
4.806000000000000000e+03
4.883000000000000000e+03
4.813000000000000000e+03
4.919000000000000000e+03
4.764000000000000000e+03
4.844000000000000000e+03
4.758000000000000000e+03
4.858000000000000000e+03
4.903000000000000000e+03
4.777000000000000000e+03
4.893000000000000000e+03
4.893000000000000000e+03
4.881000000000000000e+03
4.871000000000000000e+03
4.814000000000000000e+03
4.847000000000000000e+03
4.886000000000000000e+03
4.891000000000000000e+03
4.887000000000000000e+03
4.964000000000000000e+03
4.923000000000000000e+03
4.865000000000000000e+03
4.879000000000000000e+03
4.995000000000000000e+03
4.896000000000000000e+03
4.958000000000000000e+03
4.967000000000000000e+03
4.918000000000000000e+03
4.942000000000000000e+03
5.056000000000000000e+03
4.913000000000000000e+03
5.023000000000000000e+03
4.985000000000000000e+03
5.053000000000000000e+03
5.065000000000000000e+03
5.063000000000000000e+03
4.931000000000000000e+03
4.927000000000000000e+03
4.979000000000000000e+03
5.010000000000000000e+03
4.923000000000000000e+03
5.590000000000000000e+03
5.046000000000000000e+03
4.987000000000000000e+03
5.021000000000000000e+03
5.002000000000000000e+03
5.045000000000000000e+03
5.025000000000000000e+03
5.062000000000000000e+03
5.174000000000000000e+03
4.992000000000000000e+03
4.970000000000000000e+03
5.039000000000000000e+03
5.053000000000000000e+03
5.025000000000000000e+03
5.045000000000000000e+03
5.005000000000000000e+03
5.071000000000000000e+03
5.031000000000000000e+03
5.127000000000000000e+03
5.075000000000000000e+03
5.079000000000000000e+03
5.135000000000000000e+03
5.151000000000000000e+03
5.170000000000000000e+03
5.243000000000000000e+03
5.226000000000000000e+03
5.103000000000000000e+03
5.143000000000000000e+03
5.204000000000000000e+03
5.118000000000000000e+03
5.089000000000000000e+03
5.154000000000000000e+03
5.183000000000000000e+03
5.164000000000000000e+03
5.073000000000000000e+03
5.110000000000000000e+03
5.148000000000000000e+03
5.139000000000000000e+03
5.144000000000000000e+03
5.158000000000000000e+03
5.485000000000000000e+03
5.196000000000000000e+03
5.254000000000000000e+03
5.149000000000000000e+03
5.224000000000000000e+03
5.150000000000000000e+03
5.237000000000000000e+03
5.208000000000000000e+03
5.235000000000000000e+03
5.257000000000000000e+03
5.277000000000000000e+03
5.247000000000000000e+03
5.285000000000000000e+03
5.178000000000000000e+03
5.254000000000000000e+03
5.183000000000000000e+03
5.263000000000000000e+03
5.218000000000000000e+03
5.260000000000000000e+03
5.225000000000000000e+03
5.183000000000000000e+03
5.211000000000000000e+03
5.213000000000000000e+03
5.236000000000000000e+03
5.218000000000000000e+03
5.235000000000000000e+03
5.247000000000000000e+03
5.387000000000000000e+03
5.285000000000000000e+03
5.244000000000000000e+03
5.238000000000000000e+03
5.379000000000000000e+03
5.243000000000000000e+03
5.214000000000000000e+03
5.293000000000000000e+03
5.289000000000000000e+03
5.270000000000000000e+03
5.191000000000000000e+03
5.268000000000000000e+03
5.199000000000000000e+03
5.295000000000000000e+03
5.360000000000000000e+03
5.282000000000000000e+03
5.224000000000000000e+03
5.294000000000000000e+03
5.250000000000000000e+03
5.240000000000000000e+03
5.272000000000000000e+03
5.177000000000000000e+03
5.185000000000000000e+03
5.200000000000000000e+03
5.185000000000000000e+03
5.265000000000000000e+03
5.246000000000000000e+03
5.210000000000000000e+03
5.296000000000000000e+03
5.202000000000000000e+03
5.242000000000000000e+03
5.153000000000000000e+03
5.176000000000000000e+03
5.260000000000000000e+03
5.272000000000000000e+03
5.148000000000000000e+03
5.163000000000000000e+03
5.152000000000000000e+03
5.072000000000000000e+03
5.064000000000000000e+03
5.165000000000000000e+03
5.143000000000000000e+03
5.149000000000000000e+03
5.128000000000000000e+03
5.100000000000000000e+03
5.114000000000000000e+03
5.078000000000000000e+03
5.050000000000000000e+03
5.105000000000000000e+03
5.132000000000000000e+03
5.072000000000000000e+03
5.092000000000000000e+03
5.101000000000000000e+03
5.023000000000000000e+03
5.041000000000000000e+03
5.024000000000000000e+03
5.021000000000000000e+03
4.966000000000000000e+03
5.031000000000000000e+03
4.974000000000000000e+03
4.977000000000000000e+03
4.939000000000000000e+03
5.037000000000000000e+03
4.898000000000000000e+03
4.900000000000000000e+03
4.995000000000000000e+03
4.974000000000000000e+03
4.898000000000000000e+03
4.972000000000000000e+03
4.901000000000000000e+03
4.883000000000000000e+03
4.909000000000000000e+03
4.920000000000000000e+03
4.917000000000000000e+03
4.858000000000000000e+03
5.019000000000000000e+03
4.902000000000000000e+03
4.872000000000000000e+03
4.855000000000000000e+03
4.928000000000000000e+03
4.843000000000000000e+03
4.809000000000000000e+03
4.801000000000000000e+03
4.767000000000000000e+03
4.804000000000000000e+03
4.807000000000000000e+03
4.823000000000000000e+03
4.782000000000000000e+03
4.706000000000000000e+03
4.688000000000000000e+03
4.810000000000000000e+03
4.771000000000000000e+03
4.761000000000000000e+03
4.705000000000000000e+03
4.685000000000000000e+03
4.713000000000000000e+03
4.647000000000000000e+03
4.730000000000000000e+03
4.695000000000000000e+03
4.710000000000000000e+03
4.622000000000000000e+03
4.670000000000000000e+03
4.645000000000000000e+03
4.614000000000000000e+03
4.617000000000000000e+03
4.561000000000000000e+03
4.612000000000000000e+03
4.647000000000000000e+03
4.649000000000000000e+03
4.659000000000000000e+03
4.703000000000000000e+03
4.605000000000000000e+03
4.578000000000000000e+03
4.634000000000000000e+03
4.654000000000000000e+03
4.587000000000000000e+03
4.586000000000000000e+03
4.636000000000000000e+03
4.501000000000000000e+03
4.460000000000000000e+03
4.526000000000000000e+03
4.501000000000000000e+03
4.493000000000000000e+03
4.530000000000000000e+03
4.584000000000000000e+03
4.524000000000000000e+03
4.539000000000000000e+03
4.574000000000000000e+03
4.457000000000000000e+03
4.501000000000000000e+03
4.552000000000000000e+03
4.482000000000000000e+03
4.529000000000000000e+03
4.494000000000000000e+03
4.498000000000000000e+03
4.449000000000000000e+03
4.480000000000000000e+03
4.519000000000000000e+03
4.464000000000000000e+03
4.357000000000000000e+03
4.487000000000000000e+03
4.437000000000000000e+03
4.454000000000000000e+03
4.413000000000000000e+03
4.374000000000000000e+03
4.415000000000000000e+03
4.351000000000000000e+03
4.396000000000000000e+03
4.386000000000000000e+03
4.304000000000000000e+03
4.327000000000000000e+03
4.354000000000000000e+03
4.373000000000000000e+03
4.381000000000000000e+03
4.352000000000000000e+03
4.322000000000000000e+03
4.404000000000000000e+03
4.406000000000000000e+03
4.315000000000000000e+03
4.305000000000000000e+03
4.316000000000000000e+03
4.308000000000000000e+03
4.293000000000000000e+03
4.263000000000000000e+03
4.310000000000000000e+03
4.181000000000000000e+03
4.281000000000000000e+03
4.251000000000000000e+03
4.315000000000000000e+03
4.204000000000000000e+03
4.299000000000000000e+03
4.311000000000000000e+03
4.263000000000000000e+03
4.198000000000000000e+03
4.220000000000000000e+03
4.195000000000000000e+03
4.279000000000000000e+03
4.250000000000000000e+03
4.265000000000000000e+03
4.244000000000000000e+03
4.207000000000000000e+03
4.186000000000000000e+03
4.229000000000000000e+03
4.135000000000000000e+03
4.212000000000000000e+03
4.166000000000000000e+03
4.132000000000000000e+03
4.066000000000000000e+03
4.162000000000000000e+03
4.085000000000000000e+03
4.044000000000000000e+03
4.092000000000000000e+03
4.097000000000000000e+03
3.996000000000000000e+03
4.087000000000000000e+03
4.081000000000000000e+03
4.068000000000000000e+03
4.119000000000000000e+03
4.044000000000000000e+03
4.147000000000000000e+03
4.067000000000000000e+03
4.092000000000000000e+03
4.106000000000000000e+03
4.033000000000000000e+03
3.959000000000000000e+03
4.050000000000000000e+03
3.988000000000000000e+03
4.033000000000000000e+03
3.954000000000000000e+03
4.031000000000000000e+03
3.884000000000000000e+03
3.949000000000000000e+03
4.038000000000000000e+03
3.933000000000000000e+03
3.851000000000000000e+03
3.949000000000000000e+03
3.834000000000000000e+03
3.905000000000000000e+03
3.938000000000000000e+03
3.850000000000000000e+03
3.903000000000000000e+03
3.753000000000000000e+03
3.854000000000000000e+03
3.824000000000000000e+03
3.769000000000000000e+03
3.814000000000000000e+03
3.799000000000000000e+03
3.856000000000000000e+03
3.844000000000000000e+03
3.755000000000000000e+03
3.749000000000000000e+03
3.691000000000000000e+03
3.717000000000000000e+03
3.688000000000000000e+03
3.755000000000000000e+03
3.706000000000000000e+03
3.786000000000000000e+03
3.714000000000000000e+03
3.624000000000000000e+03
3.634000000000000000e+03
3.652000000000000000e+03
3.661000000000000000e+03
3.672000000000000000e+03
3.721000000000000000e+03
3.636000000000000000e+03
3.596000000000000000e+03
3.603000000000000000e+03
3.569000000000000000e+03
3.595000000000000000e+03
3.589000000000000000e+03
3.548000000000000000e+03
3.507000000000000000e+03
3.454000000000000000e+03
3.519000000000000000e+03
3.463000000000000000e+03
3.496000000000000000e+03
3.447000000000000000e+03
3.437000000000000000e+03
3.447000000000000000e+03
3.491000000000000000e+03
3.464000000000000000e+03
3.410000000000000000e+03
3.398000000000000000e+03
3.451000000000000000e+03
3.355000000000000000e+03
3.381000000000000000e+03
3.377000000000000000e+03
3.356000000000000000e+03
3.299000000000000000e+03
3.314000000000000000e+03
3.271000000000000000e+03
3.251000000000000000e+03
3.300000000000000000e+03
3.263000000000000000e+03
3.313000000000000000e+03
3.151000000000000000e+03
3.203000000000000000e+03
3.164000000000000000e+03
3.187000000000000000e+03
3.187000000000000000e+03
3.123000000000000000e+03
3.215000000000000000e+03
3.173000000000000000e+03
3.103000000000000000e+03
3.115000000000000000e+03
3.086000000000000000e+03
3.142000000000000000e+03
3.086000000000000000e+03
3.118000000000000000e+03
3.094000000000000000e+03
3.020000000000000000e+03
3.100000000000000000e+03
3.009000000000000000e+03
3.052000000000000000e+03
2.941000000000000000e+03
3.045000000000000000e+03
3.032000000000000000e+03
3.074000000000000000e+03
3.017000000000000000e+03
2.982000000000000000e+03
2.994000000000000000e+03
2.901000000000000000e+03
2.937000000000000000e+03
2.930000000000000000e+03
2.909000000000000000e+03
2.937000000000000000e+03
2.906000000000000000e+03
2.923000000000000000e+03
2.921000000000000000e+03
2.898000000000000000e+03
2.858000000000000000e+03
2.848000000000000000e+03
2.803000000000000000e+03
2.903000000000000000e+03
2.845000000000000000e+03
2.864000000000000000e+03
2.820000000000000000e+03
2.847000000000000000e+03
2.831000000000000000e+03
2.830000000000000000e+03
2.793000000000000000e+03
2.892000000000000000e+03
2.779000000000000000e+03
2.767000000000000000e+03
