1.747000000000000000e+03
1.748000000000000000e+03
1.731000000000000000e+03
1.791000000000000000e+03
1.752000000000000000e+03
1.774000000000000000e+03
1.808000000000000000e+03
1.735000000000000000e+03
1.831000000000000000e+03
1.757000000000000000e+03
1.809000000000000000e+03
1.785000000000000000e+03
1.959000000000000000e+03
1.846000000000000000e+03
1.842000000000000000e+03
1.811000000000000000e+03
1.854000000000000000e+03
1.935000000000000000e+03
1.825000000000000000e+03
1.888000000000000000e+03
1.907000000000000000e+03
1.836000000000000000e+03
1.866000000000000000e+03
1.907000000000000000e+03
1.933000000000000000e+03
1.914000000000000000e+03
1.880000000000000000e+03
1.897000000000000000e+03
1.874000000000000000e+03
1.907000000000000000e+03
1.900000000000000000e+03
1.981000000000000000e+03
1.951000000000000000e+03
1.948000000000000000e+03
1.919000000000000000e+03
1.997000000000000000e+03
1.978000000000000000e+03
1.947000000000000000e+03
2.016000000000000000e+03
1.963000000000000000e+03
1.963000000000000000e+03
2.049000000000000000e+03
2.019000000000000000e+03
1.941000000000000000e+03
2.014000000000000000e+03
1.967000000000000000e+03
1.994000000000000000e+03
1.987000000000000000e+03
2.039000000000000000e+03
2.040000000000000000e+03
2.010000000000000000e+03
2.040000000000000000e+03
2.038000000000000000e+03
2.043000000000000000e+03
2.040000000000000000e+03
2.053000000000000000e+03
2.085000000000000000e+03
2.080000000000000000e+03
2.090000000000000000e+03
2.113000000000000000e+03
2.182000000000000000e+03
2.063000000000000000e+03
2.093000000000000000e+03
2.141000000000000000e+03
2.171000000000000000e+03
2.105000000000000000e+03
2.115000000000000000e+03
2.127000000000000000e+03
2.151000000000000000e+03
2.122000000000000000e+03
2.079000000000000000e+03
2.158000000000000000e+03
2.142000000000000000e+03
2.151000000000000000e+03
2.093000000000000000e+03
2.215000000000000000e+03
2.132000000000000000e+03
2.112000000000000000e+03
2.179000000000000000e+03
2.567000000000000000e+03
2.238000000000000000e+03
2.189000000000000000e+03
2.216000000000000000e+03
2.219000000000000000e+03
2.235000000000000000e+03
2.157000000000000000e+03
2.191000000000000000e+03
2.237000000000000000e+03
2.279000000000000000e+03
2.311000000000000000e+03
2.219000000000000000e+03
2.251000000000000000e+03
2.255000000000000000e+03
2.255000000000000000e+03
2.254000000000000000e+03
2.307000000000000000e+03
2.262000000000000000e+03
2.319000000000000000e+03
2.351000000000000000e+03
2.364000000000000000e+03
2.363000000000000000e+03
2.376000000000000000e+03
2.379000000000000000e+03
2.335000000000000000e+03
2.364000000000000000e+03
2.374000000000000000e+03
2.413000000000000000e+03
2.355000000000000000e+03
2.434000000000000000e+03
2.433000000000000000e+03
2.389000000000000000e+03
2.414000000000000000e+03
2.411000000000000000e+03
2.525000000000000000e+03
2.470000000000000000e+03
2.475000000000000000e+03
2.481000000000000000e+03
2.450000000000000000e+03
2.483000000000000000e+03
2.560000000000000000e+03
2.534000000000000000e+03
2.526000000000000000e+03
2.528000000000000000e+03
2.546000000000000000e+03
2.585000000000000000e+03
2.600000000000000000e+03
2.653000000000000000e+03
2.581000000000000000e+03
2.616000000000000000e+03
2.606000000000000000e+03
2.620000000000000000e+03
2.598000000000000000e+03
2.666000000000000000e+03
2.677000000000000000e+03
2.744000000000000000e+03
2.716000000000000000e+03
2.764000000000000000e+03
2.748000000000000000e+03
2.778000000000000000e+03
2.741000000000000000e+03
2.784000000000000000e+03
2.796000000000000000e+03
2.812000000000000000e+03
2.788000000000000000e+03
2.847000000000000000e+03
2.809000000000000000e+03
2.825000000000000000e+03
2.820000000000000000e+03
2.832000000000000000e+03
2.895000000000000000e+03
2.903000000000000000e+03
2.918000000000000000e+03
2.917000000000000000e+03
2.936000000000000000e+03
2.967000000000000000e+03
2.946000000000000000e+03
2.953000000000000000e+03
2.970000000000000000e+03
2.992000000000000000e+03
3.018000000000000000e+03
3.025000000000000000e+03
3.015000000000000000e+03
3.037000000000000000e+03
2.988000000000000000e+03
3.037000000000000000e+03
3.050000000000000000e+03
3.119000000000000000e+03
3.066000000000000000e+03
3.081000000000000000e+03
3.107000000000000000e+03
3.164000000000000000e+03
3.139000000000000000e+03
3.104000000000000000e+03
3.087000000000000000e+03
3.091000000000000000e+03
3.188000000000000000e+03
3.110000000000000000e+03
3.145000000000000000e+03
3.127000000000000000e+03
3.178000000000000000e+03
3.200000000000000000e+03
3.201000000000000000e+03
3.247000000000000000e+03
3.575000000000000000e+03
3.852000000000000000e+03
3.393000000000000000e+03
3.291000000000000000e+03
3.262000000000000000e+03
3.278000000000000000e+03
3.305000000000000000e+03
3.263000000000000000e+03
3.322000000000000000e+03
3.364000000000000000e+03
3.329000000000000000e+03
3.294000000000000000e+03
3.395000000000000000e+03
3.393000000000000000e+03
3.357000000000000000e+03
3.355000000000000000e+03
3.385000000000000000e+03
3.386000000000000000e+03
3.458000000000000000e+03
3.519000000000000000e+03
3.514000000000000000e+03
3.451000000000000000e+03
3.508000000000000000e+03
3.376000000000000000e+03
3.519000000000000000e+03
3.496000000000000000e+03
3.575000000000000000e+03
3.589000000000000000e+03
3.620000000000000000e+03
3.638000000000000000e+03
3.588000000000000000e+03
3.638000000000000000e+03
3.670000000000000000e+03
3.673000000000000000e+03
3.637000000000000000e+03
3.664000000000000000e+03
3.688000000000000000e+03
3.709000000000000000e+03
3.774000000000000000e+03
3.702000000000000000e+03
3.757000000000000000e+03
3.816000000000000000e+03
3.783000000000000000e+03
3.856000000000000000e+03
3.728000000000000000e+03
3.750000000000000000e+03
3.768000000000000000e+03
3.871000000000000000e+03
3.793000000000000000e+03
3.940000000000000000e+03
3.868000000000000000e+03
3.985000000000000000e+03
3.874000000000000000e+03
3.935000000000000000e+03
4.000000000000000000e+03
3.997000000000000000e+03
3.994000000000000000e+03
4.089000000000000000e+03
4.091000000000000000e+03
4.072000000000000000e+03
4.078000000000000000e+03
4.088000000000000000e+03
4.150000000000000000e+03
4.155000000000000000e+03
4.241000000000000000e+03
4.144000000000000000e+03
4.156000000000000000e+03
4.117000000000000000e+03
4.247000000000000000e+03
4.267000000000000000e+03
4.228000000000000000e+03
4.312000000000000000e+03
4.335000000000000000e+03
4.474000000000000000e+03
4.335000000000000000e+03
4.308000000000000000e+03
4.396000000000000000e+03
4.370000000000000000e+03
4.464000000000000000e+03
4.339000000000000000e+03
4.392000000000000000e+03
4.297000000000000000e+03
4.361000000000000000e+03
4.392000000000000000e+03
4.406000000000000000e+03
4.408000000000000000e+03
4.411000000000000000e+03
4.395000000000000000e+03
4.480000000000000000e+03
4.441000000000000000e+03
4.440000000000000000e+03
4.559000000000000000e+03
4.375000000000000000e+03
4.504000000000000000e+03
4.463000000000000000e+03
4.528000000000000000e+03
4.415000000000000000e+03
4.507000000000000000e+03
4.513000000000000000e+03
4.519000000000000000e+03
4.576000000000000000e+03
4.526000000000000000e+03
4.554000000000000000e+03
4.527000000000000000e+03
4.594000000000000000e+03
4.549000000000000000e+03
4.541000000000000000e+03
4.636000000000000000e+03
4.566000000000000000e+03
4.516000000000000000e+03
4.627000000000000000e+03
4.606000000000000000e+03
4.636000000000000000e+03
4.604000000000000000e+03
4.640000000000000000e+03
4.635000000000000000e+03
4.616000000000000000e+03
4.668000000000000000e+03
4.632000000000000000e+03
4.596000000000000000e+03
4.687000000000000000e+03
4.656000000000000000e+03
4.704000000000000000e+03
4.733000000000000000e+03
4.604000000000000000e+03
4.603000000000000000e+03
4.656000000000000000e+03
4.761000000000000000e+03
4.655000000000000000e+03
4.701000000000000000e+03
4.667000000000000000e+03
4.693000000000000000e+03
4.698000000000000000e+03
4.686000000000000000e+03
4.630000000000000000e+03
4.774000000000000000e+03
4.751000000000000000e+03
4.681000000000000000e+03
4.765000000000000000e+03
4.656000000000000000e+03
4.773000000000000000e+03
4.714000000000000000e+03
4.703000000000000000e+03
4.702000000000000000e+03
4.697000000000000000e+03
4.655000000000000000e+03
4.789000000000000000e+03
4.742000000000000000e+03
4.753000000000000000e+03
4.678000000000000000e+03
4.810000000000000000e+03
4.702000000000000000e+03
4.692000000000000000e+03
4.774000000000000000e+03
4.644000000000000000e+03
4.800000000000000000e+03
4.788000000000000000e+03
4.749000000000000000e+03
4.741000000000000000e+03
4.745000000000000000e+03
4.744000000000000000e+03
4.725000000000000000e+03
4.735000000000000000e+03
4.782000000000000000e+03
4.714000000000000000e+03
4.837000000000000000e+03
4.767000000000000000e+03
4.806000000000000000e+03
4.688000000000000000e+03
4.669000000000000000e+03
4.754000000000000000e+03
4.830000000000000000e+03
4.788000000000000000e+03
4.736000000000000000e+03
4.751000000000000000e+03
4.817000000000000000e+03
4.773000000000000000e+03
4.872000000000000000e+03
4.864000000000000000e+03
4.866000000000000000e+03
4.815000000000000000e+03
4.903000000000000000e+03
4.832000000000000000e+03
4.801000000000000000e+03
4.845000000000000000e+03
4.823000000000000000e+03
4.795000000000000000e+03
4.769000000000000000e+03
4.842000000000000000e+03
4.834000000000000000e+03
4.807000000000000000e+03
4.894000000000000000e+03
4.843000000000000000e+03
4.932000000000000000e+03
4.912000000000000000e+03
4.858000000000000000e+03
4.865000000000000000e+03
4.859000000000000000e+03
4.913000000000000000e+03
4.929000000000000000e+03
4.961000000000000000e+03
4.947000000000000000e+03
4.906000000000000000e+03
4.998000000000000000e+03
5.034000000000000000e+03
4.970000000000000000e+03
4.910000000000000000e+03
4.949000000000000000e+03
5.008000000000000000e+03
4.940000000000000000e+03
5.001000000000000000e+03
4.992000000000000000e+03
4.982000000000000000e+03
4.940000000000000000e+03
4.985000000000000000e+03
4.890000000000000000e+03
5.037000000000000000e+03
5.009000000000000000e+03
5.089000000000000000e+03
5.050000000000000000e+03
5.044000000000000000e+03
5.023000000000000000e+03
5.078000000000000000e+03
5.022000000000000000e+03
4.981000000000000000e+03
5.108000000000000000e+03
4.986000000000000000e+03
4.972000000000000000e+03
4.949000000000000000e+03
5.083000000000000000e+03
5.061000000000000000e+03
5.048000000000000000e+03
5.065000000000000000e+03
5.054000000000000000e+03
5.107000000000000000e+03
5.043000000000000000e+03
5.005000000000000000e+03
5.134000000000000000e+03
5.096000000000000000e+03
5.131000000000000000e+03
5.027000000000000000e+03
5.070000000000000000e+03
5.005000000000000000e+03
5.109000000000000000e+03
5.167000000000000000e+03
5.106000000000000000e+03
5.161000000000000000e+03
5.134000000000000000e+03
5.223000000000000000e+03
5.171000000000000000e+03
5.081000000000000000e+03
5.158000000000000000e+03
5.164000000000000000e+03
5.219000000000000000e+03
5.074000000000000000e+03
5.078000000000000000e+03
5.164000000000000000e+03
5.004000000000000000e+03
5.115000000000000000e+03
5.092000000000000000e+03
5.108000000000000000e+03
5.085000000000000000e+03
5.113000000000000000e+03
5.087000000000000000e+03
5.153000000000000000e+03
5.117000000000000000e+03
5.130000000000000000e+03
5.099000000000000000e+03
5.167000000000000000e+03
5.150000000000000000e+03
5.078000000000000000e+03
5.149000000000000000e+03
5.027000000000000000e+03
5.118000000000000000e+03
5.181000000000000000e+03
5.229000000000000000e+03
5.131000000000000000e+03
5.082000000000000000e+03
5.017000000000000000e+03
5.190000000000000000e+03
5.055000000000000000e+03
5.094000000000000000e+03
5.049000000000000000e+03
5.099000000000000000e+03
5.065000000000000000e+03
5.046000000000000000e+03
5.085000000000000000e+03
5.023000000000000000e+03
5.058000000000000000e+03
5.063000000000000000e+03
5.013000000000000000e+03
5.059000000000000000e+03
5.039000000000000000e+03
4.965000000000000000e+03
4.954000000000000000e+03
5.022000000000000000e+03
5.015000000000000000e+03
5.010000000000000000e+03
5.047000000000000000e+03
5.025000000000000000e+03
4.936000000000000000e+03
4.907000000000000000e+03
5.016000000000000000e+03
5.006000000000000000e+03
4.966000000000000000e+03
4.936000000000000000e+03
4.959000000000000000e+03
4.980000000000000000e+03
4.936000000000000000e+03
4.917000000000000000e+03
4.989000000000000000e+03
4.874000000000000000e+03
4.897000000000000000e+03
4.868000000000000000e+03
4.918000000000000000e+03
4.883000000000000000e+03
4.920000000000000000e+03
4.902000000000000000e+03
4.905000000000000000e+03
4.813000000000000000e+03
4.919000000000000000e+03
4.901000000000000000e+03
4.824000000000000000e+03
4.815000000000000000e+03
4.815000000000000000e+03
4.815000000000000000e+03
4.807000000000000000e+03
4.796000000000000000e+03
4.770000000000000000e+03
4.858000000000000000e+03
4.803000000000000000e+03
4.790000000000000000e+03
4.737000000000000000e+03
4.796000000000000000e+03
4.612000000000000000e+03
4.719000000000000000e+03
4.669000000000000000e+03
4.742000000000000000e+03
4.752000000000000000e+03
4.724000000000000000e+03
4.638000000000000000e+03
4.707000000000000000e+03
4.689000000000000000e+03
4.720000000000000000e+03
4.613000000000000000e+03
4.605000000000000000e+03
4.670000000000000000e+03
4.654000000000000000e+03
4.649000000000000000e+03
4.626000000000000000e+03
4.638000000000000000e+03
4.597000000000000000e+03
4.621000000000000000e+03
4.595000000000000000e+03
4.576000000000000000e+03
4.597000000000000000e+03
4.530000000000000000e+03
4.554000000000000000e+03
4.594000000000000000e+03
4.489000000000000000e+03
4.482000000000000000e+03
4.488000000000000000e+03
4.452000000000000000e+03
4.485000000000000000e+03
4.519000000000000000e+03
4.469000000000000000e+03
4.497000000000000000e+03
4.501000000000000000e+03
4.446000000000000000e+03
4.447000000000000000e+03
4.471000000000000000e+03
4.431000000000000000e+03
4.406000000000000000e+03
4.401000000000000000e+03
4.422000000000000000e+03
4.403000000000000000e+03
4.439000000000000000e+03
4.336000000000000000e+03
4.419000000000000000e+03
4.352000000000000000e+03
4.438000000000000000e+03
4.434000000000000000e+03
4.377000000000000000e+03
4.415000000000000000e+03
4.364000000000000000e+03
4.368000000000000000e+03
4.356000000000000000e+03
4.299000000000000000e+03
4.394000000000000000e+03
4.396000000000000000e+03
4.333000000000000000e+03
4.400000000000000000e+03
4.366000000000000000e+03
4.344000000000000000e+03
4.308000000000000000e+03
4.286000000000000000e+03
4.340000000000000000e+03
4.269000000000000000e+03
4.324000000000000000e+03
4.321000000000000000e+03
4.253000000000000000e+03
4.296000000000000000e+03
4.338000000000000000e+03
4.261000000000000000e+03
4.295000000000000000e+03
4.263000000000000000e+03
4.288000000000000000e+03
4.281000000000000000e+03
4.295000000000000000e+03
4.287000000000000000e+03
4.254000000000000000e+03
4.156000000000000000e+03
4.255000000000000000e+03
4.199000000000000000e+03
4.235000000000000000e+03
4.245000000000000000e+03
4.164000000000000000e+03
4.202000000000000000e+03
4.158000000000000000e+03
4.283000000000000000e+03
4.139000000000000000e+03
4.177000000000000000e+03
4.285000000000000000e+03
4.096000000000000000e+03
4.163000000000000000e+03
4.123000000000000000e+03
4.195000000000000000e+03
4.190000000000000000e+03
4.141000000000000000e+03
4.023000000000000000e+03
4.078000000000000000e+03
4.114000000000000000e+03
4.045000000000000000e+03
4.106000000000000000e+03
4.094000000000000000e+03
4.064000000000000000e+03
3.977000000000000000e+03
4.106000000000000000e+03
4.048000000000000000e+03
4.009000000000000000e+03
4.056000000000000000e+03
4.039000000000000000e+03
4.100000000000000000e+03
4.069000000000000000e+03
4.035000000000000000e+03
4.140000000000000000e+03
4.051000000000000000e+03
4.037000000000000000e+03
4.067000000000000000e+03
3.951000000000000000e+03
3.925000000000000000e+03
3.931000000000000000e+03
3.986000000000000000e+03
3.959000000000000000e+03
3.963000000000000000e+03
3.971000000000000000e+03
3.922000000000000000e+03
3.865000000000000000e+03
3.934000000000000000e+03
3.871000000000000000e+03
3.878000000000000000e+03
3.852000000000000000e+03
3.890000000000000000e+03
3.881000000000000000e+03
3.854000000000000000e+03
3.941000000000000000e+03
3.861000000000000000e+03
3.801000000000000000e+03
3.763000000000000000e+03
3.837000000000000000e+03
3.790000000000000000e+03
3.859000000000000000e+03
3.755000000000000000e+03
3.790000000000000000e+03
3.799000000000000000e+03
3.769000000000000000e+03
3.814000000000000000e+03
3.782000000000000000e+03
3.709000000000000000e+03
3.798000000000000000e+03
3.690000000000000000e+03
3.768000000000000000e+03
3.720000000000000000e+03
3.823000000000000000e+03
3.772000000000000000e+03
3.649000000000000000e+03
3.676000000000000000e+03
3.741000000000000000e+03
3.595000000000000000e+03
3.813000000000000000e+03
3.623000000000000000e+03
3.525000000000000000e+03
3.635000000000000000e+03
3.599000000000000000e+03
3.687000000000000000e+03
3.602000000000000000e+03
3.551000000000000000e+03
3.471000000000000000e+03
3.575000000000000000e+03
3.595000000000000000e+03
3.581000000000000000e+03
3.542000000000000000e+03
3.506000000000000000e+03
3.515000000000000000e+03
3.467000000000000000e+03
3.487000000000000000e+03
3.444000000000000000e+03
3.492000000000000000e+03
3.411000000000000000e+03
3.431000000000000000e+03
3.454000000000000000e+03
3.460000000000000000e+03
3.365000000000000000e+03
3.298000000000000000e+03
3.458000000000000000e+03
3.389000000000000000e+03
3.316000000000000000e+03
3.310000000000000000e+03
3.329000000000000000e+03
3.280000000000000000e+03
3.315000000000000000e+03
3.293000000000000000e+03
3.312000000000000000e+03
3.267000000000000000e+03
3.241000000000000000e+03
3.202000000000000000e+03
3.234000000000000000e+03
3.224000000000000000e+03
3.262000000000000000e+03
3.318000000000000000e+03
3.248000000000000000e+03
3.213000000000000000e+03
3.153000000000000000e+03
3.152000000000000000e+03
3.221000000000000000e+03
3.056000000000000000e+03
3.063000000000000000e+03
3.111000000000000000e+03
3.129000000000000000e+03
3.066000000000000000e+03
3.045000000000000000e+03
2.998000000000000000e+03
2.979000000000000000e+03
3.047000000000000000e+03
3.057000000000000000e+03
2.951000000000000000e+03
2.957000000000000000e+03
3.054000000000000000e+03
2.927000000000000000e+03
2.931000000000000000e+03
2.971000000000000000e+03
2.958000000000000000e+03
2.960000000000000000e+03
2.958000000000000000e+03
2.923000000000000000e+03
2.911000000000000000e+03
2.952000000000000000e+03
2.953000000000000000e+03
2.864000000000000000e+03
2.866000000000000000e+03
2.886000000000000000e+03
2.984000000000000000e+03
2.810000000000000000e+03
2.832000000000000000e+03
2.837000000000000000e+03
2.840000000000000000e+03
2.745000000000000000e+03
2.809000000000000000e+03
2.772000000000000000e+03
2.791000000000000000e+03
2.729000000000000000e+03
2.774000000000000000e+03
2.802000000000000000e+03
2.793000000000000000e+03
2.790000000000000000e+03
2.738000000000000000e+03
2.752000000000000000e+03
2.725000000000000000e+03
2.719000000000000000e+03
2.676000000000000000e+03
2.705000000000000000e+03
2.704000000000000000e+03
