1.605000000000000000e+03
1.584000000000000000e+03
1.590000000000000000e+03
1.615000000000000000e+03
1.565000000000000000e+03
1.571000000000000000e+03
1.572000000000000000e+03
1.612000000000000000e+03
1.611000000000000000e+03
1.635000000000000000e+03
1.639000000000000000e+03
1.677000000000000000e+03
1.628000000000000000e+03
1.655000000000000000e+03
1.651000000000000000e+03
1.602000000000000000e+03
1.631000000000000000e+03
1.608000000000000000e+03
1.662000000000000000e+03
1.710000000000000000e+03
1.673000000000000000e+03
1.651000000000000000e+03
1.648000000000000000e+03
1.709000000000000000e+03
1.720000000000000000e+03
1.714000000000000000e+03
1.690000000000000000e+03
1.733000000000000000e+03
1.742000000000000000e+03
1.772000000000000000e+03
1.761000000000000000e+03
1.737000000000000000e+03
1.731000000000000000e+03
1.781000000000000000e+03
1.777000000000000000e+03
1.755000000000000000e+03
1.767000000000000000e+03
1.774000000000000000e+03
1.807000000000000000e+03
1.779000000000000000e+03
1.767000000000000000e+03
1.815000000000000000e+03
1.820000000000000000e+03
1.834000000000000000e+03
1.794000000000000000e+03
1.798000000000000000e+03
1.826000000000000000e+03
1.813000000000000000e+03
1.772000000000000000e+03
1.853000000000000000e+03
1.812000000000000000e+03
1.801000000000000000e+03
1.811000000000000000e+03
1.853000000000000000e+03
1.794000000000000000e+03
1.865000000000000000e+03
1.875000000000000000e+03
1.890000000000000000e+03
1.843000000000000000e+03
1.857000000000000000e+03
1.898000000000000000e+03
1.819000000000000000e+03
1.884000000000000000e+03
1.870000000000000000e+03
1.871000000000000000e+03
1.900000000000000000e+03
1.906000000000000000e+03
1.928000000000000000e+03
1.933000000000000000e+03
1.931000000000000000e+03
1.905000000000000000e+03
1.876000000000000000e+03
1.913000000000000000e+03
1.922000000000000000e+03
1.930000000000000000e+03
1.874000000000000000e+03
1.952000000000000000e+03
1.878000000000000000e+03
1.976000000000000000e+03
1.929000000000000000e+03
1.932000000000000000e+03
1.972000000000000000e+03
1.984000000000000000e+03
1.956000000000000000e+03
1.934000000000000000e+03
1.981000000000000000e+03
2.044000000000000000e+03
1.965000000000000000e+03
2.012000000000000000e+03
2.012000000000000000e+03
2.010000000000000000e+03
2.017000000000000000e+03
2.039000000000000000e+03
2.004000000000000000e+03
1.969000000000000000e+03
2.053000000000000000e+03
2.047000000000000000e+03
2.063000000000000000e+03
2.020000000000000000e+03
2.066000000000000000e+03
2.074000000000000000e+03
2.031000000000000000e+03
2.063000000000000000e+03
2.065000000000000000e+03
2.081000000000000000e+03
2.116000000000000000e+03
2.102000000000000000e+03
2.082000000000000000e+03
2.103000000000000000e+03
2.143000000000000000e+03
2.104000000000000000e+03
2.180000000000000000e+03
2.141000000000000000e+03
2.243000000000000000e+03
2.099000000000000000e+03
2.196000000000000000e+03
2.193000000000000000e+03
2.223000000000000000e+03
2.219000000000000000e+03
2.167000000000000000e+03
2.285000000000000000e+03
2.235000000000000000e+03
2.195000000000000000e+03
2.230000000000000000e+03
2.286000000000000000e+03
2.258000000000000000e+03
2.310000000000000000e+03
2.282000000000000000e+03
2.328000000000000000e+03
2.296000000000000000e+03
2.333000000000000000e+03
2.333000000000000000e+03
2.313000000000000000e+03
2.357000000000000000e+03
2.345000000000000000e+03
2.366000000000000000e+03
2.394000000000000000e+03
2.383000000000000000e+03
2.390000000000000000e+03
2.442000000000000000e+03
2.480000000000000000e+03
2.492000000000000000e+03
2.526000000000000000e+03
2.488000000000000000e+03
2.432000000000000000e+03
2.464000000000000000e+03
2.520000000000000000e+03
2.528000000000000000e+03
2.549000000000000000e+03
2.501000000000000000e+03
2.625000000000000000e+03
2.604000000000000000e+03
2.564000000000000000e+03
2.594000000000000000e+03
2.547000000000000000e+03
2.634000000000000000e+03
2.648000000000000000e+03
2.637000000000000000e+03
2.624000000000000000e+03
2.666000000000000000e+03
2.616000000000000000e+03
2.657000000000000000e+03
2.726000000000000000e+03
2.649000000000000000e+03
2.664000000000000000e+03
2.709000000000000000e+03
2.734000000000000000e+03
2.741000000000000000e+03
2.706000000000000000e+03
2.781000000000000000e+03
2.750000000000000000e+03
2.801000000000000000e+03
2.822000000000000000e+03
2.808000000000000000e+03
2.783000000000000000e+03
2.752000000000000000e+03
2.751000000000000000e+03
2.792000000000000000e+03
2.853000000000000000e+03
2.799000000000000000e+03
2.765000000000000000e+03
2.862000000000000000e+03
2.865000000000000000e+03
2.886000000000000000e+03
2.835000000000000000e+03
3.098000000000000000e+03
3.376000000000000000e+03
3.166000000000000000e+03
2.928000000000000000e+03
2.875000000000000000e+03
2.896000000000000000e+03
2.849000000000000000e+03
2.953000000000000000e+03
2.925000000000000000e+03
2.903000000000000000e+03
2.924000000000000000e+03
2.975000000000000000e+03
3.006000000000000000e+03
2.927000000000000000e+03
2.955000000000000000e+03
2.993000000000000000e+03
2.987000000000000000e+03
3.008000000000000000e+03
2.979000000000000000e+03
2.987000000000000000e+03
3.014000000000000000e+03
3.066000000000000000e+03
3.049000000000000000e+03
3.059000000000000000e+03
3.106000000000000000e+03
3.064000000000000000e+03
3.076000000000000000e+03
3.115000000000000000e+03
3.203000000000000000e+03
3.092000000000000000e+03
3.172000000000000000e+03
3.217000000000000000e+03
3.190000000000000000e+03
3.162000000000000000e+03
3.249000000000000000e+03
3.249000000000000000e+03
3.202000000000000000e+03
3.196000000000000000e+03
3.241000000000000000e+03
3.238000000000000000e+03
3.366000000000000000e+03
3.341000000000000000e+03
3.309000000000000000e+03
3.370000000000000000e+03
3.337000000000000000e+03
3.376000000000000000e+03
3.363000000000000000e+03
3.383000000000000000e+03
3.320000000000000000e+03
3.414000000000000000e+03
3.468000000000000000e+03
3.403000000000000000e+03
3.510000000000000000e+03
3.556000000000000000e+03
3.508000000000000000e+03
3.529000000000000000e+03
3.546000000000000000e+03
3.497000000000000000e+03
3.580000000000000000e+03
3.624000000000000000e+03
3.583000000000000000e+03
3.653000000000000000e+03
3.587000000000000000e+03
3.673000000000000000e+03
3.620000000000000000e+03
3.714000000000000000e+03
3.691000000000000000e+03
3.730000000000000000e+03
3.743000000000000000e+03
3.737000000000000000e+03
3.721000000000000000e+03
3.827000000000000000e+03
3.757000000000000000e+03
3.886000000000000000e+03
3.870000000000000000e+03
3.774000000000000000e+03
3.766000000000000000e+03
3.847000000000000000e+03
3.933000000000000000e+03
3.893000000000000000e+03
3.905000000000000000e+03
3.912000000000000000e+03
3.927000000000000000e+03
3.882000000000000000e+03
3.871000000000000000e+03
3.875000000000000000e+03
3.900000000000000000e+03
3.979000000000000000e+03
3.945000000000000000e+03
3.987000000000000000e+03
3.982000000000000000e+03
4.017000000000000000e+03
4.022000000000000000e+03
3.970000000000000000e+03
4.019000000000000000e+03
4.040000000000000000e+03
4.058000000000000000e+03
4.021000000000000000e+03
4.057000000000000000e+03
4.007000000000000000e+03
4.076000000000000000e+03
4.032000000000000000e+03
4.035000000000000000e+03
3.986000000000000000e+03
4.070000000000000000e+03
4.017000000000000000e+03
4.021000000000000000e+03
3.994000000000000000e+03
4.076000000000000000e+03
4.077000000000000000e+03
3.982000000000000000e+03
4.123000000000000000e+03
4.077000000000000000e+03
4.068000000000000000e+03
4.151000000000000000e+03
4.144000000000000000e+03
4.182000000000000000e+03
4.150000000000000000e+03
4.069000000000000000e+03
4.094000000000000000e+03
4.077000000000000000e+03
4.120000000000000000e+03
4.064000000000000000e+03
4.167000000000000000e+03
4.188000000000000000e+03
4.191000000000000000e+03
4.212000000000000000e+03
4.168000000000000000e+03
4.090000000000000000e+03
4.205000000000000000e+03
4.130000000000000000e+03
4.172000000000000000e+03
4.128000000000000000e+03
4.165000000000000000e+03
4.166000000000000000e+03
4.109000000000000000e+03
4.225000000000000000e+03
4.192000000000000000e+03
4.138000000000000000e+03
4.149000000000000000e+03
4.147000000000000000e+03
4.167000000000000000e+03
4.236000000000000000e+03
4.173000000000000000e+03
4.238000000000000000e+03
4.134000000000000000e+03
4.182000000000000000e+03
4.213000000000000000e+03
4.130000000000000000e+03
4.185000000000000000e+03
4.161000000000000000e+03
4.105000000000000000e+03
4.242000000000000000e+03
4.260000000000000000e+03
4.255000000000000000e+03
4.127000000000000000e+03
4.147000000000000000e+03
4.308000000000000000e+03
4.145000000000000000e+03
4.182000000000000000e+03
4.170000000000000000e+03
4.175000000000000000e+03
4.185000000000000000e+03
4.191000000000000000e+03
4.193000000000000000e+03
4.217000000000000000e+03
4.275000000000000000e+03
4.246000000000000000e+03
4.223000000000000000e+03
4.222000000000000000e+03
4.263000000000000000e+03
4.222000000000000000e+03
4.196000000000000000e+03
4.194000000000000000e+03
4.200000000000000000e+03
4.262000000000000000e+03
4.280000000000000000e+03
4.305000000000000000e+03
4.177000000000000000e+03
4.284000000000000000e+03
4.201000000000000000e+03
4.401000000000000000e+03
4.343000000000000000e+03
4.231000000000000000e+03
4.280000000000000000e+03
4.378000000000000000e+03
4.303000000000000000e+03
4.266000000000000000e+03
4.278000000000000000e+03
4.405000000000000000e+03
4.368000000000000000e+03
4.310000000000000000e+03
4.340000000000000000e+03
4.344000000000000000e+03
4.371000000000000000e+03
4.324000000000000000e+03
4.601000000000000000e+03
4.384000000000000000e+03
4.365000000000000000e+03
4.426000000000000000e+03
4.433000000000000000e+03
4.426000000000000000e+03
4.372000000000000000e+03
4.455000000000000000e+03
4.461000000000000000e+03
4.418000000000000000e+03
4.417000000000000000e+03
4.461000000000000000e+03
4.406000000000000000e+03
4.370000000000000000e+03
4.484000000000000000e+03
4.454000000000000000e+03
4.447000000000000000e+03
4.437000000000000000e+03
4.432000000000000000e+03
4.424000000000000000e+03
4.536000000000000000e+03
4.427000000000000000e+03
4.507000000000000000e+03
4.408000000000000000e+03
4.476000000000000000e+03
4.457000000000000000e+03
4.507000000000000000e+03
4.578000000000000000e+03
4.576000000000000000e+03
4.461000000000000000e+03
4.567000000000000000e+03
4.379000000000000000e+03
4.493000000000000000e+03
4.613000000000000000e+03
4.462000000000000000e+03
4.535000000000000000e+03
4.511000000000000000e+03
4.511000000000000000e+03
4.526000000000000000e+03
4.516000000000000000e+03
4.578000000000000000e+03
4.594000000000000000e+03
4.578000000000000000e+03
4.549000000000000000e+03
4.553000000000000000e+03
4.613000000000000000e+03
4.709000000000000000e+03
4.613000000000000000e+03
4.590000000000000000e+03
4.622000000000000000e+03
4.643000000000000000e+03
4.502000000000000000e+03
4.535000000000000000e+03
4.568000000000000000e+03
4.624000000000000000e+03
4.631000000000000000e+03
4.616000000000000000e+03
4.562000000000000000e+03
4.713000000000000000e+03
4.657000000000000000e+03
4.622000000000000000e+03
4.629000000000000000e+03
4.645000000000000000e+03
4.599000000000000000e+03
4.558000000000000000e+03
4.632000000000000000e+03
4.650000000000000000e+03
4.683000000000000000e+03
4.658000000000000000e+03
4.572000000000000000e+03
4.525000000000000000e+03
4.664000000000000000e+03
4.650000000000000000e+03
4.632000000000000000e+03
4.585000000000000000e+03
4.610000000000000000e+03
4.669000000000000000e+03
4.589000000000000000e+03
4.605000000000000000e+03
4.610000000000000000e+03
4.485000000000000000e+03
4.662000000000000000e+03
4.639000000000000000e+03
4.539000000000000000e+03
4.660000000000000000e+03
4.602000000000000000e+03
4.593000000000000000e+03
4.562000000000000000e+03
4.554000000000000000e+03
4.644000000000000000e+03
4.541000000000000000e+03
4.543000000000000000e+03
4.552000000000000000e+03
4.580000000000000000e+03
4.464000000000000000e+03
4.598000000000000000e+03
4.507000000000000000e+03
4.521000000000000000e+03
4.533000000000000000e+03
4.557000000000000000e+03
4.508000000000000000e+03
4.447000000000000000e+03
4.411000000000000000e+03
4.478000000000000000e+03
4.542000000000000000e+03
4.497000000000000000e+03
4.435000000000000000e+03
4.494000000000000000e+03
4.469000000000000000e+03
4.416000000000000000e+03
4.435000000000000000e+03
4.431000000000000000e+03
4.409000000000000000e+03
4.430000000000000000e+03
4.436000000000000000e+03
4.383000000000000000e+03
4.430000000000000000e+03
4.455000000000000000e+03
4.348000000000000000e+03
4.441000000000000000e+03
4.418000000000000000e+03
4.388000000000000000e+03
4.315000000000000000e+03
4.356000000000000000e+03
4.362000000000000000e+03
4.420000000000000000e+03
4.308000000000000000e+03
4.354000000000000000e+03
4.369000000000000000e+03
4.425000000000000000e+03
4.320000000000000000e+03
4.313000000000000000e+03
4.344000000000000000e+03
4.286000000000000000e+03
4.218000000000000000e+03
4.324000000000000000e+03
4.286000000000000000e+03
4.260000000000000000e+03
4.325000000000000000e+03
4.281000000000000000e+03
4.188000000000000000e+03
4.216000000000000000e+03
4.237000000000000000e+03
4.227000000000000000e+03
4.154000000000000000e+03
4.172000000000000000e+03
4.148000000000000000e+03
4.166000000000000000e+03
4.275000000000000000e+03
4.101000000000000000e+03
4.117000000000000000e+03
4.136000000000000000e+03
4.176000000000000000e+03
4.191000000000000000e+03
4.050000000000000000e+03
4.051000000000000000e+03
4.101000000000000000e+03
4.085000000000000000e+03
4.078000000000000000e+03
4.016000000000000000e+03
4.086000000000000000e+03
4.127000000000000000e+03
4.015000000000000000e+03
4.040000000000000000e+03
4.025000000000000000e+03
4.096000000000000000e+03
4.039000000000000000e+03
3.979000000000000000e+03
3.932000000000000000e+03
3.978000000000000000e+03
4.040000000000000000e+03
3.999000000000000000e+03
4.043000000000000000e+03
4.032000000000000000e+03
3.997000000000000000e+03
4.049000000000000000e+03
3.971000000000000000e+03
3.950000000000000000e+03
3.897000000000000000e+03
3.958000000000000000e+03
3.938000000000000000e+03
3.895000000000000000e+03
3.880000000000000000e+03
3.999000000000000000e+03
3.992000000000000000e+03
3.897000000000000000e+03
3.979000000000000000e+03
3.928000000000000000e+03
3.830000000000000000e+03
3.877000000000000000e+03
3.883000000000000000e+03
3.906000000000000000e+03
3.877000000000000000e+03
3.952000000000000000e+03
3.839000000000000000e+03
3.930000000000000000e+03
3.912000000000000000e+03
3.887000000000000000e+03
3.837000000000000000e+03
3.910000000000000000e+03
3.853000000000000000e+03
3.773000000000000000e+03
3.859000000000000000e+03
3.847000000000000000e+03
3.828000000000000000e+03
3.846000000000000000e+03
3.791000000000000000e+03
3.855000000000000000e+03
3.754000000000000000e+03
3.848000000000000000e+03
3.829000000000000000e+03
3.790000000000000000e+03
3.779000000000000000e+03
3.740000000000000000e+03
3.800000000000000000e+03
3.743000000000000000e+03
3.821000000000000000e+03
3.734000000000000000e+03
3.832000000000000000e+03
3.693000000000000000e+03
3.727000000000000000e+03
3.779000000000000000e+03
3.761000000000000000e+03
3.697000000000000000e+03
3.670000000000000000e+03
3.767000000000000000e+03
3.691000000000000000e+03
3.718000000000000000e+03
3.691000000000000000e+03
3.720000000000000000e+03
3.699000000000000000e+03
3.755000000000000000e+03
3.644000000000000000e+03
3.686000000000000000e+03
3.676000000000000000e+03
3.646000000000000000e+03
3.683000000000000000e+03
3.604000000000000000e+03
3.649000000000000000e+03
3.604000000000000000e+03
3.624000000000000000e+03
3.591000000000000000e+03
3.537000000000000000e+03
3.699000000000000000e+03
3.517000000000000000e+03
3.589000000000000000e+03
3.615000000000000000e+03
3.619000000000000000e+03
3.539000000000000000e+03
3.562000000000000000e+03
3.571000000000000000e+03
3.523000000000000000e+03
3.591000000000000000e+03
3.571000000000000000e+03
3.604000000000000000e+03
3.575000000000000000e+03
3.559000000000000000e+03
3.531000000000000000e+03
3.518000000000000000e+03
3.540000000000000000e+03
3.506000000000000000e+03
3.466000000000000000e+03
3.563000000000000000e+03
3.400000000000000000e+03
3.477000000000000000e+03
3.452000000000000000e+03
3.484000000000000000e+03
3.427000000000000000e+03
3.448000000000000000e+03
3.470000000000000000e+03
3.425000000000000000e+03
3.456000000000000000e+03
3.378000000000000000e+03
3.473000000000000000e+03
3.445000000000000000e+03
3.366000000000000000e+03
3.481000000000000000e+03
3.397000000000000000e+03
3.394000000000000000e+03
3.390000000000000000e+03
3.321000000000000000e+03
3.414000000000000000e+03
3.302000000000000000e+03
3.432000000000000000e+03
3.397000000000000000e+03
3.391000000000000000e+03
3.309000000000000000e+03
3.413000000000000000e+03
3.280000000000000000e+03
3.415000000000000000e+03
3.290000000000000000e+03
3.367000000000000000e+03
3.303000000000000000e+03
3.261000000000000000e+03
3.330000000000000000e+03
3.273000000000000000e+03
3.218000000000000000e+03
3.259000000000000000e+03
3.275000000000000000e+03
3.224000000000000000e+03
3.262000000000000000e+03
3.185000000000000000e+03
3.198000000000000000e+03
3.143000000000000000e+03
3.240000000000000000e+03
3.120000000000000000e+03
3.106000000000000000e+03
3.097000000000000000e+03
3.091000000000000000e+03
3.064000000000000000e+03
3.157000000000000000e+03
3.061000000000000000e+03
3.090000000000000000e+03
3.062000000000000000e+03
2.993000000000000000e+03
3.087000000000000000e+03
3.254000000000000000e+03
3.033000000000000000e+03
2.961000000000000000e+03
3.019000000000000000e+03
2.995000000000000000e+03
2.980000000000000000e+03
2.911000000000000000e+03
2.963000000000000000e+03
2.947000000000000000e+03
2.974000000000000000e+03
2.885000000000000000e+03
2.986000000000000000e+03
2.934000000000000000e+03
2.906000000000000000e+03
2.913000000000000000e+03
2.831000000000000000e+03
2.876000000000000000e+03
2.793000000000000000e+03
2.844000000000000000e+03
2.814000000000000000e+03
2.887000000000000000e+03
2.833000000000000000e+03
2.759000000000000000e+03
2.857000000000000000e+03
2.829000000000000000e+03
2.754000000000000000e+03
2.755000000000000000e+03
2.779000000000000000e+03
2.794000000000000000e+03
2.739000000000000000e+03
2.720000000000000000e+03
2.750000000000000000e+03
2.735000000000000000e+03
2.668000000000000000e+03
2.759000000000000000e+03
2.697000000000000000e+03
2.665000000000000000e+03
2.634000000000000000e+03
2.628000000000000000e+03
2.655000000000000000e+03
2.678000000000000000e+03
2.607000000000000000e+03
2.601000000000000000e+03
2.637000000000000000e+03
2.606000000000000000e+03
2.625000000000000000e+03
2.547000000000000000e+03
2.590000000000000000e+03
2.599000000000000000e+03
2.565000000000000000e+03
2.567000000000000000e+03
2.527000000000000000e+03
2.553000000000000000e+03
2.546000000000000000e+03
2.519000000000000000e+03
2.562000000000000000e+03
2.523000000000000000e+03
2.563000000000000000e+03
2.477000000000000000e+03
2.467000000000000000e+03
2.465000000000000000e+03
2.459000000000000000e+03
2.510000000000000000e+03
2.422000000000000000e+03
2.479000000000000000e+03
2.511000000000000000e+03
2.350000000000000000e+03
2.405000000000000000e+03
