1.671000000000000000e+03
1.727000000000000000e+03
1.709000000000000000e+03
1.690000000000000000e+03
1.674000000000000000e+03
1.743000000000000000e+03
1.742000000000000000e+03
1.726000000000000000e+03
1.764000000000000000e+03
1.701000000000000000e+03
1.759000000000000000e+03
1.764000000000000000e+03
1.812000000000000000e+03
1.792000000000000000e+03
1.747000000000000000e+03
1.803000000000000000e+03
1.781000000000000000e+03
1.780000000000000000e+03
1.848000000000000000e+03
1.854000000000000000e+03
1.814000000000000000e+03
1.770000000000000000e+03
1.813000000000000000e+03
1.820000000000000000e+03
1.848000000000000000e+03
1.821000000000000000e+03
1.864000000000000000e+03
1.830000000000000000e+03
1.880000000000000000e+03
1.853000000000000000e+03
1.858000000000000000e+03
1.885000000000000000e+03
1.904000000000000000e+03
1.881000000000000000e+03
1.883000000000000000e+03
1.872000000000000000e+03
1.938000000000000000e+03
1.916000000000000000e+03
1.899000000000000000e+03
1.926000000000000000e+03
1.936000000000000000e+03
1.901000000000000000e+03
1.969000000000000000e+03
1.931000000000000000e+03
1.932000000000000000e+03
1.960000000000000000e+03
1.898000000000000000e+03
1.914000000000000000e+03
1.931000000000000000e+03
1.993000000000000000e+03
2.040000000000000000e+03
1.984000000000000000e+03
2.008000000000000000e+03
1.991000000000000000e+03
1.958000000000000000e+03
2.013000000000000000e+03
2.033000000000000000e+03
2.033000000000000000e+03
1.979000000000000000e+03
1.965000000000000000e+03
2.086000000000000000e+03
2.074000000000000000e+03
2.018000000000000000e+03
2.010000000000000000e+03
2.023000000000000000e+03
2.013000000000000000e+03
2.056000000000000000e+03
2.049000000000000000e+03
1.993000000000000000e+03
2.071000000000000000e+03
2.070000000000000000e+03
2.060000000000000000e+03
2.078000000000000000e+03
2.098000000000000000e+03
2.078000000000000000e+03
2.073000000000000000e+03
2.097000000000000000e+03
2.121000000000000000e+03
2.153000000000000000e+03
2.108000000000000000e+03
2.111000000000000000e+03
2.131000000000000000e+03
2.070000000000000000e+03
2.123000000000000000e+03
2.197000000000000000e+03
2.063000000000000000e+03
2.138000000000000000e+03
2.184000000000000000e+03
2.150000000000000000e+03
2.142000000000000000e+03
2.174000000000000000e+03
2.221000000000000000e+03
2.164000000000000000e+03
2.196000000000000000e+03
2.209000000000000000e+03
2.225000000000000000e+03
2.199000000000000000e+03
2.252000000000000000e+03
2.232000000000000000e+03
2.226000000000000000e+03
2.222000000000000000e+03
2.230000000000000000e+03
2.232000000000000000e+03
2.260000000000000000e+03
2.293000000000000000e+03
2.292000000000000000e+03
2.276000000000000000e+03
2.312000000000000000e+03
2.276000000000000000e+03
2.338000000000000000e+03
2.352000000000000000e+03
2.309000000000000000e+03
2.361000000000000000e+03
2.397000000000000000e+03
2.352000000000000000e+03
2.364000000000000000e+03
2.371000000000000000e+03
2.411000000000000000e+03
2.403000000000000000e+03
2.401000000000000000e+03
2.405000000000000000e+03
2.447000000000000000e+03
2.462000000000000000e+03
2.522000000000000000e+03
2.506000000000000000e+03
2.555000000000000000e+03
2.575000000000000000e+03
2.501000000000000000e+03
2.460000000000000000e+03
2.545000000000000000e+03
2.574000000000000000e+03
2.571000000000000000e+03
2.554000000000000000e+03
2.545000000000000000e+03
2.614000000000000000e+03
2.561000000000000000e+03
2.575000000000000000e+03
2.660000000000000000e+03
2.647000000000000000e+03
2.720000000000000000e+03
2.659000000000000000e+03
2.679000000000000000e+03
2.700000000000000000e+03
2.711000000000000000e+03
2.701000000000000000e+03
2.726000000000000000e+03
2.747000000000000000e+03
2.768000000000000000e+03
2.779000000000000000e+03
2.746000000000000000e+03
2.804000000000000000e+03
2.819000000000000000e+03
2.832000000000000000e+03
2.911000000000000000e+03
2.801000000000000000e+03
2.833000000000000000e+03
2.859000000000000000e+03
2.908000000000000000e+03
2.863000000000000000e+03
2.966000000000000000e+03
2.854000000000000000e+03
2.887000000000000000e+03
2.909000000000000000e+03
2.950000000000000000e+03
2.956000000000000000e+03
2.909000000000000000e+03
2.966000000000000000e+03
3.019000000000000000e+03
2.945000000000000000e+03
2.988000000000000000e+03
2.966000000000000000e+03
2.989000000000000000e+03
2.983000000000000000e+03
3.054000000000000000e+03
3.096000000000000000e+03
3.060000000000000000e+03
3.038000000000000000e+03
3.043000000000000000e+03
3.036000000000000000e+03
3.032000000000000000e+03
3.121000000000000000e+03
3.092000000000000000e+03
3.111000000000000000e+03
3.181000000000000000e+03
3.593000000000000000e+03
3.570000000000000000e+03
3.345000000000000000e+03
3.147000000000000000e+03
3.187000000000000000e+03
3.182000000000000000e+03
3.209000000000000000e+03
3.158000000000000000e+03
3.118000000000000000e+03
3.175000000000000000e+03
3.161000000000000000e+03
3.199000000000000000e+03
3.225000000000000000e+03
3.237000000000000000e+03
3.214000000000000000e+03
3.238000000000000000e+03
3.274000000000000000e+03
3.323000000000000000e+03
3.354000000000000000e+03
3.349000000000000000e+03
3.336000000000000000e+03
3.368000000000000000e+03
3.390000000000000000e+03
3.336000000000000000e+03
3.386000000000000000e+03
3.380000000000000000e+03
3.441000000000000000e+03
3.408000000000000000e+03
3.484000000000000000e+03
3.441000000000000000e+03
3.433000000000000000e+03
3.414000000000000000e+03
3.488000000000000000e+03
3.544000000000000000e+03
3.506000000000000000e+03
3.586000000000000000e+03
3.544000000000000000e+03
3.576000000000000000e+03
3.592000000000000000e+03
3.597000000000000000e+03
3.637000000000000000e+03
3.641000000000000000e+03
3.613000000000000000e+03
3.664000000000000000e+03
3.651000000000000000e+03
3.734000000000000000e+03
3.663000000000000000e+03
3.710000000000000000e+03
3.781000000000000000e+03
3.838000000000000000e+03
3.821000000000000000e+03
3.843000000000000000e+03
3.817000000000000000e+03
3.786000000000000000e+03
3.841000000000000000e+03
3.875000000000000000e+03
3.863000000000000000e+03
3.818000000000000000e+03
3.900000000000000000e+03
3.918000000000000000e+03
3.923000000000000000e+03
3.887000000000000000e+03
3.937000000000000000e+03
4.012000000000000000e+03
3.921000000000000000e+03
3.991000000000000000e+03
4.046000000000000000e+03
4.119000000000000000e+03
4.056000000000000000e+03
4.086000000000000000e+03
4.146000000000000000e+03
4.172000000000000000e+03
4.227000000000000000e+03
4.276000000000000000e+03
4.133000000000000000e+03
4.129000000000000000e+03
4.136000000000000000e+03
4.279000000000000000e+03
4.240000000000000000e+03
4.262000000000000000e+03
4.183000000000000000e+03
4.176000000000000000e+03
4.279000000000000000e+03
4.212000000000000000e+03
4.229000000000000000e+03
4.315000000000000000e+03
4.240000000000000000e+03
4.275000000000000000e+03
4.284000000000000000e+03
4.270000000000000000e+03
4.239000000000000000e+03
4.269000000000000000e+03
4.310000000000000000e+03
4.284000000000000000e+03
4.360000000000000000e+03
4.323000000000000000e+03
4.343000000000000000e+03
4.260000000000000000e+03
4.296000000000000000e+03
4.261000000000000000e+03
4.370000000000000000e+03
4.339000000000000000e+03
4.513000000000000000e+03
4.481000000000000000e+03
4.302000000000000000e+03
4.429000000000000000e+03
4.406000000000000000e+03
4.422000000000000000e+03
4.442000000000000000e+03
4.476000000000000000e+03
4.422000000000000000e+03
4.501000000000000000e+03
4.456000000000000000e+03
4.501000000000000000e+03
4.476000000000000000e+03
4.484000000000000000e+03
4.479000000000000000e+03
4.373000000000000000e+03
4.459000000000000000e+03
4.472000000000000000e+03
4.525000000000000000e+03
4.515000000000000000e+03
4.503000000000000000e+03
4.426000000000000000e+03
4.501000000000000000e+03
4.582000000000000000e+03
4.518000000000000000e+03
4.547000000000000000e+03
4.528000000000000000e+03
4.571000000000000000e+03
4.609000000000000000e+03
4.557000000000000000e+03
4.434000000000000000e+03
4.476000000000000000e+03
4.514000000000000000e+03
4.539000000000000000e+03
4.526000000000000000e+03
4.729000000000000000e+03
4.549000000000000000e+03
4.549000000000000000e+03
4.562000000000000000e+03
4.613000000000000000e+03
4.535000000000000000e+03
4.554000000000000000e+03
4.538000000000000000e+03
4.517000000000000000e+03
4.566000000000000000e+03
4.546000000000000000e+03
4.500000000000000000e+03
4.572000000000000000e+03
4.567000000000000000e+03
4.525000000000000000e+03
4.608000000000000000e+03
4.592000000000000000e+03
4.481000000000000000e+03
4.518000000000000000e+03
4.534000000000000000e+03
4.512000000000000000e+03
4.549000000000000000e+03
4.603000000000000000e+03
4.568000000000000000e+03
4.504000000000000000e+03
4.545000000000000000e+03
4.502000000000000000e+03
4.578000000000000000e+03
4.540000000000000000e+03
4.552000000000000000e+03
4.602000000000000000e+03
4.529000000000000000e+03
4.553000000000000000e+03
4.600000000000000000e+03
4.600000000000000000e+03
4.688000000000000000e+03
4.627000000000000000e+03
4.583000000000000000e+03
4.628000000000000000e+03
4.561000000000000000e+03
4.588000000000000000e+03
4.575000000000000000e+03
4.607000000000000000e+03
4.585000000000000000e+03
4.762000000000000000e+03
4.660000000000000000e+03
4.715000000000000000e+03
4.762000000000000000e+03
4.659000000000000000e+03
4.692000000000000000e+03
4.672000000000000000e+03
4.702000000000000000e+03
4.653000000000000000e+03
4.679000000000000000e+03
4.717000000000000000e+03
4.704000000000000000e+03
4.673000000000000000e+03
4.699000000000000000e+03
4.791000000000000000e+03
4.742000000000000000e+03
4.812000000000000000e+03
4.783000000000000000e+03
4.766000000000000000e+03
4.791000000000000000e+03
4.753000000000000000e+03
4.881000000000000000e+03
4.835000000000000000e+03
4.809000000000000000e+03
4.771000000000000000e+03
4.842000000000000000e+03
4.834000000000000000e+03
4.815000000000000000e+03
4.799000000000000000e+03
4.746000000000000000e+03
4.748000000000000000e+03
4.792000000000000000e+03
4.783000000000000000e+03
4.846000000000000000e+03
4.748000000000000000e+03
4.781000000000000000e+03
4.841000000000000000e+03
4.786000000000000000e+03
4.793000000000000000e+03
4.869000000000000000e+03
4.807000000000000000e+03
4.762000000000000000e+03
4.917000000000000000e+03
4.878000000000000000e+03
4.802000000000000000e+03
4.903000000000000000e+03
4.840000000000000000e+03
4.814000000000000000e+03
4.905000000000000000e+03
4.860000000000000000e+03
4.923000000000000000e+03
4.880000000000000000e+03
4.840000000000000000e+03
4.851000000000000000e+03
4.917000000000000000e+03
4.883000000000000000e+03
4.856000000000000000e+03
4.917000000000000000e+03
4.986000000000000000e+03
4.915000000000000000e+03
4.927000000000000000e+03
4.972000000000000000e+03
4.950000000000000000e+03
4.981000000000000000e+03
4.958000000000000000e+03
4.942000000000000000e+03
4.940000000000000000e+03
4.860000000000000000e+03
4.891000000000000000e+03
4.921000000000000000e+03
4.904000000000000000e+03
4.952000000000000000e+03
5.008000000000000000e+03
4.950000000000000000e+03
4.915000000000000000e+03
4.904000000000000000e+03
4.913000000000000000e+03
4.920000000000000000e+03
4.944000000000000000e+03
5.067000000000000000e+03
4.932000000000000000e+03
4.999000000000000000e+03
4.957000000000000000e+03
5.005000000000000000e+03
4.939000000000000000e+03
4.965000000000000000e+03
4.894000000000000000e+03
4.890000000000000000e+03
4.971000000000000000e+03
4.919000000000000000e+03
4.971000000000000000e+03
4.932000000000000000e+03
4.972000000000000000e+03
4.887000000000000000e+03
4.966000000000000000e+03
4.931000000000000000e+03
4.944000000000000000e+03
4.969000000000000000e+03
5.034000000000000000e+03
4.972000000000000000e+03
4.990000000000000000e+03
4.856000000000000000e+03
4.987000000000000000e+03
5.017000000000000000e+03
4.840000000000000000e+03
4.876000000000000000e+03
4.937000000000000000e+03
4.998000000000000000e+03
4.946000000000000000e+03
4.849000000000000000e+03
4.916000000000000000e+03
4.799000000000000000e+03
4.872000000000000000e+03
4.828000000000000000e+03
4.927000000000000000e+03
4.780000000000000000e+03
4.835000000000000000e+03
4.804000000000000000e+03
4.888000000000000000e+03
4.818000000000000000e+03
4.724000000000000000e+03
4.807000000000000000e+03
4.848000000000000000e+03
4.745000000000000000e+03
4.808000000000000000e+03
4.901000000000000000e+03
4.702000000000000000e+03
4.744000000000000000e+03
4.783000000000000000e+03
4.789000000000000000e+03
4.727000000000000000e+03
4.689000000000000000e+03
4.836000000000000000e+03
4.754000000000000000e+03
4.743000000000000000e+03
4.731000000000000000e+03
4.742000000000000000e+03
4.776000000000000000e+03
4.672000000000000000e+03
4.738000000000000000e+03
4.735000000000000000e+03
4.728000000000000000e+03
4.689000000000000000e+03
4.660000000000000000e+03
4.697000000000000000e+03
4.694000000000000000e+03
4.632000000000000000e+03
4.598000000000000000e+03
4.600000000000000000e+03
4.607000000000000000e+03
4.696000000000000000e+03
4.613000000000000000e+03
4.620000000000000000e+03
4.620000000000000000e+03
4.607000000000000000e+03
4.584000000000000000e+03
4.558000000000000000e+03
4.600000000000000000e+03
4.513000000000000000e+03
4.566000000000000000e+03
4.492000000000000000e+03
4.512000000000000000e+03
4.413000000000000000e+03
4.531000000000000000e+03
4.501000000000000000e+03
4.561000000000000000e+03
4.480000000000000000e+03
4.475000000000000000e+03
4.402000000000000000e+03
4.390000000000000000e+03
4.442000000000000000e+03
4.465000000000000000e+03
4.387000000000000000e+03
4.389000000000000000e+03
4.413000000000000000e+03
4.420000000000000000e+03
4.451000000000000000e+03
4.402000000000000000e+03
4.403000000000000000e+03
4.367000000000000000e+03
4.369000000000000000e+03
4.390000000000000000e+03
4.416000000000000000e+03
4.367000000000000000e+03
4.335000000000000000e+03
4.423000000000000000e+03
4.308000000000000000e+03
4.253000000000000000e+03
4.363000000000000000e+03
4.174000000000000000e+03
4.267000000000000000e+03
4.292000000000000000e+03
4.306000000000000000e+03
4.290000000000000000e+03
4.241000000000000000e+03
4.291000000000000000e+03
4.336000000000000000e+03
4.349000000000000000e+03
4.269000000000000000e+03
4.246000000000000000e+03
4.194000000000000000e+03
4.189000000000000000e+03
4.319000000000000000e+03
4.206000000000000000e+03
4.233000000000000000e+03
4.229000000000000000e+03
4.175000000000000000e+03
4.218000000000000000e+03
4.253000000000000000e+03
4.207000000000000000e+03
4.150000000000000000e+03
4.218000000000000000e+03
4.229000000000000000e+03
4.242000000000000000e+03
4.231000000000000000e+03
4.205000000000000000e+03
4.157000000000000000e+03
4.094000000000000000e+03
4.184000000000000000e+03
4.147000000000000000e+03
4.110000000000000000e+03
4.143000000000000000e+03
4.161000000000000000e+03
4.256000000000000000e+03
4.146000000000000000e+03
4.108000000000000000e+03
4.090000000000000000e+03
4.206000000000000000e+03
4.161000000000000000e+03
4.120000000000000000e+03
4.124000000000000000e+03
4.041000000000000000e+03
4.089000000000000000e+03
4.106000000000000000e+03
4.009000000000000000e+03
4.020000000000000000e+03
4.031000000000000000e+03
4.003000000000000000e+03
4.009000000000000000e+03
3.967000000000000000e+03
3.997000000000000000e+03
4.071000000000000000e+03
3.946000000000000000e+03
3.934000000000000000e+03
3.975000000000000000e+03
3.995000000000000000e+03
3.986000000000000000e+03
3.977000000000000000e+03
3.968000000000000000e+03
3.919000000000000000e+03
3.986000000000000000e+03
4.005000000000000000e+03
3.926000000000000000e+03
3.888000000000000000e+03
3.930000000000000000e+03
3.945000000000000000e+03
3.970000000000000000e+03
3.944000000000000000e+03
3.920000000000000000e+03
3.924000000000000000e+03
3.907000000000000000e+03
3.912000000000000000e+03
3.852000000000000000e+03
3.821000000000000000e+03
3.896000000000000000e+03
3.870000000000000000e+03
3.881000000000000000e+03
3.821000000000000000e+03
3.863000000000000000e+03
3.961000000000000000e+03
3.825000000000000000e+03
3.818000000000000000e+03
3.771000000000000000e+03
3.822000000000000000e+03
3.814000000000000000e+03
3.710000000000000000e+03
3.712000000000000000e+03
3.743000000000000000e+03
3.821000000000000000e+03
3.733000000000000000e+03
3.809000000000000000e+03
3.760000000000000000e+03
3.754000000000000000e+03
3.714000000000000000e+03
3.679000000000000000e+03
3.698000000000000000e+03
3.725000000000000000e+03
3.740000000000000000e+03
3.764000000000000000e+03
3.738000000000000000e+03
3.705000000000000000e+03
3.646000000000000000e+03
3.652000000000000000e+03
3.669000000000000000e+03
3.620000000000000000e+03
3.674000000000000000e+03
3.656000000000000000e+03
3.544000000000000000e+03
3.611000000000000000e+03
3.601000000000000000e+03
3.625000000000000000e+03
3.604000000000000000e+03
3.569000000000000000e+03
3.567000000000000000e+03
3.626000000000000000e+03
3.543000000000000000e+03
3.516000000000000000e+03
3.623000000000000000e+03
3.478000000000000000e+03
3.524000000000000000e+03
3.502000000000000000e+03
3.580000000000000000e+03
3.535000000000000000e+03
3.529000000000000000e+03
3.457000000000000000e+03
3.425000000000000000e+03
3.504000000000000000e+03
3.458000000000000000e+03
3.427000000000000000e+03
3.399000000000000000e+03
3.415000000000000000e+03
3.400000000000000000e+03
3.340000000000000000e+03
3.411000000000000000e+03
3.366000000000000000e+03
3.362000000000000000e+03
3.380000000000000000e+03
3.348000000000000000e+03
3.290000000000000000e+03
3.341000000000000000e+03
3.316000000000000000e+03
3.341000000000000000e+03
3.285000000000000000e+03
3.245000000000000000e+03
3.246000000000000000e+03
3.336000000000000000e+03
3.190000000000000000e+03
3.286000000000000000e+03
3.230000000000000000e+03
3.180000000000000000e+03
3.204000000000000000e+03
3.141000000000000000e+03
3.185000000000000000e+03
3.124000000000000000e+03
3.089000000000000000e+03
3.153000000000000000e+03
3.083000000000000000e+03
3.118000000000000000e+03
3.113000000000000000e+03
3.082000000000000000e+03
3.079000000000000000e+03
2.974000000000000000e+03
3.033000000000000000e+03
3.090000000000000000e+03
3.052000000000000000e+03
3.070000000000000000e+03
3.000000000000000000e+03
2.982000000000000000e+03
2.972000000000000000e+03
2.969000000000000000e+03
2.913000000000000000e+03
2.997000000000000000e+03
2.932000000000000000e+03
3.068000000000000000e+03
2.926000000000000000e+03
2.915000000000000000e+03
3.198000000000000000e+03
2.888000000000000000e+03
2.836000000000000000e+03
2.860000000000000000e+03
2.866000000000000000e+03
2.860000000000000000e+03
2.877000000000000000e+03
2.804000000000000000e+03
2.853000000000000000e+03
2.773000000000000000e+03
2.805000000000000000e+03
2.783000000000000000e+03
2.760000000000000000e+03
2.778000000000000000e+03
2.734000000000000000e+03
2.759000000000000000e+03
2.771000000000000000e+03
2.797000000000000000e+03
2.689000000000000000e+03
2.773000000000000000e+03
2.719000000000000000e+03
2.742000000000000000e+03
2.694000000000000000e+03
2.670000000000000000e+03
2.654000000000000000e+03
2.703000000000000000e+03
2.625000000000000000e+03
2.753000000000000000e+03
2.632000000000000000e+03
2.680000000000000000e+03
2.606000000000000000e+03
2.674000000000000000e+03
2.655000000000000000e+03
2.620000000000000000e+03
