1.568000000000000000e+03
1.605000000000000000e+03
1.582000000000000000e+03
1.620000000000000000e+03
1.586000000000000000e+03
1.588000000000000000e+03
1.603000000000000000e+03
1.605000000000000000e+03
1.581000000000000000e+03
1.592000000000000000e+03
1.740000000000000000e+03
1.671000000000000000e+03
1.678000000000000000e+03
1.671000000000000000e+03
1.673000000000000000e+03
1.712000000000000000e+03
1.682000000000000000e+03
1.653000000000000000e+03
1.687000000000000000e+03
1.670000000000000000e+03
1.728000000000000000e+03
1.676000000000000000e+03
1.666000000000000000e+03
1.779000000000000000e+03
1.720000000000000000e+03
1.761000000000000000e+03
1.717000000000000000e+03
1.745000000000000000e+03
1.774000000000000000e+03
1.756000000000000000e+03
1.710000000000000000e+03
1.778000000000000000e+03
1.726000000000000000e+03
1.776000000000000000e+03
1.789000000000000000e+03
1.769000000000000000e+03
1.760000000000000000e+03
1.760000000000000000e+03
1.769000000000000000e+03
1.798000000000000000e+03
1.815000000000000000e+03
1.800000000000000000e+03
1.812000000000000000e+03
1.775000000000000000e+03
1.817000000000000000e+03
1.795000000000000000e+03
1.792000000000000000e+03
1.848000000000000000e+03
1.803000000000000000e+03
1.803000000000000000e+03
1.814000000000000000e+03
1.833000000000000000e+03
1.829000000000000000e+03
1.859000000000000000e+03
1.894000000000000000e+03
1.824000000000000000e+03
1.866000000000000000e+03
1.863000000000000000e+03
1.955000000000000000e+03
1.924000000000000000e+03
1.861000000000000000e+03
1.884000000000000000e+03
1.923000000000000000e+03
1.843000000000000000e+03
1.929000000000000000e+03
1.943000000000000000e+03
1.872000000000000000e+03
1.886000000000000000e+03
1.887000000000000000e+03
1.874000000000000000e+03
1.918000000000000000e+03
1.852000000000000000e+03
1.917000000000000000e+03
1.978000000000000000e+03
1.932000000000000000e+03
1.936000000000000000e+03
1.956000000000000000e+03
1.966000000000000000e+03
1.916000000000000000e+03
1.957000000000000000e+03
1.961000000000000000e+03
1.953000000000000000e+03
1.981000000000000000e+03
1.989000000000000000e+03
2.038000000000000000e+03
1.995000000000000000e+03
1.950000000000000000e+03
1.986000000000000000e+03
1.991000000000000000e+03
1.980000000000000000e+03
2.070000000000000000e+03
1.968000000000000000e+03
2.021000000000000000e+03
2.006000000000000000e+03
2.041000000000000000e+03
1.988000000000000000e+03
2.065000000000000000e+03
2.011000000000000000e+03
2.049000000000000000e+03
2.030000000000000000e+03
2.036000000000000000e+03
2.070000000000000000e+03
2.099000000000000000e+03
2.135000000000000000e+03
2.108000000000000000e+03
2.125000000000000000e+03
2.097000000000000000e+03
2.086000000000000000e+03
2.131000000000000000e+03
2.112000000000000000e+03
2.174000000000000000e+03
2.150000000000000000e+03
2.109000000000000000e+03
2.198000000000000000e+03
2.181000000000000000e+03
2.164000000000000000e+03
2.217000000000000000e+03
2.239000000000000000e+03
2.169000000000000000e+03
2.267000000000000000e+03
2.260000000000000000e+03
2.203000000000000000e+03
3.091000000000000000e+03
2.294000000000000000e+03
2.302000000000000000e+03
2.296000000000000000e+03
2.283000000000000000e+03
2.342000000000000000e+03
2.340000000000000000e+03
2.272000000000000000e+03
2.356000000000000000e+03
2.298000000000000000e+03
2.405000000000000000e+03
2.420000000000000000e+03
2.357000000000000000e+03
2.412000000000000000e+03
2.381000000000000000e+03
2.463000000000000000e+03
2.437000000000000000e+03
2.503000000000000000e+03
2.496000000000000000e+03
2.499000000000000000e+03
2.439000000000000000e+03
2.482000000000000000e+03
2.523000000000000000e+03
2.488000000000000000e+03
2.602000000000000000e+03
2.535000000000000000e+03
2.549000000000000000e+03
2.615000000000000000e+03
2.568000000000000000e+03
2.557000000000000000e+03
2.566000000000000000e+03
2.551000000000000000e+03
2.634000000000000000e+03
2.645000000000000000e+03
2.646000000000000000e+03
2.668000000000000000e+03
2.630000000000000000e+03
2.696000000000000000e+03
2.667000000000000000e+03
2.644000000000000000e+03
2.648000000000000000e+03
2.745000000000000000e+03
2.696000000000000000e+03
2.703000000000000000e+03
2.785000000000000000e+03
2.704000000000000000e+03
2.830000000000000000e+03
2.821000000000000000e+03
2.731000000000000000e+03
2.735000000000000000e+03
2.801000000000000000e+03
2.765000000000000000e+03
2.771000000000000000e+03
2.846000000000000000e+03
2.871000000000000000e+03
2.858000000000000000e+03
2.862000000000000000e+03
2.858000000000000000e+03
2.880000000000000000e+03
2.795000000000000000e+03
2.857000000000000000e+03
2.841000000000000000e+03
2.940000000000000000e+03
3.169000000000000000e+03
3.370000000000000000e+03
3.207000000000000000e+03
2.947000000000000000e+03
2.909000000000000000e+03
2.983000000000000000e+03
2.957000000000000000e+03
2.910000000000000000e+03
2.910000000000000000e+03
2.943000000000000000e+03
2.958000000000000000e+03
2.926000000000000000e+03
2.993000000000000000e+03
2.996000000000000000e+03
3.038000000000000000e+03
2.968000000000000000e+03
3.004000000000000000e+03
3.059000000000000000e+03
3.049000000000000000e+03
3.029000000000000000e+03
3.024000000000000000e+03
3.081000000000000000e+03
3.139000000000000000e+03
3.110000000000000000e+03
3.130000000000000000e+03
3.109000000000000000e+03
3.175000000000000000e+03
3.154000000000000000e+03
3.161000000000000000e+03
3.141000000000000000e+03
3.158000000000000000e+03
3.167000000000000000e+03
3.280000000000000000e+03
3.239000000000000000e+03
3.243000000000000000e+03
3.217000000000000000e+03
3.238000000000000000e+03
3.281000000000000000e+03
3.350000000000000000e+03
3.311000000000000000e+03
3.330000000000000000e+03
3.353000000000000000e+03
3.367000000000000000e+03
3.392000000000000000e+03
3.431000000000000000e+03
3.452000000000000000e+03
3.402000000000000000e+03
3.363000000000000000e+03
3.417000000000000000e+03
3.483000000000000000e+03
3.461000000000000000e+03
3.517000000000000000e+03
3.490000000000000000e+03
3.531000000000000000e+03
3.575000000000000000e+03
3.567000000000000000e+03
3.555000000000000000e+03
3.540000000000000000e+03
3.603000000000000000e+03
3.615000000000000000e+03
3.670000000000000000e+03
3.630000000000000000e+03
3.669000000000000000e+03
3.711000000000000000e+03
3.598000000000000000e+03
3.728000000000000000e+03
3.745000000000000000e+03
3.722000000000000000e+03
3.695000000000000000e+03
3.733000000000000000e+03
3.777000000000000000e+03
3.782000000000000000e+03
3.869000000000000000e+03
3.963000000000000000e+03
3.878000000000000000e+03
3.899000000000000000e+03
3.901000000000000000e+03
3.891000000000000000e+03
4.079000000000000000e+03
3.949000000000000000e+03
3.843000000000000000e+03
3.923000000000000000e+03
3.938000000000000000e+03
3.883000000000000000e+03
3.991000000000000000e+03
3.967000000000000000e+03
3.958000000000000000e+03
3.909000000000000000e+03
4.003000000000000000e+03
3.979000000000000000e+03
4.010000000000000000e+03
4.009000000000000000e+03
4.034000000000000000e+03
3.994000000000000000e+03
3.987000000000000000e+03
4.064000000000000000e+03
4.015000000000000000e+03
4.077000000000000000e+03
3.964000000000000000e+03
4.026000000000000000e+03
4.133000000000000000e+03
4.002000000000000000e+03
3.994000000000000000e+03
4.065000000000000000e+03
4.100000000000000000e+03
4.094000000000000000e+03
4.097000000000000000e+03
4.113000000000000000e+03
4.006000000000000000e+03
4.137000000000000000e+03
4.197000000000000000e+03
4.223000000000000000e+03
4.127000000000000000e+03
4.177000000000000000e+03
4.183000000000000000e+03
4.222000000000000000e+03
4.147000000000000000e+03
4.146000000000000000e+03
4.079000000000000000e+03
4.163000000000000000e+03
4.205000000000000000e+03
4.151000000000000000e+03
4.125000000000000000e+03
4.194000000000000000e+03
4.202000000000000000e+03
4.167000000000000000e+03
4.255000000000000000e+03
4.151000000000000000e+03
4.153000000000000000e+03
4.236000000000000000e+03
4.218000000000000000e+03
4.259000000000000000e+03
4.178000000000000000e+03
4.191000000000000000e+03
4.197000000000000000e+03
4.244000000000000000e+03
4.207000000000000000e+03
4.309000000000000000e+03
4.302000000000000000e+03
4.191000000000000000e+03
4.248000000000000000e+03
4.274000000000000000e+03
4.210000000000000000e+03
4.224000000000000000e+03
4.238000000000000000e+03
4.252000000000000000e+03
4.236000000000000000e+03
4.140000000000000000e+03
4.273000000000000000e+03
4.201000000000000000e+03
4.212000000000000000e+03
4.153000000000000000e+03
4.241000000000000000e+03
4.234000000000000000e+03
4.214000000000000000e+03
4.344000000000000000e+03
4.222000000000000000e+03
4.199000000000000000e+03
4.216000000000000000e+03
4.192000000000000000e+03
4.252000000000000000e+03
4.244000000000000000e+03
4.166000000000000000e+03
4.209000000000000000e+03
4.228000000000000000e+03
4.189000000000000000e+03
4.324000000000000000e+03
4.289000000000000000e+03
4.258000000000000000e+03
4.277000000000000000e+03
4.326000000000000000e+03
4.289000000000000000e+03
4.382000000000000000e+03
4.248000000000000000e+03
4.271000000000000000e+03
4.349000000000000000e+03
4.306000000000000000e+03
4.321000000000000000e+03
4.336000000000000000e+03
4.251000000000000000e+03
4.270000000000000000e+03
4.249000000000000000e+03
4.383000000000000000e+03
4.301000000000000000e+03
4.306000000000000000e+03
4.348000000000000000e+03
4.294000000000000000e+03
4.355000000000000000e+03
4.382000000000000000e+03
4.329000000000000000e+03
4.333000000000000000e+03
4.329000000000000000e+03
4.311000000000000000e+03
4.400000000000000000e+03
4.351000000000000000e+03
4.438000000000000000e+03
4.414000000000000000e+03
4.422000000000000000e+03
4.437000000000000000e+03
4.446000000000000000e+03
4.444000000000000000e+03
4.488000000000000000e+03
4.476000000000000000e+03
4.451000000000000000e+03
4.480000000000000000e+03
4.393000000000000000e+03
4.549000000000000000e+03
4.460000000000000000e+03
4.531000000000000000e+03
4.448000000000000000e+03
4.547000000000000000e+03
4.550000000000000000e+03
4.492000000000000000e+03
4.398000000000000000e+03
4.500000000000000000e+03
4.462000000000000000e+03
4.488000000000000000e+03
4.496000000000000000e+03
4.605000000000000000e+03
4.480000000000000000e+03
4.525000000000000000e+03
4.428000000000000000e+03
4.561000000000000000e+03
4.567000000000000000e+03
4.481000000000000000e+03
4.474000000000000000e+03
4.540000000000000000e+03
4.550000000000000000e+03
4.510000000000000000e+03
4.607000000000000000e+03
4.572000000000000000e+03
4.596000000000000000e+03
4.632000000000000000e+03
4.636000000000000000e+03
4.555000000000000000e+03
4.628000000000000000e+03
4.665000000000000000e+03
4.548000000000000000e+03
4.597000000000000000e+03
4.602000000000000000e+03
4.593000000000000000e+03
4.602000000000000000e+03
4.573000000000000000e+03
4.679000000000000000e+03
4.741000000000000000e+03
4.651000000000000000e+03
4.632000000000000000e+03
4.627000000000000000e+03
4.643000000000000000e+03
4.678000000000000000e+03
4.694000000000000000e+03
4.624000000000000000e+03
4.747000000000000000e+03
4.663000000000000000e+03
4.772000000000000000e+03
4.652000000000000000e+03
4.684000000000000000e+03
4.683000000000000000e+03
4.663000000000000000e+03
4.664000000000000000e+03
4.660000000000000000e+03
4.685000000000000000e+03
4.579000000000000000e+03
4.622000000000000000e+03
4.744000000000000000e+03
4.721000000000000000e+03
4.615000000000000000e+03
4.690000000000000000e+03
4.681000000000000000e+03
4.661000000000000000e+03
4.674000000000000000e+03
4.722000000000000000e+03
4.653000000000000000e+03
4.634000000000000000e+03
4.671000000000000000e+03
4.664000000000000000e+03
4.633000000000000000e+03
4.663000000000000000e+03
4.660000000000000000e+03
4.698000000000000000e+03
4.588000000000000000e+03
4.627000000000000000e+03
4.686000000000000000e+03
4.656000000000000000e+03
4.564000000000000000e+03
4.509000000000000000e+03
4.610000000000000000e+03
4.656000000000000000e+03
4.608000000000000000e+03
4.585000000000000000e+03
4.534000000000000000e+03
4.564000000000000000e+03
4.636000000000000000e+03
4.584000000000000000e+03
4.526000000000000000e+03
4.533000000000000000e+03
4.513000000000000000e+03
4.488000000000000000e+03
4.528000000000000000e+03
4.569000000000000000e+03
4.503000000000000000e+03
4.514000000000000000e+03
4.501000000000000000e+03
4.504000000000000000e+03
4.511000000000000000e+03
4.574000000000000000e+03
4.528000000000000000e+03
4.510000000000000000e+03
4.505000000000000000e+03
4.455000000000000000e+03
4.580000000000000000e+03
4.472000000000000000e+03
4.464000000000000000e+03
4.519000000000000000e+03
4.458000000000000000e+03
4.449000000000000000e+03
4.424000000000000000e+03
4.361000000000000000e+03
4.506000000000000000e+03
4.517000000000000000e+03
4.331000000000000000e+03
4.404000000000000000e+03
4.362000000000000000e+03
4.460000000000000000e+03
4.386000000000000000e+03
4.402000000000000000e+03
4.329000000000000000e+03
4.408000000000000000e+03
4.345000000000000000e+03
4.441000000000000000e+03
4.417000000000000000e+03
4.286000000000000000e+03
4.320000000000000000e+03
4.247000000000000000e+03
4.338000000000000000e+03
4.299000000000000000e+03
4.252000000000000000e+03
4.269000000000000000e+03
4.267000000000000000e+03
4.157000000000000000e+03
4.319000000000000000e+03
4.212000000000000000e+03
4.139000000000000000e+03
4.182000000000000000e+03
4.246000000000000000e+03
4.239000000000000000e+03
4.389000000000000000e+03
4.187000000000000000e+03
4.128000000000000000e+03
4.156000000000000000e+03
4.182000000000000000e+03
4.218000000000000000e+03
4.203000000000000000e+03
4.164000000000000000e+03
4.160000000000000000e+03
4.149000000000000000e+03
4.141000000000000000e+03
4.095000000000000000e+03
4.125000000000000000e+03
4.036000000000000000e+03
4.139000000000000000e+03
4.110000000000000000e+03
4.034000000000000000e+03
4.019000000000000000e+03
4.052000000000000000e+03
4.098000000000000000e+03
3.984000000000000000e+03
4.060000000000000000e+03
4.051000000000000000e+03
4.097000000000000000e+03
4.012000000000000000e+03
4.061000000000000000e+03
4.009000000000000000e+03
4.007000000000000000e+03
4.066000000000000000e+03
3.996000000000000000e+03
4.050000000000000000e+03
3.926000000000000000e+03
3.987000000000000000e+03
4.005000000000000000e+03
4.008000000000000000e+03
3.917000000000000000e+03
3.933000000000000000e+03
4.002000000000000000e+03
3.958000000000000000e+03
3.901000000000000000e+03
3.999000000000000000e+03
3.931000000000000000e+03
4.169000000000000000e+03
3.932000000000000000e+03
3.894000000000000000e+03
3.906000000000000000e+03
3.907000000000000000e+03
3.966000000000000000e+03
3.904000000000000000e+03
3.892000000000000000e+03
3.900000000000000000e+03
3.846000000000000000e+03
3.964000000000000000e+03
3.909000000000000000e+03
3.857000000000000000e+03
3.861000000000000000e+03
3.848000000000000000e+03
3.797000000000000000e+03
3.859000000000000000e+03
3.875000000000000000e+03
3.895000000000000000e+03
3.781000000000000000e+03
3.842000000000000000e+03
3.874000000000000000e+03
3.791000000000000000e+03
3.822000000000000000e+03
3.854000000000000000e+03
3.817000000000000000e+03
3.813000000000000000e+03
3.831000000000000000e+03
3.796000000000000000e+03
3.733000000000000000e+03
3.790000000000000000e+03
3.743000000000000000e+03
3.734000000000000000e+03
3.745000000000000000e+03
3.726000000000000000e+03
3.769000000000000000e+03
3.727000000000000000e+03
3.748000000000000000e+03
3.783000000000000000e+03
3.724000000000000000e+03
3.726000000000000000e+03
3.699000000000000000e+03
3.716000000000000000e+03
3.646000000000000000e+03
3.685000000000000000e+03
3.661000000000000000e+03
3.711000000000000000e+03
3.653000000000000000e+03
3.680000000000000000e+03
3.650000000000000000e+03
3.631000000000000000e+03
3.658000000000000000e+03
3.614000000000000000e+03
3.664000000000000000e+03
3.640000000000000000e+03
3.635000000000000000e+03
3.612000000000000000e+03
3.641000000000000000e+03
3.629000000000000000e+03
3.657000000000000000e+03
3.571000000000000000e+03
3.629000000000000000e+03
3.578000000000000000e+03
3.663000000000000000e+03
3.614000000000000000e+03
3.595000000000000000e+03
3.543000000000000000e+03
3.533000000000000000e+03
3.566000000000000000e+03
3.661000000000000000e+03
3.515000000000000000e+03
3.534000000000000000e+03
3.475000000000000000e+03
3.488000000000000000e+03
3.431000000000000000e+03
3.531000000000000000e+03
3.505000000000000000e+03
3.434000000000000000e+03
3.476000000000000000e+03
3.542000000000000000e+03
3.514000000000000000e+03
3.455000000000000000e+03
3.408000000000000000e+03
3.452000000000000000e+03
3.401000000000000000e+03
3.460000000000000000e+03
3.438000000000000000e+03
3.392000000000000000e+03
3.444000000000000000e+03
3.407000000000000000e+03
3.408000000000000000e+03
3.432000000000000000e+03
3.417000000000000000e+03
3.425000000000000000e+03
3.390000000000000000e+03
3.265000000000000000e+03
3.300000000000000000e+03
3.410000000000000000e+03
3.370000000000000000e+03
3.376000000000000000e+03
3.346000000000000000e+03
3.368000000000000000e+03
3.337000000000000000e+03
3.349000000000000000e+03
3.253000000000000000e+03
3.276000000000000000e+03
3.249000000000000000e+03
3.314000000000000000e+03
3.283000000000000000e+03
3.247000000000000000e+03
3.229000000000000000e+03
3.146000000000000000e+03
3.188000000000000000e+03
3.242000000000000000e+03
3.122000000000000000e+03
3.195000000000000000e+03
3.213000000000000000e+03
3.128000000000000000e+03
3.101000000000000000e+03
3.128000000000000000e+03
3.102000000000000000e+03
3.150000000000000000e+03
3.061000000000000000e+03
3.039000000000000000e+03
3.077000000000000000e+03
3.012000000000000000e+03
3.028000000000000000e+03
3.083000000000000000e+03
3.122000000000000000e+03
3.034000000000000000e+03
2.960000000000000000e+03
2.976000000000000000e+03
2.911000000000000000e+03
2.960000000000000000e+03
2.928000000000000000e+03
2.997000000000000000e+03
2.989000000000000000e+03
2.935000000000000000e+03
2.876000000000000000e+03
3.288000000000000000e+03
3.039000000000000000e+03
2.858000000000000000e+03
2.927000000000000000e+03
2.849000000000000000e+03
2.825000000000000000e+03
2.854000000000000000e+03
2.816000000000000000e+03
2.843000000000000000e+03
2.778000000000000000e+03
2.798000000000000000e+03
2.772000000000000000e+03
2.781000000000000000e+03
2.786000000000000000e+03
2.713000000000000000e+03
2.744000000000000000e+03
2.717000000000000000e+03
2.690000000000000000e+03
2.684000000000000000e+03
2.682000000000000000e+03
2.713000000000000000e+03
2.654000000000000000e+03
2.612000000000000000e+03
2.669000000000000000e+03
2.669000000000000000e+03
2.655000000000000000e+03
2.641000000000000000e+03
2.620000000000000000e+03
2.635000000000000000e+03
2.643000000000000000e+03
2.638000000000000000e+03
2.590000000000000000e+03
2.576000000000000000e+03
2.614000000000000000e+03
2.507000000000000000e+03
2.533000000000000000e+03
2.597000000000000000e+03
2.573000000000000000e+03
2.556000000000000000e+03
2.607000000000000000e+03
2.490000000000000000e+03
2.542000000000000000e+03
2.510000000000000000e+03
2.481000000000000000e+03
2.523000000000000000e+03
2.520000000000000000e+03
2.512000000000000000e+03
2.492000000000000000e+03
2.510000000000000000e+03
2.506000000000000000e+03
2.488000000000000000e+03
2.456000000000000000e+03
2.421000000000000000e+03
