1.665000000000000000e+03
1.728000000000000000e+03
1.722000000000000000e+03
1.728000000000000000e+03
1.721000000000000000e+03
1.702000000000000000e+03
1.725000000000000000e+03
1.760000000000000000e+03
1.753000000000000000e+03
1.746000000000000000e+03
1.761000000000000000e+03
1.738000000000000000e+03
1.752000000000000000e+03
1.795000000000000000e+03
1.777000000000000000e+03
1.770000000000000000e+03
1.808000000000000000e+03
1.792000000000000000e+03
1.779000000000000000e+03
1.879000000000000000e+03
1.817000000000000000e+03
1.828000000000000000e+03
1.861000000000000000e+03
1.930000000000000000e+03
1.755000000000000000e+03
1.867000000000000000e+03
1.853000000000000000e+03
1.874000000000000000e+03
1.872000000000000000e+03
1.863000000000000000e+03
1.895000000000000000e+03
1.882000000000000000e+03
1.860000000000000000e+03
1.897000000000000000e+03
1.871000000000000000e+03
2.358000000000000000e+03
1.876000000000000000e+03
1.884000000000000000e+03
1.906000000000000000e+03
1.898000000000000000e+03
1.925000000000000000e+03
1.857000000000000000e+03
1.917000000000000000e+03
1.993000000000000000e+03
1.889000000000000000e+03
1.971000000000000000e+03
2.054000000000000000e+03
1.919000000000000000e+03
1.950000000000000000e+03
1.958000000000000000e+03
1.963000000000000000e+03
1.944000000000000000e+03
1.931000000000000000e+03
2.016000000000000000e+03
1.992000000000000000e+03
1.987000000000000000e+03
1.941000000000000000e+03
2.011000000000000000e+03
2.025000000000000000e+03
1.969000000000000000e+03
2.038000000000000000e+03
2.050000000000000000e+03
2.018000000000000000e+03
2.019000000000000000e+03
2.083000000000000000e+03
2.000000000000000000e+03
2.105000000000000000e+03
2.065000000000000000e+03
2.054000000000000000e+03
2.123000000000000000e+03
2.093000000000000000e+03
2.051000000000000000e+03
2.015000000000000000e+03
2.088000000000000000e+03
2.130000000000000000e+03
2.123000000000000000e+03
2.047000000000000000e+03
2.138000000000000000e+03
2.116000000000000000e+03
2.128000000000000000e+03
2.130000000000000000e+03
2.130000000000000000e+03
2.136000000000000000e+03
2.160000000000000000e+03
2.160000000000000000e+03
2.185000000000000000e+03
2.189000000000000000e+03
2.185000000000000000e+03
2.277000000000000000e+03
2.221000000000000000e+03
2.210000000000000000e+03
2.151000000000000000e+03
2.175000000000000000e+03
2.171000000000000000e+03
2.219000000000000000e+03
2.225000000000000000e+03
2.251000000000000000e+03
2.227000000000000000e+03
2.282000000000000000e+03
2.290000000000000000e+03
2.251000000000000000e+03
2.290000000000000000e+03
2.283000000000000000e+03
2.284000000000000000e+03
2.253000000000000000e+03
2.298000000000000000e+03
2.333000000000000000e+03
2.322000000000000000e+03
2.365000000000000000e+03
2.242000000000000000e+03
2.372000000000000000e+03
2.339000000000000000e+03
2.388000000000000000e+03
2.358000000000000000e+03
2.389000000000000000e+03
2.381000000000000000e+03
2.458000000000000000e+03
2.373000000000000000e+03
2.481000000000000000e+03
2.442000000000000000e+03
2.479000000000000000e+03
2.425000000000000000e+03
2.526000000000000000e+03
2.490000000000000000e+03
2.520000000000000000e+03
2.462000000000000000e+03
2.499000000000000000e+03
2.528000000000000000e+03
2.529000000000000000e+03
2.517000000000000000e+03
2.537000000000000000e+03
2.543000000000000000e+03
2.592000000000000000e+03
2.599000000000000000e+03
2.526000000000000000e+03
2.575000000000000000e+03
2.655000000000000000e+03
2.665000000000000000e+03
2.654000000000000000e+03
2.645000000000000000e+03
2.719000000000000000e+03
2.671000000000000000e+03
2.691000000000000000e+03
2.705000000000000000e+03
2.730000000000000000e+03
2.731000000000000000e+03
2.763000000000000000e+03
2.735000000000000000e+03
2.790000000000000000e+03
2.780000000000000000e+03
2.978000000000000000e+03
2.778000000000000000e+03
2.879000000000000000e+03
2.860000000000000000e+03
2.836000000000000000e+03
2.837000000000000000e+03
2.840000000000000000e+03
2.807000000000000000e+03
2.909000000000000000e+03
2.861000000000000000e+03
2.863000000000000000e+03
2.913000000000000000e+03
2.931000000000000000e+03
2.910000000000000000e+03
3.019000000000000000e+03
2.927000000000000000e+03
3.002000000000000000e+03
3.007000000000000000e+03
2.937000000000000000e+03
2.999000000000000000e+03
3.019000000000000000e+03
3.005000000000000000e+03
3.011000000000000000e+03
3.094000000000000000e+03
3.002000000000000000e+03
3.002000000000000000e+03
3.067000000000000000e+03
3.106000000000000000e+03
3.029000000000000000e+03
3.064000000000000000e+03
3.100000000000000000e+03
3.094000000000000000e+03
3.124000000000000000e+03
3.250000000000000000e+03
3.652000000000000000e+03
3.576000000000000000e+03
3.236000000000000000e+03
3.124000000000000000e+03
3.189000000000000000e+03
3.180000000000000000e+03
3.164000000000000000e+03
3.208000000000000000e+03
3.196000000000000000e+03
3.138000000000000000e+03
3.236000000000000000e+03
3.192000000000000000e+03
3.244000000000000000e+03
3.188000000000000000e+03
3.233000000000000000e+03
3.325000000000000000e+03
3.325000000000000000e+03
3.309000000000000000e+03
3.284000000000000000e+03
3.371000000000000000e+03
3.322000000000000000e+03
3.363000000000000000e+03
3.370000000000000000e+03
3.393000000000000000e+03
3.374000000000000000e+03
3.361000000000000000e+03
3.382000000000000000e+03
3.409000000000000000e+03
3.470000000000000000e+03
3.476000000000000000e+03
3.434000000000000000e+03
3.449000000000000000e+03
3.515000000000000000e+03
3.509000000000000000e+03
3.540000000000000000e+03
3.516000000000000000e+03
3.534000000000000000e+03
3.623000000000000000e+03
3.595000000000000000e+03
3.644000000000000000e+03
3.617000000000000000e+03
3.537000000000000000e+03
3.562000000000000000e+03
3.638000000000000000e+03
3.749000000000000000e+03
3.651000000000000000e+03
3.670000000000000000e+03
3.792000000000000000e+03
3.713000000000000000e+03
3.739000000000000000e+03
3.794000000000000000e+03
3.824000000000000000e+03
3.825000000000000000e+03
3.787000000000000000e+03
3.775000000000000000e+03
3.900000000000000000e+03
3.953000000000000000e+03
3.871000000000000000e+03
3.994000000000000000e+03
3.954000000000000000e+03
3.888000000000000000e+03
4.043000000000000000e+03
3.966000000000000000e+03
4.024000000000000000e+03
3.952000000000000000e+03
4.044000000000000000e+03
3.966000000000000000e+03
4.061000000000000000e+03
4.029000000000000000e+03
4.104000000000000000e+03
4.093000000000000000e+03
4.104000000000000000e+03
4.231000000000000000e+03
4.227000000000000000e+03
4.168000000000000000e+03
4.102000000000000000e+03
4.188000000000000000e+03
4.282000000000000000e+03
4.302000000000000000e+03
4.220000000000000000e+03
4.217000000000000000e+03
4.204000000000000000e+03
4.280000000000000000e+03
4.248000000000000000e+03
4.309000000000000000e+03
4.327000000000000000e+03
4.228000000000000000e+03
4.236000000000000000e+03
4.312000000000000000e+03
4.371000000000000000e+03
4.375000000000000000e+03
4.353000000000000000e+03
4.273000000000000000e+03
4.281000000000000000e+03
4.382000000000000000e+03
4.267000000000000000e+03
4.306000000000000000e+03
4.358000000000000000e+03
4.319000000000000000e+03
4.301000000000000000e+03
4.379000000000000000e+03
4.364000000000000000e+03
4.368000000000000000e+03
4.338000000000000000e+03
4.355000000000000000e+03
4.398000000000000000e+03
4.377000000000000000e+03
4.356000000000000000e+03
4.465000000000000000e+03
4.455000000000000000e+03
4.480000000000000000e+03
4.466000000000000000e+03
4.436000000000000000e+03
4.523000000000000000e+03
4.454000000000000000e+03
4.480000000000000000e+03
4.473000000000000000e+03
4.412000000000000000e+03
4.438000000000000000e+03
4.488000000000000000e+03
4.384000000000000000e+03
4.543000000000000000e+03
4.497000000000000000e+03
4.404000000000000000e+03
4.473000000000000000e+03
4.477000000000000000e+03
4.507000000000000000e+03
4.530000000000000000e+03
4.576000000000000000e+03
4.543000000000000000e+03
4.467000000000000000e+03
4.502000000000000000e+03
4.536000000000000000e+03
4.509000000000000000e+03
4.574000000000000000e+03
4.571000000000000000e+03
4.544000000000000000e+03
4.505000000000000000e+03
4.507000000000000000e+03
4.453000000000000000e+03
4.522000000000000000e+03
4.485000000000000000e+03
4.622000000000000000e+03
4.567000000000000000e+03
4.510000000000000000e+03
4.621000000000000000e+03
4.575000000000000000e+03
4.512000000000000000e+03
4.570000000000000000e+03
4.577000000000000000e+03
4.566000000000000000e+03
4.542000000000000000e+03
4.604000000000000000e+03
4.637000000000000000e+03
4.590000000000000000e+03
4.588000000000000000e+03
4.524000000000000000e+03
4.517000000000000000e+03
4.666000000000000000e+03
4.633000000000000000e+03
4.705000000000000000e+03
4.549000000000000000e+03
4.611000000000000000e+03
4.645000000000000000e+03
4.615000000000000000e+03
4.502000000000000000e+03
4.607000000000000000e+03
4.586000000000000000e+03
4.602000000000000000e+03
4.618000000000000000e+03
4.628000000000000000e+03
4.654000000000000000e+03
4.753000000000000000e+03
4.593000000000000000e+03
4.764000000000000000e+03
4.668000000000000000e+03
4.612000000000000000e+03
4.679000000000000000e+03
4.634000000000000000e+03
4.629000000000000000e+03
4.600000000000000000e+03
4.677000000000000000e+03
4.615000000000000000e+03
4.737000000000000000e+03
4.659000000000000000e+03
4.565000000000000000e+03
4.695000000000000000e+03
4.751000000000000000e+03
4.743000000000000000e+03
4.655000000000000000e+03
4.706000000000000000e+03
4.803000000000000000e+03
4.738000000000000000e+03
4.747000000000000000e+03
4.730000000000000000e+03
4.753000000000000000e+03
4.746000000000000000e+03
4.732000000000000000e+03
4.767000000000000000e+03
4.829000000000000000e+03
4.851000000000000000e+03
4.788000000000000000e+03
4.721000000000000000e+03
4.830000000000000000e+03
4.770000000000000000e+03
4.754000000000000000e+03
4.764000000000000000e+03
4.778000000000000000e+03
4.748000000000000000e+03
4.820000000000000000e+03
4.752000000000000000e+03
4.860000000000000000e+03
4.864000000000000000e+03
4.828000000000000000e+03
4.804000000000000000e+03
4.797000000000000000e+03
4.868000000000000000e+03
4.877000000000000000e+03
4.777000000000000000e+03
4.849000000000000000e+03
4.843000000000000000e+03
4.764000000000000000e+03
4.806000000000000000e+03
4.823000000000000000e+03
4.858000000000000000e+03
4.870000000000000000e+03
4.824000000000000000e+03
4.988000000000000000e+03
4.859000000000000000e+03
4.945000000000000000e+03
4.901000000000000000e+03
4.892000000000000000e+03
4.880000000000000000e+03
4.946000000000000000e+03
4.951000000000000000e+03
4.959000000000000000e+03
4.925000000000000000e+03
4.976000000000000000e+03
4.892000000000000000e+03
4.942000000000000000e+03
4.982000000000000000e+03
4.943000000000000000e+03
4.892000000000000000e+03
4.988000000000000000e+03
5.057000000000000000e+03
5.040000000000000000e+03
4.907000000000000000e+03
4.996000000000000000e+03
4.900000000000000000e+03
4.982000000000000000e+03
4.949000000000000000e+03
4.955000000000000000e+03
4.949000000000000000e+03
5.001000000000000000e+03
5.021000000000000000e+03
4.935000000000000000e+03
4.934000000000000000e+03
4.986000000000000000e+03
4.954000000000000000e+03
4.962000000000000000e+03
4.986000000000000000e+03
4.964000000000000000e+03
4.997000000000000000e+03
4.997000000000000000e+03
5.009000000000000000e+03
4.932000000000000000e+03
4.889000000000000000e+03
4.930000000000000000e+03
4.951000000000000000e+03
4.859000000000000000e+03
4.941000000000000000e+03
4.931000000000000000e+03
5.060000000000000000e+03
4.898000000000000000e+03
4.954000000000000000e+03
4.950000000000000000e+03
4.986000000000000000e+03
5.008000000000000000e+03
4.940000000000000000e+03
4.948000000000000000e+03
4.956000000000000000e+03
5.101000000000000000e+03
4.853000000000000000e+03
4.937000000000000000e+03
4.900000000000000000e+03
4.868000000000000000e+03
4.970000000000000000e+03
4.918000000000000000e+03
4.958000000000000000e+03
4.880000000000000000e+03
4.865000000000000000e+03
4.868000000000000000e+03
4.861000000000000000e+03
4.881000000000000000e+03
4.956000000000000000e+03
4.855000000000000000e+03
4.937000000000000000e+03
4.879000000000000000e+03
4.938000000000000000e+03
4.848000000000000000e+03
4.858000000000000000e+03
4.787000000000000000e+03
4.799000000000000000e+03
4.789000000000000000e+03
4.748000000000000000e+03
4.920000000000000000e+03
4.887000000000000000e+03
4.738000000000000000e+03
4.878000000000000000e+03
4.784000000000000000e+03
4.841000000000000000e+03
4.767000000000000000e+03
4.805000000000000000e+03
4.740000000000000000e+03
4.828000000000000000e+03
4.767000000000000000e+03
4.711000000000000000e+03
4.766000000000000000e+03
4.729000000000000000e+03
4.716000000000000000e+03
4.666000000000000000e+03
4.687000000000000000e+03
4.680000000000000000e+03
4.715000000000000000e+03
4.740000000000000000e+03
4.669000000000000000e+03
4.671000000000000000e+03
4.620000000000000000e+03
4.643000000000000000e+03
4.672000000000000000e+03
4.607000000000000000e+03
4.643000000000000000e+03
4.569000000000000000e+03
4.566000000000000000e+03
4.608000000000000000e+03
4.623000000000000000e+03
4.546000000000000000e+03
4.610000000000000000e+03
4.516000000000000000e+03
4.577000000000000000e+03
4.522000000000000000e+03
4.596000000000000000e+03
4.508000000000000000e+03
4.492000000000000000e+03
4.503000000000000000e+03
4.469000000000000000e+03
4.376000000000000000e+03
4.468000000000000000e+03
4.453000000000000000e+03
4.475000000000000000e+03
4.394000000000000000e+03
4.441000000000000000e+03
4.360000000000000000e+03
4.434000000000000000e+03
4.474000000000000000e+03
4.412000000000000000e+03
4.430000000000000000e+03
4.380000000000000000e+03
4.381000000000000000e+03
4.353000000000000000e+03
4.324000000000000000e+03
4.376000000000000000e+03
4.312000000000000000e+03
4.355000000000000000e+03
4.414000000000000000e+03
4.425000000000000000e+03
4.344000000000000000e+03
4.269000000000000000e+03
4.218000000000000000e+03
4.384000000000000000e+03
4.299000000000000000e+03
4.301000000000000000e+03
4.251000000000000000e+03
4.289000000000000000e+03
4.257000000000000000e+03
4.314000000000000000e+03
4.235000000000000000e+03
4.262000000000000000e+03
4.231000000000000000e+03
4.198000000000000000e+03
4.233000000000000000e+03
4.274000000000000000e+03
4.337000000000000000e+03
4.259000000000000000e+03
4.148000000000000000e+03
4.182000000000000000e+03
4.228000000000000000e+03
4.207000000000000000e+03
4.194000000000000000e+03
4.161000000000000000e+03
4.229000000000000000e+03
4.217000000000000000e+03
4.203000000000000000e+03
4.240000000000000000e+03
4.194000000000000000e+03
4.139000000000000000e+03
4.170000000000000000e+03
4.138000000000000000e+03
4.129000000000000000e+03
4.164000000000000000e+03
4.151000000000000000e+03
4.173000000000000000e+03
4.101000000000000000e+03
4.207000000000000000e+03
4.228000000000000000e+03
4.135000000000000000e+03
4.118000000000000000e+03
4.098000000000000000e+03
4.115000000000000000e+03
4.029000000000000000e+03
4.175000000000000000e+03
4.140000000000000000e+03
4.089000000000000000e+03
4.034000000000000000e+03
4.110000000000000000e+03
4.051000000000000000e+03
4.068000000000000000e+03
4.034000000000000000e+03
4.036000000000000000e+03
4.113000000000000000e+03
4.042000000000000000e+03
4.005000000000000000e+03
3.996000000000000000e+03
4.080000000000000000e+03
3.930000000000000000e+03
4.016000000000000000e+03
4.022000000000000000e+03
4.080000000000000000e+03
3.988000000000000000e+03
3.949000000000000000e+03
4.064000000000000000e+03
3.917000000000000000e+03
3.924000000000000000e+03
3.892000000000000000e+03
3.967000000000000000e+03
4.044000000000000000e+03
3.987000000000000000e+03
3.881000000000000000e+03
3.973000000000000000e+03
3.878000000000000000e+03
3.905000000000000000e+03
3.834000000000000000e+03
3.835000000000000000e+03
3.926000000000000000e+03
3.904000000000000000e+03
3.886000000000000000e+03
3.868000000000000000e+03
3.743000000000000000e+03
3.793000000000000000e+03
3.881000000000000000e+03
3.864000000000000000e+03
3.836000000000000000e+03
3.794000000000000000e+03
3.823000000000000000e+03
3.814000000000000000e+03
3.817000000000000000e+03
3.841000000000000000e+03
3.809000000000000000e+03
3.862000000000000000e+03
3.765000000000000000e+03
3.754000000000000000e+03
3.770000000000000000e+03
3.743000000000000000e+03
3.840000000000000000e+03
3.731000000000000000e+03
3.753000000000000000e+03
3.801000000000000000e+03
3.691000000000000000e+03
3.708000000000000000e+03
3.730000000000000000e+03
3.662000000000000000e+03
3.667000000000000000e+03
3.682000000000000000e+03
3.652000000000000000e+03
3.701000000000000000e+03
3.741000000000000000e+03
3.643000000000000000e+03
3.560000000000000000e+03
3.689000000000000000e+03
3.606000000000000000e+03
3.658000000000000000e+03
3.655000000000000000e+03
3.636000000000000000e+03
3.591000000000000000e+03
3.625000000000000000e+03
3.493000000000000000e+03
3.610000000000000000e+03
3.553000000000000000e+03
3.546000000000000000e+03
3.618000000000000000e+03
3.547000000000000000e+03
3.560000000000000000e+03
3.502000000000000000e+03
3.464000000000000000e+03
3.433000000000000000e+03
3.531000000000000000e+03
3.404000000000000000e+03
3.468000000000000000e+03
3.412000000000000000e+03
3.370000000000000000e+03
3.390000000000000000e+03
3.408000000000000000e+03
3.377000000000000000e+03
3.396000000000000000e+03
3.401000000000000000e+03
3.380000000000000000e+03
3.276000000000000000e+03
3.446000000000000000e+03
3.356000000000000000e+03
3.314000000000000000e+03
3.284000000000000000e+03
3.285000000000000000e+03
3.236000000000000000e+03
3.245000000000000000e+03
3.228000000000000000e+03
3.256000000000000000e+03
3.250000000000000000e+03
3.249000000000000000e+03
3.231000000000000000e+03
3.160000000000000000e+03
3.213000000000000000e+03
3.204000000000000000e+03
3.191000000000000000e+03
3.118000000000000000e+03
3.153000000000000000e+03
3.166000000000000000e+03
3.157000000000000000e+03
3.135000000000000000e+03
3.093000000000000000e+03
3.147000000000000000e+03
3.096000000000000000e+03
3.070000000000000000e+03
3.034000000000000000e+03
3.063000000000000000e+03
3.079000000000000000e+03
3.053000000000000000e+03
2.949000000000000000e+03
2.968000000000000000e+03
3.007000000000000000e+03
2.990000000000000000e+03
2.939000000000000000e+03
3.022000000000000000e+03
3.028000000000000000e+03
2.951000000000000000e+03
2.893000000000000000e+03
2.986000000000000000e+03
2.948000000000000000e+03
2.885000000000000000e+03
2.919000000000000000e+03
2.902000000000000000e+03
2.908000000000000000e+03
2.781000000000000000e+03
2.762000000000000000e+03
2.890000000000000000e+03
2.789000000000000000e+03
2.881000000000000000e+03
2.851000000000000000e+03
2.892000000000000000e+03
5.685000000000000000e+03
2.767000000000000000e+03
2.846000000000000000e+03
2.871000000000000000e+03
2.788000000000000000e+03
2.790000000000000000e+03
2.770000000000000000e+03
2.724000000000000000e+03
2.707000000000000000e+03
2.765000000000000000e+03
2.636000000000000000e+03
2.793000000000000000e+03
2.700000000000000000e+03
2.715000000000000000e+03
2.699000000000000000e+03
2.696000000000000000e+03
2.666000000000000000e+03
2.700000000000000000e+03
2.642000000000000000e+03
2.675000000000000000e+03
2.617000000000000000e+03
2.644000000000000000e+03
2.621000000000000000e+03
