1.475000000000000000e+03
1.442000000000000000e+03
1.440000000000000000e+03
1.512000000000000000e+03
1.491000000000000000e+03
1.506000000000000000e+03
1.509000000000000000e+03
1.457000000000000000e+03
1.497000000000000000e+03
1.499000000000000000e+03
1.529000000000000000e+03
1.506000000000000000e+03
1.487000000000000000e+03
1.518000000000000000e+03
1.502000000000000000e+03
1.562000000000000000e+03
1.548000000000000000e+03
1.578000000000000000e+03
1.577000000000000000e+03
1.556000000000000000e+03
1.560000000000000000e+03
1.589000000000000000e+03
1.537000000000000000e+03
1.591000000000000000e+03
1.549000000000000000e+03
1.565000000000000000e+03
1.606000000000000000e+03
1.590000000000000000e+03
1.606000000000000000e+03
1.634000000000000000e+03
1.623000000000000000e+03
1.656000000000000000e+03
1.716000000000000000e+03
1.633000000000000000e+03
1.672000000000000000e+03
1.630000000000000000e+03
1.600000000000000000e+03
1.648000000000000000e+03
1.639000000000000000e+03
1.621000000000000000e+03
1.649000000000000000e+03
1.656000000000000000e+03
1.664000000000000000e+03
1.651000000000000000e+03
1.667000000000000000e+03
1.639000000000000000e+03
1.693000000000000000e+03
1.693000000000000000e+03
1.635000000000000000e+03
1.691000000000000000e+03
1.711000000000000000e+03
1.682000000000000000e+03
1.670000000000000000e+03
1.742000000000000000e+03
1.727000000000000000e+03
1.730000000000000000e+03
1.641000000000000000e+03
1.700000000000000000e+03
1.752000000000000000e+03
1.714000000000000000e+03
1.737000000000000000e+03
1.731000000000000000e+03
1.733000000000000000e+03
1.721000000000000000e+03
1.741000000000000000e+03
1.719000000000000000e+03
1.758000000000000000e+03
1.758000000000000000e+03
1.751000000000000000e+03
1.778000000000000000e+03
1.750000000000000000e+03
1.749000000000000000e+03
1.748000000000000000e+03
1.818000000000000000e+03
1.769000000000000000e+03
1.760000000000000000e+03
1.799000000000000000e+03
1.852000000000000000e+03
1.805000000000000000e+03
1.795000000000000000e+03
1.785000000000000000e+03
1.827000000000000000e+03
1.832000000000000000e+03
1.846000000000000000e+03
1.822000000000000000e+03
1.854000000000000000e+03
1.862000000000000000e+03
1.872000000000000000e+03
1.880000000000000000e+03
1.868000000000000000e+03
1.864000000000000000e+03
1.865000000000000000e+03
1.869000000000000000e+03
1.896000000000000000e+03
1.900000000000000000e+03
1.884000000000000000e+03
1.922000000000000000e+03
1.895000000000000000e+03
1.873000000000000000e+03
1.872000000000000000e+03
1.880000000000000000e+03
1.889000000000000000e+03
1.931000000000000000e+03
1.878000000000000000e+03
1.925000000000000000e+03
1.893000000000000000e+03
1.898000000000000000e+03
1.962000000000000000e+03
1.920000000000000000e+03
1.915000000000000000e+03
1.935000000000000000e+03
1.969000000000000000e+03
1.956000000000000000e+03
1.976000000000000000e+03
1.998000000000000000e+03
1.975000000000000000e+03
1.994000000000000000e+03
2.004000000000000000e+03
2.096000000000000000e+03
1.993000000000000000e+03
2.071000000000000000e+03
1.977000000000000000e+03
2.073000000000000000e+03
2.085000000000000000e+03
2.074000000000000000e+03
2.078000000000000000e+03
2.095000000000000000e+03
2.114000000000000000e+03
2.123000000000000000e+03
2.101000000000000000e+03
2.172000000000000000e+03
2.126000000000000000e+03
2.136000000000000000e+03
2.131000000000000000e+03
2.218000000000000000e+03
2.228000000000000000e+03
2.177000000000000000e+03
2.217000000000000000e+03
2.207000000000000000e+03
2.164000000000000000e+03
2.245000000000000000e+03
2.230000000000000000e+03
2.251000000000000000e+03
2.226000000000000000e+03
2.268000000000000000e+03
2.275000000000000000e+03
2.292000000000000000e+03
2.262000000000000000e+03
2.385000000000000000e+03
2.377000000000000000e+03
2.355000000000000000e+03
2.345000000000000000e+03
2.312000000000000000e+03
2.347000000000000000e+03
2.363000000000000000e+03
2.351000000000000000e+03
2.354000000000000000e+03
2.480000000000000000e+03
2.415000000000000000e+03
2.427000000000000000e+03
2.483000000000000000e+03
2.433000000000000000e+03
2.425000000000000000e+03
2.379000000000000000e+03
2.398000000000000000e+03
2.547000000000000000e+03
2.478000000000000000e+03
2.498000000000000000e+03
2.498000000000000000e+03
2.493000000000000000e+03
2.486000000000000000e+03
2.521000000000000000e+03
2.508000000000000000e+03
2.500000000000000000e+03
2.519000000000000000e+03
2.488000000000000000e+03
2.538000000000000000e+03
2.508000000000000000e+03
2.496000000000000000e+03
2.582000000000000000e+03
2.560000000000000000e+03
2.617000000000000000e+03
2.561000000000000000e+03
2.572000000000000000e+03
2.597000000000000000e+03
2.577000000000000000e+03
2.646000000000000000e+03
2.987000000000000000e+03
3.081000000000000000e+03
2.787000000000000000e+03
2.723000000000000000e+03
2.652000000000000000e+03
2.662000000000000000e+03
2.634000000000000000e+03
2.662000000000000000e+03
2.679000000000000000e+03
2.664000000000000000e+03
2.681000000000000000e+03
2.680000000000000000e+03
2.684000000000000000e+03
2.802000000000000000e+03
2.753000000000000000e+03
2.727000000000000000e+03
2.781000000000000000e+03
2.740000000000000000e+03
2.728000000000000000e+03
2.755000000000000000e+03
2.782000000000000000e+03
2.827000000000000000e+03
2.829000000000000000e+03
2.848000000000000000e+03
2.830000000000000000e+03
2.833000000000000000e+03
2.866000000000000000e+03
2.886000000000000000e+03
2.881000000000000000e+03
2.853000000000000000e+03
2.895000000000000000e+03
2.944000000000000000e+03
2.952000000000000000e+03
2.907000000000000000e+03
2.947000000000000000e+03
2.994000000000000000e+03
2.948000000000000000e+03
3.008000000000000000e+03
3.103000000000000000e+03
3.014000000000000000e+03
3.064000000000000000e+03
3.133000000000000000e+03
3.005000000000000000e+03
3.023000000000000000e+03
3.105000000000000000e+03
3.144000000000000000e+03
3.087000000000000000e+03
3.135000000000000000e+03
3.151000000000000000e+03
3.162000000000000000e+03
3.133000000000000000e+03
3.162000000000000000e+03
3.207000000000000000e+03
3.171000000000000000e+03
3.192000000000000000e+03
3.243000000000000000e+03
3.208000000000000000e+03
3.223000000000000000e+03
3.259000000000000000e+03
3.236000000000000000e+03
3.334000000000000000e+03
3.296000000000000000e+03
3.407000000000000000e+03
3.298000000000000000e+03
3.405000000000000000e+03
3.336000000000000000e+03
3.352000000000000000e+03
3.435000000000000000e+03
3.376000000000000000e+03
3.418000000000000000e+03
3.436000000000000000e+03
3.456000000000000000e+03
3.542000000000000000e+03
3.536000000000000000e+03
3.513000000000000000e+03
3.464000000000000000e+03
3.517000000000000000e+03
3.605000000000000000e+03
3.592000000000000000e+03
3.622000000000000000e+03
3.525000000000000000e+03
3.663000000000000000e+03
3.502000000000000000e+03
3.537000000000000000e+03
3.592000000000000000e+03
3.579000000000000000e+03
3.610000000000000000e+03
3.604000000000000000e+03
3.702000000000000000e+03
3.600000000000000000e+03
3.723000000000000000e+03
3.693000000000000000e+03
3.640000000000000000e+03
3.624000000000000000e+03
3.640000000000000000e+03
3.663000000000000000e+03
3.723000000000000000e+03
3.665000000000000000e+03
3.660000000000000000e+03
3.629000000000000000e+03
3.746000000000000000e+03
3.742000000000000000e+03
3.727000000000000000e+03
3.689000000000000000e+03
3.707000000000000000e+03
3.713000000000000000e+03
3.729000000000000000e+03
3.730000000000000000e+03
3.711000000000000000e+03
3.778000000000000000e+03
3.746000000000000000e+03
3.782000000000000000e+03
3.797000000000000000e+03
4.003000000000000000e+03
3.789000000000000000e+03
3.777000000000000000e+03
3.781000000000000000e+03
3.822000000000000000e+03
3.850000000000000000e+03
3.782000000000000000e+03
3.790000000000000000e+03
3.862000000000000000e+03
3.848000000000000000e+03
3.869000000000000000e+03
3.720000000000000000e+03
3.861000000000000000e+03
3.832000000000000000e+03
3.812000000000000000e+03
3.847000000000000000e+03
3.888000000000000000e+03
3.814000000000000000e+03
3.817000000000000000e+03
3.825000000000000000e+03
3.890000000000000000e+03
3.836000000000000000e+03
3.852000000000000000e+03
3.799000000000000000e+03
3.866000000000000000e+03
3.856000000000000000e+03
3.789000000000000000e+03
3.840000000000000000e+03
3.810000000000000000e+03
3.812000000000000000e+03
3.837000000000000000e+03
3.827000000000000000e+03
3.893000000000000000e+03
3.824000000000000000e+03
3.920000000000000000e+03
3.919000000000000000e+03
3.855000000000000000e+03
3.806000000000000000e+03
3.864000000000000000e+03
3.884000000000000000e+03
3.878000000000000000e+03
3.835000000000000000e+03
3.765000000000000000e+03
3.816000000000000000e+03
3.861000000000000000e+03
3.940000000000000000e+03
3.867000000000000000e+03
3.878000000000000000e+03
3.772000000000000000e+03
3.866000000000000000e+03
3.925000000000000000e+03
3.930000000000000000e+03
3.909000000000000000e+03
3.872000000000000000e+03
3.817000000000000000e+03
3.855000000000000000e+03
3.860000000000000000e+03
3.863000000000000000e+03
3.848000000000000000e+03
3.871000000000000000e+03
3.931000000000000000e+03
3.900000000000000000e+03
3.882000000000000000e+03
3.828000000000000000e+03
3.835000000000000000e+03
3.951000000000000000e+03
3.916000000000000000e+03
3.849000000000000000e+03
3.944000000000000000e+03
3.850000000000000000e+03
3.930000000000000000e+03
4.004000000000000000e+03
3.943000000000000000e+03
3.981000000000000000e+03
4.017000000000000000e+03
3.937000000000000000e+03
3.972000000000000000e+03
3.971000000000000000e+03
4.042000000000000000e+03
4.038000000000000000e+03
4.003000000000000000e+03
4.065000000000000000e+03
4.006000000000000000e+03
3.876000000000000000e+03
4.021000000000000000e+03
4.014000000000000000e+03
3.951000000000000000e+03
3.996000000000000000e+03
4.009000000000000000e+03
4.031000000000000000e+03
4.020000000000000000e+03
4.010000000000000000e+03
4.037000000000000000e+03
4.059000000000000000e+03
4.011000000000000000e+03
4.068000000000000000e+03
4.000000000000000000e+03
4.071000000000000000e+03
4.014000000000000000e+03
4.038000000000000000e+03
4.101000000000000000e+03
4.017000000000000000e+03
4.046000000000000000e+03
4.028000000000000000e+03
4.080000000000000000e+03
4.046000000000000000e+03
4.022000000000000000e+03
4.009000000000000000e+03
4.037000000000000000e+03
4.096000000000000000e+03
4.000000000000000000e+03
4.061000000000000000e+03
4.067000000000000000e+03
4.042000000000000000e+03
4.097000000000000000e+03
4.096000000000000000e+03
4.123000000000000000e+03
4.131000000000000000e+03
4.128000000000000000e+03
4.131000000000000000e+03
4.092000000000000000e+03
4.195000000000000000e+03
4.159000000000000000e+03
4.101000000000000000e+03
4.134000000000000000e+03
4.105000000000000000e+03
4.099000000000000000e+03
4.143000000000000000e+03
4.146000000000000000e+03
4.216000000000000000e+03
4.146000000000000000e+03
4.167000000000000000e+03
4.198000000000000000e+03
4.224000000000000000e+03
4.128000000000000000e+03
4.189000000000000000e+03
4.146000000000000000e+03
4.244000000000000000e+03
4.232000000000000000e+03
4.160000000000000000e+03
4.211000000000000000e+03
4.224000000000000000e+03
4.136000000000000000e+03
4.288000000000000000e+03
4.192000000000000000e+03
4.243000000000000000e+03
4.168000000000000000e+03
4.180000000000000000e+03
4.261000000000000000e+03
4.201000000000000000e+03
4.198000000000000000e+03
4.277000000000000000e+03
4.201000000000000000e+03
4.263000000000000000e+03
4.186000000000000000e+03
4.220000000000000000e+03
4.223000000000000000e+03
4.191000000000000000e+03
4.159000000000000000e+03
4.180000000000000000e+03
4.181000000000000000e+03
4.214000000000000000e+03
4.195000000000000000e+03
4.238000000000000000e+03
4.189000000000000000e+03
4.187000000000000000e+03
4.209000000000000000e+03
4.226000000000000000e+03
4.168000000000000000e+03
4.194000000000000000e+03
4.142000000000000000e+03
4.183000000000000000e+03
4.141000000000000000e+03
4.124000000000000000e+03
4.149000000000000000e+03
4.128000000000000000e+03
4.054000000000000000e+03
4.139000000000000000e+03
4.164000000000000000e+03
4.119000000000000000e+03
4.136000000000000000e+03
4.092000000000000000e+03
4.143000000000000000e+03
4.076000000000000000e+03
4.139000000000000000e+03
4.165000000000000000e+03
4.117000000000000000e+03
4.091000000000000000e+03
4.140000000000000000e+03
4.019000000000000000e+03
4.039000000000000000e+03
4.062000000000000000e+03
4.090000000000000000e+03
4.100000000000000000e+03
4.019000000000000000e+03
3.963000000000000000e+03
4.032000000000000000e+03
4.037000000000000000e+03
4.080000000000000000e+03
3.990000000000000000e+03
4.014000000000000000e+03
4.041000000000000000e+03
4.014000000000000000e+03
4.005000000000000000e+03
3.957000000000000000e+03
3.957000000000000000e+03
4.034000000000000000e+03
4.045000000000000000e+03
3.906000000000000000e+03
4.006000000000000000e+03
3.947000000000000000e+03
4.000000000000000000e+03
3.934000000000000000e+03
3.916000000000000000e+03
3.832000000000000000e+03
3.906000000000000000e+03
3.929000000000000000e+03
3.849000000000000000e+03
3.865000000000000000e+03
3.905000000000000000e+03
3.829000000000000000e+03
3.810000000000000000e+03
3.891000000000000000e+03
3.818000000000000000e+03
3.875000000000000000e+03
3.826000000000000000e+03
3.860000000000000000e+03
3.754000000000000000e+03
3.860000000000000000e+03
3.798000000000000000e+03
3.752000000000000000e+03
3.781000000000000000e+03
3.816000000000000000e+03
3.965000000000000000e+03
3.812000000000000000e+03
3.824000000000000000e+03
3.754000000000000000e+03
3.753000000000000000e+03
3.807000000000000000e+03
3.737000000000000000e+03
3.736000000000000000e+03
3.737000000000000000e+03
3.715000000000000000e+03
3.706000000000000000e+03
3.743000000000000000e+03
3.737000000000000000e+03
3.683000000000000000e+03
3.739000000000000000e+03
3.660000000000000000e+03
3.715000000000000000e+03
3.638000000000000000e+03
3.659000000000000000e+03
3.658000000000000000e+03
3.613000000000000000e+03
3.566000000000000000e+03
3.705000000000000000e+03
3.583000000000000000e+03
3.561000000000000000e+03
3.631000000000000000e+03
3.636000000000000000e+03
3.634000000000000000e+03
3.590000000000000000e+03
3.570000000000000000e+03
3.634000000000000000e+03
3.520000000000000000e+03
3.661000000000000000e+03
3.576000000000000000e+03
3.564000000000000000e+03
3.568000000000000000e+03
3.600000000000000000e+03
3.582000000000000000e+03
3.576000000000000000e+03
3.540000000000000000e+03
3.593000000000000000e+03
3.544000000000000000e+03
3.485000000000000000e+03
3.573000000000000000e+03
3.525000000000000000e+03
3.523000000000000000e+03
3.516000000000000000e+03
3.559000000000000000e+03
3.531000000000000000e+03
3.554000000000000000e+03
3.467000000000000000e+03
3.492000000000000000e+03
3.503000000000000000e+03
3.478000000000000000e+03
3.569000000000000000e+03
3.506000000000000000e+03
3.481000000000000000e+03
3.451000000000000000e+03
3.477000000000000000e+03
3.430000000000000000e+03
3.424000000000000000e+03
3.474000000000000000e+03
3.443000000000000000e+03
3.491000000000000000e+03
3.417000000000000000e+03
3.509000000000000000e+03
3.488000000000000000e+03
3.431000000000000000e+03
3.375000000000000000e+03
3.562000000000000000e+03
3.451000000000000000e+03
3.408000000000000000e+03
3.402000000000000000e+03
3.435000000000000000e+03
3.417000000000000000e+03
3.426000000000000000e+03
3.424000000000000000e+03
3.333000000000000000e+03
3.303000000000000000e+03
3.282000000000000000e+03
3.376000000000000000e+03
3.325000000000000000e+03
3.374000000000000000e+03
3.330000000000000000e+03
3.400000000000000000e+03
3.353000000000000000e+03
3.399000000000000000e+03
3.464000000000000000e+03
3.313000000000000000e+03
3.277000000000000000e+03
3.258000000000000000e+03
3.298000000000000000e+03
3.277000000000000000e+03
3.278000000000000000e+03
3.283000000000000000e+03
3.281000000000000000e+03
3.305000000000000000e+03
3.250000000000000000e+03
3.265000000000000000e+03
3.267000000000000000e+03
3.275000000000000000e+03
3.326000000000000000e+03
3.257000000000000000e+03
3.207000000000000000e+03
3.251000000000000000e+03
3.246000000000000000e+03
3.277000000000000000e+03
3.226000000000000000e+03
3.251000000000000000e+03
3.202000000000000000e+03
3.152000000000000000e+03
3.159000000000000000e+03
3.165000000000000000e+03
3.202000000000000000e+03
3.149000000000000000e+03
3.272000000000000000e+03
3.155000000000000000e+03
3.191000000000000000e+03
3.193000000000000000e+03
3.203000000000000000e+03
3.125000000000000000e+03
3.131000000000000000e+03
3.142000000000000000e+03
3.123000000000000000e+03
3.103000000000000000e+03
3.118000000000000000e+03
3.106000000000000000e+03
3.097000000000000000e+03
3.098000000000000000e+03
3.114000000000000000e+03
3.104000000000000000e+03
3.092000000000000000e+03
3.047000000000000000e+03
3.148000000000000000e+03
3.037000000000000000e+03
3.004000000000000000e+03
3.084000000000000000e+03
3.067000000000000000e+03
3.097000000000000000e+03
2.986000000000000000e+03
3.052000000000000000e+03
3.041000000000000000e+03
2.994000000000000000e+03
2.998000000000000000e+03
2.985000000000000000e+03
3.064000000000000000e+03
3.066000000000000000e+03
2.956000000000000000e+03
2.908000000000000000e+03
2.950000000000000000e+03
2.945000000000000000e+03
2.953000000000000000e+03
2.956000000000000000e+03
2.948000000000000000e+03
2.908000000000000000e+03
2.919000000000000000e+03
2.847000000000000000e+03
2.908000000000000000e+03
2.820000000000000000e+03
2.841000000000000000e+03
2.899000000000000000e+03
2.779000000000000000e+03
2.829000000000000000e+03
2.821000000000000000e+03
2.814000000000000000e+03
2.790000000000000000e+03
2.847000000000000000e+03
2.815000000000000000e+03
2.767000000000000000e+03
2.789000000000000000e+03
2.728000000000000000e+03
2.754000000000000000e+03
2.762000000000000000e+03
2.703000000000000000e+03
2.723000000000000000e+03
2.716000000000000000e+03
2.677000000000000000e+03
2.692000000000000000e+03
2.683000000000000000e+03
2.662000000000000000e+03
2.692000000000000000e+03
2.667000000000000000e+03
2.665000000000000000e+03
2.607000000000000000e+03
2.601000000000000000e+03
2.625000000000000000e+03
2.551000000000000000e+03
2.551000000000000000e+03
2.555000000000000000e+03
2.530000000000000000e+03
2.546000000000000000e+03
2.631000000000000000e+03
2.534000000000000000e+03
2.526000000000000000e+03
2.545000000000000000e+03
2.521000000000000000e+03
2.447000000000000000e+03
2.460000000000000000e+03
2.389000000000000000e+03
2.459000000000000000e+03
2.419000000000000000e+03
2.471000000000000000e+03
2.456000000000000000e+03
2.403000000000000000e+03
2.378000000000000000e+03
2.355000000000000000e+03
2.403000000000000000e+03
2.384000000000000000e+03
2.407000000000000000e+03
2.381000000000000000e+03
2.398000000000000000e+03
2.335000000000000000e+03
2.377000000000000000e+03
2.342000000000000000e+03
2.294000000000000000e+03
2.336000000000000000e+03
2.350000000000000000e+03
2.327000000000000000e+03
2.377000000000000000e+03
2.276000000000000000e+03
2.261000000000000000e+03
2.265000000000000000e+03
2.335000000000000000e+03
2.319000000000000000e+03
2.285000000000000000e+03
2.279000000000000000e+03
2.279000000000000000e+03
2.326000000000000000e+03
2.291000000000000000e+03
2.210000000000000000e+03
2.274000000000000000e+03
2.227000000000000000e+03
