1.792000000000000000e+03
1.774000000000000000e+03
1.821000000000000000e+03
1.775000000000000000e+03
1.790000000000000000e+03
1.773000000000000000e+03
1.833000000000000000e+03
1.799000000000000000e+03
1.822000000000000000e+03
1.845000000000000000e+03
1.790000000000000000e+03
1.951000000000000000e+03
1.855000000000000000e+03
1.869000000000000000e+03
1.898000000000000000e+03
1.896000000000000000e+03
1.922000000000000000e+03
1.915000000000000000e+03
1.906000000000000000e+03
1.941000000000000000e+03
1.972000000000000000e+03
1.928000000000000000e+03
1.898000000000000000e+03
1.964000000000000000e+03
1.986000000000000000e+03
1.957000000000000000e+03
1.969000000000000000e+03
2.028000000000000000e+03
1.997000000000000000e+03
1.932000000000000000e+03
2.006000000000000000e+03
1.983000000000000000e+03
2.048000000000000000e+03
2.027000000000000000e+03
1.997000000000000000e+03
2.117000000000000000e+03
1.999000000000000000e+03
2.021000000000000000e+03
2.027000000000000000e+03
2.046000000000000000e+03
2.038000000000000000e+03
2.058000000000000000e+03
2.094000000000000000e+03
2.035000000000000000e+03
2.040000000000000000e+03
2.073000000000000000e+03
2.068000000000000000e+03
2.077000000000000000e+03
2.014000000000000000e+03
2.073000000000000000e+03
2.087000000000000000e+03
2.104000000000000000e+03
2.106000000000000000e+03
2.113000000000000000e+03
2.115000000000000000e+03
2.107000000000000000e+03
2.149000000000000000e+03
2.076000000000000000e+03
2.119000000000000000e+03
2.087000000000000000e+03
2.174000000000000000e+03
2.187000000000000000e+03
2.169000000000000000e+03
2.202000000000000000e+03
2.178000000000000000e+03
2.224000000000000000e+03
2.227000000000000000e+03
2.159000000000000000e+03
2.200000000000000000e+03
2.200000000000000000e+03
2.169000000000000000e+03
2.227000000000000000e+03
2.162000000000000000e+03
2.232000000000000000e+03
2.261000000000000000e+03
2.194000000000000000e+03
2.219000000000000000e+03
2.244000000000000000e+03
2.208000000000000000e+03
2.235000000000000000e+03
2.228000000000000000e+03
2.262000000000000000e+03
2.336000000000000000e+03
2.240000000000000000e+03
2.386000000000000000e+03
2.237000000000000000e+03
2.280000000000000000e+03
2.312000000000000000e+03
2.288000000000000000e+03
2.297000000000000000e+03
2.347000000000000000e+03
2.248000000000000000e+03
2.345000000000000000e+03
2.344000000000000000e+03
2.339000000000000000e+03
2.371000000000000000e+03
2.384000000000000000e+03
2.382000000000000000e+03
2.376000000000000000e+03
2.338000000000000000e+03
2.403000000000000000e+03
2.404000000000000000e+03
2.433000000000000000e+03
2.460000000000000000e+03
2.440000000000000000e+03
2.446000000000000000e+03
2.497000000000000000e+03
2.539000000000000000e+03
2.477000000000000000e+03
2.552000000000000000e+03
2.537000000000000000e+03
2.510000000000000000e+03
2.475000000000000000e+03
2.550000000000000000e+03
2.512000000000000000e+03
2.563000000000000000e+03
2.593000000000000000e+03
2.534000000000000000e+03
2.608000000000000000e+03
2.657000000000000000e+03
2.594000000000000000e+03
2.679000000000000000e+03
2.660000000000000000e+03
2.629000000000000000e+03
2.682000000000000000e+03
2.680000000000000000e+03
2.746000000000000000e+03
2.708000000000000000e+03
2.771000000000000000e+03
2.705000000000000000e+03
2.705000000000000000e+03
2.705000000000000000e+03
2.741000000000000000e+03
2.747000000000000000e+03
2.898000000000000000e+03
2.835000000000000000e+03
2.834000000000000000e+03
2.838000000000000000e+03
2.842000000000000000e+03
2.881000000000000000e+03
2.866000000000000000e+03
2.892000000000000000e+03
2.940000000000000000e+03
2.945000000000000000e+03
2.950000000000000000e+03
2.921000000000000000e+03
2.997000000000000000e+03
2.981000000000000000e+03
2.991000000000000000e+03
3.004000000000000000e+03
2.990000000000000000e+03
2.994000000000000000e+03
3.067000000000000000e+03
3.038000000000000000e+03
3.052000000000000000e+03
3.061000000000000000e+03
3.092000000000000000e+03
3.046000000000000000e+03
3.081000000000000000e+03
3.117000000000000000e+03
3.122000000000000000e+03
3.148000000000000000e+03
3.156000000000000000e+03
3.139000000000000000e+03
3.146000000000000000e+03
3.145000000000000000e+03
3.116000000000000000e+03
3.253000000000000000e+03
3.211000000000000000e+03
3.213000000000000000e+03
3.115000000000000000e+03
3.249000000000000000e+03
3.167000000000000000e+03
3.231000000000000000e+03
3.306000000000000000e+03
3.262000000000000000e+03
3.254000000000000000e+03
3.354000000000000000e+03
3.279000000000000000e+03
3.321000000000000000e+03
3.284000000000000000e+03
3.412000000000000000e+03
3.392000000000000000e+03
3.862000000000000000e+03
3.726000000000000000e+03
3.381000000000000000e+03
3.305000000000000000e+03
3.445000000000000000e+03
3.417000000000000000e+03
3.408000000000000000e+03
3.479000000000000000e+03
3.366000000000000000e+03
3.486000000000000000e+03
3.415000000000000000e+03
3.460000000000000000e+03
3.418000000000000000e+03
3.477000000000000000e+03
3.476000000000000000e+03
3.454000000000000000e+03
3.440000000000000000e+03
3.553000000000000000e+03
3.527000000000000000e+03
3.633000000000000000e+03
3.581000000000000000e+03
3.597000000000000000e+03
3.570000000000000000e+03
3.566000000000000000e+03
3.606000000000000000e+03
3.555000000000000000e+03
3.679000000000000000e+03
3.560000000000000000e+03
3.673000000000000000e+03
3.709000000000000000e+03
3.686000000000000000e+03
3.774000000000000000e+03
3.741000000000000000e+03
3.747000000000000000e+03
3.731000000000000000e+03
3.841000000000000000e+03
3.780000000000000000e+03
3.874000000000000000e+03
3.815000000000000000e+03
3.919000000000000000e+03
3.851000000000000000e+03
3.908000000000000000e+03
3.913000000000000000e+03
3.951000000000000000e+03
3.994000000000000000e+03
3.859000000000000000e+03
3.985000000000000000e+03
3.955000000000000000e+03
4.046000000000000000e+03
3.980000000000000000e+03
4.047000000000000000e+03
3.998000000000000000e+03
4.147000000000000000e+03
4.153000000000000000e+03
4.052000000000000000e+03
4.078000000000000000e+03
4.104000000000000000e+03
4.142000000000000000e+03
4.246000000000000000e+03
4.212000000000000000e+03
4.212000000000000000e+03
4.229000000000000000e+03
4.201000000000000000e+03
4.300000000000000000e+03
4.217000000000000000e+03
4.297000000000000000e+03
4.235000000000000000e+03
4.347000000000000000e+03
4.269000000000000000e+03
4.310000000000000000e+03
4.363000000000000000e+03
4.375000000000000000e+03
4.498000000000000000e+03
4.390000000000000000e+03
4.408000000000000000e+03
4.470000000000000000e+03
4.511000000000000000e+03
4.552000000000000000e+03
4.568000000000000000e+03
4.436000000000000000e+03
4.461000000000000000e+03
4.391000000000000000e+03
4.493000000000000000e+03
4.532000000000000000e+03
4.528000000000000000e+03
4.458000000000000000e+03
4.602000000000000000e+03
4.582000000000000000e+03
4.501000000000000000e+03
4.548000000000000000e+03
4.536000000000000000e+03
4.629000000000000000e+03
4.644000000000000000e+03
4.574000000000000000e+03
4.644000000000000000e+03
4.660000000000000000e+03
4.578000000000000000e+03
4.625000000000000000e+03
4.721000000000000000e+03
4.685000000000000000e+03
4.636000000000000000e+03
4.621000000000000000e+03
4.670000000000000000e+03
4.647000000000000000e+03
4.762000000000000000e+03
4.764000000000000000e+03
4.663000000000000000e+03
4.772000000000000000e+03
4.667000000000000000e+03
4.692000000000000000e+03
4.777000000000000000e+03
4.722000000000000000e+03
4.693000000000000000e+03
4.735000000000000000e+03
4.761000000000000000e+03
4.778000000000000000e+03
4.709000000000000000e+03
4.730000000000000000e+03
4.711000000000000000e+03
4.766000000000000000e+03
4.821000000000000000e+03
4.786000000000000000e+03
4.872000000000000000e+03
4.799000000000000000e+03
4.764000000000000000e+03
4.839000000000000000e+03
4.881000000000000000e+03
4.809000000000000000e+03
4.859000000000000000e+03
4.904000000000000000e+03
4.806000000000000000e+03
4.859000000000000000e+03
4.775000000000000000e+03
4.906000000000000000e+03
4.872000000000000000e+03
4.877000000000000000e+03
4.823000000000000000e+03
4.818000000000000000e+03
4.845000000000000000e+03
4.853000000000000000e+03
4.851000000000000000e+03
4.803000000000000000e+03
4.860000000000000000e+03
4.943000000000000000e+03
4.906000000000000000e+03
4.874000000000000000e+03
4.946000000000000000e+03
4.809000000000000000e+03
4.910000000000000000e+03
4.821000000000000000e+03
4.877000000000000000e+03
4.808000000000000000e+03
4.915000000000000000e+03
4.897000000000000000e+03
4.831000000000000000e+03
4.894000000000000000e+03
4.869000000000000000e+03
4.907000000000000000e+03
4.807000000000000000e+03
4.942000000000000000e+03
4.825000000000000000e+03
4.879000000000000000e+03
4.903000000000000000e+03
4.871000000000000000e+03
5.073000000000000000e+03
4.831000000000000000e+03
4.891000000000000000e+03
4.986000000000000000e+03
4.951000000000000000e+03
4.934000000000000000e+03
5.003000000000000000e+03
4.922000000000000000e+03
4.904000000000000000e+03
4.930000000000000000e+03
4.888000000000000000e+03
4.922000000000000000e+03
4.941000000000000000e+03
4.968000000000000000e+03
4.916000000000000000e+03
4.937000000000000000e+03
4.917000000000000000e+03
5.014000000000000000e+03
4.917000000000000000e+03
5.025000000000000000e+03
5.023000000000000000e+03
4.987000000000000000e+03
4.965000000000000000e+03
5.023000000000000000e+03
4.975000000000000000e+03
4.987000000000000000e+03
4.995000000000000000e+03
5.003000000000000000e+03
5.074000000000000000e+03
5.163000000000000000e+03
5.058000000000000000e+03
5.158000000000000000e+03
5.102000000000000000e+03
5.129000000000000000e+03
5.043000000000000000e+03
5.093000000000000000e+03
5.120000000000000000e+03
5.045000000000000000e+03
5.022000000000000000e+03
5.087000000000000000e+03
5.075000000000000000e+03
5.124000000000000000e+03
5.102000000000000000e+03
5.121000000000000000e+03
5.102000000000000000e+03
5.090000000000000000e+03
5.133000000000000000e+03
5.184000000000000000e+03
5.114000000000000000e+03
5.097000000000000000e+03
5.104000000000000000e+03
5.150000000000000000e+03
5.145000000000000000e+03
5.141000000000000000e+03
5.086000000000000000e+03
5.088000000000000000e+03
5.136000000000000000e+03
5.087000000000000000e+03
5.166000000000000000e+03
5.128000000000000000e+03
5.149000000000000000e+03
5.181000000000000000e+03
5.222000000000000000e+03
5.148000000000000000e+03
5.193000000000000000e+03
5.198000000000000000e+03
5.155000000000000000e+03
5.284000000000000000e+03
5.172000000000000000e+03
5.282000000000000000e+03
5.217000000000000000e+03
5.218000000000000000e+03
5.205000000000000000e+03
5.188000000000000000e+03
5.248000000000000000e+03
5.270000000000000000e+03
5.281000000000000000e+03
5.322000000000000000e+03
5.264000000000000000e+03
5.264000000000000000e+03
5.297000000000000000e+03
5.287000000000000000e+03
5.276000000000000000e+03
5.236000000000000000e+03
5.268000000000000000e+03
5.322000000000000000e+03
5.346000000000000000e+03
5.353000000000000000e+03
5.249000000000000000e+03
5.324000000000000000e+03
5.292000000000000000e+03
5.349000000000000000e+03
5.379000000000000000e+03
5.251000000000000000e+03
5.156000000000000000e+03
5.257000000000000000e+03
5.326000000000000000e+03
5.282000000000000000e+03
5.274000000000000000e+03
5.221000000000000000e+03
5.267000000000000000e+03
5.320000000000000000e+03
5.304000000000000000e+03
5.328000000000000000e+03
5.287000000000000000e+03
5.282000000000000000e+03
5.268000000000000000e+03
5.248000000000000000e+03
5.233000000000000000e+03
5.259000000000000000e+03
5.197000000000000000e+03
5.272000000000000000e+03
5.253000000000000000e+03
5.247000000000000000e+03
5.167000000000000000e+03
5.286000000000000000e+03
5.221000000000000000e+03
5.267000000000000000e+03
5.206000000000000000e+03
5.254000000000000000e+03
5.225000000000000000e+03
5.243000000000000000e+03
5.263000000000000000e+03
5.268000000000000000e+03
5.221000000000000000e+03
5.179000000000000000e+03
5.199000000000000000e+03
5.202000000000000000e+03
5.212000000000000000e+03
5.251000000000000000e+03
5.219000000000000000e+03
5.187000000000000000e+03
5.160000000000000000e+03
5.181000000000000000e+03
5.203000000000000000e+03
5.182000000000000000e+03
5.242000000000000000e+03
5.165000000000000000e+03
5.102000000000000000e+03
5.178000000000000000e+03
5.052000000000000000e+03
5.128000000000000000e+03
5.054000000000000000e+03
5.061000000000000000e+03
5.041000000000000000e+03
5.156000000000000000e+03
5.049000000000000000e+03
5.081000000000000000e+03
5.095000000000000000e+03
5.103000000000000000e+03
5.029000000000000000e+03
5.055000000000000000e+03
5.054000000000000000e+03
5.046000000000000000e+03
5.039000000000000000e+03
5.018000000000000000e+03
5.038000000000000000e+03
5.000000000000000000e+03
5.032000000000000000e+03
5.062000000000000000e+03
5.025000000000000000e+03
5.085000000000000000e+03
5.004000000000000000e+03
5.012000000000000000e+03
4.984000000000000000e+03
4.931000000000000000e+03
4.827000000000000000e+03
4.949000000000000000e+03
4.981000000000000000e+03
4.973000000000000000e+03
4.866000000000000000e+03
4.879000000000000000e+03
4.891000000000000000e+03
4.898000000000000000e+03
4.875000000000000000e+03
4.809000000000000000e+03
4.850000000000000000e+03
4.802000000000000000e+03
4.820000000000000000e+03
4.874000000000000000e+03
4.775000000000000000e+03
4.813000000000000000e+03
4.729000000000000000e+03
4.872000000000000000e+03
4.832000000000000000e+03
4.783000000000000000e+03
4.862000000000000000e+03
4.743000000000000000e+03
4.712000000000000000e+03
4.753000000000000000e+03
4.695000000000000000e+03
4.748000000000000000e+03
4.723000000000000000e+03
4.765000000000000000e+03
4.794000000000000000e+03
4.698000000000000000e+03
4.705000000000000000e+03
4.654000000000000000e+03
4.707000000000000000e+03
4.697000000000000000e+03
4.732000000000000000e+03
4.606000000000000000e+03
4.604000000000000000e+03
4.615000000000000000e+03
4.587000000000000000e+03
4.628000000000000000e+03
4.609000000000000000e+03
4.565000000000000000e+03
4.579000000000000000e+03
4.566000000000000000e+03
4.585000000000000000e+03
4.658000000000000000e+03
4.554000000000000000e+03
4.530000000000000000e+03
4.572000000000000000e+03
4.538000000000000000e+03
4.569000000000000000e+03
4.604000000000000000e+03
4.540000000000000000e+03
4.452000000000000000e+03
4.493000000000000000e+03
4.542000000000000000e+03
4.517000000000000000e+03
4.581000000000000000e+03
4.472000000000000000e+03
4.506000000000000000e+03
4.484000000000000000e+03
4.579000000000000000e+03
4.430000000000000000e+03
4.416000000000000000e+03
4.476000000000000000e+03
4.404000000000000000e+03
4.462000000000000000e+03
4.408000000000000000e+03
4.457000000000000000e+03
4.468000000000000000e+03
4.349000000000000000e+03
4.400000000000000000e+03
4.409000000000000000e+03
4.470000000000000000e+03
4.485000000000000000e+03
4.403000000000000000e+03
4.389000000000000000e+03
4.382000000000000000e+03
4.408000000000000000e+03
4.391000000000000000e+03
4.347000000000000000e+03
4.382000000000000000e+03
4.401000000000000000e+03
4.364000000000000000e+03
4.347000000000000000e+03
4.390000000000000000e+03
4.376000000000000000e+03
4.382000000000000000e+03
4.365000000000000000e+03
4.351000000000000000e+03
4.305000000000000000e+03
4.396000000000000000e+03
4.352000000000000000e+03
4.367000000000000000e+03
4.295000000000000000e+03
4.286000000000000000e+03
4.268000000000000000e+03
4.289000000000000000e+03
4.235000000000000000e+03
4.230000000000000000e+03
4.309000000000000000e+03
4.177000000000000000e+03
4.207000000000000000e+03
4.226000000000000000e+03
4.233000000000000000e+03
4.207000000000000000e+03
4.183000000000000000e+03
4.271000000000000000e+03
4.260000000000000000e+03
4.207000000000000000e+03
4.174000000000000000e+03
4.115000000000000000e+03
4.174000000000000000e+03
4.172000000000000000e+03
4.167000000000000000e+03
4.228000000000000000e+03
4.151000000000000000e+03
4.152000000000000000e+03
4.216000000000000000e+03
4.131000000000000000e+03
4.117000000000000000e+03
4.187000000000000000e+03
4.137000000000000000e+03
4.101000000000000000e+03
4.042000000000000000e+03
4.059000000000000000e+03
4.067000000000000000e+03
4.126000000000000000e+03
4.022000000000000000e+03
3.997000000000000000e+03
4.066000000000000000e+03
4.078000000000000000e+03
3.981000000000000000e+03
4.013000000000000000e+03
4.050000000000000000e+03
4.040000000000000000e+03
3.913000000000000000e+03
4.031000000000000000e+03
3.995000000000000000e+03
3.929000000000000000e+03
3.964000000000000000e+03
3.915000000000000000e+03
3.934000000000000000e+03
3.923000000000000000e+03
3.943000000000000000e+03
3.924000000000000000e+03
3.895000000000000000e+03
3.925000000000000000e+03
3.926000000000000000e+03
3.898000000000000000e+03
3.841000000000000000e+03
3.878000000000000000e+03
3.855000000000000000e+03
3.792000000000000000e+03
3.852000000000000000e+03
3.926000000000000000e+03
3.777000000000000000e+03
3.806000000000000000e+03
3.812000000000000000e+03
3.860000000000000000e+03
3.753000000000000000e+03
3.746000000000000000e+03
3.840000000000000000e+03
3.717000000000000000e+03
3.796000000000000000e+03
3.755000000000000000e+03
3.705000000000000000e+03
3.749000000000000000e+03
3.771000000000000000e+03
3.721000000000000000e+03
3.654000000000000000e+03
3.631000000000000000e+03
3.639000000000000000e+03
3.651000000000000000e+03
3.602000000000000000e+03
3.613000000000000000e+03
3.666000000000000000e+03
3.622000000000000000e+03
3.618000000000000000e+03
3.569000000000000000e+03
3.583000000000000000e+03
3.548000000000000000e+03
3.524000000000000000e+03
3.452000000000000000e+03
4.723000000000000000e+03
3.530000000000000000e+03
3.497000000000000000e+03
3.516000000000000000e+03
3.480000000000000000e+03
3.462000000000000000e+03
3.424000000000000000e+03
3.470000000000000000e+03
3.400000000000000000e+03
3.408000000000000000e+03
3.360000000000000000e+03
3.405000000000000000e+03
3.300000000000000000e+03
3.328000000000000000e+03
3.313000000000000000e+03
3.269000000000000000e+03
3.354000000000000000e+03
3.272000000000000000e+03
3.260000000000000000e+03
3.323000000000000000e+03
3.262000000000000000e+03
3.248000000000000000e+03
3.204000000000000000e+03
3.177000000000000000e+03
3.215000000000000000e+03
3.268000000000000000e+03
3.144000000000000000e+03
3.165000000000000000e+03
3.139000000000000000e+03
3.131000000000000000e+03
3.116000000000000000e+03
3.076000000000000000e+03
3.110000000000000000e+03
3.035000000000000000e+03
3.019000000000000000e+03
3.069000000000000000e+03
3.017000000000000000e+03
3.040000000000000000e+03
3.026000000000000000e+03
3.039000000000000000e+03
2.998000000000000000e+03
3.071000000000000000e+03
3.040000000000000000e+03
2.981000000000000000e+03
2.931000000000000000e+03
3.097000000000000000e+03
2.946000000000000000e+03
2.900000000000000000e+03
2.963000000000000000e+03
2.962000000000000000e+03
2.971000000000000000e+03
2.908000000000000000e+03
2.908000000000000000e+03
2.887000000000000000e+03
2.892000000000000000e+03
2.955000000000000000e+03
2.880000000000000000e+03
2.909000000000000000e+03
2.895000000000000000e+03
2.808000000000000000e+03
2.871000000000000000e+03
2.853000000000000000e+03
2.815000000000000000e+03
2.850000000000000000e+03
2.889000000000000000e+03
2.802000000000000000e+03
2.806000000000000000e+03
2.786000000000000000e+03
