1.412000000000000000e+03
1.520000000000000000e+03
1.461000000000000000e+03
1.459000000000000000e+03
1.577000000000000000e+03
1.493000000000000000e+03
1.564000000000000000e+03
1.538000000000000000e+03
1.538000000000000000e+03
1.523000000000000000e+03
1.471000000000000000e+03
1.540000000000000000e+03
1.552000000000000000e+03
1.504000000000000000e+03
1.550000000000000000e+03
1.543000000000000000e+03
1.540000000000000000e+03
1.565000000000000000e+03
1.516000000000000000e+03
1.525000000000000000e+03
1.514000000000000000e+03
1.541000000000000000e+03
1.582000000000000000e+03
1.592000000000000000e+03
1.590000000000000000e+03
1.569000000000000000e+03
1.555000000000000000e+03
1.576000000000000000e+03
1.593000000000000000e+03
1.593000000000000000e+03
1.578000000000000000e+03
1.622000000000000000e+03
1.612000000000000000e+03
1.595000000000000000e+03
1.610000000000000000e+03
1.572000000000000000e+03
1.668000000000000000e+03
1.621000000000000000e+03
1.651000000000000000e+03
1.685000000000000000e+03
1.657000000000000000e+03
1.724000000000000000e+03
1.655000000000000000e+03
1.642000000000000000e+03
1.658000000000000000e+03
1.658000000000000000e+03
1.716000000000000000e+03
1.687000000000000000e+03
1.669000000000000000e+03
1.705000000000000000e+03
1.721000000000000000e+03
1.717000000000000000e+03
1.726000000000000000e+03
1.703000000000000000e+03
1.671000000000000000e+03
1.727000000000000000e+03
1.686000000000000000e+03
1.736000000000000000e+03
1.659000000000000000e+03
1.699000000000000000e+03
1.763000000000000000e+03
1.708000000000000000e+03
1.777000000000000000e+03
1.755000000000000000e+03
1.766000000000000000e+03
1.771000000000000000e+03
1.756000000000000000e+03
1.758000000000000000e+03
1.722000000000000000e+03
1.741000000000000000e+03
1.799000000000000000e+03
1.773000000000000000e+03
1.785000000000000000e+03
1.801000000000000000e+03
1.775000000000000000e+03
1.771000000000000000e+03
1.811000000000000000e+03
1.814000000000000000e+03
1.771000000000000000e+03
1.791000000000000000e+03
1.758000000000000000e+03
1.814000000000000000e+03
1.832000000000000000e+03
1.782000000000000000e+03
1.830000000000000000e+03
1.808000000000000000e+03
1.833000000000000000e+03
1.824000000000000000e+03
1.840000000000000000e+03
1.836000000000000000e+03
1.828000000000000000e+03
1.847000000000000000e+03
1.841000000000000000e+03
1.853000000000000000e+03
1.825000000000000000e+03
1.881000000000000000e+03
1.839000000000000000e+03
1.871000000000000000e+03
1.907000000000000000e+03
1.899000000000000000e+03
1.911000000000000000e+03
1.875000000000000000e+03
1.954000000000000000e+03
1.915000000000000000e+03
1.875000000000000000e+03
1.883000000000000000e+03
1.866000000000000000e+03
1.928000000000000000e+03
1.914000000000000000e+03
1.943000000000000000e+03
2.011000000000000000e+03
1.980000000000000000e+03
1.948000000000000000e+03
1.948000000000000000e+03
2.011000000000000000e+03
2.051000000000000000e+03
2.064000000000000000e+03
1.953000000000000000e+03
2.021000000000000000e+03
2.030000000000000000e+03
2.067000000000000000e+03
2.021000000000000000e+03
2.074000000000000000e+03
2.083000000000000000e+03
2.057000000000000000e+03
2.070000000000000000e+03
2.143000000000000000e+03
2.120000000000000000e+03
2.070000000000000000e+03
2.187000000000000000e+03
2.156000000000000000e+03
2.171000000000000000e+03
2.144000000000000000e+03
2.201000000000000000e+03
2.163000000000000000e+03
2.256000000000000000e+03
2.266000000000000000e+03
2.196000000000000000e+03
2.235000000000000000e+03
2.242000000000000000e+03
2.276000000000000000e+03
2.228000000000000000e+03
2.240000000000000000e+03
2.250000000000000000e+03
2.289000000000000000e+03
2.244000000000000000e+03
2.272000000000000000e+03
2.268000000000000000e+03
2.336000000000000000e+03
2.298000000000000000e+03
2.361000000000000000e+03
2.316000000000000000e+03
2.353000000000000000e+03
2.400000000000000000e+03
2.364000000000000000e+03
2.390000000000000000e+03
2.356000000000000000e+03
2.423000000000000000e+03
2.368000000000000000e+03
2.372000000000000000e+03
2.436000000000000000e+03
2.429000000000000000e+03
2.471000000000000000e+03
2.468000000000000000e+03
2.512000000000000000e+03
2.408000000000000000e+03
2.443000000000000000e+03
2.455000000000000000e+03
2.473000000000000000e+03
2.421000000000000000e+03
2.552000000000000000e+03
2.534000000000000000e+03
2.502000000000000000e+03
2.503000000000000000e+03
2.567000000000000000e+03
2.552000000000000000e+03
2.576000000000000000e+03
2.617000000000000000e+03
2.579000000000000000e+03
2.615000000000000000e+03
2.556000000000000000e+03
2.516000000000000000e+03
2.595000000000000000e+03
2.575000000000000000e+03
2.595000000000000000e+03
2.588000000000000000e+03
2.637000000000000000e+03
3.051000000000000000e+03
3.083000000000000000e+03
2.782000000000000000e+03
2.572000000000000000e+03
2.675000000000000000e+03
2.590000000000000000e+03
2.690000000000000000e+03
2.705000000000000000e+03
2.705000000000000000e+03
2.707000000000000000e+03
2.668000000000000000e+03
2.717000000000000000e+03
2.687000000000000000e+03
2.715000000000000000e+03
2.710000000000000000e+03
2.733000000000000000e+03
2.791000000000000000e+03
2.834000000000000000e+03
2.778000000000000000e+03
2.756000000000000000e+03
2.774000000000000000e+03
2.790000000000000000e+03
3.068000000000000000e+03
2.837000000000000000e+03
2.864000000000000000e+03
2.820000000000000000e+03
2.861000000000000000e+03
2.893000000000000000e+03
2.851000000000000000e+03
2.893000000000000000e+03
2.884000000000000000e+03
2.954000000000000000e+03
2.923000000000000000e+03
2.942000000000000000e+03
2.974000000000000000e+03
2.968000000000000000e+03
2.948000000000000000e+03
3.030000000000000000e+03
2.964000000000000000e+03
3.025000000000000000e+03
2.988000000000000000e+03
3.076000000000000000e+03
3.040000000000000000e+03
3.005000000000000000e+03
3.075000000000000000e+03
3.037000000000000000e+03
3.116000000000000000e+03
3.084000000000000000e+03
3.095000000000000000e+03
3.103000000000000000e+03
3.235000000000000000e+03
3.189000000000000000e+03
3.205000000000000000e+03
3.207000000000000000e+03
3.163000000000000000e+03
3.210000000000000000e+03
3.238000000000000000e+03
3.255000000000000000e+03
3.399000000000000000e+03
3.303000000000000000e+03
3.292000000000000000e+03
3.312000000000000000e+03
3.322000000000000000e+03
3.311000000000000000e+03
3.346000000000000000e+03
3.377000000000000000e+03
3.388000000000000000e+03
3.349000000000000000e+03
3.395000000000000000e+03
3.412000000000000000e+03
3.427000000000000000e+03
3.456000000000000000e+03
3.531000000000000000e+03
3.539000000000000000e+03
3.560000000000000000e+03
3.535000000000000000e+03
3.493000000000000000e+03
3.610000000000000000e+03
3.679000000000000000e+03
3.585000000000000000e+03
3.551000000000000000e+03
3.614000000000000000e+03
3.581000000000000000e+03
3.587000000000000000e+03
3.614000000000000000e+03
3.622000000000000000e+03
3.608000000000000000e+03
3.607000000000000000e+03
3.562000000000000000e+03
3.629000000000000000e+03
3.585000000000000000e+03
3.705000000000000000e+03
3.655000000000000000e+03
3.657000000000000000e+03
3.630000000000000000e+03
3.699000000000000000e+03
3.642000000000000000e+03
3.738000000000000000e+03
3.711000000000000000e+03
3.725000000000000000e+03
3.714000000000000000e+03
3.685000000000000000e+03
3.760000000000000000e+03
3.722000000000000000e+03
3.727000000000000000e+03
3.724000000000000000e+03
3.827000000000000000e+03
3.717000000000000000e+03
3.708000000000000000e+03
4.078000000000000000e+03
3.824000000000000000e+03
3.811000000000000000e+03
3.798000000000000000e+03
3.685000000000000000e+03
3.801000000000000000e+03
3.776000000000000000e+03
3.795000000000000000e+03
3.849000000000000000e+03
3.854000000000000000e+03
3.826000000000000000e+03
3.845000000000000000e+03
3.903000000000000000e+03
3.791000000000000000e+03
3.841000000000000000e+03
3.869000000000000000e+03
3.818000000000000000e+03
3.771000000000000000e+03
3.850000000000000000e+03
3.803000000000000000e+03
3.827000000000000000e+03
3.817000000000000000e+03
3.891000000000000000e+03
3.897000000000000000e+03
3.766000000000000000e+03
3.798000000000000000e+03
3.862000000000000000e+03
3.910000000000000000e+03
3.827000000000000000e+03
3.856000000000000000e+03
3.828000000000000000e+03
3.876000000000000000e+03
3.912000000000000000e+03
3.890000000000000000e+03
3.853000000000000000e+03
3.813000000000000000e+03
3.824000000000000000e+03
3.905000000000000000e+03
3.945000000000000000e+03
3.834000000000000000e+03
3.859000000000000000e+03
3.908000000000000000e+03
3.842000000000000000e+03
3.910000000000000000e+03
3.860000000000000000e+03
3.890000000000000000e+03
3.868000000000000000e+03
3.832000000000000000e+03
3.844000000000000000e+03
3.829000000000000000e+03
3.909000000000000000e+03
3.877000000000000000e+03
3.884000000000000000e+03
3.861000000000000000e+03
3.862000000000000000e+03
3.891000000000000000e+03
3.942000000000000000e+03
3.905000000000000000e+03
3.834000000000000000e+03
3.896000000000000000e+03
3.839000000000000000e+03
3.897000000000000000e+03
3.910000000000000000e+03
3.893000000000000000e+03
3.900000000000000000e+03
3.886000000000000000e+03
3.894000000000000000e+03
3.985000000000000000e+03
3.899000000000000000e+03
3.933000000000000000e+03
3.976000000000000000e+03
3.880000000000000000e+03
3.862000000000000000e+03
3.907000000000000000e+03
3.974000000000000000e+03
3.912000000000000000e+03
3.889000000000000000e+03
3.957000000000000000e+03
3.954000000000000000e+03
3.960000000000000000e+03
3.969000000000000000e+03
3.987000000000000000e+03
3.962000000000000000e+03
3.964000000000000000e+03
4.052000000000000000e+03
4.018000000000000000e+03
4.014000000000000000e+03
4.029000000000000000e+03
4.036000000000000000e+03
3.953000000000000000e+03
3.980000000000000000e+03
3.969000000000000000e+03
4.027000000000000000e+03
3.936000000000000000e+03
4.035000000000000000e+03
4.032000000000000000e+03
4.035000000000000000e+03
4.042000000000000000e+03
4.104000000000000000e+03
4.078000000000000000e+03
4.017000000000000000e+03
4.058000000000000000e+03
4.088000000000000000e+03
4.004000000000000000e+03
4.057000000000000000e+03
4.034000000000000000e+03
4.132000000000000000e+03
4.020000000000000000e+03
4.141000000000000000e+03
4.143000000000000000e+03
4.061000000000000000e+03
4.072000000000000000e+03
4.105000000000000000e+03
4.090000000000000000e+03
4.190000000000000000e+03
4.082000000000000000e+03
4.056000000000000000e+03
4.166000000000000000e+03
4.085000000000000000e+03
4.088000000000000000e+03
4.081000000000000000e+03
4.117000000000000000e+03
4.137000000000000000e+03
4.126000000000000000e+03
4.064000000000000000e+03
4.175000000000000000e+03
4.163000000000000000e+03
4.123000000000000000e+03
4.092000000000000000e+03
4.113000000000000000e+03
4.142000000000000000e+03
4.187000000000000000e+03
4.198000000000000000e+03
4.148000000000000000e+03
4.147000000000000000e+03
4.216000000000000000e+03
4.239000000000000000e+03
4.249000000000000000e+03
4.149000000000000000e+03
4.170000000000000000e+03
4.208000000000000000e+03
4.270000000000000000e+03
4.215000000000000000e+03
4.182000000000000000e+03
4.349000000000000000e+03
4.169000000000000000e+03
4.272000000000000000e+03
4.183000000000000000e+03
4.216000000000000000e+03
4.191000000000000000e+03
4.219000000000000000e+03
4.264000000000000000e+03
4.267000000000000000e+03
4.276000000000000000e+03
4.266000000000000000e+03
4.194000000000000000e+03
4.136000000000000000e+03
4.191000000000000000e+03
4.237000000000000000e+03
4.140000000000000000e+03
4.252000000000000000e+03
4.245000000000000000e+03
4.182000000000000000e+03
4.230000000000000000e+03
4.272000000000000000e+03
4.145000000000000000e+03
4.179000000000000000e+03
4.208000000000000000e+03
4.164000000000000000e+03
4.221000000000000000e+03
4.190000000000000000e+03
4.143000000000000000e+03
4.181000000000000000e+03
4.209000000000000000e+03
4.231000000000000000e+03
4.177000000000000000e+03
4.122000000000000000e+03
4.203000000000000000e+03
4.198000000000000000e+03
4.147000000000000000e+03
4.038000000000000000e+03
4.105000000000000000e+03
4.159000000000000000e+03
4.128000000000000000e+03
4.142000000000000000e+03
4.188000000000000000e+03
4.086000000000000000e+03
4.119000000000000000e+03
4.057000000000000000e+03
4.093000000000000000e+03
4.069000000000000000e+03
4.045000000000000000e+03
4.070000000000000000e+03
4.098000000000000000e+03
4.035000000000000000e+03
4.003000000000000000e+03
4.154000000000000000e+03
4.101000000000000000e+03
4.053000000000000000e+03
4.110000000000000000e+03
4.015000000000000000e+03
4.004000000000000000e+03
4.030000000000000000e+03
4.042000000000000000e+03
3.980000000000000000e+03
4.111000000000000000e+03
4.008000000000000000e+03
4.072000000000000000e+03
4.012000000000000000e+03
4.109000000000000000e+03
3.959000000000000000e+03
3.957000000000000000e+03
3.937000000000000000e+03
3.997000000000000000e+03
3.987000000000000000e+03
3.979000000000000000e+03
3.971000000000000000e+03
4.026000000000000000e+03
3.938000000000000000e+03
3.931000000000000000e+03
3.958000000000000000e+03
3.939000000000000000e+03
3.957000000000000000e+03
3.900000000000000000e+03
3.866000000000000000e+03
3.821000000000000000e+03
3.871000000000000000e+03
3.815000000000000000e+03
3.836000000000000000e+03
3.820000000000000000e+03
3.799000000000000000e+03
3.875000000000000000e+03
3.755000000000000000e+03
3.732000000000000000e+03
3.797000000000000000e+03
3.835000000000000000e+03
3.762000000000000000e+03
3.799000000000000000e+03
3.781000000000000000e+03
3.734000000000000000e+03
3.763000000000000000e+03
3.741000000000000000e+03
3.707000000000000000e+03
3.738000000000000000e+03
3.769000000000000000e+03
3.730000000000000000e+03
3.850000000000000000e+03
3.687000000000000000e+03
3.713000000000000000e+03
3.715000000000000000e+03
3.709000000000000000e+03
3.681000000000000000e+03
3.691000000000000000e+03
3.666000000000000000e+03
3.618000000000000000e+03
3.715000000000000000e+03
3.618000000000000000e+03
3.642000000000000000e+03
3.612000000000000000e+03
3.712000000000000000e+03
3.590000000000000000e+03
3.629000000000000000e+03
3.564000000000000000e+03
3.548000000000000000e+03
3.688000000000000000e+03
3.572000000000000000e+03
3.590000000000000000e+03
3.640000000000000000e+03
3.581000000000000000e+03
3.616000000000000000e+03
3.557000000000000000e+03
3.664000000000000000e+03
3.588000000000000000e+03
3.551000000000000000e+03
3.512000000000000000e+03
3.490000000000000000e+03
3.565000000000000000e+03
3.556000000000000000e+03
3.531000000000000000e+03
3.528000000000000000e+03
3.544000000000000000e+03
3.490000000000000000e+03
3.561000000000000000e+03
3.507000000000000000e+03
3.521000000000000000e+03
3.524000000000000000e+03
3.537000000000000000e+03
3.606000000000000000e+03
3.475000000000000000e+03
3.486000000000000000e+03
3.545000000000000000e+03
3.462000000000000000e+03
3.481000000000000000e+03
3.507000000000000000e+03
3.489000000000000000e+03
3.479000000000000000e+03
3.500000000000000000e+03
3.482000000000000000e+03
3.527000000000000000e+03
3.403000000000000000e+03
3.467000000000000000e+03
3.433000000000000000e+03
3.448000000000000000e+03
3.407000000000000000e+03
3.510000000000000000e+03
3.399000000000000000e+03
3.366000000000000000e+03
3.420000000000000000e+03
3.459000000000000000e+03
3.360000000000000000e+03
3.391000000000000000e+03
3.477000000000000000e+03
3.409000000000000000e+03
3.423000000000000000e+03
3.424000000000000000e+03
3.359000000000000000e+03
3.438000000000000000e+03
3.322000000000000000e+03
3.399000000000000000e+03
3.356000000000000000e+03
3.386000000000000000e+03
3.384000000000000000e+03
3.361000000000000000e+03
3.350000000000000000e+03
3.384000000000000000e+03
3.333000000000000000e+03
3.320000000000000000e+03
3.295000000000000000e+03
3.313000000000000000e+03
3.317000000000000000e+03
3.331000000000000000e+03
3.308000000000000000e+03
3.230000000000000000e+03
3.339000000000000000e+03
3.299000000000000000e+03
3.298000000000000000e+03
3.217000000000000000e+03
3.209000000000000000e+03
3.250000000000000000e+03
3.214000000000000000e+03
3.197000000000000000e+03
3.215000000000000000e+03
3.279000000000000000e+03
3.229000000000000000e+03
3.288000000000000000e+03
3.190000000000000000e+03
3.202000000000000000e+03
3.198000000000000000e+03
3.195000000000000000e+03
3.209000000000000000e+03
3.180000000000000000e+03
3.184000000000000000e+03
3.169000000000000000e+03
3.170000000000000000e+03
3.162000000000000000e+03
3.165000000000000000e+03
3.157000000000000000e+03
3.215000000000000000e+03
3.169000000000000000e+03
3.193000000000000000e+03
3.118000000000000000e+03
3.159000000000000000e+03
3.095000000000000000e+03
3.127000000000000000e+03
3.074000000000000000e+03
3.081000000000000000e+03
3.107000000000000000e+03
3.086000000000000000e+03
3.099000000000000000e+03
3.064000000000000000e+03
3.111000000000000000e+03
3.030000000000000000e+03
3.081000000000000000e+03
3.003000000000000000e+03
3.164000000000000000e+03
3.042000000000000000e+03
2.968000000000000000e+03
3.030000000000000000e+03
3.011000000000000000e+03
2.949000000000000000e+03
2.976000000000000000e+03
3.033000000000000000e+03
3.017000000000000000e+03
2.974000000000000000e+03
2.975000000000000000e+03
2.964000000000000000e+03
2.954000000000000000e+03
2.935000000000000000e+03
2.988000000000000000e+03
2.947000000000000000e+03
2.957000000000000000e+03
2.896000000000000000e+03
2.870000000000000000e+03
2.861000000000000000e+03
2.943000000000000000e+03
2.874000000000000000e+03
2.916000000000000000e+03
2.849000000000000000e+03
2.810000000000000000e+03
2.851000000000000000e+03
2.816000000000000000e+03
2.821000000000000000e+03
2.806000000000000000e+03
2.816000000000000000e+03
2.771000000000000000e+03
2.805000000000000000e+03
2.794000000000000000e+03
2.689000000000000000e+03
2.724000000000000000e+03
2.674000000000000000e+03
2.722000000000000000e+03
2.657000000000000000e+03
2.738000000000000000e+03
2.725000000000000000e+03
2.709000000000000000e+03
2.676000000000000000e+03
2.690000000000000000e+03
2.692000000000000000e+03
2.662000000000000000e+03
2.622000000000000000e+03
2.597000000000000000e+03
2.617000000000000000e+03
2.624000000000000000e+03
2.584000000000000000e+03
2.617000000000000000e+03
2.571000000000000000e+03
2.598000000000000000e+03
2.528000000000000000e+03
2.576000000000000000e+03
2.514000000000000000e+03
2.502000000000000000e+03
2.533000000000000000e+03
2.492000000000000000e+03
2.549000000000000000e+03
2.464000000000000000e+03
2.521000000000000000e+03
2.479000000000000000e+03
2.489000000000000000e+03
2.431000000000000000e+03
2.409000000000000000e+03
2.434000000000000000e+03
2.442000000000000000e+03
2.410000000000000000e+03
2.371000000000000000e+03
2.431000000000000000e+03
2.376000000000000000e+03
2.333000000000000000e+03
2.328000000000000000e+03
2.423000000000000000e+03
2.379000000000000000e+03
2.296000000000000000e+03
2.358000000000000000e+03
2.400000000000000000e+03
2.547000000000000000e+03
2.307000000000000000e+03
2.293000000000000000e+03
2.397000000000000000e+03
2.260000000000000000e+03
2.275000000000000000e+03
2.306000000000000000e+03
2.274000000000000000e+03
2.355000000000000000e+03
2.260000000000000000e+03
2.258000000000000000e+03
2.245000000000000000e+03
2.417000000000000000e+03
2.287000000000000000e+03
2.300000000000000000e+03
2.237000000000000000e+03
