1.710000000000000000e+03
1.679000000000000000e+03
1.674000000000000000e+03
1.709000000000000000e+03
1.751000000000000000e+03
1.716000000000000000e+03
1.746000000000000000e+03
1.732000000000000000e+03
1.751000000000000000e+03
1.762000000000000000e+03
1.728000000000000000e+03
1.797000000000000000e+03
1.781000000000000000e+03
1.811000000000000000e+03
1.812000000000000000e+03
1.813000000000000000e+03
1.827000000000000000e+03
1.766000000000000000e+03
1.850000000000000000e+03
1.808000000000000000e+03
1.834000000000000000e+03
1.798000000000000000e+03
1.868000000000000000e+03
1.901000000000000000e+03
1.848000000000000000e+03
1.881000000000000000e+03
1.809000000000000000e+03
1.833000000000000000e+03
1.939000000000000000e+03
1.869000000000000000e+03
1.886000000000000000e+03
1.942000000000000000e+03
1.898000000000000000e+03
1.874000000000000000e+03
1.879000000000000000e+03
1.885000000000000000e+03
1.916000000000000000e+03
1.889000000000000000e+03
1.909000000000000000e+03
1.915000000000000000e+03
1.939000000000000000e+03
1.889000000000000000e+03
1.954000000000000000e+03
1.950000000000000000e+03
2.002000000000000000e+03
1.995000000000000000e+03
1.975000000000000000e+03
1.993000000000000000e+03
1.969000000000000000e+03
1.968000000000000000e+03
1.963000000000000000e+03
1.923000000000000000e+03
2.002000000000000000e+03
1.979000000000000000e+03
2.009000000000000000e+03
1.975000000000000000e+03
2.114000000000000000e+03
2.048000000000000000e+03
2.014000000000000000e+03
2.030000000000000000e+03
2.022000000000000000e+03
2.009000000000000000e+03
2.124000000000000000e+03
2.028000000000000000e+03
2.045000000000000000e+03
2.020000000000000000e+03
2.082000000000000000e+03
2.048000000000000000e+03
2.073000000000000000e+03
2.143000000000000000e+03
2.072000000000000000e+03
2.077000000000000000e+03
2.105000000000000000e+03
2.122000000000000000e+03
2.094000000000000000e+03
2.081000000000000000e+03
2.162000000000000000e+03
2.139000000000000000e+03
2.149000000000000000e+03
2.068000000000000000e+03
2.155000000000000000e+03
2.100000000000000000e+03
2.127000000000000000e+03
2.142000000000000000e+03
2.161000000000000000e+03
2.146000000000000000e+03
2.140000000000000000e+03
2.142000000000000000e+03
2.133000000000000000e+03
2.222000000000000000e+03
2.241000000000000000e+03
2.168000000000000000e+03
2.189000000000000000e+03
2.243000000000000000e+03
2.216000000000000000e+03
2.178000000000000000e+03
2.273000000000000000e+03
2.234000000000000000e+03
2.227000000000000000e+03
2.264000000000000000e+03
2.268000000000000000e+03
2.266000000000000000e+03
2.260000000000000000e+03
2.274000000000000000e+03
2.289000000000000000e+03
2.284000000000000000e+03
2.245000000000000000e+03
2.309000000000000000e+03
2.337000000000000000e+03
2.355000000000000000e+03
2.320000000000000000e+03
2.382000000000000000e+03
2.402000000000000000e+03
2.410000000000000000e+03
2.387000000000000000e+03
2.424000000000000000e+03
2.409000000000000000e+03
2.413000000000000000e+03
2.464000000000000000e+03
2.494000000000000000e+03
2.508000000000000000e+03
2.442000000000000000e+03
2.483000000000000000e+03
2.544000000000000000e+03
2.537000000000000000e+03
2.544000000000000000e+03
2.561000000000000000e+03
2.598000000000000000e+03
2.513000000000000000e+03
2.631000000000000000e+03
2.601000000000000000e+03
2.579000000000000000e+03
2.653000000000000000e+03
2.671000000000000000e+03
2.591000000000000000e+03
2.634000000000000000e+03
2.682000000000000000e+03
2.686000000000000000e+03
2.695000000000000000e+03
2.702000000000000000e+03
2.685000000000000000e+03
2.681000000000000000e+03
2.804000000000000000e+03
2.738000000000000000e+03
2.808000000000000000e+03
2.747000000000000000e+03
2.787000000000000000e+03
2.728000000000000000e+03
2.772000000000000000e+03
2.777000000000000000e+03
2.819000000000000000e+03
2.818000000000000000e+03
2.852000000000000000e+03
2.917000000000000000e+03
2.882000000000000000e+03
2.854000000000000000e+03
2.889000000000000000e+03
2.848000000000000000e+03
2.910000000000000000e+03
2.985000000000000000e+03
2.885000000000000000e+03
2.939000000000000000e+03
2.928000000000000000e+03
2.993000000000000000e+03
2.994000000000000000e+03
2.982000000000000000e+03
2.995000000000000000e+03
3.001000000000000000e+03
2.987000000000000000e+03
3.048000000000000000e+03
3.049000000000000000e+03
2.995000000000000000e+03
3.047000000000000000e+03
3.014000000000000000e+03
3.017000000000000000e+03
3.063000000000000000e+03
3.091000000000000000e+03
3.098000000000000000e+03
3.037000000000000000e+03
3.110000000000000000e+03
3.127000000000000000e+03
3.139000000000000000e+03
3.097000000000000000e+03
3.354000000000000000e+03
3.681000000000000000e+03
3.539000000000000000e+03
3.202000000000000000e+03
3.206000000000000000e+03
3.173000000000000000e+03
3.203000000000000000e+03
3.191000000000000000e+03
3.209000000000000000e+03
3.245000000000000000e+03
3.227000000000000000e+03
3.206000000000000000e+03
3.299000000000000000e+03
3.243000000000000000e+03
3.282000000000000000e+03
3.362000000000000000e+03
3.317000000000000000e+03
3.294000000000000000e+03
3.334000000000000000e+03
3.328000000000000000e+03
3.352000000000000000e+03
3.299000000000000000e+03
3.372000000000000000e+03
3.400000000000000000e+03
3.353000000000000000e+03
3.381000000000000000e+03
3.438000000000000000e+03
3.469000000000000000e+03
3.524000000000000000e+03
3.471000000000000000e+03
3.459000000000000000e+03
3.556000000000000000e+03
3.475000000000000000e+03
3.501000000000000000e+03
3.554000000000000000e+03
3.555000000000000000e+03
3.520000000000000000e+03
3.626000000000000000e+03
3.643000000000000000e+03
3.645000000000000000e+03
3.651000000000000000e+03
3.653000000000000000e+03
3.664000000000000000e+03
3.686000000000000000e+03
3.690000000000000000e+03
3.707000000000000000e+03
3.730000000000000000e+03
3.685000000000000000e+03
3.784000000000000000e+03
3.792000000000000000e+03
3.783000000000000000e+03
3.821000000000000000e+03
3.866000000000000000e+03
3.824000000000000000e+03
3.849000000000000000e+03
3.862000000000000000e+03
3.887000000000000000e+03
3.957000000000000000e+03
3.916000000000000000e+03
3.998000000000000000e+03
3.965000000000000000e+03
3.931000000000000000e+03
4.043000000000000000e+03
4.001000000000000000e+03
4.005000000000000000e+03
4.103000000000000000e+03
4.075000000000000000e+03
4.034000000000000000e+03
4.026000000000000000e+03
4.178000000000000000e+03
4.106000000000000000e+03
4.151000000000000000e+03
4.212000000000000000e+03
4.229000000000000000e+03
4.240000000000000000e+03
4.204000000000000000e+03
4.271000000000000000e+03
4.229000000000000000e+03
4.271000000000000000e+03
4.325000000000000000e+03
4.252000000000000000e+03
4.283000000000000000e+03
4.263000000000000000e+03
4.235000000000000000e+03
4.266000000000000000e+03
4.289000000000000000e+03
4.307000000000000000e+03
4.250000000000000000e+03
4.343000000000000000e+03
4.381000000000000000e+03
4.326000000000000000e+03
4.299000000000000000e+03
4.332000000000000000e+03
4.391000000000000000e+03
4.314000000000000000e+03
4.321000000000000000e+03
4.379000000000000000e+03
4.413000000000000000e+03
4.335000000000000000e+03
4.388000000000000000e+03
4.422000000000000000e+03
4.423000000000000000e+03
4.426000000000000000e+03
4.422000000000000000e+03
4.433000000000000000e+03
4.389000000000000000e+03
4.538000000000000000e+03
4.441000000000000000e+03
4.441000000000000000e+03
4.379000000000000000e+03
4.487000000000000000e+03
4.445000000000000000e+03
4.462000000000000000e+03
4.571000000000000000e+03
4.547000000000000000e+03
4.575000000000000000e+03
4.535000000000000000e+03
4.440000000000000000e+03
4.519000000000000000e+03
4.522000000000000000e+03
4.570000000000000000e+03
4.511000000000000000e+03
4.516000000000000000e+03
4.542000000000000000e+03
4.520000000000000000e+03
4.601000000000000000e+03
4.574000000000000000e+03
4.589000000000000000e+03
4.604000000000000000e+03
4.608000000000000000e+03
4.559000000000000000e+03
4.501000000000000000e+03
4.650000000000000000e+03
4.525000000000000000e+03
4.549000000000000000e+03
4.610000000000000000e+03
4.567000000000000000e+03
4.596000000000000000e+03
4.574000000000000000e+03
4.591000000000000000e+03
4.652000000000000000e+03
4.654000000000000000e+03
4.592000000000000000e+03
4.504000000000000000e+03
4.567000000000000000e+03
4.573000000000000000e+03
4.552000000000000000e+03
4.552000000000000000e+03
4.536000000000000000e+03
4.643000000000000000e+03
4.574000000000000000e+03
4.661000000000000000e+03
4.585000000000000000e+03
4.565000000000000000e+03
4.614000000000000000e+03
4.593000000000000000e+03
4.643000000000000000e+03
4.631000000000000000e+03
4.575000000000000000e+03
4.657000000000000000e+03
4.598000000000000000e+03
4.583000000000000000e+03
4.646000000000000000e+03
4.631000000000000000e+03
4.643000000000000000e+03
4.637000000000000000e+03
4.630000000000000000e+03
4.680000000000000000e+03
4.670000000000000000e+03
4.702000000000000000e+03
4.614000000000000000e+03
4.641000000000000000e+03
4.685000000000000000e+03
4.609000000000000000e+03
4.705000000000000000e+03
4.708000000000000000e+03
4.643000000000000000e+03
4.727000000000000000e+03
4.758000000000000000e+03
4.714000000000000000e+03
4.765000000000000000e+03
4.706000000000000000e+03
4.646000000000000000e+03
4.725000000000000000e+03
4.768000000000000000e+03
4.735000000000000000e+03
4.697000000000000000e+03
4.713000000000000000e+03
4.659000000000000000e+03
4.777000000000000000e+03
4.747000000000000000e+03
4.798000000000000000e+03
4.794000000000000000e+03
4.798000000000000000e+03
4.831000000000000000e+03
4.795000000000000000e+03
4.860000000000000000e+03
4.773000000000000000e+03
4.769000000000000000e+03
4.786000000000000000e+03
4.834000000000000000e+03
4.797000000000000000e+03
4.758000000000000000e+03
4.831000000000000000e+03
4.872000000000000000e+03
4.820000000000000000e+03
4.846000000000000000e+03
4.801000000000000000e+03
4.922000000000000000e+03
4.813000000000000000e+03
4.877000000000000000e+03
4.892000000000000000e+03
4.803000000000000000e+03
4.841000000000000000e+03
4.766000000000000000e+03
4.939000000000000000e+03
4.828000000000000000e+03
4.851000000000000000e+03
4.894000000000000000e+03
4.844000000000000000e+03
4.795000000000000000e+03
4.801000000000000000e+03
4.806000000000000000e+03
4.873000000000000000e+03
4.748000000000000000e+03
4.923000000000000000e+03
4.927000000000000000e+03
4.845000000000000000e+03
4.915000000000000000e+03
4.908000000000000000e+03
4.990000000000000000e+03
4.930000000000000000e+03
4.938000000000000000e+03
4.915000000000000000e+03
4.908000000000000000e+03
4.992000000000000000e+03
5.052000000000000000e+03
4.876000000000000000e+03
4.934000000000000000e+03
5.005000000000000000e+03
4.964000000000000000e+03
4.957000000000000000e+03
4.945000000000000000e+03
4.965000000000000000e+03
4.982000000000000000e+03
4.965000000000000000e+03
4.947000000000000000e+03
5.015000000000000000e+03
4.979000000000000000e+03
4.992000000000000000e+03
5.011000000000000000e+03
4.963000000000000000e+03
4.994000000000000000e+03
5.007000000000000000e+03
4.956000000000000000e+03
4.995000000000000000e+03
4.990000000000000000e+03
4.973000000000000000e+03
4.935000000000000000e+03
4.889000000000000000e+03
5.070000000000000000e+03
5.024000000000000000e+03
5.038000000000000000e+03
5.031000000000000000e+03
4.966000000000000000e+03
4.949000000000000000e+03
4.981000000000000000e+03
5.028000000000000000e+03
5.019000000000000000e+03
4.964000000000000000e+03
5.050000000000000000e+03
5.027000000000000000e+03
4.996000000000000000e+03
5.006000000000000000e+03
4.992000000000000000e+03
5.028000000000000000e+03
4.982000000000000000e+03
4.957000000000000000e+03
5.012000000000000000e+03
4.997000000000000000e+03
4.965000000000000000e+03
4.953000000000000000e+03
4.979000000000000000e+03
5.049000000000000000e+03
4.935000000000000000e+03
4.918000000000000000e+03
4.918000000000000000e+03
4.986000000000000000e+03
4.958000000000000000e+03
4.959000000000000000e+03
5.004000000000000000e+03
4.932000000000000000e+03
4.936000000000000000e+03
4.908000000000000000e+03
4.927000000000000000e+03
4.965000000000000000e+03
4.896000000000000000e+03
4.860000000000000000e+03
4.900000000000000000e+03
4.807000000000000000e+03
4.883000000000000000e+03
4.913000000000000000e+03
4.933000000000000000e+03
4.796000000000000000e+03
4.843000000000000000e+03
4.879000000000000000e+03
4.810000000000000000e+03
4.859000000000000000e+03
4.845000000000000000e+03
4.834000000000000000e+03
4.826000000000000000e+03
4.936000000000000000e+03
4.903000000000000000e+03
4.859000000000000000e+03
4.748000000000000000e+03
4.768000000000000000e+03
4.820000000000000000e+03
4.779000000000000000e+03
4.839000000000000000e+03
4.664000000000000000e+03
4.749000000000000000e+03
4.704000000000000000e+03
4.823000000000000000e+03
4.670000000000000000e+03
4.748000000000000000e+03
4.767000000000000000e+03
4.608000000000000000e+03
4.766000000000000000e+03
4.600000000000000000e+03
4.696000000000000000e+03
4.666000000000000000e+03
4.625000000000000000e+03
4.668000000000000000e+03
4.688000000000000000e+03
4.616000000000000000e+03
4.569000000000000000e+03
4.627000000000000000e+03
4.580000000000000000e+03
4.621000000000000000e+03
4.624000000000000000e+03
4.583000000000000000e+03
4.658000000000000000e+03
4.580000000000000000e+03
4.547000000000000000e+03
4.505000000000000000e+03
4.570000000000000000e+03
4.560000000000000000e+03
4.525000000000000000e+03
4.539000000000000000e+03
4.551000000000000000e+03
4.417000000000000000e+03
4.480000000000000000e+03
4.498000000000000000e+03
4.510000000000000000e+03
4.475000000000000000e+03
4.411000000000000000e+03
4.356000000000000000e+03
4.524000000000000000e+03
4.484000000000000000e+03
4.483000000000000000e+03
4.314000000000000000e+03
4.376000000000000000e+03
4.428000000000000000e+03
4.424000000000000000e+03
4.391000000000000000e+03
4.320000000000000000e+03
4.333000000000000000e+03
4.360000000000000000e+03
4.292000000000000000e+03
4.315000000000000000e+03
4.425000000000000000e+03
4.235000000000000000e+03
4.309000000000000000e+03
4.361000000000000000e+03
4.315000000000000000e+03
4.299000000000000000e+03
4.358000000000000000e+03
4.334000000000000000e+03
4.274000000000000000e+03
4.286000000000000000e+03
4.322000000000000000e+03
4.277000000000000000e+03
4.233000000000000000e+03
4.245000000000000000e+03
4.297000000000000000e+03
4.276000000000000000e+03
4.294000000000000000e+03
4.302000000000000000e+03
4.315000000000000000e+03
4.166000000000000000e+03
4.321000000000000000e+03
4.237000000000000000e+03
4.213000000000000000e+03
4.202000000000000000e+03
4.257000000000000000e+03
4.199000000000000000e+03
4.234000000000000000e+03
4.147000000000000000e+03
4.241000000000000000e+03
4.210000000000000000e+03
4.199000000000000000e+03
4.188000000000000000e+03
4.279000000000000000e+03
4.126000000000000000e+03
4.209000000000000000e+03
4.226000000000000000e+03
4.104000000000000000e+03
4.123000000000000000e+03
4.132000000000000000e+03
4.062000000000000000e+03
4.096000000000000000e+03
4.133000000000000000e+03
4.119000000000000000e+03
4.052000000000000000e+03
4.120000000000000000e+03
4.085000000000000000e+03
4.038000000000000000e+03
4.086000000000000000e+03
4.000000000000000000e+03
4.012000000000000000e+03
4.086000000000000000e+03
4.029000000000000000e+03
4.016000000000000000e+03
4.060000000000000000e+03
4.016000000000000000e+03
4.052000000000000000e+03
3.999000000000000000e+03
3.992000000000000000e+03
3.965000000000000000e+03
4.021000000000000000e+03
4.009000000000000000e+03
4.030000000000000000e+03
4.061000000000000000e+03
3.970000000000000000e+03
4.007000000000000000e+03
3.926000000000000000e+03
4.024000000000000000e+03
3.951000000000000000e+03
3.921000000000000000e+03
3.943000000000000000e+03
3.953000000000000000e+03
3.964000000000000000e+03
3.862000000000000000e+03
3.914000000000000000e+03
3.935000000000000000e+03
3.903000000000000000e+03
3.904000000000000000e+03
3.880000000000000000e+03
3.840000000000000000e+03
3.915000000000000000e+03
3.879000000000000000e+03
3.864000000000000000e+03
3.824000000000000000e+03
3.813000000000000000e+03
3.858000000000000000e+03
3.762000000000000000e+03
3.840000000000000000e+03
3.828000000000000000e+03
3.807000000000000000e+03
3.848000000000000000e+03
3.733000000000000000e+03
3.708000000000000000e+03
3.964000000000000000e+03
3.855000000000000000e+03
3.748000000000000000e+03
3.686000000000000000e+03
3.716000000000000000e+03
3.713000000000000000e+03
3.699000000000000000e+03
3.708000000000000000e+03
3.685000000000000000e+03
3.672000000000000000e+03
3.723000000000000000e+03
3.686000000000000000e+03
3.664000000000000000e+03
3.675000000000000000e+03
3.773000000000000000e+03
3.663000000000000000e+03
3.629000000000000000e+03
3.608000000000000000e+03
3.670000000000000000e+03
3.654000000000000000e+03
3.639000000000000000e+03
3.678000000000000000e+03
3.625000000000000000e+03
3.565000000000000000e+03
3.605000000000000000e+03
3.698000000000000000e+03
3.541000000000000000e+03
3.554000000000000000e+03
3.467000000000000000e+03
3.546000000000000000e+03
3.564000000000000000e+03
3.587000000000000000e+03
3.557000000000000000e+03
3.558000000000000000e+03
3.472000000000000000e+03
3.553000000000000000e+03
3.411000000000000000e+03
3.535000000000000000e+03
3.457000000000000000e+03
3.445000000000000000e+03
3.427000000000000000e+03
3.343000000000000000e+03
3.378000000000000000e+03
3.446000000000000000e+03
3.390000000000000000e+03
3.362000000000000000e+03
3.407000000000000000e+03
3.416000000000000000e+03
3.340000000000000000e+03
3.393000000000000000e+03
3.301000000000000000e+03
3.322000000000000000e+03
3.244000000000000000e+03
3.209000000000000000e+03
3.307000000000000000e+03
3.291000000000000000e+03
3.177000000000000000e+03
3.277000000000000000e+03
3.246000000000000000e+03
3.258000000000000000e+03
3.219000000000000000e+03
3.182000000000000000e+03
3.154000000000000000e+03
3.161000000000000000e+03
3.188000000000000000e+03
3.138000000000000000e+03
3.209000000000000000e+03
3.161000000000000000e+03
3.099000000000000000e+03
3.104000000000000000e+03
3.068000000000000000e+03
3.091000000000000000e+03
3.063000000000000000e+03
3.019000000000000000e+03
2.993000000000000000e+03
3.057000000000000000e+03
2.954000000000000000e+03
2.934000000000000000e+03
3.007000000000000000e+03
3.054000000000000000e+03
2.970000000000000000e+03
2.925000000000000000e+03
2.916000000000000000e+03
2.895000000000000000e+03
2.888000000000000000e+03
2.956000000000000000e+03
2.922000000000000000e+03
2.881000000000000000e+03
2.950000000000000000e+03
2.873000000000000000e+03
2.932000000000000000e+03
2.852000000000000000e+03
2.811000000000000000e+03
2.832000000000000000e+03
2.847000000000000000e+03
2.840000000000000000e+03
2.876000000000000000e+03
2.823000000000000000e+03
2.780000000000000000e+03
2.766000000000000000e+03
2.793000000000000000e+03
2.773000000000000000e+03
2.819000000000000000e+03
2.809000000000000000e+03
2.732000000000000000e+03
2.798000000000000000e+03
2.703000000000000000e+03
2.723000000000000000e+03
2.730000000000000000e+03
2.740000000000000000e+03
2.672000000000000000e+03
2.751000000000000000e+03
2.666000000000000000e+03
2.733000000000000000e+03
2.741000000000000000e+03
2.733000000000000000e+03
2.686000000000000000e+03
2.669000000000000000e+03
2.734000000000000000e+03
2.618000000000000000e+03
