1.552000000000000000e+03
1.546000000000000000e+03
1.566000000000000000e+03
1.616000000000000000e+03
1.573000000000000000e+03
1.605000000000000000e+03
1.624000000000000000e+03
1.556000000000000000e+03
1.624000000000000000e+03
1.610000000000000000e+03
1.651000000000000000e+03
1.589000000000000000e+03
1.632000000000000000e+03
1.648000000000000000e+03
1.600000000000000000e+03
1.611000000000000000e+03
1.646000000000000000e+03
1.660000000000000000e+03
1.684000000000000000e+03
1.649000000000000000e+03
1.659000000000000000e+03
1.636000000000000000e+03
1.649000000000000000e+03
1.660000000000000000e+03
1.707000000000000000e+03
1.666000000000000000e+03
1.725000000000000000e+03
1.694000000000000000e+03
1.713000000000000000e+03
1.707000000000000000e+03
1.728000000000000000e+03
1.706000000000000000e+03
1.696000000000000000e+03
1.763000000000000000e+03
1.739000000000000000e+03
1.748000000000000000e+03
1.733000000000000000e+03
1.748000000000000000e+03
1.779000000000000000e+03
1.718000000000000000e+03
1.776000000000000000e+03
1.718000000000000000e+03
1.793000000000000000e+03
1.771000000000000000e+03
1.800000000000000000e+03
1.785000000000000000e+03
1.772000000000000000e+03
1.798000000000000000e+03
1.782000000000000000e+03
1.768000000000000000e+03
1.755000000000000000e+03
1.780000000000000000e+03
1.833000000000000000e+03
1.841000000000000000e+03
1.788000000000000000e+03
1.814000000000000000e+03
1.840000000000000000e+03
1.807000000000000000e+03
1.894000000000000000e+03
1.776000000000000000e+03
1.824000000000000000e+03
1.920000000000000000e+03
1.859000000000000000e+03
1.848000000000000000e+03
1.853000000000000000e+03
1.860000000000000000e+03
1.897000000000000000e+03
1.883000000000000000e+03
1.856000000000000000e+03
1.874000000000000000e+03
1.905000000000000000e+03
1.871000000000000000e+03
1.883000000000000000e+03
1.916000000000000000e+03
1.864000000000000000e+03
1.899000000000000000e+03
1.899000000000000000e+03
1.894000000000000000e+03
1.933000000000000000e+03
1.948000000000000000e+03
1.895000000000000000e+03
1.922000000000000000e+03
1.948000000000000000e+03
1.954000000000000000e+03
1.969000000000000000e+03
1.943000000000000000e+03
1.977000000000000000e+03
1.949000000000000000e+03
1.904000000000000000e+03
1.991000000000000000e+03
1.974000000000000000e+03
2.010000000000000000e+03
2.067000000000000000e+03
1.989000000000000000e+03
1.967000000000000000e+03
1.997000000000000000e+03
1.977000000000000000e+03
2.023000000000000000e+03
1.990000000000000000e+03
1.994000000000000000e+03
2.043000000000000000e+03
2.062000000000000000e+03
2.055000000000000000e+03
2.057000000000000000e+03
2.049000000000000000e+03
2.075000000000000000e+03
2.124000000000000000e+03
2.094000000000000000e+03
2.086000000000000000e+03
2.126000000000000000e+03
2.098000000000000000e+03
2.120000000000000000e+03
2.156000000000000000e+03
2.149000000000000000e+03
2.124000000000000000e+03
2.129000000000000000e+03
2.116000000000000000e+03
2.144000000000000000e+03
2.175000000000000000e+03
2.228000000000000000e+03
2.218000000000000000e+03
2.177000000000000000e+03
2.224000000000000000e+03
2.175000000000000000e+03
2.208000000000000000e+03
2.304000000000000000e+03
2.262000000000000000e+03
2.296000000000000000e+03
2.238000000000000000e+03
2.284000000000000000e+03
2.296000000000000000e+03
2.265000000000000000e+03
2.333000000000000000e+03
2.345000000000000000e+03
2.300000000000000000e+03
2.376000000000000000e+03
2.390000000000000000e+03
2.391000000000000000e+03
2.334000000000000000e+03
2.389000000000000000e+03
2.397000000000000000e+03
2.361000000000000000e+03
2.458000000000000000e+03
2.501000000000000000e+03
2.458000000000000000e+03
2.459000000000000000e+03
2.479000000000000000e+03
2.505000000000000000e+03
2.515000000000000000e+03
2.464000000000000000e+03
2.518000000000000000e+03
2.530000000000000000e+03
2.551000000000000000e+03
2.595000000000000000e+03
2.621000000000000000e+03
2.552000000000000000e+03
2.545000000000000000e+03
2.543000000000000000e+03
2.558000000000000000e+03
2.594000000000000000e+03
2.556000000000000000e+03
2.599000000000000000e+03
2.626000000000000000e+03
2.633000000000000000e+03
2.725000000000000000e+03
2.628000000000000000e+03
2.747000000000000000e+03
2.696000000000000000e+03
2.690000000000000000e+03
2.754000000000000000e+03
2.652000000000000000e+03
2.746000000000000000e+03
2.716000000000000000e+03
2.732000000000000000e+03
2.773000000000000000e+03
2.729000000000000000e+03
2.713000000000000000e+03
2.753000000000000000e+03
2.805000000000000000e+03
2.827000000000000000e+03
2.794000000000000000e+03
2.763000000000000000e+03
2.771000000000000000e+03
2.751000000000000000e+03
2.886000000000000000e+03
2.860000000000000000e+03
3.259000000000000000e+03
3.315000000000000000e+03
2.942000000000000000e+03
2.829000000000000000e+03
2.800000000000000000e+03
2.886000000000000000e+03
2.942000000000000000e+03
2.861000000000000000e+03
2.951000000000000000e+03
2.913000000000000000e+03
2.916000000000000000e+03
2.932000000000000000e+03
2.954000000000000000e+03
2.874000000000000000e+03
2.930000000000000000e+03
2.944000000000000000e+03
2.940000000000000000e+03
2.932000000000000000e+03
2.996000000000000000e+03
3.045000000000000000e+03
2.972000000000000000e+03
2.924000000000000000e+03
2.985000000000000000e+03
3.017000000000000000e+03
3.015000000000000000e+03
3.053000000000000000e+03
3.077000000000000000e+03
3.018000000000000000e+03
3.151000000000000000e+03
3.086000000000000000e+03
3.199000000000000000e+03
3.182000000000000000e+03
3.176000000000000000e+03
3.151000000000000000e+03
3.212000000000000000e+03
3.235000000000000000e+03
3.200000000000000000e+03
3.153000000000000000e+03
3.270000000000000000e+03
3.237000000000000000e+03
3.354000000000000000e+03
3.293000000000000000e+03
3.318000000000000000e+03
3.345000000000000000e+03
3.295000000000000000e+03
3.385000000000000000e+03
3.390000000000000000e+03
3.357000000000000000e+03
3.371000000000000000e+03
3.386000000000000000e+03
3.359000000000000000e+03
3.361000000000000000e+03
3.439000000000000000e+03
3.467000000000000000e+03
3.508000000000000000e+03
3.555000000000000000e+03
3.482000000000000000e+03
3.483000000000000000e+03
3.571000000000000000e+03
3.577000000000000000e+03
3.611000000000000000e+03
3.556000000000000000e+03
3.487000000000000000e+03
3.614000000000000000e+03
3.622000000000000000e+03
3.618000000000000000e+03
3.680000000000000000e+03
3.611000000000000000e+03
3.684000000000000000e+03
3.692000000000000000e+03
3.717000000000000000e+03
3.729000000000000000e+03
3.786000000000000000e+03
3.885000000000000000e+03
3.808000000000000000e+03
3.726000000000000000e+03
3.711000000000000000e+03
3.884000000000000000e+03
3.874000000000000000e+03
3.788000000000000000e+03
3.808000000000000000e+03
3.919000000000000000e+03
3.908000000000000000e+03
3.876000000000000000e+03
3.837000000000000000e+03
3.808000000000000000e+03
3.935000000000000000e+03
3.853000000000000000e+03
3.845000000000000000e+03
3.862000000000000000e+03
3.908000000000000000e+03
3.850000000000000000e+03
3.926000000000000000e+03
3.923000000000000000e+03
3.889000000000000000e+03
3.924000000000000000e+03
3.861000000000000000e+03
3.872000000000000000e+03
4.034000000000000000e+03
3.918000000000000000e+03
3.869000000000000000e+03
3.978000000000000000e+03
4.025000000000000000e+03
3.972000000000000000e+03
3.889000000000000000e+03
3.990000000000000000e+03
3.964000000000000000e+03
3.990000000000000000e+03
3.985000000000000000e+03
3.966000000000000000e+03
4.053000000000000000e+03
4.029000000000000000e+03
4.024000000000000000e+03
4.035000000000000000e+03
4.088000000000000000e+03
4.079000000000000000e+03
4.050000000000000000e+03
4.061000000000000000e+03
4.003000000000000000e+03
4.020000000000000000e+03
4.022000000000000000e+03
4.065000000000000000e+03
4.015000000000000000e+03
4.059000000000000000e+03
4.056000000000000000e+03
4.065000000000000000e+03
4.070000000000000000e+03
4.074000000000000000e+03
4.006000000000000000e+03
4.112000000000000000e+03
4.075000000000000000e+03
4.073000000000000000e+03
4.061000000000000000e+03
3.989000000000000000e+03
4.092000000000000000e+03
4.195000000000000000e+03
4.127000000000000000e+03
4.051000000000000000e+03
4.015000000000000000e+03
4.036000000000000000e+03
4.051000000000000000e+03
4.098000000000000000e+03
4.102000000000000000e+03
4.095000000000000000e+03
4.053000000000000000e+03
4.095000000000000000e+03
4.105000000000000000e+03
4.173000000000000000e+03
4.139000000000000000e+03
4.102000000000000000e+03
4.111000000000000000e+03
4.110000000000000000e+03
4.155000000000000000e+03
4.090000000000000000e+03
4.117000000000000000e+03
4.059000000000000000e+03
4.116000000000000000e+03
4.147000000000000000e+03
4.189000000000000000e+03
4.135000000000000000e+03
4.103000000000000000e+03
4.093000000000000000e+03
4.135000000000000000e+03
4.191000000000000000e+03
4.194000000000000000e+03
4.183000000000000000e+03
4.174000000000000000e+03
4.159000000000000000e+03
4.095000000000000000e+03
4.140000000000000000e+03
4.171000000000000000e+03
4.193000000000000000e+03
4.206000000000000000e+03
4.215000000000000000e+03
4.164000000000000000e+03
4.162000000000000000e+03
4.098000000000000000e+03
4.160000000000000000e+03
4.203000000000000000e+03
4.184000000000000000e+03
4.236000000000000000e+03
4.136000000000000000e+03
4.184000000000000000e+03
4.306000000000000000e+03
4.208000000000000000e+03
4.204000000000000000e+03
4.272000000000000000e+03
4.296000000000000000e+03
4.268000000000000000e+03
4.225000000000000000e+03
4.224000000000000000e+03
4.265000000000000000e+03
4.297000000000000000e+03
4.284000000000000000e+03
4.334000000000000000e+03
4.285000000000000000e+03
4.310000000000000000e+03
4.303000000000000000e+03
4.337000000000000000e+03
4.245000000000000000e+03
4.334000000000000000e+03
4.284000000000000000e+03
4.354000000000000000e+03
4.318000000000000000e+03
4.355000000000000000e+03
4.333000000000000000e+03
4.417000000000000000e+03
4.340000000000000000e+03
4.320000000000000000e+03
4.434000000000000000e+03
4.407000000000000000e+03
4.411000000000000000e+03
4.389000000000000000e+03
4.336000000000000000e+03
4.377000000000000000e+03
4.442000000000000000e+03
4.438000000000000000e+03
4.371000000000000000e+03
4.349000000000000000e+03
4.375000000000000000e+03
4.389000000000000000e+03
4.364000000000000000e+03
4.295000000000000000e+03
4.387000000000000000e+03
4.390000000000000000e+03
4.442000000000000000e+03
4.340000000000000000e+03
4.395000000000000000e+03
4.427000000000000000e+03
4.404000000000000000e+03
4.505000000000000000e+03
4.473000000000000000e+03
4.435000000000000000e+03
4.502000000000000000e+03
4.492000000000000000e+03
4.551000000000000000e+03
4.526000000000000000e+03
4.522000000000000000e+03
4.524000000000000000e+03
4.516000000000000000e+03
4.487000000000000000e+03
4.625000000000000000e+03
4.560000000000000000e+03
4.561000000000000000e+03
4.497000000000000000e+03
4.486000000000000000e+03
4.538000000000000000e+03
4.557000000000000000e+03
4.550000000000000000e+03
4.603000000000000000e+03
4.508000000000000000e+03
4.569000000000000000e+03
4.503000000000000000e+03
4.528000000000000000e+03
4.554000000000000000e+03
4.545000000000000000e+03
4.574000000000000000e+03
4.450000000000000000e+03
4.500000000000000000e+03
4.597000000000000000e+03
4.598000000000000000e+03
4.521000000000000000e+03
4.520000000000000000e+03
4.541000000000000000e+03
4.578000000000000000e+03
4.552000000000000000e+03
4.591000000000000000e+03
4.513000000000000000e+03
4.538000000000000000e+03
4.497000000000000000e+03
4.484000000000000000e+03
4.571000000000000000e+03
4.571000000000000000e+03
4.541000000000000000e+03
4.423000000000000000e+03
4.556000000000000000e+03
4.531000000000000000e+03
4.575000000000000000e+03
4.579000000000000000e+03
4.506000000000000000e+03
4.585000000000000000e+03
4.510000000000000000e+03
4.443000000000000000e+03
4.482000000000000000e+03
4.536000000000000000e+03
4.454000000000000000e+03
4.544000000000000000e+03
4.459000000000000000e+03
4.480000000000000000e+03
4.501000000000000000e+03
4.416000000000000000e+03
4.504000000000000000e+03
4.459000000000000000e+03
4.493000000000000000e+03
4.426000000000000000e+03
4.384000000000000000e+03
4.369000000000000000e+03
4.450000000000000000e+03
4.462000000000000000e+03
4.417000000000000000e+03
4.469000000000000000e+03
4.426000000000000000e+03
4.345000000000000000e+03
4.373000000000000000e+03
4.375000000000000000e+03
4.407000000000000000e+03
4.436000000000000000e+03
4.423000000000000000e+03
4.290000000000000000e+03
4.311000000000000000e+03
4.322000000000000000e+03
4.321000000000000000e+03
4.363000000000000000e+03
4.385000000000000000e+03
4.407000000000000000e+03
4.404000000000000000e+03
4.322000000000000000e+03
4.427000000000000000e+03
4.398000000000000000e+03
4.411000000000000000e+03
4.200000000000000000e+03
4.280000000000000000e+03
4.222000000000000000e+03
4.189000000000000000e+03
4.246000000000000000e+03
4.232000000000000000e+03
4.276000000000000000e+03
4.240000000000000000e+03
4.294000000000000000e+03
4.240000000000000000e+03
4.248000000000000000e+03
4.217000000000000000e+03
4.240000000000000000e+03
4.185000000000000000e+03
4.221000000000000000e+03
4.097000000000000000e+03
4.183000000000000000e+03
4.137000000000000000e+03
4.207000000000000000e+03
4.135000000000000000e+03
4.150000000000000000e+03
4.154000000000000000e+03
4.123000000000000000e+03
4.139000000000000000e+03
4.170000000000000000e+03
4.116000000000000000e+03
4.012000000000000000e+03
4.095000000000000000e+03
4.086000000000000000e+03
4.121000000000000000e+03
4.032000000000000000e+03
3.969000000000000000e+03
4.086000000000000000e+03
4.017000000000000000e+03
3.946000000000000000e+03
3.997000000000000000e+03
4.031000000000000000e+03
3.989000000000000000e+03
3.995000000000000000e+03
4.949000000000000000e+03
3.983000000000000000e+03
3.911000000000000000e+03
3.927000000000000000e+03
3.935000000000000000e+03
3.987000000000000000e+03
3.850000000000000000e+03
3.934000000000000000e+03
3.919000000000000000e+03
3.938000000000000000e+03
3.951000000000000000e+03
3.948000000000000000e+03
3.925000000000000000e+03
3.931000000000000000e+03
3.861000000000000000e+03
3.963000000000000000e+03
3.852000000000000000e+03
3.871000000000000000e+03
3.814000000000000000e+03
3.870000000000000000e+03
3.818000000000000000e+03
3.840000000000000000e+03
3.898000000000000000e+03
3.876000000000000000e+03
3.848000000000000000e+03
3.836000000000000000e+03
3.868000000000000000e+03
3.780000000000000000e+03
3.872000000000000000e+03
3.840000000000000000e+03
3.800000000000000000e+03
3.825000000000000000e+03
3.873000000000000000e+03
3.812000000000000000e+03
3.768000000000000000e+03
3.753000000000000000e+03
3.795000000000000000e+03
3.770000000000000000e+03
3.765000000000000000e+03
3.749000000000000000e+03
3.798000000000000000e+03
3.718000000000000000e+03
3.689000000000000000e+03
3.711000000000000000e+03
3.743000000000000000e+03
3.760000000000000000e+03
3.760000000000000000e+03
3.706000000000000000e+03
3.783000000000000000e+03
3.763000000000000000e+03
3.673000000000000000e+03
3.692000000000000000e+03
3.744000000000000000e+03
3.694000000000000000e+03
3.623000000000000000e+03
3.723000000000000000e+03
3.580000000000000000e+03
3.749000000000000000e+03
3.652000000000000000e+03
3.699000000000000000e+03
3.683000000000000000e+03
3.668000000000000000e+03
3.634000000000000000e+03
3.673000000000000000e+03
3.658000000000000000e+03
3.615000000000000000e+03
3.596000000000000000e+03
3.624000000000000000e+03
3.635000000000000000e+03
3.660000000000000000e+03
3.595000000000000000e+03
3.664000000000000000e+03
3.593000000000000000e+03
3.635000000000000000e+03
3.524000000000000000e+03
3.563000000000000000e+03
3.604000000000000000e+03
3.563000000000000000e+03
3.538000000000000000e+03
3.576000000000000000e+03
3.499000000000000000e+03
3.609000000000000000e+03
3.602000000000000000e+03
3.484000000000000000e+03
3.537000000000000000e+03
3.474000000000000000e+03
3.563000000000000000e+03
3.548000000000000000e+03
3.480000000000000000e+03
3.534000000000000000e+03
3.500000000000000000e+03
3.531000000000000000e+03
3.497000000000000000e+03
3.456000000000000000e+03
3.500000000000000000e+03
3.521000000000000000e+03
3.407000000000000000e+03
3.434000000000000000e+03
3.453000000000000000e+03
3.432000000000000000e+03
3.426000000000000000e+03
3.442000000000000000e+03
3.396000000000000000e+03
3.431000000000000000e+03
3.397000000000000000e+03
3.400000000000000000e+03
3.457000000000000000e+03
3.368000000000000000e+03
3.355000000000000000e+03
3.335000000000000000e+03
3.413000000000000000e+03
3.379000000000000000e+03
3.356000000000000000e+03
3.386000000000000000e+03
3.370000000000000000e+03
3.331000000000000000e+03
3.354000000000000000e+03
3.332000000000000000e+03
3.296000000000000000e+03
3.425000000000000000e+03
3.242000000000000000e+03
3.284000000000000000e+03
3.284000000000000000e+03
3.276000000000000000e+03
3.287000000000000000e+03
3.201000000000000000e+03
3.257000000000000000e+03
3.232000000000000000e+03
3.261000000000000000e+03
3.215000000000000000e+03
3.215000000000000000e+03
3.271000000000000000e+03
3.148000000000000000e+03
3.219000000000000000e+03
3.187000000000000000e+03
3.158000000000000000e+03
3.159000000000000000e+03
3.084000000000000000e+03
3.179000000000000000e+03
3.166000000000000000e+03
3.172000000000000000e+03
3.094000000000000000e+03
3.053000000000000000e+03
3.047000000000000000e+03
3.060000000000000000e+03
3.104000000000000000e+03
3.124000000000000000e+03
3.031000000000000000e+03
3.095000000000000000e+03
2.984000000000000000e+03
3.029000000000000000e+03
3.049000000000000000e+03
2.955000000000000000e+03
2.967000000000000000e+03
3.041000000000000000e+03
3.035000000000000000e+03
2.943000000000000000e+03
2.966000000000000000e+03
2.943000000000000000e+03
2.975000000000000000e+03
3.015000000000000000e+03
2.923000000000000000e+03
2.924000000000000000e+03
2.879000000000000000e+03
2.878000000000000000e+03
2.899000000000000000e+03
2.778000000000000000e+03
2.872000000000000000e+03
2.847000000000000000e+03
2.853000000000000000e+03
2.843000000000000000e+03
2.788000000000000000e+03
2.769000000000000000e+03
2.803000000000000000e+03
2.767000000000000000e+03
2.747000000000000000e+03
2.797000000000000000e+03
2.699000000000000000e+03
2.679000000000000000e+03
2.735000000000000000e+03
2.739000000000000000e+03
2.739000000000000000e+03
2.694000000000000000e+03
2.711000000000000000e+03
2.695000000000000000e+03
2.634000000000000000e+03
2.687000000000000000e+03
2.676000000000000000e+03
2.702000000000000000e+03
2.650000000000000000e+03
2.684000000000000000e+03
2.595000000000000000e+03
2.673000000000000000e+03
2.672000000000000000e+03
2.517000000000000000e+03
2.625000000000000000e+03
2.547000000000000000e+03
2.615000000000000000e+03
2.553000000000000000e+03
2.599000000000000000e+03
2.551000000000000000e+03
2.523000000000000000e+03
2.527000000000000000e+03
2.507000000000000000e+03
2.563000000000000000e+03
2.471000000000000000e+03
2.499000000000000000e+03
2.458000000000000000e+03
2.479000000000000000e+03
2.455000000000000000e+03
2.463000000000000000e+03
2.423000000000000000e+03
2.512000000000000000e+03
2.422000000000000000e+03
2.450000000000000000e+03
2.451000000000000000e+03
2.402000000000000000e+03
2.388000000000000000e+03
2.408000000000000000e+03
2.336000000000000000e+03
