1.564000000000000000e+03
1.611000000000000000e+03
1.606000000000000000e+03
1.548000000000000000e+03
1.560000000000000000e+03
1.568000000000000000e+03
1.587000000000000000e+03
1.617000000000000000e+03
1.565000000000000000e+03
1.601000000000000000e+03
1.564000000000000000e+03
1.570000000000000000e+03
1.591000000000000000e+03
1.634000000000000000e+03
1.595000000000000000e+03
1.592000000000000000e+03
1.649000000000000000e+03
1.642000000000000000e+03
1.613000000000000000e+03
1.643000000000000000e+03
1.661000000000000000e+03
1.707000000000000000e+03
1.649000000000000000e+03
1.630000000000000000e+03
1.654000000000000000e+03
1.678000000000000000e+03
1.666000000000000000e+03
1.695000000000000000e+03
1.685000000000000000e+03
1.649000000000000000e+03
1.692000000000000000e+03
1.717000000000000000e+03
1.719000000000000000e+03
1.682000000000000000e+03
1.747000000000000000e+03
1.788000000000000000e+03
1.719000000000000000e+03
1.751000000000000000e+03
1.677000000000000000e+03
1.731000000000000000e+03
1.760000000000000000e+03
1.719000000000000000e+03
1.722000000000000000e+03
1.758000000000000000e+03
1.767000000000000000e+03
1.744000000000000000e+03
1.738000000000000000e+03
1.817000000000000000e+03
1.797000000000000000e+03
1.747000000000000000e+03
1.800000000000000000e+03
1.780000000000000000e+03
1.815000000000000000e+03
1.798000000000000000e+03
1.810000000000000000e+03
1.792000000000000000e+03
1.860000000000000000e+03
1.822000000000000000e+03
1.793000000000000000e+03
1.848000000000000000e+03
1.849000000000000000e+03
1.841000000000000000e+03
1.808000000000000000e+03
1.843000000000000000e+03
1.853000000000000000e+03
1.819000000000000000e+03
1.847000000000000000e+03
1.832000000000000000e+03
1.858000000000000000e+03
1.819000000000000000e+03
1.823000000000000000e+03
1.839000000000000000e+03
1.857000000000000000e+03
1.885000000000000000e+03
1.887000000000000000e+03
1.898000000000000000e+03
1.922000000000000000e+03
1.927000000000000000e+03
1.907000000000000000e+03
1.939000000000000000e+03
1.900000000000000000e+03
1.908000000000000000e+03
1.882000000000000000e+03
1.922000000000000000e+03
1.919000000000000000e+03
1.960000000000000000e+03
1.916000000000000000e+03
1.924000000000000000e+03
1.932000000000000000e+03
1.958000000000000000e+03
1.924000000000000000e+03
1.920000000000000000e+03
1.981000000000000000e+03
1.925000000000000000e+03
1.992000000000000000e+03
2.013000000000000000e+03
1.949000000000000000e+03
1.994000000000000000e+03
1.999000000000000000e+03
2.013000000000000000e+03
2.027000000000000000e+03
2.026000000000000000e+03
1.973000000000000000e+03
2.019000000000000000e+03
2.010000000000000000e+03
2.042000000000000000e+03
2.080000000000000000e+03
2.047000000000000000e+03
2.043000000000000000e+03
2.076000000000000000e+03
2.072000000000000000e+03
2.108000000000000000e+03
2.083000000000000000e+03
2.139000000000000000e+03
2.081000000000000000e+03
2.076000000000000000e+03
2.180000000000000000e+03
2.143000000000000000e+03
2.154000000000000000e+03
2.139000000000000000e+03
2.161000000000000000e+03
2.308000000000000000e+03
2.154000000000000000e+03
2.225000000000000000e+03
2.206000000000000000e+03
2.178000000000000000e+03
2.256000000000000000e+03
2.200000000000000000e+03
2.334000000000000000e+03
2.253000000000000000e+03
2.193000000000000000e+03
2.249000000000000000e+03
2.305000000000000000e+03
2.321000000000000000e+03
2.314000000000000000e+03
2.318000000000000000e+03
2.378000000000000000e+03
2.366000000000000000e+03
2.382000000000000000e+03
2.404000000000000000e+03
2.401000000000000000e+03
2.409000000000000000e+03
2.316000000000000000e+03
2.372000000000000000e+03
2.425000000000000000e+03
2.398000000000000000e+03
2.407000000000000000e+03
2.544000000000000000e+03
2.384000000000000000e+03
2.466000000000000000e+03
2.529000000000000000e+03
2.547000000000000000e+03
2.501000000000000000e+03
2.552000000000000000e+03
2.549000000000000000e+03
2.499000000000000000e+03
2.546000000000000000e+03
2.551000000000000000e+03
2.569000000000000000e+03
2.491000000000000000e+03
2.574000000000000000e+03
2.604000000000000000e+03
2.582000000000000000e+03
2.607000000000000000e+03
2.587000000000000000e+03
2.584000000000000000e+03
2.649000000000000000e+03
2.612000000000000000e+03
2.739000000000000000e+03
2.627000000000000000e+03
2.669000000000000000e+03
2.679000000000000000e+03
2.704000000000000000e+03
2.694000000000000000e+03
2.714000000000000000e+03
2.734000000000000000e+03
2.714000000000000000e+03
2.672000000000000000e+03
2.769000000000000000e+03
2.792000000000000000e+03
2.780000000000000000e+03
2.768000000000000000e+03
2.740000000000000000e+03
2.782000000000000000e+03
2.800000000000000000e+03
2.825000000000000000e+03
3.209000000000000000e+03
3.253000000000000000e+03
2.989000000000000000e+03
2.789000000000000000e+03
2.782000000000000000e+03
2.823000000000000000e+03
2.834000000000000000e+03
2.914000000000000000e+03
2.815000000000000000e+03
2.800000000000000000e+03
2.926000000000000000e+03
2.868000000000000000e+03
2.925000000000000000e+03
2.851000000000000000e+03
2.881000000000000000e+03
2.928000000000000000e+03
2.944000000000000000e+03
2.927000000000000000e+03
2.947000000000000000e+03
2.943000000000000000e+03
2.904000000000000000e+03
2.952000000000000000e+03
2.970000000000000000e+03
2.987000000000000000e+03
3.082000000000000000e+03
3.044000000000000000e+03
2.977000000000000000e+03
3.072000000000000000e+03
3.074000000000000000e+03
3.020000000000000000e+03
3.080000000000000000e+03
3.087000000000000000e+03
3.093000000000000000e+03
3.100000000000000000e+03
3.116000000000000000e+03
3.144000000000000000e+03
3.147000000000000000e+03
3.178000000000000000e+03
3.212000000000000000e+03
3.181000000000000000e+03
3.193000000000000000e+03
3.235000000000000000e+03
3.261000000000000000e+03
3.237000000000000000e+03
3.299000000000000000e+03
3.338000000000000000e+03
3.378000000000000000e+03
3.354000000000000000e+03
3.338000000000000000e+03
3.375000000000000000e+03
3.397000000000000000e+03
3.408000000000000000e+03
3.368000000000000000e+03
3.348000000000000000e+03
3.379000000000000000e+03
3.415000000000000000e+03
3.436000000000000000e+03
3.449000000000000000e+03
3.516000000000000000e+03
3.539000000000000000e+03
3.542000000000000000e+03
3.540000000000000000e+03
3.530000000000000000e+03
3.589000000000000000e+03
3.614000000000000000e+03
3.576000000000000000e+03
3.557000000000000000e+03
3.556000000000000000e+03
3.594000000000000000e+03
3.637000000000000000e+03
3.569000000000000000e+03
3.691000000000000000e+03
3.680000000000000000e+03
3.740000000000000000e+03
3.787000000000000000e+03
3.678000000000000000e+03
3.759000000000000000e+03
3.780000000000000000e+03
3.797000000000000000e+03
3.815000000000000000e+03
3.772000000000000000e+03
3.822000000000000000e+03
3.833000000000000000e+03
3.711000000000000000e+03
3.842000000000000000e+03
3.772000000000000000e+03
3.800000000000000000e+03
3.803000000000000000e+03
3.790000000000000000e+03
3.749000000000000000e+03
3.864000000000000000e+03
3.852000000000000000e+03
3.862000000000000000e+03
3.857000000000000000e+03
3.742000000000000000e+03
3.856000000000000000e+03
3.861000000000000000e+03
3.845000000000000000e+03
3.935000000000000000e+03
3.885000000000000000e+03
3.856000000000000000e+03
3.847000000000000000e+03
3.910000000000000000e+03
3.898000000000000000e+03
3.931000000000000000e+03
3.917000000000000000e+03
3.839000000000000000e+03
3.961000000000000000e+03
3.981000000000000000e+03
3.898000000000000000e+03
3.910000000000000000e+03
3.938000000000000000e+03
3.934000000000000000e+03
3.919000000000000000e+03
3.908000000000000000e+03
3.957000000000000000e+03
3.968000000000000000e+03
3.925000000000000000e+03
4.179000000000000000e+03
4.013000000000000000e+03
4.050000000000000000e+03
4.021000000000000000e+03
4.031000000000000000e+03
4.062000000000000000e+03
4.039000000000000000e+03
4.024000000000000000e+03
4.038000000000000000e+03
3.930000000000000000e+03
4.009000000000000000e+03
4.006000000000000000e+03
4.008000000000000000e+03
4.137000000000000000e+03
3.976000000000000000e+03
4.066000000000000000e+03
4.072000000000000000e+03
4.061000000000000000e+03
4.059000000000000000e+03
4.081000000000000000e+03
4.025000000000000000e+03
4.080000000000000000e+03
4.015000000000000000e+03
4.054000000000000000e+03
4.078000000000000000e+03
4.035000000000000000e+03
4.084000000000000000e+03
4.071000000000000000e+03
3.981000000000000000e+03
4.124000000000000000e+03
4.042000000000000000e+03
4.061000000000000000e+03
4.011000000000000000e+03
4.059000000000000000e+03
4.068000000000000000e+03
4.117000000000000000e+03
4.074000000000000000e+03
4.095000000000000000e+03
4.055000000000000000e+03
4.081000000000000000e+03
4.070000000000000000e+03
4.020000000000000000e+03
3.987000000000000000e+03
4.082000000000000000e+03
4.118000000000000000e+03
4.105000000000000000e+03
4.145000000000000000e+03
4.046000000000000000e+03
4.104000000000000000e+03
4.120000000000000000e+03
4.142000000000000000e+03
4.159000000000000000e+03
4.172000000000000000e+03
4.168000000000000000e+03
4.076000000000000000e+03
4.193000000000000000e+03
4.114000000000000000e+03
4.140000000000000000e+03
4.137000000000000000e+03
4.105000000000000000e+03
4.122000000000000000e+03
4.116000000000000000e+03
4.221000000000000000e+03
4.210000000000000000e+03
4.194000000000000000e+03
4.188000000000000000e+03
4.253000000000000000e+03
4.194000000000000000e+03
4.221000000000000000e+03
4.196000000000000000e+03
4.160000000000000000e+03
4.183000000000000000e+03
4.177000000000000000e+03
4.219000000000000000e+03
4.192000000000000000e+03
4.228000000000000000e+03
4.267000000000000000e+03
4.147000000000000000e+03
4.259000000000000000e+03
4.308000000000000000e+03
4.245000000000000000e+03
4.286000000000000000e+03
4.279000000000000000e+03
4.311000000000000000e+03
4.296000000000000000e+03
4.314000000000000000e+03
4.260000000000000000e+03
4.350000000000000000e+03
4.347000000000000000e+03
4.373000000000000000e+03
4.345000000000000000e+03
4.361000000000000000e+03
4.372000000000000000e+03
4.335000000000000000e+03
4.298000000000000000e+03
4.303000000000000000e+03
4.355000000000000000e+03
4.332000000000000000e+03
4.367000000000000000e+03
4.332000000000000000e+03
4.355000000000000000e+03
4.351000000000000000e+03
4.380000000000000000e+03
4.319000000000000000e+03
4.348000000000000000e+03
4.262000000000000000e+03
4.374000000000000000e+03
4.264000000000000000e+03
4.282000000000000000e+03
4.313000000000000000e+03
4.337000000000000000e+03
4.385000000000000000e+03
4.388000000000000000e+03
4.301000000000000000e+03
4.411000000000000000e+03
4.322000000000000000e+03
4.479000000000000000e+03
4.480000000000000000e+03
4.406000000000000000e+03
4.434000000000000000e+03
4.468000000000000000e+03
4.354000000000000000e+03
4.521000000000000000e+03
4.428000000000000000e+03
4.457000000000000000e+03
4.509000000000000000e+03
4.436000000000000000e+03
4.510000000000000000e+03
4.449000000000000000e+03
4.451000000000000000e+03
4.535000000000000000e+03
4.436000000000000000e+03
4.456000000000000000e+03
4.474000000000000000e+03
4.446000000000000000e+03
4.446000000000000000e+03
4.472000000000000000e+03
4.497000000000000000e+03
4.536000000000000000e+03
4.444000000000000000e+03
4.488000000000000000e+03
4.512000000000000000e+03
4.463000000000000000e+03
4.433000000000000000e+03
4.513000000000000000e+03
4.492000000000000000e+03
4.496000000000000000e+03
4.479000000000000000e+03
4.411000000000000000e+03
4.570000000000000000e+03
4.505000000000000000e+03
4.500000000000000000e+03
4.451000000000000000e+03
4.491000000000000000e+03
4.532000000000000000e+03
4.479000000000000000e+03
4.416000000000000000e+03
4.487000000000000000e+03
4.490000000000000000e+03
4.513000000000000000e+03
4.554000000000000000e+03
4.437000000000000000e+03
4.455000000000000000e+03
4.413000000000000000e+03
4.494000000000000000e+03
4.488000000000000000e+03
4.398000000000000000e+03
4.502000000000000000e+03
4.442000000000000000e+03
4.384000000000000000e+03
4.453000000000000000e+03
4.445000000000000000e+03
4.432000000000000000e+03
4.385000000000000000e+03
4.376000000000000000e+03
4.374000000000000000e+03
4.426000000000000000e+03
4.364000000000000000e+03
4.370000000000000000e+03
4.429000000000000000e+03
4.400000000000000000e+03
4.421000000000000000e+03
4.365000000000000000e+03
4.365000000000000000e+03
4.419000000000000000e+03
4.448000000000000000e+03
4.347000000000000000e+03
4.343000000000000000e+03
4.358000000000000000e+03
4.366000000000000000e+03
4.308000000000000000e+03
4.311000000000000000e+03
4.379000000000000000e+03
4.309000000000000000e+03
4.288000000000000000e+03
4.253000000000000000e+03
4.319000000000000000e+03
4.243000000000000000e+03
4.287000000000000000e+03
4.256000000000000000e+03
4.222000000000000000e+03
4.274000000000000000e+03
4.271000000000000000e+03
4.231000000000000000e+03
4.200000000000000000e+03
4.268000000000000000e+03
4.233000000000000000e+03
4.198000000000000000e+03
4.186000000000000000e+03
4.185000000000000000e+03
4.189000000000000000e+03
4.154000000000000000e+03
4.085000000000000000e+03
4.144000000000000000e+03
4.155000000000000000e+03
4.070000000000000000e+03
4.032000000000000000e+03
4.139000000000000000e+03
4.052000000000000000e+03
4.075000000000000000e+03
4.081000000000000000e+03
4.036000000000000000e+03
4.059000000000000000e+03
4.061000000000000000e+03
4.019000000000000000e+03
3.994000000000000000e+03
4.012000000000000000e+03
4.059000000000000000e+03
4.042000000000000000e+03
4.091000000000000000e+03
4.032000000000000000e+03
4.016000000000000000e+03
3.994000000000000000e+03
4.013000000000000000e+03
4.058000000000000000e+03
3.892000000000000000e+03
3.992000000000000000e+03
3.940000000000000000e+03
3.987000000000000000e+03
3.924000000000000000e+03
3.969000000000000000e+03
3.980000000000000000e+03
3.912000000000000000e+03
3.894000000000000000e+03
3.864000000000000000e+03
3.914000000000000000e+03
3.861000000000000000e+03
3.896000000000000000e+03
3.944000000000000000e+03
3.829000000000000000e+03
3.929000000000000000e+03
3.815000000000000000e+03
3.921000000000000000e+03
3.884000000000000000e+03
3.871000000000000000e+03
3.870000000000000000e+03
3.823000000000000000e+03
3.842000000000000000e+03
3.908000000000000000e+03
3.806000000000000000e+03
3.805000000000000000e+03
3.743000000000000000e+03
3.833000000000000000e+03
3.813000000000000000e+03
3.836000000000000000e+03
3.883000000000000000e+03
3.858000000000000000e+03
3.819000000000000000e+03
3.818000000000000000e+03
3.713000000000000000e+03
3.802000000000000000e+03
3.752000000000000000e+03
3.790000000000000000e+03
3.833000000000000000e+03
3.710000000000000000e+03
3.752000000000000000e+03
3.741000000000000000e+03
3.780000000000000000e+03
3.727000000000000000e+03
3.749000000000000000e+03
3.725000000000000000e+03
3.763000000000000000e+03
3.672000000000000000e+03
3.706000000000000000e+03
3.738000000000000000e+03
3.710000000000000000e+03
3.738000000000000000e+03
3.728000000000000000e+03
3.724000000000000000e+03
3.633000000000000000e+03
3.720000000000000000e+03
3.705000000000000000e+03
3.621000000000000000e+03
3.661000000000000000e+03
3.647000000000000000e+03
3.652000000000000000e+03
3.614000000000000000e+03
3.650000000000000000e+03
3.638000000000000000e+03
3.651000000000000000e+03
3.689000000000000000e+03
3.684000000000000000e+03
3.528000000000000000e+03
3.577000000000000000e+03
3.614000000000000000e+03
3.642000000000000000e+03
3.629000000000000000e+03
3.593000000000000000e+03
3.551000000000000000e+03
3.624000000000000000e+03
3.708000000000000000e+03
3.542000000000000000e+03
3.547000000000000000e+03
3.611000000000000000e+03
3.588000000000000000e+03
3.576000000000000000e+03
3.489000000000000000e+03
3.510000000000000000e+03
3.526000000000000000e+03
3.537000000000000000e+03
3.509000000000000000e+03
3.475000000000000000e+03
3.528000000000000000e+03
3.456000000000000000e+03
3.507000000000000000e+03
3.454000000000000000e+03
3.459000000000000000e+03
3.460000000000000000e+03
3.488000000000000000e+03
3.458000000000000000e+03
3.457000000000000000e+03
3.518000000000000000e+03
3.452000000000000000e+03
3.469000000000000000e+03
3.433000000000000000e+03
3.399000000000000000e+03
3.424000000000000000e+03
3.381000000000000000e+03
3.447000000000000000e+03
3.395000000000000000e+03
3.346000000000000000e+03
3.409000000000000000e+03
3.354000000000000000e+03
3.331000000000000000e+03
3.343000000000000000e+03
3.380000000000000000e+03
3.291000000000000000e+03
3.328000000000000000e+03
3.391000000000000000e+03
3.387000000000000000e+03
3.349000000000000000e+03
3.327000000000000000e+03
3.288000000000000000e+03
3.294000000000000000e+03
3.290000000000000000e+03
3.306000000000000000e+03
3.255000000000000000e+03
3.305000000000000000e+03
3.312000000000000000e+03
3.353000000000000000e+03
3.309000000000000000e+03
3.235000000000000000e+03
3.287000000000000000e+03
3.217000000000000000e+03
3.227000000000000000e+03
3.270000000000000000e+03
3.307000000000000000e+03
3.194000000000000000e+03
3.194000000000000000e+03
3.215000000000000000e+03
3.193000000000000000e+03
3.170000000000000000e+03
3.164000000000000000e+03
3.157000000000000000e+03
3.158000000000000000e+03
3.206000000000000000e+03
3.101000000000000000e+03
3.149000000000000000e+03
3.143000000000000000e+03
3.132000000000000000e+03
3.156000000000000000e+03
3.067000000000000000e+03
3.102000000000000000e+03
3.067000000000000000e+03
3.025000000000000000e+03
3.028000000000000000e+03
3.035000000000000000e+03
3.021000000000000000e+03
3.050000000000000000e+03
2.995000000000000000e+03
3.000000000000000000e+03
3.010000000000000000e+03
2.950000000000000000e+03
2.997000000000000000e+03
2.934000000000000000e+03
2.900000000000000000e+03
2.944000000000000000e+03
2.941000000000000000e+03
2.902000000000000000e+03
2.937000000000000000e+03
2.912000000000000000e+03
2.844000000000000000e+03
2.803000000000000000e+03
2.940000000000000000e+03
2.827000000000000000e+03
2.804000000000000000e+03
2.812000000000000000e+03
2.822000000000000000e+03
2.796000000000000000e+03
2.806000000000000000e+03
2.769000000000000000e+03
2.820000000000000000e+03
2.800000000000000000e+03
2.752000000000000000e+03
2.728000000000000000e+03
2.783000000000000000e+03
2.745000000000000000e+03
2.741000000000000000e+03
2.705000000000000000e+03
2.672000000000000000e+03
2.698000000000000000e+03
2.642000000000000000e+03
2.694000000000000000e+03
2.727000000000000000e+03
2.576000000000000000e+03
2.649000000000000000e+03
2.648000000000000000e+03
2.592000000000000000e+03
2.638000000000000000e+03
2.624000000000000000e+03
2.583000000000000000e+03
2.561000000000000000e+03
2.513000000000000000e+03
2.616000000000000000e+03
2.620000000000000000e+03
2.539000000000000000e+03
2.547000000000000000e+03
2.575000000000000000e+03
2.516000000000000000e+03
2.516000000000000000e+03
2.475000000000000000e+03
2.474000000000000000e+03
2.522000000000000000e+03
2.457000000000000000e+03
2.493000000000000000e+03
2.455000000000000000e+03
2.516000000000000000e+03
2.476000000000000000e+03
2.483000000000000000e+03
2.495000000000000000e+03
2.454000000000000000e+03
2.412000000000000000e+03
2.460000000000000000e+03
2.427000000000000000e+03
2.407000000000000000e+03
2.448000000000000000e+03
2.397000000000000000e+03
2.433000000000000000e+03
2.415000000000000000e+03
2.518000000000000000e+03
2.377000000000000000e+03
