1.449000000000000000e+03
1.391000000000000000e+03
1.428000000000000000e+03
1.495000000000000000e+03
1.452000000000000000e+03
1.486000000000000000e+03
1.434000000000000000e+03
1.468000000000000000e+03
1.451000000000000000e+03
1.469000000000000000e+03
1.460000000000000000e+03
1.492000000000000000e+03
1.492000000000000000e+03
1.474000000000000000e+03
1.526000000000000000e+03
1.473000000000000000e+03
1.460000000000000000e+03
1.485000000000000000e+03
1.520000000000000000e+03
1.540000000000000000e+03
1.498000000000000000e+03
1.508000000000000000e+03
1.563000000000000000e+03
1.548000000000000000e+03
1.541000000000000000e+03
1.569000000000000000e+03
1.524000000000000000e+03
1.562000000000000000e+03
1.509000000000000000e+03
1.547000000000000000e+03
1.531000000000000000e+03
1.584000000000000000e+03
1.572000000000000000e+03
1.559000000000000000e+03
1.574000000000000000e+03
1.635000000000000000e+03
1.576000000000000000e+03
1.597000000000000000e+03
1.530000000000000000e+03
1.589000000000000000e+03
1.639000000000000000e+03
1.565000000000000000e+03
1.599000000000000000e+03
1.616000000000000000e+03
1.626000000000000000e+03
1.670000000000000000e+03
1.667000000000000000e+03
1.614000000000000000e+03
1.617000000000000000e+03
1.633000000000000000e+03
1.592000000000000000e+03
1.654000000000000000e+03
1.644000000000000000e+03
1.662000000000000000e+03
1.654000000000000000e+03
1.672000000000000000e+03
1.697000000000000000e+03
1.645000000000000000e+03
1.648000000000000000e+03
1.672000000000000000e+03
1.617000000000000000e+03
1.687000000000000000e+03
1.698000000000000000e+03
1.680000000000000000e+03
1.665000000000000000e+03
1.694000000000000000e+03
1.698000000000000000e+03
1.721000000000000000e+03
1.737000000000000000e+03
1.715000000000000000e+03
1.716000000000000000e+03
1.701000000000000000e+03
1.718000000000000000e+03
1.730000000000000000e+03
1.727000000000000000e+03
1.741000000000000000e+03
1.711000000000000000e+03
1.736000000000000000e+03
1.772000000000000000e+03
1.698000000000000000e+03
1.791000000000000000e+03
1.814000000000000000e+03
1.788000000000000000e+03
1.760000000000000000e+03
1.789000000000000000e+03
1.786000000000000000e+03
1.744000000000000000e+03
1.776000000000000000e+03
1.781000000000000000e+03
1.766000000000000000e+03
1.753000000000000000e+03
1.784000000000000000e+03
1.824000000000000000e+03
1.823000000000000000e+03
1.764000000000000000e+03
1.803000000000000000e+03
1.757000000000000000e+03
1.805000000000000000e+03
1.782000000000000000e+03
1.853000000000000000e+03
1.867000000000000000e+03
1.830000000000000000e+03
1.882000000000000000e+03
1.804000000000000000e+03
1.827000000000000000e+03
1.846000000000000000e+03
1.889000000000000000e+03
1.844000000000000000e+03
1.909000000000000000e+03
1.887000000000000000e+03
1.885000000000000000e+03
1.894000000000000000e+03
1.868000000000000000e+03
1.927000000000000000e+03
1.899000000000000000e+03
1.942000000000000000e+03
1.924000000000000000e+03
1.948000000000000000e+03
2.002000000000000000e+03
1.999000000000000000e+03
1.964000000000000000e+03
2.004000000000000000e+03
1.997000000000000000e+03
2.005000000000000000e+03
2.038000000000000000e+03
2.001000000000000000e+03
2.028000000000000000e+03
2.067000000000000000e+03
2.030000000000000000e+03
2.096000000000000000e+03
2.062000000000000000e+03
2.052000000000000000e+03
2.087000000000000000e+03
2.096000000000000000e+03
2.056000000000000000e+03
2.109000000000000000e+03
2.117000000000000000e+03
2.075000000000000000e+03
2.101000000000000000e+03
2.133000000000000000e+03
2.158000000000000000e+03
2.174000000000000000e+03
2.166000000000000000e+03
2.175000000000000000e+03
2.222000000000000000e+03
2.177000000000000000e+03
2.204000000000000000e+03
2.220000000000000000e+03
2.207000000000000000e+03
2.177000000000000000e+03
2.226000000000000000e+03
2.272000000000000000e+03
2.285000000000000000e+03
2.251000000000000000e+03
2.295000000000000000e+03
2.304000000000000000e+03
2.328000000000000000e+03
2.307000000000000000e+03
2.359000000000000000e+03
2.363000000000000000e+03
2.369000000000000000e+03
2.309000000000000000e+03
2.267000000000000000e+03
2.347000000000000000e+03
2.407000000000000000e+03
2.362000000000000000e+03
2.318000000000000000e+03
2.434000000000000000e+03
2.410000000000000000e+03
2.415000000000000000e+03
2.432000000000000000e+03
2.485000000000000000e+03
2.436000000000000000e+03
2.424000000000000000e+03
2.407000000000000000e+03
2.457000000000000000e+03
2.467000000000000000e+03
2.533000000000000000e+03
2.473000000000000000e+03
2.455000000000000000e+03
2.486000000000000000e+03
2.526000000000000000e+03
2.539000000000000000e+03
2.462000000000000000e+03
2.474000000000000000e+03
2.529000000000000000e+03
2.528000000000000000e+03
2.710000000000000000e+03
3.029000000000000000e+03
2.836000000000000000e+03
2.571000000000000000e+03
2.600000000000000000e+03
2.557000000000000000e+03
2.538000000000000000e+03
2.564000000000000000e+03
2.590000000000000000e+03
2.572000000000000000e+03
2.627000000000000000e+03
2.609000000000000000e+03
2.640000000000000000e+03
2.665000000000000000e+03
2.601000000000000000e+03
2.598000000000000000e+03
2.619000000000000000e+03
2.665000000000000000e+03
2.711000000000000000e+03
2.710000000000000000e+03
2.701000000000000000e+03
2.722000000000000000e+03
2.739000000000000000e+03
2.691000000000000000e+03
2.709000000000000000e+03
2.814000000000000000e+03
2.829000000000000000e+03
2.678000000000000000e+03
2.890000000000000000e+03
2.742000000000000000e+03
2.892000000000000000e+03
2.795000000000000000e+03
2.841000000000000000e+03
2.897000000000000000e+03
2.872000000000000000e+03
2.861000000000000000e+03
2.883000000000000000e+03
2.851000000000000000e+03
2.959000000000000000e+03
2.873000000000000000e+03
2.946000000000000000e+03
2.967000000000000000e+03
2.955000000000000000e+03
2.986000000000000000e+03
2.990000000000000000e+03
3.037000000000000000e+03
3.003000000000000000e+03
3.070000000000000000e+03
3.073000000000000000e+03
3.061000000000000000e+03
3.099000000000000000e+03
3.115000000000000000e+03
3.100000000000000000e+03
3.026000000000000000e+03
3.122000000000000000e+03
3.163000000000000000e+03
3.206000000000000000e+03
3.236000000000000000e+03
3.137000000000000000e+03
3.249000000000000000e+03
3.222000000000000000e+03
3.269000000000000000e+03
3.197000000000000000e+03
3.206000000000000000e+03
3.259000000000000000e+03
3.304000000000000000e+03
3.238000000000000000e+03
3.323000000000000000e+03
3.305000000000000000e+03
3.359000000000000000e+03
3.345000000000000000e+03
3.365000000000000000e+03
3.418000000000000000e+03
3.523000000000000000e+03
3.451000000000000000e+03
3.406000000000000000e+03
3.407000000000000000e+03
3.476000000000000000e+03
3.563000000000000000e+03
3.546000000000000000e+03
3.452000000000000000e+03
3.486000000000000000e+03
3.521000000000000000e+03
3.426000000000000000e+03
3.456000000000000000e+03
3.484000000000000000e+03
3.492000000000000000e+03
3.550000000000000000e+03
3.505000000000000000e+03
3.572000000000000000e+03
3.501000000000000000e+03
3.592000000000000000e+03
3.544000000000000000e+03
3.523000000000000000e+03
3.536000000000000000e+03
3.566000000000000000e+03
3.581000000000000000e+03
3.549000000000000000e+03
3.498000000000000000e+03
3.617000000000000000e+03
3.668000000000000000e+03
3.578000000000000000e+03
3.606000000000000000e+03
3.644000000000000000e+03
3.587000000000000000e+03
3.661000000000000000e+03
3.629000000000000000e+03
3.649000000000000000e+03
3.688000000000000000e+03
3.666000000000000000e+03
3.598000000000000000e+03
3.683000000000000000e+03
3.703000000000000000e+03
3.648000000000000000e+03
3.700000000000000000e+03
3.661000000000000000e+03
3.667000000000000000e+03
3.655000000000000000e+03
3.681000000000000000e+03
3.668000000000000000e+03
3.682000000000000000e+03
3.703000000000000000e+03
3.838000000000000000e+03
3.699000000000000000e+03
3.689000000000000000e+03
3.633000000000000000e+03
3.698000000000000000e+03
3.724000000000000000e+03
3.670000000000000000e+03
3.758000000000000000e+03
3.698000000000000000e+03
3.712000000000000000e+03
3.732000000000000000e+03
3.713000000000000000e+03
3.793000000000000000e+03
3.797000000000000000e+03
3.677000000000000000e+03
3.709000000000000000e+03
3.714000000000000000e+03
3.738000000000000000e+03
3.743000000000000000e+03
3.726000000000000000e+03
3.766000000000000000e+03
3.745000000000000000e+03
3.741000000000000000e+03
3.779000000000000000e+03
3.825000000000000000e+03
3.772000000000000000e+03
3.671000000000000000e+03
3.719000000000000000e+03
3.702000000000000000e+03
3.722000000000000000e+03
3.780000000000000000e+03
3.735000000000000000e+03
3.671000000000000000e+03
3.713000000000000000e+03
3.756000000000000000e+03
3.728000000000000000e+03
3.723000000000000000e+03
3.730000000000000000e+03
3.770000000000000000e+03
3.681000000000000000e+03
3.732000000000000000e+03
3.763000000000000000e+03
3.728000000000000000e+03
3.708000000000000000e+03
3.754000000000000000e+03
3.745000000000000000e+03
3.746000000000000000e+03
3.752000000000000000e+03
3.801000000000000000e+03
3.808000000000000000e+03
3.895000000000000000e+03
3.837000000000000000e+03
3.756000000000000000e+03
3.750000000000000000e+03
3.792000000000000000e+03
3.767000000000000000e+03
3.798000000000000000e+03
3.884000000000000000e+03
3.773000000000000000e+03
3.817000000000000000e+03
3.807000000000000000e+03
3.805000000000000000e+03
3.808000000000000000e+03
3.770000000000000000e+03
3.799000000000000000e+03
3.819000000000000000e+03
3.798000000000000000e+03
3.840000000000000000e+03
3.868000000000000000e+03
3.851000000000000000e+03
3.826000000000000000e+03
3.869000000000000000e+03
3.876000000000000000e+03
3.800000000000000000e+03
3.858000000000000000e+03
3.892000000000000000e+03
3.858000000000000000e+03
3.817000000000000000e+03
3.993000000000000000e+03
3.949000000000000000e+03
3.889000000000000000e+03
3.924000000000000000e+03
3.914000000000000000e+03
3.919000000000000000e+03
3.850000000000000000e+03
3.962000000000000000e+03
3.921000000000000000e+03
3.925000000000000000e+03
3.867000000000000000e+03
3.893000000000000000e+03
3.877000000000000000e+03
3.914000000000000000e+03
3.958000000000000000e+03
3.978000000000000000e+03
3.882000000000000000e+03
3.939000000000000000e+03
3.968000000000000000e+03
3.937000000000000000e+03
4.008000000000000000e+03
3.977000000000000000e+03
3.990000000000000000e+03
3.961000000000000000e+03
3.955000000000000000e+03
4.036000000000000000e+03
3.975000000000000000e+03
4.009000000000000000e+03
4.031000000000000000e+03
3.938000000000000000e+03
4.053000000000000000e+03
3.966000000000000000e+03
3.899000000000000000e+03
3.987000000000000000e+03
4.028000000000000000e+03
3.963000000000000000e+03
4.037000000000000000e+03
4.062000000000000000e+03
4.022000000000000000e+03
3.972000000000000000e+03
4.075000000000000000e+03
4.107000000000000000e+03
4.052000000000000000e+03
4.016000000000000000e+03
3.949000000000000000e+03
4.079000000000000000e+03
4.050000000000000000e+03
4.000000000000000000e+03
4.069000000000000000e+03
4.078000000000000000e+03
4.083000000000000000e+03
4.081000000000000000e+03
4.072000000000000000e+03
4.091000000000000000e+03
4.044000000000000000e+03
4.058000000000000000e+03
4.010000000000000000e+03
4.108000000000000000e+03
4.054000000000000000e+03
4.049000000000000000e+03
4.016000000000000000e+03
4.160000000000000000e+03
4.100000000000000000e+03
4.161000000000000000e+03
4.031000000000000000e+03
4.056000000000000000e+03
4.073000000000000000e+03
3.996000000000000000e+03
4.047000000000000000e+03
4.103000000000000000e+03
4.124000000000000000e+03
4.066000000000000000e+03
4.084000000000000000e+03
4.106000000000000000e+03
4.039000000000000000e+03
4.080000000000000000e+03
4.140000000000000000e+03
4.020000000000000000e+03
4.036000000000000000e+03
4.227000000000000000e+03
4.029000000000000000e+03
4.009000000000000000e+03
4.016000000000000000e+03
4.024000000000000000e+03
3.995000000000000000e+03
3.983000000000000000e+03
4.039000000000000000e+03
4.008000000000000000e+03
3.981000000000000000e+03
3.987000000000000000e+03
3.947000000000000000e+03
3.975000000000000000e+03
3.988000000000000000e+03
4.031000000000000000e+03
3.923000000000000000e+03
4.007000000000000000e+03
3.962000000000000000e+03
4.032000000000000000e+03
3.990000000000000000e+03
3.962000000000000000e+03
3.895000000000000000e+03
3.945000000000000000e+03
3.937000000000000000e+03
3.920000000000000000e+03
3.949000000000000000e+03
3.959000000000000000e+03
3.934000000000000000e+03
3.950000000000000000e+03
3.984000000000000000e+03
4.054000000000000000e+03
3.966000000000000000e+03
3.856000000000000000e+03
3.889000000000000000e+03
3.964000000000000000e+03
3.872000000000000000e+03
3.953000000000000000e+03
3.904000000000000000e+03
3.843000000000000000e+03
3.897000000000000000e+03
3.788000000000000000e+03
3.791000000000000000e+03
3.836000000000000000e+03
3.807000000000000000e+03
3.862000000000000000e+03
3.789000000000000000e+03
3.879000000000000000e+03
3.848000000000000000e+03
3.735000000000000000e+03
3.860000000000000000e+03
3.882000000000000000e+03
3.735000000000000000e+03
3.801000000000000000e+03
3.687000000000000000e+03
3.744000000000000000e+03
3.784000000000000000e+03
3.706000000000000000e+03
3.731000000000000000e+03
3.690000000000000000e+03
3.689000000000000000e+03
3.720000000000000000e+03
3.704000000000000000e+03
3.734000000000000000e+03
3.708000000000000000e+03
3.654000000000000000e+03
3.673000000000000000e+03
3.672000000000000000e+03
3.689000000000000000e+03
3.641000000000000000e+03
3.641000000000000000e+03
3.635000000000000000e+03
3.621000000000000000e+03
3.626000000000000000e+03
3.659000000000000000e+03
3.666000000000000000e+03
3.639000000000000000e+03
3.595000000000000000e+03
3.612000000000000000e+03
3.579000000000000000e+03
3.604000000000000000e+03
3.539000000000000000e+03
3.614000000000000000e+03
3.660000000000000000e+03
3.626000000000000000e+03
3.600000000000000000e+03
3.515000000000000000e+03
3.513000000000000000e+03
3.509000000000000000e+03
3.540000000000000000e+03
3.496000000000000000e+03
3.559000000000000000e+03
3.611000000000000000e+03
3.526000000000000000e+03
3.441000000000000000e+03
3.437000000000000000e+03
3.482000000000000000e+03
3.487000000000000000e+03
3.476000000000000000e+03
3.434000000000000000e+03
3.470000000000000000e+03
3.440000000000000000e+03
3.478000000000000000e+03
3.433000000000000000e+03
3.464000000000000000e+03
3.441000000000000000e+03
3.461000000000000000e+03
3.397000000000000000e+03
3.470000000000000000e+03
3.456000000000000000e+03
3.414000000000000000e+03
3.414000000000000000e+03
3.430000000000000000e+03
3.396000000000000000e+03
3.393000000000000000e+03
3.429000000000000000e+03
3.428000000000000000e+03
3.365000000000000000e+03
3.396000000000000000e+03
3.450000000000000000e+03
3.375000000000000000e+03
3.461000000000000000e+03
3.354000000000000000e+03
3.344000000000000000e+03
3.380000000000000000e+03
3.447000000000000000e+03
3.339000000000000000e+03
3.337000000000000000e+03
3.361000000000000000e+03
3.380000000000000000e+03
3.343000000000000000e+03
3.311000000000000000e+03
3.318000000000000000e+03
3.346000000000000000e+03
3.376000000000000000e+03
3.339000000000000000e+03
3.299000000000000000e+03
3.317000000000000000e+03
3.272000000000000000e+03
3.305000000000000000e+03
3.283000000000000000e+03
3.263000000000000000e+03
3.299000000000000000e+03
3.324000000000000000e+03
3.286000000000000000e+03
3.291000000000000000e+03
3.274000000000000000e+03
3.251000000000000000e+03
3.296000000000000000e+03
3.217000000000000000e+03
3.243000000000000000e+03
3.224000000000000000e+03
3.255000000000000000e+03
3.245000000000000000e+03
3.191000000000000000e+03
3.171000000000000000e+03
3.245000000000000000e+03
3.242000000000000000e+03
3.202000000000000000e+03
3.226000000000000000e+03
3.194000000000000000e+03
3.174000000000000000e+03
3.108000000000000000e+03
3.161000000000000000e+03
3.204000000000000000e+03
3.136000000000000000e+03
3.117000000000000000e+03
3.100000000000000000e+03
3.179000000000000000e+03
3.232000000000000000e+03
3.100000000000000000e+03
3.090000000000000000e+03
3.128000000000000000e+03
3.151000000000000000e+03
3.128000000000000000e+03
3.120000000000000000e+03
3.104000000000000000e+03
3.100000000000000000e+03
3.094000000000000000e+03
3.116000000000000000e+03
3.080000000000000000e+03
3.100000000000000000e+03
3.109000000000000000e+03
3.109000000000000000e+03
3.105000000000000000e+03
3.080000000000000000e+03
3.116000000000000000e+03
3.010000000000000000e+03
3.098000000000000000e+03
3.055000000000000000e+03
3.037000000000000000e+03
3.012000000000000000e+03
3.036000000000000000e+03
3.013000000000000000e+03
3.043000000000000000e+03
3.011000000000000000e+03
3.016000000000000000e+03
3.072000000000000000e+03
2.939000000000000000e+03
2.991000000000000000e+03
2.987000000000000000e+03
2.940000000000000000e+03
2.936000000000000000e+03
2.926000000000000000e+03
2.975000000000000000e+03
2.963000000000000000e+03
2.953000000000000000e+03
2.961000000000000000e+03
2.905000000000000000e+03
2.879000000000000000e+03
2.906000000000000000e+03
2.822000000000000000e+03
2.878000000000000000e+03
2.967000000000000000e+03
2.942000000000000000e+03
2.864000000000000000e+03
2.840000000000000000e+03
2.861000000000000000e+03
2.842000000000000000e+03
2.840000000000000000e+03
2.797000000000000000e+03
2.813000000000000000e+03
2.779000000000000000e+03
2.785000000000000000e+03
2.793000000000000000e+03
2.795000000000000000e+03
2.778000000000000000e+03
2.834000000000000000e+03
2.762000000000000000e+03
2.774000000000000000e+03
2.734000000000000000e+03
2.720000000000000000e+03
2.744000000000000000e+03
2.752000000000000000e+03
2.716000000000000000e+03
2.649000000000000000e+03
2.625000000000000000e+03
2.717000000000000000e+03
2.697000000000000000e+03
2.640000000000000000e+03
2.662000000000000000e+03
2.654000000000000000e+03
2.626000000000000000e+03
2.575000000000000000e+03
2.649000000000000000e+03
2.620000000000000000e+03
2.653000000000000000e+03
2.569000000000000000e+03
2.630000000000000000e+03
2.527000000000000000e+03
2.557000000000000000e+03
2.607000000000000000e+03
2.542000000000000000e+03
2.532000000000000000e+03
2.574000000000000000e+03
2.499000000000000000e+03
2.503000000000000000e+03
2.481000000000000000e+03
2.464000000000000000e+03
2.516000000000000000e+03
2.447000000000000000e+03
2.394000000000000000e+03
2.446000000000000000e+03
2.373000000000000000e+03
2.381000000000000000e+03
2.411000000000000000e+03
2.436000000000000000e+03
2.372000000000000000e+03
2.403000000000000000e+03
2.346000000000000000e+03
2.359000000000000000e+03
2.373000000000000000e+03
2.320000000000000000e+03
2.370000000000000000e+03
2.353000000000000000e+03
2.302000000000000000e+03
2.334000000000000000e+03
2.328000000000000000e+03
2.369000000000000000e+03
2.331000000000000000e+03
2.312000000000000000e+03
2.309000000000000000e+03
2.241000000000000000e+03
2.343000000000000000e+03
2.246000000000000000e+03
2.281000000000000000e+03
2.250000000000000000e+03
2.239000000000000000e+03
2.231000000000000000e+03
2.228000000000000000e+03
2.231000000000000000e+03
2.200000000000000000e+03
2.163000000000000000e+03
2.235000000000000000e+03
2.213000000000000000e+03
2.191000000000000000e+03
2.169000000000000000e+03
2.186000000000000000e+03
2.234000000000000000e+03
2.171000000000000000e+03
