1.561000000000000000e+03
1.556000000000000000e+03
1.624000000000000000e+03
1.602000000000000000e+03
1.591000000000000000e+03
1.586000000000000000e+03
1.576000000000000000e+03
1.621000000000000000e+03
1.601000000000000000e+03
1.627000000000000000e+03
1.620000000000000000e+03
1.624000000000000000e+03
1.647000000000000000e+03
1.626000000000000000e+03
1.658000000000000000e+03
1.668000000000000000e+03
1.656000000000000000e+03
1.694000000000000000e+03
1.677000000000000000e+03
1.669000000000000000e+03
1.765000000000000000e+03
1.732000000000000000e+03
1.684000000000000000e+03
1.695000000000000000e+03
1.714000000000000000e+03
1.718000000000000000e+03
1.724000000000000000e+03
1.757000000000000000e+03
1.763000000000000000e+03
1.812000000000000000e+03
1.744000000000000000e+03
1.708000000000000000e+03
1.866000000000000000e+03
1.790000000000000000e+03
1.764000000000000000e+03
1.765000000000000000e+03
1.809000000000000000e+03
1.720000000000000000e+03
1.816000000000000000e+03
1.776000000000000000e+03
1.743000000000000000e+03
1.807000000000000000e+03
1.805000000000000000e+03
1.769000000000000000e+03
1.805000000000000000e+03
1.851000000000000000e+03
1.778000000000000000e+03
1.838000000000000000e+03
1.887000000000000000e+03
1.839000000000000000e+03
1.815000000000000000e+03
1.832000000000000000e+03
1.833000000000000000e+03
1.827000000000000000e+03
1.835000000000000000e+03
1.846000000000000000e+03
1.880000000000000000e+03
1.846000000000000000e+03
1.863000000000000000e+03
1.895000000000000000e+03
1.876000000000000000e+03
1.877000000000000000e+03
1.872000000000000000e+03
1.891000000000000000e+03
1.890000000000000000e+03
1.848000000000000000e+03
1.867000000000000000e+03
1.900000000000000000e+03
1.962000000000000000e+03
1.917000000000000000e+03
1.912000000000000000e+03
1.919000000000000000e+03
1.948000000000000000e+03
1.944000000000000000e+03
1.963000000000000000e+03
1.892000000000000000e+03
1.923000000000000000e+03
1.965000000000000000e+03
1.948000000000000000e+03
1.943000000000000000e+03
1.948000000000000000e+03
1.955000000000000000e+03
1.974000000000000000e+03
1.984000000000000000e+03
1.987000000000000000e+03
1.965000000000000000e+03
1.926000000000000000e+03
2.000000000000000000e+03
2.025000000000000000e+03
2.075000000000000000e+03
1.987000000000000000e+03
2.089000000000000000e+03
2.032000000000000000e+03
2.050000000000000000e+03
2.031000000000000000e+03
2.063000000000000000e+03
2.090000000000000000e+03
2.044000000000000000e+03
2.096000000000000000e+03
2.058000000000000000e+03
2.047000000000000000e+03
2.100000000000000000e+03
2.168000000000000000e+03
2.052000000000000000e+03
2.076000000000000000e+03
2.111000000000000000e+03
2.068000000000000000e+03
2.069000000000000000e+03
2.140000000000000000e+03
2.144000000000000000e+03
2.147000000000000000e+03
2.189000000000000000e+03
2.151000000000000000e+03
2.161000000000000000e+03
2.157000000000000000e+03
2.211000000000000000e+03
2.255000000000000000e+03
2.194000000000000000e+03
2.246000000000000000e+03
2.239000000000000000e+03
2.278000000000000000e+03
2.251000000000000000e+03
2.316000000000000000e+03
2.293000000000000000e+03
2.350000000000000000e+03
2.352000000000000000e+03
2.314000000000000000e+03
2.309000000000000000e+03
2.311000000000000000e+03
2.353000000000000000e+03
2.333000000000000000e+03
2.364000000000000000e+03
2.327000000000000000e+03
2.374000000000000000e+03
2.375000000000000000e+03
2.479000000000000000e+03
2.384000000000000000e+03
2.391000000000000000e+03
2.401000000000000000e+03
2.446000000000000000e+03
2.483000000000000000e+03
2.413000000000000000e+03
2.491000000000000000e+03
2.510000000000000000e+03
2.509000000000000000e+03
2.510000000000000000e+03
2.554000000000000000e+03
2.546000000000000000e+03
2.636000000000000000e+03
2.599000000000000000e+03
2.573000000000000000e+03
2.585000000000000000e+03
2.617000000000000000e+03
2.613000000000000000e+03
2.651000000000000000e+03
2.679000000000000000e+03
2.586000000000000000e+03
2.627000000000000000e+03
2.642000000000000000e+03
2.694000000000000000e+03
2.699000000000000000e+03
2.641000000000000000e+03
2.702000000000000000e+03
2.733000000000000000e+03
2.684000000000000000e+03
2.750000000000000000e+03
2.771000000000000000e+03
2.760000000000000000e+03
2.719000000000000000e+03
2.681000000000000000e+03
2.701000000000000000e+03
2.762000000000000000e+03
2.768000000000000000e+03
2.762000000000000000e+03
2.850000000000000000e+03
2.814000000000000000e+03
2.800000000000000000e+03
2.836000000000000000e+03
2.848000000000000000e+03
2.808000000000000000e+03
2.868000000000000000e+03
2.897000000000000000e+03
2.856000000000000000e+03
2.805000000000000000e+03
2.852000000000000000e+03
3.088000000000000000e+03
3.367000000000000000e+03
3.257000000000000000e+03
2.938000000000000000e+03
2.960000000000000000e+03
2.900000000000000000e+03
2.906000000000000000e+03
2.939000000000000000e+03
2.960000000000000000e+03
3.020000000000000000e+03
2.961000000000000000e+03
2.989000000000000000e+03
2.959000000000000000e+03
2.952000000000000000e+03
3.004000000000000000e+03
3.034000000000000000e+03
3.059000000000000000e+03
3.135000000000000000e+03
2.989000000000000000e+03
3.100000000000000000e+03
3.040000000000000000e+03
3.051000000000000000e+03
3.147000000000000000e+03
3.098000000000000000e+03
3.040000000000000000e+03
3.112000000000000000e+03
3.118000000000000000e+03
3.130000000000000000e+03
3.153000000000000000e+03
3.181000000000000000e+03
3.165000000000000000e+03
3.216000000000000000e+03
3.241000000000000000e+03
3.306000000000000000e+03
3.215000000000000000e+03
3.255000000000000000e+03
3.256000000000000000e+03
3.323000000000000000e+03
3.312000000000000000e+03
3.263000000000000000e+03
3.354000000000000000e+03
3.336000000000000000e+03
3.371000000000000000e+03
3.364000000000000000e+03
3.391000000000000000e+03
3.408000000000000000e+03
3.416000000000000000e+03
3.367000000000000000e+03
3.465000000000000000e+03
3.423000000000000000e+03
3.424000000000000000e+03
3.532000000000000000e+03
3.494000000000000000e+03
3.490000000000000000e+03
3.526000000000000000e+03
3.516000000000000000e+03
3.577000000000000000e+03
3.588000000000000000e+03
3.641000000000000000e+03
3.557000000000000000e+03
3.728000000000000000e+03
3.634000000000000000e+03
3.673000000000000000e+03
3.767000000000000000e+03
3.658000000000000000e+03
3.720000000000000000e+03
3.744000000000000000e+03
3.678000000000000000e+03
3.739000000000000000e+03
3.784000000000000000e+03
3.725000000000000000e+03
3.856000000000000000e+03
3.900000000000000000e+03
3.927000000000000000e+03
3.900000000000000000e+03
3.915000000000000000e+03
3.860000000000000000e+03
3.869000000000000000e+03
4.014000000000000000e+03
3.969000000000000000e+03
3.962000000000000000e+03
3.992000000000000000e+03
3.974000000000000000e+03
3.916000000000000000e+03
3.902000000000000000e+03
3.941000000000000000e+03
3.829000000000000000e+03
3.968000000000000000e+03
3.909000000000000000e+03
4.072000000000000000e+03
3.987000000000000000e+03
3.974000000000000000e+03
4.005000000000000000e+03
4.043000000000000000e+03
3.981000000000000000e+03
4.067000000000000000e+03
4.040000000000000000e+03
4.018000000000000000e+03
4.115000000000000000e+03
4.111000000000000000e+03
4.050000000000000000e+03
4.024000000000000000e+03
3.957000000000000000e+03
4.055000000000000000e+03
4.110000000000000000e+03
4.072000000000000000e+03
4.108000000000000000e+03
4.123000000000000000e+03
4.055000000000000000e+03
4.161000000000000000e+03
4.233000000000000000e+03
4.097000000000000000e+03
4.118000000000000000e+03
4.167000000000000000e+03
4.150000000000000000e+03
4.090000000000000000e+03
4.218000000000000000e+03
4.160000000000000000e+03
4.162000000000000000e+03
4.196000000000000000e+03
4.168000000000000000e+03
4.209000000000000000e+03
4.249000000000000000e+03
4.228000000000000000e+03
4.249000000000000000e+03
4.172000000000000000e+03
4.231000000000000000e+03
4.163000000000000000e+03
4.220000000000000000e+03
4.262000000000000000e+03
4.180000000000000000e+03
4.199000000000000000e+03
4.270000000000000000e+03
4.204000000000000000e+03
4.265000000000000000e+03
4.248000000000000000e+03
4.290000000000000000e+03
4.312000000000000000e+03
4.204000000000000000e+03
4.191000000000000000e+03
4.157000000000000000e+03
4.205000000000000000e+03
4.220000000000000000e+03
4.232000000000000000e+03
4.198000000000000000e+03
4.243000000000000000e+03
4.270000000000000000e+03
4.200000000000000000e+03
4.220000000000000000e+03
4.208000000000000000e+03
4.171000000000000000e+03
4.176000000000000000e+03
4.204000000000000000e+03
4.304000000000000000e+03
4.245000000000000000e+03
4.299000000000000000e+03
4.248000000000000000e+03
4.308000000000000000e+03
4.220000000000000000e+03
4.262000000000000000e+03
4.291000000000000000e+03
4.229000000000000000e+03
4.261000000000000000e+03
4.224000000000000000e+03
4.313000000000000000e+03
4.127000000000000000e+03
4.278000000000000000e+03
4.350000000000000000e+03
4.216000000000000000e+03
4.323000000000000000e+03
4.346000000000000000e+03
4.329000000000000000e+03
4.292000000000000000e+03
4.365000000000000000e+03
4.286000000000000000e+03
4.296000000000000000e+03
4.274000000000000000e+03
4.317000000000000000e+03
4.295000000000000000e+03
4.260000000000000000e+03
4.353000000000000000e+03
4.348000000000000000e+03
4.299000000000000000e+03
4.386000000000000000e+03
4.329000000000000000e+03
4.267000000000000000e+03
4.276000000000000000e+03
4.303000000000000000e+03
4.316000000000000000e+03
4.318000000000000000e+03
4.375000000000000000e+03
4.341000000000000000e+03
4.419000000000000000e+03
4.344000000000000000e+03
4.409000000000000000e+03
4.462000000000000000e+03
4.410000000000000000e+03
4.334000000000000000e+03
4.388000000000000000e+03
4.491000000000000000e+03
4.429000000000000000e+03
4.453000000000000000e+03
4.397000000000000000e+03
4.473000000000000000e+03
4.534000000000000000e+03
4.495000000000000000e+03
4.422000000000000000e+03
4.490000000000000000e+03
4.438000000000000000e+03
4.424000000000000000e+03
4.410000000000000000e+03
4.529000000000000000e+03
4.392000000000000000e+03
4.509000000000000000e+03
4.500000000000000000e+03
4.516000000000000000e+03
4.571000000000000000e+03
4.528000000000000000e+03
4.559000000000000000e+03
4.553000000000000000e+03
4.505000000000000000e+03
4.590000000000000000e+03
4.500000000000000000e+03
4.494000000000000000e+03
4.462000000000000000e+03
4.530000000000000000e+03
4.600000000000000000e+03
4.532000000000000000e+03
4.548000000000000000e+03
4.509000000000000000e+03
4.608000000000000000e+03
4.493000000000000000e+03
4.624000000000000000e+03
4.665000000000000000e+03
4.526000000000000000e+03
4.533000000000000000e+03
4.619000000000000000e+03
4.657000000000000000e+03
4.551000000000000000e+03
4.572000000000000000e+03
4.590000000000000000e+03
4.591000000000000000e+03
4.591000000000000000e+03
4.626000000000000000e+03
4.589000000000000000e+03
4.609000000000000000e+03
4.627000000000000000e+03
4.678000000000000000e+03
4.672000000000000000e+03
4.590000000000000000e+03
4.687000000000000000e+03
4.667000000000000000e+03
4.713000000000000000e+03
4.672000000000000000e+03
4.629000000000000000e+03
4.762000000000000000e+03
4.634000000000000000e+03
4.738000000000000000e+03
4.640000000000000000e+03
4.611000000000000000e+03
4.708000000000000000e+03
4.668000000000000000e+03
4.677000000000000000e+03
4.740000000000000000e+03
4.711000000000000000e+03
4.624000000000000000e+03
4.648000000000000000e+03
4.659000000000000000e+03
4.661000000000000000e+03
4.618000000000000000e+03
4.553000000000000000e+03
4.725000000000000000e+03
4.599000000000000000e+03
4.610000000000000000e+03
4.652000000000000000e+03
4.639000000000000000e+03
4.610000000000000000e+03
4.646000000000000000e+03
4.604000000000000000e+03
4.684000000000000000e+03
4.707000000000000000e+03
4.713000000000000000e+03
4.589000000000000000e+03
4.552000000000000000e+03
4.685000000000000000e+03
4.622000000000000000e+03
4.583000000000000000e+03
4.563000000000000000e+03
4.633000000000000000e+03
4.575000000000000000e+03
4.564000000000000000e+03
4.606000000000000000e+03
4.547000000000000000e+03
4.550000000000000000e+03
4.623000000000000000e+03
4.565000000000000000e+03
4.564000000000000000e+03
4.635000000000000000e+03
4.504000000000000000e+03
4.571000000000000000e+03
4.511000000000000000e+03
4.545000000000000000e+03
4.494000000000000000e+03
4.472000000000000000e+03
4.510000000000000000e+03
4.550000000000000000e+03
4.558000000000000000e+03
4.468000000000000000e+03
4.469000000000000000e+03
4.428000000000000000e+03
4.413000000000000000e+03
4.497000000000000000e+03
4.432000000000000000e+03
4.423000000000000000e+03
4.445000000000000000e+03
4.407000000000000000e+03
4.410000000000000000e+03
4.449000000000000000e+03
4.418000000000000000e+03
4.390000000000000000e+03
4.403000000000000000e+03
4.369000000000000000e+03
4.294000000000000000e+03
4.420000000000000000e+03
4.345000000000000000e+03
4.266000000000000000e+03
4.362000000000000000e+03
4.316000000000000000e+03
4.333000000000000000e+03
4.459000000000000000e+03
4.253000000000000000e+03
4.356000000000000000e+03
4.336000000000000000e+03
4.315000000000000000e+03
4.263000000000000000e+03
4.294000000000000000e+03
4.285000000000000000e+03
4.260000000000000000e+03
4.214000000000000000e+03
4.191000000000000000e+03
4.228000000000000000e+03
4.155000000000000000e+03
4.233000000000000000e+03
4.221000000000000000e+03
4.202000000000000000e+03
4.157000000000000000e+03
4.203000000000000000e+03
4.291000000000000000e+03
4.214000000000000000e+03
4.189000000000000000e+03
4.162000000000000000e+03
4.099000000000000000e+03
4.138000000000000000e+03
4.196000000000000000e+03
4.155000000000000000e+03
4.068000000000000000e+03
4.107000000000000000e+03
4.112000000000000000e+03
4.164000000000000000e+03
4.139000000000000000e+03
4.093000000000000000e+03
4.078000000000000000e+03
4.016000000000000000e+03
4.136000000000000000e+03
4.074000000000000000e+03
3.987000000000000000e+03
4.032000000000000000e+03
4.036000000000000000e+03
3.977000000000000000e+03
3.985000000000000000e+03
4.106000000000000000e+03
3.989000000000000000e+03
3.989000000000000000e+03
3.991000000000000000e+03
4.079000000000000000e+03
3.980000000000000000e+03
3.935000000000000000e+03
3.982000000000000000e+03
3.971000000000000000e+03
3.987000000000000000e+03
3.913000000000000000e+03
3.931000000000000000e+03
3.964000000000000000e+03
3.966000000000000000e+03
3.947000000000000000e+03
3.914000000000000000e+03
3.903000000000000000e+03
3.940000000000000000e+03
3.869000000000000000e+03
3.846000000000000000e+03
3.884000000000000000e+03
3.874000000000000000e+03
3.913000000000000000e+03
3.954000000000000000e+03
3.944000000000000000e+03
3.844000000000000000e+03
3.868000000000000000e+03
3.854000000000000000e+03
3.920000000000000000e+03
3.896000000000000000e+03
3.829000000000000000e+03
3.856000000000000000e+03
3.893000000000000000e+03
3.861000000000000000e+03
3.832000000000000000e+03
3.863000000000000000e+03
3.857000000000000000e+03
3.847000000000000000e+03
3.806000000000000000e+03
3.821000000000000000e+03
3.874000000000000000e+03
3.810000000000000000e+03
3.830000000000000000e+03
3.828000000000000000e+03
3.719000000000000000e+03
3.745000000000000000e+03
3.781000000000000000e+03
3.785000000000000000e+03
3.800000000000000000e+03
3.762000000000000000e+03
3.790000000000000000e+03
3.799000000000000000e+03
3.807000000000000000e+03
3.689000000000000000e+03
3.720000000000000000e+03
3.757000000000000000e+03
3.718000000000000000e+03
3.706000000000000000e+03
3.719000000000000000e+03
3.697000000000000000e+03
3.658000000000000000e+03
3.661000000000000000e+03
3.713000000000000000e+03
3.647000000000000000e+03
3.659000000000000000e+03
3.616000000000000000e+03
3.630000000000000000e+03
3.618000000000000000e+03
3.607000000000000000e+03
3.622000000000000000e+03
3.668000000000000000e+03
3.633000000000000000e+03
3.616000000000000000e+03
3.659000000000000000e+03
3.640000000000000000e+03
3.629000000000000000e+03
3.907000000000000000e+03
3.660000000000000000e+03
3.535000000000000000e+03
3.588000000000000000e+03
3.606000000000000000e+03
3.566000000000000000e+03
3.561000000000000000e+03
3.514000000000000000e+03
3.524000000000000000e+03
3.528000000000000000e+03
3.568000000000000000e+03
3.554000000000000000e+03
3.488000000000000000e+03
3.468000000000000000e+03
3.509000000000000000e+03
3.505000000000000000e+03
3.493000000000000000e+03
3.485000000000000000e+03
3.480000000000000000e+03
3.494000000000000000e+03
3.587000000000000000e+03
3.491000000000000000e+03
3.494000000000000000e+03
3.500000000000000000e+03
3.401000000000000000e+03
3.486000000000000000e+03
3.427000000000000000e+03
3.429000000000000000e+03
3.429000000000000000e+03
3.430000000000000000e+03
3.428000000000000000e+03
3.411000000000000000e+03
3.387000000000000000e+03
3.403000000000000000e+03
3.348000000000000000e+03
3.372000000000000000e+03
3.366000000000000000e+03
3.387000000000000000e+03
3.367000000000000000e+03
3.292000000000000000e+03
3.341000000000000000e+03
3.329000000000000000e+03
3.346000000000000000e+03
3.374000000000000000e+03
3.280000000000000000e+03
3.322000000000000000e+03
3.302000000000000000e+03
3.281000000000000000e+03
3.357000000000000000e+03
3.300000000000000000e+03
3.248000000000000000e+03
3.173000000000000000e+03
3.210000000000000000e+03
3.182000000000000000e+03
3.284000000000000000e+03
3.153000000000000000e+03
3.166000000000000000e+03
3.180000000000000000e+03
3.149000000000000000e+03
3.101000000000000000e+03
3.099000000000000000e+03
3.092000000000000000e+03
3.177000000000000000e+03
3.083000000000000000e+03
3.059000000000000000e+03
3.063000000000000000e+03
3.029000000000000000e+03
3.022000000000000000e+03
3.018000000000000000e+03
3.022000000000000000e+03
3.007000000000000000e+03
2.991000000000000000e+03
3.124000000000000000e+03
3.005000000000000000e+03
3.016000000000000000e+03
2.975000000000000000e+03
2.895000000000000000e+03
2.933000000000000000e+03
2.978000000000000000e+03
2.936000000000000000e+03
2.879000000000000000e+03
2.943000000000000000e+03
2.867000000000000000e+03
2.921000000000000000e+03
2.865000000000000000e+03
2.835000000000000000e+03
2.870000000000000000e+03
2.847000000000000000e+03
2.803000000000000000e+03
2.754000000000000000e+03
2.823000000000000000e+03
2.817000000000000000e+03
2.771000000000000000e+03
2.758000000000000000e+03
2.732000000000000000e+03
2.759000000000000000e+03
2.750000000000000000e+03
2.739000000000000000e+03
2.761000000000000000e+03
2.745000000000000000e+03
2.763000000000000000e+03
2.685000000000000000e+03
2.711000000000000000e+03
2.762000000000000000e+03
2.694000000000000000e+03
2.647000000000000000e+03
2.662000000000000000e+03
2.682000000000000000e+03
2.561000000000000000e+03
2.668000000000000000e+03
2.558000000000000000e+03
2.676000000000000000e+03
2.620000000000000000e+03
2.626000000000000000e+03
2.577000000000000000e+03
2.576000000000000000e+03
2.528000000000000000e+03
2.509000000000000000e+03
2.557000000000000000e+03
2.491000000000000000e+03
2.569000000000000000e+03
2.512000000000000000e+03
2.507000000000000000e+03
2.527000000000000000e+03
2.514000000000000000e+03
2.523000000000000000e+03
2.505000000000000000e+03
2.530000000000000000e+03
2.462000000000000000e+03
2.460000000000000000e+03
2.482000000000000000e+03
2.551000000000000000e+03
2.485000000000000000e+03
2.400000000000000000e+03
