1.397000000000000000e+03
1.462000000000000000e+03
1.443000000000000000e+03
1.424000000000000000e+03
1.472000000000000000e+03
1.439000000000000000e+03
1.452000000000000000e+03
1.474000000000000000e+03
1.464000000000000000e+03
1.441000000000000000e+03
1.490000000000000000e+03
1.464000000000000000e+03
1.729000000000000000e+03
1.505000000000000000e+03
1.502000000000000000e+03
1.512000000000000000e+03
1.536000000000000000e+03
1.523000000000000000e+03
1.543000000000000000e+03
1.561000000000000000e+03
1.532000000000000000e+03
1.545000000000000000e+03
1.551000000000000000e+03
1.543000000000000000e+03
1.578000000000000000e+03
1.545000000000000000e+03
1.590000000000000000e+03
1.558000000000000000e+03
1.586000000000000000e+03
1.585000000000000000e+03
1.574000000000000000e+03
1.593000000000000000e+03
1.596000000000000000e+03
1.621000000000000000e+03
1.611000000000000000e+03
1.581000000000000000e+03
1.606000000000000000e+03
1.593000000000000000e+03
1.583000000000000000e+03
1.647000000000000000e+03
1.610000000000000000e+03
1.652000000000000000e+03
1.595000000000000000e+03
1.658000000000000000e+03
1.598000000000000000e+03
1.660000000000000000e+03
1.628000000000000000e+03
1.646000000000000000e+03
1.620000000000000000e+03
1.661000000000000000e+03
1.656000000000000000e+03
1.681000000000000000e+03
1.636000000000000000e+03
1.677000000000000000e+03
1.659000000000000000e+03
1.669000000000000000e+03
1.659000000000000000e+03
1.676000000000000000e+03
1.639000000000000000e+03
1.743000000000000000e+03
1.670000000000000000e+03
1.698000000000000000e+03
1.653000000000000000e+03
1.686000000000000000e+03
1.706000000000000000e+03
1.752000000000000000e+03
1.761000000000000000e+03
1.706000000000000000e+03
1.697000000000000000e+03
1.744000000000000000e+03
1.741000000000000000e+03
1.750000000000000000e+03
1.745000000000000000e+03
1.754000000000000000e+03
1.732000000000000000e+03
1.762000000000000000e+03
1.748000000000000000e+03
1.771000000000000000e+03
1.796000000000000000e+03
1.708000000000000000e+03
1.749000000000000000e+03
1.796000000000000000e+03
1.807000000000000000e+03
1.785000000000000000e+03
1.792000000000000000e+03
1.766000000000000000e+03
1.792000000000000000e+03
1.798000000000000000e+03
1.875000000000000000e+03
1.809000000000000000e+03
1.801000000000000000e+03
1.845000000000000000e+03
1.792000000000000000e+03
1.779000000000000000e+03
1.866000000000000000e+03
1.826000000000000000e+03
1.834000000000000000e+03
1.816000000000000000e+03
1.883000000000000000e+03
1.865000000000000000e+03
1.853000000000000000e+03
1.868000000000000000e+03
1.881000000000000000e+03
1.822000000000000000e+03
1.887000000000000000e+03
1.887000000000000000e+03
1.909000000000000000e+03
1.899000000000000000e+03
1.917000000000000000e+03
1.914000000000000000e+03
1.914000000000000000e+03
1.934000000000000000e+03
1.931000000000000000e+03
1.926000000000000000e+03
1.972000000000000000e+03
1.965000000000000000e+03
1.916000000000000000e+03
1.883000000000000000e+03
1.997000000000000000e+03
1.997000000000000000e+03
1.998000000000000000e+03
2.064000000000000000e+03
2.006000000000000000e+03
2.058000000000000000e+03
2.018000000000000000e+03
2.028000000000000000e+03
2.005000000000000000e+03
2.072000000000000000e+03
2.033000000000000000e+03
2.053000000000000000e+03
2.088000000000000000e+03
2.079000000000000000e+03
2.069000000000000000e+03
2.126000000000000000e+03
2.106000000000000000e+03
2.164000000000000000e+03
2.139000000000000000e+03
2.154000000000000000e+03
2.121000000000000000e+03
2.164000000000000000e+03
2.128000000000000000e+03
2.198000000000000000e+03
2.280000000000000000e+03
2.194000000000000000e+03
2.180000000000000000e+03
2.249000000000000000e+03
2.233000000000000000e+03
2.209000000000000000e+03
2.272000000000000000e+03
2.248000000000000000e+03
2.378000000000000000e+03
2.246000000000000000e+03
2.299000000000000000e+03
2.396000000000000000e+03
2.348000000000000000e+03
2.320000000000000000e+03
2.328000000000000000e+03
2.386000000000000000e+03
2.365000000000000000e+03
2.449000000000000000e+03
2.365000000000000000e+03
2.457000000000000000e+03
2.328000000000000000e+03
2.403000000000000000e+03
2.438000000000000000e+03
2.423000000000000000e+03
2.458000000000000000e+03
2.421000000000000000e+03
2.398000000000000000e+03
2.533000000000000000e+03
2.451000000000000000e+03
2.400000000000000000e+03
2.415000000000000000e+03
2.512000000000000000e+03
2.475000000000000000e+03
2.494000000000000000e+03
2.521000000000000000e+03
2.531000000000000000e+03
2.477000000000000000e+03
2.550000000000000000e+03
2.512000000000000000e+03
2.590000000000000000e+03
2.531000000000000000e+03
2.526000000000000000e+03
2.572000000000000000e+03
2.617000000000000000e+03
2.572000000000000000e+03
2.791000000000000000e+03
3.049000000000000000e+03
2.837000000000000000e+03
2.647000000000000000e+03
2.564000000000000000e+03
2.603000000000000000e+03
2.598000000000000000e+03
2.562000000000000000e+03
2.575000000000000000e+03
2.649000000000000000e+03
2.606000000000000000e+03
2.672000000000000000e+03
2.657000000000000000e+03
2.647000000000000000e+03
2.666000000000000000e+03
2.665000000000000000e+03
2.701000000000000000e+03
2.711000000000000000e+03
2.638000000000000000e+03
2.684000000000000000e+03
2.815000000000000000e+03
2.703000000000000000e+03
2.739000000000000000e+03
2.813000000000000000e+03
2.720000000000000000e+03
2.811000000000000000e+03
2.795000000000000000e+03
2.818000000000000000e+03
2.855000000000000000e+03
2.824000000000000000e+03
2.834000000000000000e+03
2.846000000000000000e+03
2.833000000000000000e+03
2.898000000000000000e+03
2.908000000000000000e+03
2.936000000000000000e+03
2.837000000000000000e+03
2.910000000000000000e+03
2.932000000000000000e+03
2.984000000000000000e+03
2.964000000000000000e+03
2.950000000000000000e+03
2.956000000000000000e+03
3.021000000000000000e+03
2.993000000000000000e+03
3.036000000000000000e+03
3.049000000000000000e+03
3.101000000000000000e+03
3.058000000000000000e+03
3.102000000000000000e+03
3.069000000000000000e+03
3.122000000000000000e+03
3.071000000000000000e+03
3.161000000000000000e+03
3.161000000000000000e+03
3.194000000000000000e+03
3.156000000000000000e+03
3.171000000000000000e+03
3.227000000000000000e+03
3.207000000000000000e+03
3.244000000000000000e+03
3.305000000000000000e+03
3.294000000000000000e+03
3.239000000000000000e+03
3.334000000000000000e+03
3.293000000000000000e+03
3.326000000000000000e+03
3.377000000000000000e+03
3.351000000000000000e+03
3.304000000000000000e+03
3.358000000000000000e+03
3.373000000000000000e+03
3.546000000000000000e+03
3.531000000000000000e+03
3.500000000000000000e+03
3.464000000000000000e+03
3.422000000000000000e+03
3.572000000000000000e+03
3.606000000000000000e+03
3.500000000000000000e+03
3.509000000000000000e+03
3.505000000000000000e+03
3.452000000000000000e+03
3.469000000000000000e+03
3.565000000000000000e+03
3.523000000000000000e+03
3.519000000000000000e+03
3.544000000000000000e+03
3.575000000000000000e+03
3.546000000000000000e+03
3.546000000000000000e+03
3.598000000000000000e+03
3.560000000000000000e+03
3.618000000000000000e+03
3.609000000000000000e+03
3.637000000000000000e+03
3.576000000000000000e+03
3.608000000000000000e+03
3.669000000000000000e+03
3.639000000000000000e+03
3.607000000000000000e+03
3.688000000000000000e+03
3.628000000000000000e+03
3.606000000000000000e+03
3.631000000000000000e+03
3.682000000000000000e+03
3.608000000000000000e+03
3.704000000000000000e+03
3.640000000000000000e+03
3.682000000000000000e+03
3.816000000000000000e+03
3.696000000000000000e+03
3.677000000000000000e+03
3.732000000000000000e+03
3.789000000000000000e+03
3.684000000000000000e+03
3.757000000000000000e+03
3.862000000000000000e+03
3.725000000000000000e+03
3.751000000000000000e+03
3.724000000000000000e+03
3.770000000000000000e+03
3.888000000000000000e+03
3.786000000000000000e+03
3.830000000000000000e+03
3.748000000000000000e+03
3.757000000000000000e+03
3.737000000000000000e+03
3.745000000000000000e+03
3.721000000000000000e+03
3.760000000000000000e+03
3.750000000000000000e+03
3.758000000000000000e+03
3.699000000000000000e+03
3.807000000000000000e+03
3.741000000000000000e+03
3.808000000000000000e+03
3.789000000000000000e+03
3.742000000000000000e+03
3.762000000000000000e+03
3.750000000000000000e+03
3.768000000000000000e+03
3.871000000000000000e+03
3.724000000000000000e+03
3.736000000000000000e+03
3.840000000000000000e+03
3.977000000000000000e+03
3.819000000000000000e+03
3.809000000000000000e+03
3.848000000000000000e+03
3.764000000000000000e+03
3.807000000000000000e+03
3.826000000000000000e+03
3.826000000000000000e+03
3.789000000000000000e+03
3.713000000000000000e+03
3.811000000000000000e+03
3.796000000000000000e+03
3.777000000000000000e+03
3.767000000000000000e+03
3.742000000000000000e+03
3.794000000000000000e+03
3.789000000000000000e+03
3.791000000000000000e+03
3.815000000000000000e+03
3.796000000000000000e+03
3.808000000000000000e+03
3.859000000000000000e+03
3.755000000000000000e+03
3.831000000000000000e+03
3.740000000000000000e+03
3.785000000000000000e+03
3.747000000000000000e+03
3.806000000000000000e+03
3.734000000000000000e+03
3.760000000000000000e+03
3.842000000000000000e+03
3.811000000000000000e+03
3.797000000000000000e+03
3.796000000000000000e+03
3.805000000000000000e+03
3.845000000000000000e+03
3.867000000000000000e+03
3.827000000000000000e+03
3.841000000000000000e+03
3.850000000000000000e+03
3.838000000000000000e+03
3.851000000000000000e+03
3.930000000000000000e+03
3.890000000000000000e+03
3.824000000000000000e+03
3.917000000000000000e+03
3.858000000000000000e+03
3.992000000000000000e+03
3.981000000000000000e+03
3.941000000000000000e+03
3.918000000000000000e+03
3.929000000000000000e+03
3.964000000000000000e+03
3.887000000000000000e+03
3.962000000000000000e+03
3.953000000000000000e+03
3.959000000000000000e+03
3.968000000000000000e+03
3.982000000000000000e+03
3.969000000000000000e+03
3.818000000000000000e+03
3.986000000000000000e+03
3.985000000000000000e+03
3.944000000000000000e+03
3.883000000000000000e+03
3.948000000000000000e+03
3.972000000000000000e+03
4.010000000000000000e+03
3.957000000000000000e+03
4.003000000000000000e+03
3.992000000000000000e+03
3.992000000000000000e+03
4.212000000000000000e+03
4.006000000000000000e+03
3.970000000000000000e+03
3.909000000000000000e+03
3.972000000000000000e+03
3.969000000000000000e+03
3.913000000000000000e+03
4.073000000000000000e+03
3.975000000000000000e+03
3.993000000000000000e+03
3.978000000000000000e+03
4.054000000000000000e+03
4.051000000000000000e+03
4.047000000000000000e+03
4.059000000000000000e+03
4.077000000000000000e+03
4.064000000000000000e+03
4.011000000000000000e+03
4.010000000000000000e+03
4.015000000000000000e+03
4.082000000000000000e+03
4.120000000000000000e+03
4.015000000000000000e+03
4.013000000000000000e+03
4.119000000000000000e+03
4.096000000000000000e+03
4.100000000000000000e+03
4.042000000000000000e+03
4.134000000000000000e+03
4.067000000000000000e+03
4.168000000000000000e+03
4.144000000000000000e+03
4.105000000000000000e+03
4.128000000000000000e+03
4.106000000000000000e+03
4.068000000000000000e+03
4.085000000000000000e+03
4.118000000000000000e+03
4.092000000000000000e+03
4.081000000000000000e+03
4.156000000000000000e+03
4.159000000000000000e+03
4.089000000000000000e+03
4.081000000000000000e+03
4.087000000000000000e+03
4.100000000000000000e+03
4.106000000000000000e+03
4.259000000000000000e+03
4.118000000000000000e+03
4.070000000000000000e+03
4.104000000000000000e+03
4.073000000000000000e+03
4.067000000000000000e+03
4.141000000000000000e+03
4.101000000000000000e+03
4.056000000000000000e+03
4.098000000000000000e+03
4.099000000000000000e+03
4.075000000000000000e+03
4.179000000000000000e+03
4.084000000000000000e+03
4.053000000000000000e+03
4.106000000000000000e+03
4.087000000000000000e+03
4.067000000000000000e+03
4.073000000000000000e+03
4.051000000000000000e+03
4.113000000000000000e+03
4.051000000000000000e+03
4.079000000000000000e+03
4.034000000000000000e+03
3.994000000000000000e+03
3.987000000000000000e+03
4.083000000000000000e+03
4.067000000000000000e+03
4.020000000000000000e+03
4.033000000000000000e+03
4.051000000000000000e+03
4.110000000000000000e+03
4.051000000000000000e+03
3.968000000000000000e+03
3.999000000000000000e+03
4.015000000000000000e+03
4.040000000000000000e+03
4.051000000000000000e+03
3.996000000000000000e+03
3.958000000000000000e+03
4.062000000000000000e+03
3.952000000000000000e+03
3.950000000000000000e+03
3.972000000000000000e+03
3.976000000000000000e+03
3.984000000000000000e+03
3.980000000000000000e+03
3.992000000000000000e+03
3.917000000000000000e+03
3.861000000000000000e+03
3.932000000000000000e+03
3.917000000000000000e+03
3.933000000000000000e+03
3.911000000000000000e+03
3.859000000000000000e+03
3.869000000000000000e+03
3.934000000000000000e+03
3.951000000000000000e+03
3.938000000000000000e+03
3.862000000000000000e+03
3.835000000000000000e+03
3.805000000000000000e+03
3.910000000000000000e+03
3.808000000000000000e+03
3.788000000000000000e+03
3.827000000000000000e+03
3.855000000000000000e+03
3.793000000000000000e+03
3.732000000000000000e+03
3.808000000000000000e+03
3.786000000000000000e+03
3.771000000000000000e+03
3.795000000000000000e+03
3.808000000000000000e+03
3.753000000000000000e+03
3.688000000000000000e+03
3.686000000000000000e+03
3.767000000000000000e+03
3.708000000000000000e+03
3.786000000000000000e+03
3.701000000000000000e+03
3.729000000000000000e+03
3.706000000000000000e+03
3.692000000000000000e+03
3.704000000000000000e+03
3.654000000000000000e+03
3.678000000000000000e+03
3.621000000000000000e+03
3.609000000000000000e+03
3.609000000000000000e+03
3.561000000000000000e+03
3.669000000000000000e+03
3.631000000000000000e+03
3.694000000000000000e+03
3.622000000000000000e+03
3.614000000000000000e+03
3.618000000000000000e+03
3.554000000000000000e+03
3.549000000000000000e+03
3.556000000000000000e+03
3.529000000000000000e+03
3.580000000000000000e+03
3.544000000000000000e+03
3.550000000000000000e+03
3.525000000000000000e+03
3.526000000000000000e+03
3.544000000000000000e+03
3.584000000000000000e+03
3.565000000000000000e+03
3.555000000000000000e+03
3.489000000000000000e+03
3.516000000000000000e+03
3.541000000000000000e+03
3.535000000000000000e+03
3.498000000000000000e+03
3.543000000000000000e+03
3.497000000000000000e+03
3.550000000000000000e+03
3.498000000000000000e+03
3.544000000000000000e+03
3.459000000000000000e+03
3.475000000000000000e+03
3.497000000000000000e+03
3.505000000000000000e+03
3.452000000000000000e+03
3.487000000000000000e+03
3.550000000000000000e+03
3.519000000000000000e+03
3.482000000000000000e+03
3.528000000000000000e+03
3.418000000000000000e+03
3.465000000000000000e+03
3.455000000000000000e+03
3.416000000000000000e+03
3.525000000000000000e+03
3.345000000000000000e+03
3.383000000000000000e+03
3.463000000000000000e+03
3.373000000000000000e+03
3.430000000000000000e+03
3.459000000000000000e+03
3.403000000000000000e+03
3.403000000000000000e+03
3.326000000000000000e+03
3.420000000000000000e+03
3.443000000000000000e+03
3.450000000000000000e+03
3.390000000000000000e+03
3.433000000000000000e+03
3.305000000000000000e+03
3.402000000000000000e+03
3.276000000000000000e+03
3.409000000000000000e+03
3.311000000000000000e+03
3.419000000000000000e+03
3.348000000000000000e+03
3.273000000000000000e+03
3.359000000000000000e+03
3.303000000000000000e+03
3.263000000000000000e+03
3.277000000000000000e+03
3.203000000000000000e+03
3.383000000000000000e+03
3.263000000000000000e+03
3.286000000000000000e+03
3.267000000000000000e+03
3.319000000000000000e+03
3.314000000000000000e+03
3.294000000000000000e+03
3.288000000000000000e+03
3.322000000000000000e+03
3.267000000000000000e+03
3.205000000000000000e+03
3.116000000000000000e+03
3.237000000000000000e+03
3.236000000000000000e+03
3.219000000000000000e+03
3.191000000000000000e+03
3.232000000000000000e+03
3.203000000000000000e+03
3.172000000000000000e+03
3.226000000000000000e+03
3.279000000000000000e+03
3.204000000000000000e+03
3.174000000000000000e+03
3.217000000000000000e+03
3.220000000000000000e+03
3.214000000000000000e+03
3.153000000000000000e+03
3.193000000000000000e+03
3.130000000000000000e+03
3.017000000000000000e+03
3.140000000000000000e+03
3.187000000000000000e+03
3.106000000000000000e+03
3.081000000000000000e+03
3.107000000000000000e+03
3.136000000000000000e+03
3.082000000000000000e+03
3.093000000000000000e+03
3.059000000000000000e+03
3.090000000000000000e+03
3.125000000000000000e+03
3.092000000000000000e+03
3.062000000000000000e+03
3.070000000000000000e+03
3.153000000000000000e+03
3.034000000000000000e+03
3.069000000000000000e+03
2.992000000000000000e+03
3.068000000000000000e+03
3.030000000000000000e+03
2.981000000000000000e+03
3.058000000000000000e+03
3.000000000000000000e+03
2.976000000000000000e+03
3.076000000000000000e+03
3.039000000000000000e+03
2.956000000000000000e+03
2.977000000000000000e+03
2.973000000000000000e+03
3.000000000000000000e+03
3.002000000000000000e+03
2.976000000000000000e+03
2.962000000000000000e+03
2.958000000000000000e+03
2.917000000000000000e+03
2.916000000000000000e+03
2.929000000000000000e+03
2.840000000000000000e+03
2.889000000000000000e+03
2.891000000000000000e+03
2.785000000000000000e+03
2.895000000000000000e+03
2.880000000000000000e+03
2.830000000000000000e+03
2.822000000000000000e+03
2.790000000000000000e+03
2.855000000000000000e+03
2.857000000000000000e+03
2.813000000000000000e+03
2.804000000000000000e+03
2.805000000000000000e+03
2.834000000000000000e+03
2.766000000000000000e+03
2.727000000000000000e+03
2.741000000000000000e+03
2.703000000000000000e+03
2.688000000000000000e+03
2.708000000000000000e+03
2.706000000000000000e+03
2.662000000000000000e+03
2.719000000000000000e+03
2.676000000000000000e+03
2.685000000000000000e+03
2.681000000000000000e+03
2.688000000000000000e+03
2.683000000000000000e+03
2.625000000000000000e+03
2.631000000000000000e+03
2.610000000000000000e+03
2.548000000000000000e+03
2.578000000000000000e+03
2.630000000000000000e+03
2.582000000000000000e+03
2.580000000000000000e+03
2.549000000000000000e+03
2.512000000000000000e+03
2.533000000000000000e+03
2.620000000000000000e+03
2.520000000000000000e+03
2.535000000000000000e+03
2.516000000000000000e+03
2.543000000000000000e+03
2.448000000000000000e+03
2.473000000000000000e+03
2.510000000000000000e+03
2.492000000000000000e+03
2.446000000000000000e+03
2.416000000000000000e+03
2.430000000000000000e+03
2.373000000000000000e+03
2.360000000000000000e+03
2.376000000000000000e+03
2.369000000000000000e+03
2.377000000000000000e+03
2.391000000000000000e+03
2.384000000000000000e+03
2.360000000000000000e+03
2.350000000000000000e+03
2.351000000000000000e+03
2.342000000000000000e+03
2.325000000000000000e+03
2.325000000000000000e+03
2.305000000000000000e+03
2.298000000000000000e+03
2.301000000000000000e+03
2.366000000000000000e+03
2.270000000000000000e+03
2.278000000000000000e+03
2.292000000000000000e+03
2.339000000000000000e+03
2.313000000000000000e+03
2.269000000000000000e+03
2.256000000000000000e+03
2.272000000000000000e+03
2.219000000000000000e+03
2.207000000000000000e+03
2.243000000000000000e+03
2.217000000000000000e+03
2.237000000000000000e+03
2.211000000000000000e+03
2.162000000000000000e+03
