1.475000000000000000e+03
1.520000000000000000e+03
1.497000000000000000e+03
1.583000000000000000e+03
1.600000000000000000e+03
1.534000000000000000e+03
1.520000000000000000e+03
1.539000000000000000e+03
1.551000000000000000e+03
1.536000000000000000e+03
1.561000000000000000e+03
1.537000000000000000e+03
1.563000000000000000e+03
1.582000000000000000e+03
1.540000000000000000e+03
1.555000000000000000e+03
1.542000000000000000e+03
1.595000000000000000e+03
1.576000000000000000e+03
1.569000000000000000e+03
1.631000000000000000e+03
1.597000000000000000e+03
1.602000000000000000e+03
1.633000000000000000e+03
1.586000000000000000e+03
1.582000000000000000e+03
1.602000000000000000e+03
1.592000000000000000e+03
1.594000000000000000e+03
1.633000000000000000e+03
1.621000000000000000e+03
1.633000000000000000e+03
1.665000000000000000e+03
1.617000000000000000e+03
1.662000000000000000e+03
1.667000000000000000e+03
1.647000000000000000e+03
1.634000000000000000e+03
1.678000000000000000e+03
1.672000000000000000e+03
1.670000000000000000e+03
1.723000000000000000e+03
1.704000000000000000e+03
1.653000000000000000e+03
1.729000000000000000e+03
1.724000000000000000e+03
1.695000000000000000e+03
1.708000000000000000e+03
1.734000000000000000e+03
1.690000000000000000e+03
1.721000000000000000e+03
1.731000000000000000e+03
1.733000000000000000e+03
1.740000000000000000e+03
1.709000000000000000e+03
1.799000000000000000e+03
1.706000000000000000e+03
1.731000000000000000e+03
1.777000000000000000e+03
1.719000000000000000e+03
1.779000000000000000e+03
1.741000000000000000e+03
1.786000000000000000e+03
1.770000000000000000e+03
1.802000000000000000e+03
1.723000000000000000e+03
1.814000000000000000e+03
1.805000000000000000e+03
1.781000000000000000e+03
1.848000000000000000e+03
1.806000000000000000e+03
1.837000000000000000e+03
1.791000000000000000e+03
1.915000000000000000e+03
1.792000000000000000e+03
1.793000000000000000e+03
1.827000000000000000e+03
1.810000000000000000e+03
1.770000000000000000e+03
1.917000000000000000e+03
1.862000000000000000e+03
1.859000000000000000e+03
1.881000000000000000e+03
1.824000000000000000e+03
1.843000000000000000e+03
1.853000000000000000e+03
1.850000000000000000e+03
1.842000000000000000e+03
1.896000000000000000e+03
1.879000000000000000e+03
1.886000000000000000e+03
1.909000000000000000e+03
1.917000000000000000e+03
1.900000000000000000e+03
1.918000000000000000e+03
1.924000000000000000e+03
1.922000000000000000e+03
1.902000000000000000e+03
1.900000000000000000e+03
2.005000000000000000e+03
1.920000000000000000e+03
1.976000000000000000e+03
2.032000000000000000e+03
1.933000000000000000e+03
1.954000000000000000e+03
1.989000000000000000e+03
1.973000000000000000e+03
2.008000000000000000e+03
2.022000000000000000e+03
2.045000000000000000e+03
2.034000000000000000e+03
2.031000000000000000e+03
2.008000000000000000e+03
2.025000000000000000e+03
2.019000000000000000e+03
2.025000000000000000e+03
1.991000000000000000e+03
2.137000000000000000e+03
2.110000000000000000e+03
2.058000000000000000e+03
2.074000000000000000e+03
2.063000000000000000e+03
2.079000000000000000e+03
2.129000000000000000e+03
2.181000000000000000e+03
2.136000000000000000e+03
2.162000000000000000e+03
2.166000000000000000e+03
2.186000000000000000e+03
2.191000000000000000e+03
2.168000000000000000e+03
2.212000000000000000e+03
2.188000000000000000e+03
2.189000000000000000e+03
2.222000000000000000e+03
2.261000000000000000e+03
2.261000000000000000e+03
2.293000000000000000e+03
2.303000000000000000e+03
2.261000000000000000e+03
2.287000000000000000e+03
2.331000000000000000e+03
2.331000000000000000e+03
2.270000000000000000e+03
2.314000000000000000e+03
2.362000000000000000e+03
2.354000000000000000e+03
2.338000000000000000e+03
2.348000000000000000e+03
2.340000000000000000e+03
2.381000000000000000e+03
2.409000000000000000e+03
2.397000000000000000e+03
2.492000000000000000e+03
2.473000000000000000e+03
2.426000000000000000e+03
2.471000000000000000e+03
2.446000000000000000e+03
2.420000000000000000e+03
2.606000000000000000e+03
2.504000000000000000e+03
2.490000000000000000e+03
2.512000000000000000e+03
2.512000000000000000e+03
2.472000000000000000e+03
2.472000000000000000e+03
2.500000000000000000e+03
2.508000000000000000e+03
2.549000000000000000e+03
2.589000000000000000e+03
2.565000000000000000e+03
2.508000000000000000e+03
2.576000000000000000e+03
2.642000000000000000e+03
2.587000000000000000e+03
2.634000000000000000e+03
2.688000000000000000e+03
2.657000000000000000e+03
2.637000000000000000e+03
2.642000000000000000e+03
2.636000000000000000e+03
2.625000000000000000e+03
2.671000000000000000e+03
2.595000000000000000e+03
2.720000000000000000e+03
2.700000000000000000e+03
2.790000000000000000e+03
3.167000000000000000e+03
3.027000000000000000e+03
2.837000000000000000e+03
2.724000000000000000e+03
2.704000000000000000e+03
2.686000000000000000e+03
2.678000000000000000e+03
2.730000000000000000e+03
2.712000000000000000e+03
2.773000000000000000e+03
2.693000000000000000e+03
2.737000000000000000e+03
2.797000000000000000e+03
2.752000000000000000e+03
2.790000000000000000e+03
2.895000000000000000e+03
2.778000000000000000e+03
2.795000000000000000e+03
2.820000000000000000e+03
2.836000000000000000e+03
2.875000000000000000e+03
2.908000000000000000e+03
2.891000000000000000e+03
2.860000000000000000e+03
2.981000000000000000e+03
2.915000000000000000e+03
2.884000000000000000e+03
2.903000000000000000e+03
2.912000000000000000e+03
2.943000000000000000e+03
2.954000000000000000e+03
2.969000000000000000e+03
3.002000000000000000e+03
2.997000000000000000e+03
2.951000000000000000e+03
2.988000000000000000e+03
3.023000000000000000e+03
3.061000000000000000e+03
3.063000000000000000e+03
3.098000000000000000e+03
3.125000000000000000e+03
3.094000000000000000e+03
3.130000000000000000e+03
3.130000000000000000e+03
3.205000000000000000e+03
3.170000000000000000e+03
3.161000000000000000e+03
3.229000000000000000e+03
3.221000000000000000e+03
3.203000000000000000e+03
3.301000000000000000e+03
3.214000000000000000e+03
3.315000000000000000e+03
3.266000000000000000e+03
3.334000000000000000e+03
3.346000000000000000e+03
3.348000000000000000e+03
3.355000000000000000e+03
3.380000000000000000e+03
3.332000000000000000e+03
3.384000000000000000e+03
3.356000000000000000e+03
3.374000000000000000e+03
3.432000000000000000e+03
3.481000000000000000e+03
3.472000000000000000e+03
3.469000000000000000e+03
3.468000000000000000e+03
3.485000000000000000e+03
3.547000000000000000e+03
3.525000000000000000e+03
3.531000000000000000e+03
3.641000000000000000e+03
3.587000000000000000e+03
3.555000000000000000e+03
3.535000000000000000e+03
3.618000000000000000e+03
3.683000000000000000e+03
3.694000000000000000e+03
3.643000000000000000e+03
3.654000000000000000e+03
3.609000000000000000e+03
3.675000000000000000e+03
3.637000000000000000e+03
3.666000000000000000e+03
3.636000000000000000e+03
3.662000000000000000e+03
3.715000000000000000e+03
3.751000000000000000e+03
3.724000000000000000e+03
3.704000000000000000e+03
3.725000000000000000e+03
3.623000000000000000e+03
3.690000000000000000e+03
3.777000000000000000e+03
3.769000000000000000e+03
3.698000000000000000e+03
3.659000000000000000e+03
3.721000000000000000e+03
3.810000000000000000e+03
3.731000000000000000e+03
3.724000000000000000e+03
3.786000000000000000e+03
3.766000000000000000e+03
3.744000000000000000e+03
3.735000000000000000e+03
3.752000000000000000e+03
3.812000000000000000e+03
3.817000000000000000e+03
3.809000000000000000e+03
3.835000000000000000e+03
3.816000000000000000e+03
3.833000000000000000e+03
3.803000000000000000e+03
3.875000000000000000e+03
3.830000000000000000e+03
3.857000000000000000e+03
3.951000000000000000e+03
3.827000000000000000e+03
3.895000000000000000e+03
3.873000000000000000e+03
3.906000000000000000e+03
3.895000000000000000e+03
3.907000000000000000e+03
3.887000000000000000e+03
3.959000000000000000e+03
3.920000000000000000e+03
3.874000000000000000e+03
3.990000000000000000e+03
3.915000000000000000e+03
3.954000000000000000e+03
3.917000000000000000e+03
3.972000000000000000e+03
3.948000000000000000e+03
3.931000000000000000e+03
3.992000000000000000e+03
3.859000000000000000e+03
3.937000000000000000e+03
3.896000000000000000e+03
3.931000000000000000e+03
3.964000000000000000e+03
3.886000000000000000e+03
3.903000000000000000e+03
3.936000000000000000e+03
3.962000000000000000e+03
3.957000000000000000e+03
3.917000000000000000e+03
3.890000000000000000e+03
3.969000000000000000e+03
3.941000000000000000e+03
3.926000000000000000e+03
3.894000000000000000e+03
3.984000000000000000e+03
3.939000000000000000e+03
3.974000000000000000e+03
3.973000000000000000e+03
3.949000000000000000e+03
3.917000000000000000e+03
3.930000000000000000e+03
3.965000000000000000e+03
3.982000000000000000e+03
3.994000000000000000e+03
3.947000000000000000e+03
3.913000000000000000e+03
3.914000000000000000e+03
3.984000000000000000e+03
3.932000000000000000e+03
3.934000000000000000e+03
3.959000000000000000e+03
4.053000000000000000e+03
4.004000000000000000e+03
3.997000000000000000e+03
4.000000000000000000e+03
4.062000000000000000e+03
3.983000000000000000e+03
3.981000000000000000e+03
3.975000000000000000e+03
4.008000000000000000e+03
3.989000000000000000e+03
3.970000000000000000e+03
4.038000000000000000e+03
4.971000000000000000e+03
4.056000000000000000e+03
3.951000000000000000e+03
4.001000000000000000e+03
4.021000000000000000e+03
3.982000000000000000e+03
4.037000000000000000e+03
4.051000000000000000e+03
4.039000000000000000e+03
4.054000000000000000e+03
3.992000000000000000e+03
4.066000000000000000e+03
4.142000000000000000e+03
4.118000000000000000e+03
4.101000000000000000e+03
4.104000000000000000e+03
4.081000000000000000e+03
4.144000000000000000e+03
4.104000000000000000e+03
4.095000000000000000e+03
4.132000000000000000e+03
4.103000000000000000e+03
4.201000000000000000e+03
4.069000000000000000e+03
4.114000000000000000e+03
4.137000000000000000e+03
4.154000000000000000e+03
4.130000000000000000e+03
4.115000000000000000e+03
4.168000000000000000e+03
4.211000000000000000e+03
4.221000000000000000e+03
4.140000000000000000e+03
4.103000000000000000e+03
4.124000000000000000e+03
4.175000000000000000e+03
4.194000000000000000e+03
4.173000000000000000e+03
4.158000000000000000e+03
4.240000000000000000e+03
4.218000000000000000e+03
4.164000000000000000e+03
4.167000000000000000e+03
4.153000000000000000e+03
4.228000000000000000e+03
4.212000000000000000e+03
4.133000000000000000e+03
4.198000000000000000e+03
4.218000000000000000e+03
4.208000000000000000e+03
4.204000000000000000e+03
4.207000000000000000e+03
4.237000000000000000e+03
4.128000000000000000e+03
4.208000000000000000e+03
4.277000000000000000e+03
4.386000000000000000e+03
4.219000000000000000e+03
4.225000000000000000e+03
4.249000000000000000e+03
4.319000000000000000e+03
4.292000000000000000e+03
4.331000000000000000e+03
4.238000000000000000e+03
4.267000000000000000e+03
4.254000000000000000e+03
4.277000000000000000e+03
4.295000000000000000e+03
4.256000000000000000e+03
4.246000000000000000e+03
4.384000000000000000e+03
4.322000000000000000e+03
4.279000000000000000e+03
4.329000000000000000e+03
4.217000000000000000e+03
4.336000000000000000e+03
4.365000000000000000e+03
4.259000000000000000e+03
4.307000000000000000e+03
4.422000000000000000e+03
4.329000000000000000e+03
4.402000000000000000e+03
4.258000000000000000e+03
4.307000000000000000e+03
4.352000000000000000e+03
4.326000000000000000e+03
4.312000000000000000e+03
4.332000000000000000e+03
4.323000000000000000e+03
4.308000000000000000e+03
4.309000000000000000e+03
4.345000000000000000e+03
4.240000000000000000e+03
4.370000000000000000e+03
4.248000000000000000e+03
4.283000000000000000e+03
4.263000000000000000e+03
4.364000000000000000e+03
4.345000000000000000e+03
4.257000000000000000e+03
4.259000000000000000e+03
4.327000000000000000e+03
4.269000000000000000e+03
4.303000000000000000e+03
4.194000000000000000e+03
4.275000000000000000e+03
4.242000000000000000e+03
4.271000000000000000e+03
4.211000000000000000e+03
4.337000000000000000e+03
4.190000000000000000e+03
4.216000000000000000e+03
4.254000000000000000e+03
4.242000000000000000e+03
4.227000000000000000e+03
4.244000000000000000e+03
4.296000000000000000e+03
4.244000000000000000e+03
4.205000000000000000e+03
4.147000000000000000e+03
4.144000000000000000e+03
4.205000000000000000e+03
4.232000000000000000e+03
4.246000000000000000e+03
4.103000000000000000e+03
4.196000000000000000e+03
4.102000000000000000e+03
4.125000000000000000e+03
4.144000000000000000e+03
4.143000000000000000e+03
4.129000000000000000e+03
4.101000000000000000e+03
4.127000000000000000e+03
4.161000000000000000e+03
4.107000000000000000e+03
4.062000000000000000e+03
4.142000000000000000e+03
4.086000000000000000e+03
4.067000000000000000e+03
4.094000000000000000e+03
4.029000000000000000e+03
4.084000000000000000e+03
4.061000000000000000e+03
4.075000000000000000e+03
4.056000000000000000e+03
4.002000000000000000e+03
4.045000000000000000e+03
3.987000000000000000e+03
4.075000000000000000e+03
4.005000000000000000e+03
3.984000000000000000e+03
4.018000000000000000e+03
3.979000000000000000e+03
3.963000000000000000e+03
3.950000000000000000e+03
3.957000000000000000e+03
3.981000000000000000e+03
3.966000000000000000e+03
3.871000000000000000e+03
3.897000000000000000e+03
3.847000000000000000e+03
3.862000000000000000e+03
3.900000000000000000e+03
3.883000000000000000e+03
3.911000000000000000e+03
3.806000000000000000e+03
3.880000000000000000e+03
3.769000000000000000e+03
3.834000000000000000e+03
3.823000000000000000e+03
3.848000000000000000e+03
3.832000000000000000e+03
3.747000000000000000e+03
3.756000000000000000e+03
3.842000000000000000e+03
3.824000000000000000e+03
3.825000000000000000e+03
3.790000000000000000e+03
3.772000000000000000e+03
3.812000000000000000e+03
3.792000000000000000e+03
3.830000000000000000e+03
3.733000000000000000e+03
3.752000000000000000e+03
3.740000000000000000e+03
3.761000000000000000e+03
3.801000000000000000e+03
3.739000000000000000e+03
3.697000000000000000e+03
3.729000000000000000e+03
3.698000000000000000e+03
3.734000000000000000e+03
3.739000000000000000e+03
3.759000000000000000e+03
3.726000000000000000e+03
3.660000000000000000e+03
3.672000000000000000e+03
3.606000000000000000e+03
3.683000000000000000e+03
3.661000000000000000e+03
3.641000000000000000e+03
3.677000000000000000e+03
3.620000000000000000e+03
3.682000000000000000e+03
3.698000000000000000e+03
3.675000000000000000e+03
3.603000000000000000e+03
3.656000000000000000e+03
3.604000000000000000e+03
3.576000000000000000e+03
3.610000000000000000e+03
3.610000000000000000e+03
3.664000000000000000e+03
3.668000000000000000e+03
3.580000000000000000e+03
3.589000000000000000e+03
3.713000000000000000e+03
3.524000000000000000e+03
3.589000000000000000e+03
3.636000000000000000e+03
3.567000000000000000e+03
3.562000000000000000e+03
3.557000000000000000e+03
3.519000000000000000e+03
3.648000000000000000e+03
3.499000000000000000e+03
3.529000000000000000e+03
3.515000000000000000e+03
3.498000000000000000e+03
3.596000000000000000e+03
3.535000000000000000e+03
3.534000000000000000e+03
3.467000000000000000e+03
3.544000000000000000e+03
3.505000000000000000e+03
3.478000000000000000e+03
3.549000000000000000e+03
3.514000000000000000e+03
3.453000000000000000e+03
3.450000000000000000e+03
3.504000000000000000e+03
3.439000000000000000e+03
3.489000000000000000e+03
3.446000000000000000e+03
3.436000000000000000e+03
3.457000000000000000e+03
3.483000000000000000e+03
3.458000000000000000e+03
3.373000000000000000e+03
3.424000000000000000e+03
3.406000000000000000e+03
3.419000000000000000e+03
3.448000000000000000e+03
3.375000000000000000e+03
3.488000000000000000e+03
3.392000000000000000e+03
3.410000000000000000e+03
3.436000000000000000e+03
3.375000000000000000e+03
3.344000000000000000e+03
3.337000000000000000e+03
3.401000000000000000e+03
3.373000000000000000e+03
3.387000000000000000e+03
3.284000000000000000e+03
3.270000000000000000e+03
3.355000000000000000e+03
3.330000000000000000e+03
3.403000000000000000e+03
3.368000000000000000e+03
3.364000000000000000e+03
3.283000000000000000e+03
3.257000000000000000e+03
3.318000000000000000e+03
3.300000000000000000e+03
3.248000000000000000e+03
3.226000000000000000e+03
3.275000000000000000e+03
3.340000000000000000e+03
3.277000000000000000e+03
3.268000000000000000e+03
3.281000000000000000e+03
3.258000000000000000e+03
3.204000000000000000e+03
3.190000000000000000e+03
3.244000000000000000e+03
3.150000000000000000e+03
3.180000000000000000e+03
3.232000000000000000e+03
3.201000000000000000e+03
3.237000000000000000e+03
3.236000000000000000e+03
3.212000000000000000e+03
3.201000000000000000e+03
3.207000000000000000e+03
3.163000000000000000e+03
3.181000000000000000e+03
3.133000000000000000e+03
3.150000000000000000e+03
3.142000000000000000e+03
3.154000000000000000e+03
3.167000000000000000e+03
3.122000000000000000e+03
3.097000000000000000e+03
3.121000000000000000e+03
3.069000000000000000e+03
3.127000000000000000e+03
3.136000000000000000e+03
3.058000000000000000e+03
3.074000000000000000e+03
3.075000000000000000e+03
3.087000000000000000e+03
3.001000000000000000e+03
3.004000000000000000e+03
3.061000000000000000e+03
2.979000000000000000e+03
3.055000000000000000e+03
2.942000000000000000e+03
2.957000000000000000e+03
2.955000000000000000e+03
2.950000000000000000e+03
2.951000000000000000e+03
2.953000000000000000e+03
2.903000000000000000e+03
2.882000000000000000e+03
2.884000000000000000e+03
2.895000000000000000e+03
2.895000000000000000e+03
2.874000000000000000e+03
2.885000000000000000e+03
2.829000000000000000e+03
2.842000000000000000e+03
2.846000000000000000e+03
4.068000000000000000e+03
2.759000000000000000e+03
2.842000000000000000e+03
2.788000000000000000e+03
2.785000000000000000e+03
2.841000000000000000e+03
2.826000000000000000e+03
2.781000000000000000e+03
2.913000000000000000e+03
2.675000000000000000e+03
2.755000000000000000e+03
2.689000000000000000e+03
2.726000000000000000e+03
2.683000000000000000e+03
2.671000000000000000e+03
2.662000000000000000e+03
2.630000000000000000e+03
2.656000000000000000e+03
2.646000000000000000e+03
2.598000000000000000e+03
2.657000000000000000e+03
2.648000000000000000e+03
2.596000000000000000e+03
2.572000000000000000e+03
2.553000000000000000e+03
2.607000000000000000e+03
2.476000000000000000e+03
2.548000000000000000e+03
2.460000000000000000e+03
2.494000000000000000e+03
2.506000000000000000e+03
2.569000000000000000e+03
2.460000000000000000e+03
2.532000000000000000e+03
2.549000000000000000e+03
2.516000000000000000e+03
2.494000000000000000e+03
2.476000000000000000e+03
2.476000000000000000e+03
2.522000000000000000e+03
2.477000000000000000e+03
2.385000000000000000e+03
2.461000000000000000e+03
2.428000000000000000e+03
2.480000000000000000e+03
2.379000000000000000e+03
2.431000000000000000e+03
2.367000000000000000e+03
2.408000000000000000e+03
2.421000000000000000e+03
2.367000000000000000e+03
2.371000000000000000e+03
2.418000000000000000e+03
2.364000000000000000e+03
2.278000000000000000e+03
2.359000000000000000e+03
2.322000000000000000e+03
2.285000000000000000e+03
2.364000000000000000e+03
2.352000000000000000e+03
2.342000000000000000e+03
2.337000000000000000e+03
2.319000000000000000e+03
2.221000000000000000e+03
