1.418000000000000000e+03
1.426000000000000000e+03
1.417000000000000000e+03
1.400000000000000000e+03
1.375000000000000000e+03
1.405000000000000000e+03
1.469000000000000000e+03
1.438000000000000000e+03
1.468000000000000000e+03
1.458000000000000000e+03
1.426000000000000000e+03
1.454000000000000000e+03
1.432000000000000000e+03
1.481000000000000000e+03
1.457000000000000000e+03
1.457000000000000000e+03
1.480000000000000000e+03
1.429000000000000000e+03
1.526000000000000000e+03
1.490000000000000000e+03
1.543000000000000000e+03
1.484000000000000000e+03
1.483000000000000000e+03
1.504000000000000000e+03
1.488000000000000000e+03
1.534000000000000000e+03
1.509000000000000000e+03
1.554000000000000000e+03
1.553000000000000000e+03
1.509000000000000000e+03
1.540000000000000000e+03
1.543000000000000000e+03
1.560000000000000000e+03
1.567000000000000000e+03
1.590000000000000000e+03
1.617000000000000000e+03
1.542000000000000000e+03
1.565000000000000000e+03
1.563000000000000000e+03
1.624000000000000000e+03
1.587000000000000000e+03
1.572000000000000000e+03
1.582000000000000000e+03
1.598000000000000000e+03
1.573000000000000000e+03
1.574000000000000000e+03
1.605000000000000000e+03
1.673000000000000000e+03
1.597000000000000000e+03
1.634000000000000000e+03
1.668000000000000000e+03
1.619000000000000000e+03
1.651000000000000000e+03
1.630000000000000000e+03
1.609000000000000000e+03
1.660000000000000000e+03
1.618000000000000000e+03
1.646000000000000000e+03
1.668000000000000000e+03
1.651000000000000000e+03
1.656000000000000000e+03
1.617000000000000000e+03
1.685000000000000000e+03
1.664000000000000000e+03
1.702000000000000000e+03
1.701000000000000000e+03
1.675000000000000000e+03
1.739000000000000000e+03
1.628000000000000000e+03
1.653000000000000000e+03
1.666000000000000000e+03
1.750000000000000000e+03
1.719000000000000000e+03
1.692000000000000000e+03
1.687000000000000000e+03
1.748000000000000000e+03
1.768000000000000000e+03
1.723000000000000000e+03
1.737000000000000000e+03
1.722000000000000000e+03
1.704000000000000000e+03
1.696000000000000000e+03
1.735000000000000000e+03
1.731000000000000000e+03
1.756000000000000000e+03
1.740000000000000000e+03
1.761000000000000000e+03
1.774000000000000000e+03
1.763000000000000000e+03
1.792000000000000000e+03
1.760000000000000000e+03
1.763000000000000000e+03
1.768000000000000000e+03
1.783000000000000000e+03
1.761000000000000000e+03
1.793000000000000000e+03
1.766000000000000000e+03
1.765000000000000000e+03
1.898000000000000000e+03
1.766000000000000000e+03
1.778000000000000000e+03
1.849000000000000000e+03
1.802000000000000000e+03
1.872000000000000000e+03
1.792000000000000000e+03
1.849000000000000000e+03
1.811000000000000000e+03
1.808000000000000000e+03
1.873000000000000000e+03
1.880000000000000000e+03
1.911000000000000000e+03
1.883000000000000000e+03
1.849000000000000000e+03
1.855000000000000000e+03
1.892000000000000000e+03
1.938000000000000000e+03
1.915000000000000000e+03
1.975000000000000000e+03
1.918000000000000000e+03
1.881000000000000000e+03
2.005000000000000000e+03
1.983000000000000000e+03
1.959000000000000000e+03
1.956000000000000000e+03
2.018000000000000000e+03
1.970000000000000000e+03
1.990000000000000000e+03
2.039000000000000000e+03
2.001000000000000000e+03
2.001000000000000000e+03
2.025000000000000000e+03
2.033000000000000000e+03
2.010000000000000000e+03
2.047000000000000000e+03
2.082000000000000000e+03
2.058000000000000000e+03
2.075000000000000000e+03
2.140000000000000000e+03
2.110000000000000000e+03
2.112000000000000000e+03
2.121000000000000000e+03
2.174000000000000000e+03
2.148000000000000000e+03
2.136000000000000000e+03
2.188000000000000000e+03
2.138000000000000000e+03
2.140000000000000000e+03
2.196000000000000000e+03
2.225000000000000000e+03
2.201000000000000000e+03
2.185000000000000000e+03
2.216000000000000000e+03
2.277000000000000000e+03
2.243000000000000000e+03
2.274000000000000000e+03
2.343000000000000000e+03
2.313000000000000000e+03
2.259000000000000000e+03
2.287000000000000000e+03
2.308000000000000000e+03
2.318000000000000000e+03
2.319000000000000000e+03
2.359000000000000000e+03
2.367000000000000000e+03
2.324000000000000000e+03
2.369000000000000000e+03
2.358000000000000000e+03
2.335000000000000000e+03
2.406000000000000000e+03
2.413000000000000000e+03
2.414000000000000000e+03
2.373000000000000000e+03
2.450000000000000000e+03
2.392000000000000000e+03
2.391000000000000000e+03
2.396000000000000000e+03
2.483000000000000000e+03
2.429000000000000000e+03
2.452000000000000000e+03
2.454000000000000000e+03
2.509000000000000000e+03
2.450000000000000000e+03
2.510000000000000000e+03
2.493000000000000000e+03
2.541000000000000000e+03
2.459000000000000000e+03
2.485000000000000000e+03
2.597000000000000000e+03
2.959000000000000000e+03
2.858000000000000000e+03
2.615000000000000000e+03
2.550000000000000000e+03
2.582000000000000000e+03
2.554000000000000000e+03
2.512000000000000000e+03
2.563000000000000000e+03
2.588000000000000000e+03
2.613000000000000000e+03
2.628000000000000000e+03
2.600000000000000000e+03
2.654000000000000000e+03
2.652000000000000000e+03
2.618000000000000000e+03
2.649000000000000000e+03
2.633000000000000000e+03
2.624000000000000000e+03
2.680000000000000000e+03
2.648000000000000000e+03
2.622000000000000000e+03
2.698000000000000000e+03
2.708000000000000000e+03
2.684000000000000000e+03
2.760000000000000000e+03
2.764000000000000000e+03
2.765000000000000000e+03
2.668000000000000000e+03
2.745000000000000000e+03
2.744000000000000000e+03
2.765000000000000000e+03
2.838000000000000000e+03
2.780000000000000000e+03
2.926000000000000000e+03
2.856000000000000000e+03
2.911000000000000000e+03
2.801000000000000000e+03
2.833000000000000000e+03
2.904000000000000000e+03
2.924000000000000000e+03
2.927000000000000000e+03
2.938000000000000000e+03
2.919000000000000000e+03
2.952000000000000000e+03
2.945000000000000000e+03
3.022000000000000000e+03
2.985000000000000000e+03
3.018000000000000000e+03
3.017000000000000000e+03
3.014000000000000000e+03
3.029000000000000000e+03
3.055000000000000000e+03
3.077000000000000000e+03
3.091000000000000000e+03
3.064000000000000000e+03
3.131000000000000000e+03
3.162000000000000000e+03
3.135000000000000000e+03
3.174000000000000000e+03
3.145000000000000000e+03
3.147000000000000000e+03
3.240000000000000000e+03
3.207000000000000000e+03
3.260000000000000000e+03
3.183000000000000000e+03
3.247000000000000000e+03
3.301000000000000000e+03
3.275000000000000000e+03
3.252000000000000000e+03
3.307000000000000000e+03
3.314000000000000000e+03
3.366000000000000000e+03
3.478000000000000000e+03
3.420000000000000000e+03
3.383000000000000000e+03
3.392000000000000000e+03
3.476000000000000000e+03
3.481000000000000000e+03
3.480000000000000000e+03
3.351000000000000000e+03
3.389000000000000000e+03
3.457000000000000000e+03
3.455000000000000000e+03
3.412000000000000000e+03
3.435000000000000000e+03
3.427000000000000000e+03
3.427000000000000000e+03
3.463000000000000000e+03
3.428000000000000000e+03
3.431000000000000000e+03
3.519000000000000000e+03
3.506000000000000000e+03
3.519000000000000000e+03
3.520000000000000000e+03
3.442000000000000000e+03
3.470000000000000000e+03
3.557000000000000000e+03
3.559000000000000000e+03
3.509000000000000000e+03
3.597000000000000000e+03
3.496000000000000000e+03
3.542000000000000000e+03
3.607000000000000000e+03
3.607000000000000000e+03
3.502000000000000000e+03
3.573000000000000000e+03
3.621000000000000000e+03
3.606000000000000000e+03
3.566000000000000000e+03
3.645000000000000000e+03
3.598000000000000000e+03
3.594000000000000000e+03
3.609000000000000000e+03
3.617000000000000000e+03
3.686000000000000000e+03
3.689000000000000000e+03
3.648000000000000000e+03
3.550000000000000000e+03
3.646000000000000000e+03
3.653000000000000000e+03
3.663000000000000000e+03
3.592000000000000000e+03
3.653000000000000000e+03
3.673000000000000000e+03
3.562000000000000000e+03
3.658000000000000000e+03
3.608000000000000000e+03
3.702000000000000000e+03
3.698000000000000000e+03
3.633000000000000000e+03
3.648000000000000000e+03
3.628000000000000000e+03
3.656000000000000000e+03
3.709000000000000000e+03
3.626000000000000000e+03
3.697000000000000000e+03
3.672000000000000000e+03
3.636000000000000000e+03
3.707000000000000000e+03
3.733000000000000000e+03
3.746000000000000000e+03
3.644000000000000000e+03
3.652000000000000000e+03
3.719000000000000000e+03
3.654000000000000000e+03
3.672000000000000000e+03
3.652000000000000000e+03
3.692000000000000000e+03
3.650000000000000000e+03
3.705000000000000000e+03
3.665000000000000000e+03
3.733000000000000000e+03
3.656000000000000000e+03
3.660000000000000000e+03
3.715000000000000000e+03
3.707000000000000000e+03
3.703000000000000000e+03
3.716000000000000000e+03
3.713000000000000000e+03
3.722000000000000000e+03
3.718000000000000000e+03
3.714000000000000000e+03
3.637000000000000000e+03
3.706000000000000000e+03
3.724000000000000000e+03
3.688000000000000000e+03
3.701000000000000000e+03
3.739000000000000000e+03
3.724000000000000000e+03
3.732000000000000000e+03
3.676000000000000000e+03
3.647000000000000000e+03
3.771000000000000000e+03
3.633000000000000000e+03
3.709000000000000000e+03
3.721000000000000000e+03
3.691000000000000000e+03
3.750000000000000000e+03
3.770000000000000000e+03
3.727000000000000000e+03
3.766000000000000000e+03
3.758000000000000000e+03
3.732000000000000000e+03
3.720000000000000000e+03
3.739000000000000000e+03
3.773000000000000000e+03
3.757000000000000000e+03
3.697000000000000000e+03
3.868000000000000000e+03
3.770000000000000000e+03
3.718000000000000000e+03
3.754000000000000000e+03
3.742000000000000000e+03
3.809000000000000000e+03
3.781000000000000000e+03
3.821000000000000000e+03
3.797000000000000000e+03
3.877000000000000000e+03
3.795000000000000000e+03
3.903000000000000000e+03
3.795000000000000000e+03
3.767000000000000000e+03
3.890000000000000000e+03
3.874000000000000000e+03
3.795000000000000000e+03
3.815000000000000000e+03
3.867000000000000000e+03
3.836000000000000000e+03
3.900000000000000000e+03
3.915000000000000000e+03
3.862000000000000000e+03
3.882000000000000000e+03
3.873000000000000000e+03
3.829000000000000000e+03
3.907000000000000000e+03
3.864000000000000000e+03
3.812000000000000000e+03
3.890000000000000000e+03
3.878000000000000000e+03
3.874000000000000000e+03
3.848000000000000000e+03
3.844000000000000000e+03
3.892000000000000000e+03
3.888000000000000000e+03
3.840000000000000000e+03
3.976000000000000000e+03
3.896000000000000000e+03
3.853000000000000000e+03
3.921000000000000000e+03
3.896000000000000000e+03
3.937000000000000000e+03
3.913000000000000000e+03
3.947000000000000000e+03
3.982000000000000000e+03
3.997000000000000000e+03
3.938000000000000000e+03
3.975000000000000000e+03
3.943000000000000000e+03
3.984000000000000000e+03
3.999000000000000000e+03
3.984000000000000000e+03
3.995000000000000000e+03
4.014000000000000000e+03
3.969000000000000000e+03
4.038000000000000000e+03
3.969000000000000000e+03
4.022000000000000000e+03
3.997000000000000000e+03
3.966000000000000000e+03
4.009000000000000000e+03
4.042000000000000000e+03
4.009000000000000000e+03
4.023000000000000000e+03
4.012000000000000000e+03
4.058000000000000000e+03
4.017000000000000000e+03
4.026000000000000000e+03
3.986000000000000000e+03
4.068000000000000000e+03
4.016000000000000000e+03
4.043000000000000000e+03
3.952000000000000000e+03
4.020000000000000000e+03
4.028000000000000000e+03
3.992000000000000000e+03
4.035000000000000000e+03
4.068000000000000000e+03
3.965000000000000000e+03
3.937000000000000000e+03
4.021000000000000000e+03
3.959000000000000000e+03
3.992000000000000000e+03
4.035000000000000000e+03
4.030000000000000000e+03
3.990000000000000000e+03
3.974000000000000000e+03
4.004000000000000000e+03
4.002000000000000000e+03
4.013000000000000000e+03
3.945000000000000000e+03
3.992000000000000000e+03
3.944000000000000000e+03
3.992000000000000000e+03
3.987000000000000000e+03
4.031000000000000000e+03
3.976000000000000000e+03
3.980000000000000000e+03
4.056000000000000000e+03
3.979000000000000000e+03
3.951000000000000000e+03
3.872000000000000000e+03
3.992000000000000000e+03
3.913000000000000000e+03
3.954000000000000000e+03
3.914000000000000000e+03
3.953000000000000000e+03
3.893000000000000000e+03
3.862000000000000000e+03
3.916000000000000000e+03
3.920000000000000000e+03
3.887000000000000000e+03
3.983000000000000000e+03
3.945000000000000000e+03
3.869000000000000000e+03
3.901000000000000000e+03
3.898000000000000000e+03
3.806000000000000000e+03
3.870000000000000000e+03
3.818000000000000000e+03
3.838000000000000000e+03
3.821000000000000000e+03
3.849000000000000000e+03
3.825000000000000000e+03
3.821000000000000000e+03
3.861000000000000000e+03
3.834000000000000000e+03
3.818000000000000000e+03
3.791000000000000000e+03
3.779000000000000000e+03
3.783000000000000000e+03
3.813000000000000000e+03
3.817000000000000000e+03
3.762000000000000000e+03
3.774000000000000000e+03
3.730000000000000000e+03
3.794000000000000000e+03
3.806000000000000000e+03
3.812000000000000000e+03
3.700000000000000000e+03
3.704000000000000000e+03
3.781000000000000000e+03
3.749000000000000000e+03
3.761000000000000000e+03
3.744000000000000000e+03
3.708000000000000000e+03
3.675000000000000000e+03
3.706000000000000000e+03
3.666000000000000000e+03
3.725000000000000000e+03
3.632000000000000000e+03
3.627000000000000000e+03
3.616000000000000000e+03
3.628000000000000000e+03
3.619000000000000000e+03
3.596000000000000000e+03
3.582000000000000000e+03
3.561000000000000000e+03
3.541000000000000000e+03
3.643000000000000000e+03
3.616000000000000000e+03
3.572000000000000000e+03
3.646000000000000000e+03
3.647000000000000000e+03
3.535000000000000000e+03
3.557000000000000000e+03
3.449000000000000000e+03
3.521000000000000000e+03
3.463000000000000000e+03
3.506000000000000000e+03
3.618000000000000000e+03
3.515000000000000000e+03
3.499000000000000000e+03
3.499000000000000000e+03
3.453000000000000000e+03
3.492000000000000000e+03
3.499000000000000000e+03
3.438000000000000000e+03
3.435000000000000000e+03
3.491000000000000000e+03
3.477000000000000000e+03
3.426000000000000000e+03
3.469000000000000000e+03
3.439000000000000000e+03
3.454000000000000000e+03
3.390000000000000000e+03
3.416000000000000000e+03
3.399000000000000000e+03
3.398000000000000000e+03
3.400000000000000000e+03
3.377000000000000000e+03
3.488000000000000000e+03
3.422000000000000000e+03
3.433000000000000000e+03
3.405000000000000000e+03
3.407000000000000000e+03
3.429000000000000000e+03
3.369000000000000000e+03
3.363000000000000000e+03
3.371000000000000000e+03
3.386000000000000000e+03
3.387000000000000000e+03
3.398000000000000000e+03
3.374000000000000000e+03
3.347000000000000000e+03
3.360000000000000000e+03
3.315000000000000000e+03
3.357000000000000000e+03
3.340000000000000000e+03
3.278000000000000000e+03
3.328000000000000000e+03
3.363000000000000000e+03
3.270000000000000000e+03
3.365000000000000000e+03
3.244000000000000000e+03
3.348000000000000000e+03
3.314000000000000000e+03
3.305000000000000000e+03
3.310000000000000000e+03
3.256000000000000000e+03
3.309000000000000000e+03
3.276000000000000000e+03
3.278000000000000000e+03
3.317000000000000000e+03
3.296000000000000000e+03
3.323000000000000000e+03
3.321000000000000000e+03
3.297000000000000000e+03
3.282000000000000000e+03
3.269000000000000000e+03
3.238000000000000000e+03
3.206000000000000000e+03
3.215000000000000000e+03
3.177000000000000000e+03
3.211000000000000000e+03
3.192000000000000000e+03
3.297000000000000000e+03
3.178000000000000000e+03
3.262000000000000000e+03
3.234000000000000000e+03
3.213000000000000000e+03
3.247000000000000000e+03
3.196000000000000000e+03
3.192000000000000000e+03
3.224000000000000000e+03
3.218000000000000000e+03
3.207000000000000000e+03
3.177000000000000000e+03
3.188000000000000000e+03
3.136000000000000000e+03
3.173000000000000000e+03
3.126000000000000000e+03
3.146000000000000000e+03
3.100000000000000000e+03
3.192000000000000000e+03
3.131000000000000000e+03
3.177000000000000000e+03
3.068000000000000000e+03
3.105000000000000000e+03
3.057000000000000000e+03
3.015000000000000000e+03
3.095000000000000000e+03
3.116000000000000000e+03
3.042000000000000000e+03
3.026000000000000000e+03
3.074000000000000000e+03
3.030000000000000000e+03
3.045000000000000000e+03
3.101000000000000000e+03
2.929000000000000000e+03
3.056000000000000000e+03
3.033000000000000000e+03
3.011000000000000000e+03
2.999000000000000000e+03
2.926000000000000000e+03
3.001000000000000000e+03
3.002000000000000000e+03
3.023000000000000000e+03
2.994000000000000000e+03
2.965000000000000000e+03
3.115000000000000000e+03
3.032000000000000000e+03
2.946000000000000000e+03
3.025000000000000000e+03
3.002000000000000000e+03
2.910000000000000000e+03
2.929000000000000000e+03
2.929000000000000000e+03
2.931000000000000000e+03
2.932000000000000000e+03
2.804000000000000000e+03
2.902000000000000000e+03
2.942000000000000000e+03
2.966000000000000000e+03
2.900000000000000000e+03
2.857000000000000000e+03
2.908000000000000000e+03
2.864000000000000000e+03
2.869000000000000000e+03
2.841000000000000000e+03
2.862000000000000000e+03
2.872000000000000000e+03
2.825000000000000000e+03
2.819000000000000000e+03
2.830000000000000000e+03
2.781000000000000000e+03
2.772000000000000000e+03
2.839000000000000000e+03
2.747000000000000000e+03
2.777000000000000000e+03
2.702000000000000000e+03
2.769000000000000000e+03
2.763000000000000000e+03
2.714000000000000000e+03
2.758000000000000000e+03
2.744000000000000000e+03
2.699000000000000000e+03
2.735000000000000000e+03
2.693000000000000000e+03
2.740000000000000000e+03
2.673000000000000000e+03
2.650000000000000000e+03
2.675000000000000000e+03
2.963000000000000000e+03
2.656000000000000000e+03
2.690000000000000000e+03
2.708000000000000000e+03
2.622000000000000000e+03
2.574000000000000000e+03
2.629000000000000000e+03
2.600000000000000000e+03
2.605000000000000000e+03
2.661000000000000000e+03
2.592000000000000000e+03
2.567000000000000000e+03
2.568000000000000000e+03
2.510000000000000000e+03
2.519000000000000000e+03
2.533000000000000000e+03
2.515000000000000000e+03
2.544000000000000000e+03
2.517000000000000000e+03
2.511000000000000000e+03
2.462000000000000000e+03
2.466000000000000000e+03
2.485000000000000000e+03
2.427000000000000000e+03
2.458000000000000000e+03
2.457000000000000000e+03
2.404000000000000000e+03
2.391000000000000000e+03
2.426000000000000000e+03
2.373000000000000000e+03
2.378000000000000000e+03
2.396000000000000000e+03
2.342000000000000000e+03
2.372000000000000000e+03
2.346000000000000000e+03
2.337000000000000000e+03
2.348000000000000000e+03
2.337000000000000000e+03
2.276000000000000000e+03
2.452000000000000000e+03
2.307000000000000000e+03
2.288000000000000000e+03
2.239000000000000000e+03
2.285000000000000000e+03
2.288000000000000000e+03
2.270000000000000000e+03
2.268000000000000000e+03
2.198000000000000000e+03
2.246000000000000000e+03
2.249000000000000000e+03
2.248000000000000000e+03
2.217000000000000000e+03
2.209000000000000000e+03
2.189000000000000000e+03
2.243000000000000000e+03
2.200000000000000000e+03
2.218000000000000000e+03
2.186000000000000000e+03
2.159000000000000000e+03
2.183000000000000000e+03
2.184000000000000000e+03
2.196000000000000000e+03
2.209000000000000000e+03
2.271000000000000000e+03
2.143000000000000000e+03
