1.782000000000000000e+03
1.840000000000000000e+03
1.824000000000000000e+03
1.827000000000000000e+03
1.857000000000000000e+03
1.828000000000000000e+03
1.849000000000000000e+03
1.848000000000000000e+03
1.850000000000000000e+03
1.830000000000000000e+03
1.844000000000000000e+03
1.854000000000000000e+03
1.840000000000000000e+03
1.868000000000000000e+03
1.921000000000000000e+03
1.916000000000000000e+03
1.924000000000000000e+03
1.877000000000000000e+03
2.457000000000000000e+03
1.902000000000000000e+03
1.917000000000000000e+03
1.892000000000000000e+03
1.847000000000000000e+03
1.867000000000000000e+03
1.909000000000000000e+03
1.894000000000000000e+03
1.968000000000000000e+03
1.926000000000000000e+03
1.970000000000000000e+03
1.938000000000000000e+03
1.981000000000000000e+03
1.968000000000000000e+03
1.965000000000000000e+03
1.948000000000000000e+03
1.981000000000000000e+03
2.026000000000000000e+03
1.997000000000000000e+03
2.046000000000000000e+03
2.025000000000000000e+03
2.055000000000000000e+03
2.005000000000000000e+03
2.046000000000000000e+03
2.025000000000000000e+03
2.043000000000000000e+03
2.015000000000000000e+03
2.067000000000000000e+03
2.060000000000000000e+03
2.119000000000000000e+03
2.123000000000000000e+03
2.066000000000000000e+03
2.146000000000000000e+03
2.080000000000000000e+03
2.107000000000000000e+03
2.119000000000000000e+03
2.077000000000000000e+03
2.105000000000000000e+03
2.092000000000000000e+03
2.095000000000000000e+03
2.110000000000000000e+03
2.158000000000000000e+03
2.134000000000000000e+03
2.156000000000000000e+03
2.103000000000000000e+03
2.160000000000000000e+03
2.164000000000000000e+03
2.229000000000000000e+03
2.189000000000000000e+03
2.202000000000000000e+03
2.225000000000000000e+03
2.173000000000000000e+03
2.126000000000000000e+03
2.190000000000000000e+03
2.265000000000000000e+03
2.210000000000000000e+03
2.203000000000000000e+03
2.296000000000000000e+03
2.221000000000000000e+03
2.295000000000000000e+03
2.240000000000000000e+03
2.243000000000000000e+03
2.261000000000000000e+03
2.303000000000000000e+03
2.239000000000000000e+03
2.296000000000000000e+03
2.342000000000000000e+03
2.318000000000000000e+03
2.339000000000000000e+03
2.230000000000000000e+03
2.293000000000000000e+03
2.316000000000000000e+03
2.268000000000000000e+03
2.307000000000000000e+03
2.405000000000000000e+03
2.342000000000000000e+03
2.309000000000000000e+03
2.420000000000000000e+03
2.375000000000000000e+03
2.411000000000000000e+03
2.409000000000000000e+03
2.403000000000000000e+03
2.404000000000000000e+03
2.423000000000000000e+03
2.431000000000000000e+03
2.487000000000000000e+03
2.435000000000000000e+03
2.481000000000000000e+03
2.439000000000000000e+03
2.519000000000000000e+03
2.470000000000000000e+03
2.478000000000000000e+03
2.498000000000000000e+03
2.450000000000000000e+03
2.547000000000000000e+03
2.552000000000000000e+03
2.553000000000000000e+03
2.580000000000000000e+03
2.640000000000000000e+03
2.591000000000000000e+03
2.621000000000000000e+03
2.622000000000000000e+03
2.640000000000000000e+03
2.617000000000000000e+03
2.682000000000000000e+03
2.650000000000000000e+03
2.657000000000000000e+03
2.669000000000000000e+03
2.626000000000000000e+03
2.685000000000000000e+03
2.685000000000000000e+03
2.802000000000000000e+03
2.731000000000000000e+03
2.781000000000000000e+03
2.766000000000000000e+03
2.842000000000000000e+03
2.748000000000000000e+03
2.779000000000000000e+03
2.811000000000000000e+03
2.816000000000000000e+03
2.872000000000000000e+03
2.869000000000000000e+03
2.867000000000000000e+03
2.919000000000000000e+03
2.941000000000000000e+03
2.921000000000000000e+03
2.910000000000000000e+03
2.930000000000000000e+03
2.971000000000000000e+03
2.919000000000000000e+03
2.955000000000000000e+03
3.021000000000000000e+03
3.009000000000000000e+03
3.066000000000000000e+03
2.979000000000000000e+03
3.019000000000000000e+03
3.043000000000000000e+03
3.019000000000000000e+03
3.085000000000000000e+03
3.082000000000000000e+03
3.082000000000000000e+03
3.110000000000000000e+03
3.062000000000000000e+03
3.086000000000000000e+03
3.165000000000000000e+03
3.161000000000000000e+03
3.156000000000000000e+03
3.157000000000000000e+03
3.161000000000000000e+03
3.146000000000000000e+03
3.211000000000000000e+03
3.164000000000000000e+03
3.215000000000000000e+03
3.223000000000000000e+03
3.180000000000000000e+03
3.227000000000000000e+03
3.221000000000000000e+03
3.298000000000000000e+03
3.282000000000000000e+03
3.285000000000000000e+03
3.250000000000000000e+03
3.306000000000000000e+03
3.281000000000000000e+03
3.340000000000000000e+03
3.483000000000000000e+03
3.872000000000000000e+03
3.809000000000000000e+03
3.398000000000000000e+03
3.285000000000000000e+03
3.339000000000000000e+03
3.700000000000000000e+03
3.378000000000000000e+03
3.425000000000000000e+03
3.422000000000000000e+03
3.375000000000000000e+03
3.409000000000000000e+03
3.437000000000000000e+03
3.459000000000000000e+03
3.433000000000000000e+03
3.466000000000000000e+03
3.443000000000000000e+03
3.483000000000000000e+03
3.507000000000000000e+03
3.582000000000000000e+03
3.569000000000000000e+03
3.586000000000000000e+03
3.507000000000000000e+03
3.571000000000000000e+03
3.565000000000000000e+03
3.535000000000000000e+03
3.540000000000000000e+03
3.623000000000000000e+03
3.594000000000000000e+03
3.638000000000000000e+03
3.675000000000000000e+03
3.665000000000000000e+03
3.719000000000000000e+03
3.725000000000000000e+03
3.780000000000000000e+03
3.811000000000000000e+03
3.763000000000000000e+03
3.830000000000000000e+03
3.831000000000000000e+03
3.885000000000000000e+03
3.827000000000000000e+03
3.887000000000000000e+03
3.865000000000000000e+03
3.799000000000000000e+03
3.874000000000000000e+03
3.911000000000000000e+03
3.990000000000000000e+03
3.938000000000000000e+03
3.955000000000000000e+03
3.996000000000000000e+03
3.982000000000000000e+03
4.084000000000000000e+03
4.076000000000000000e+03
4.043000000000000000e+03
4.093000000000000000e+03
4.112000000000000000e+03
4.141000000000000000e+03
4.197000000000000000e+03
4.254000000000000000e+03
4.214000000000000000e+03
4.133000000000000000e+03
4.226000000000000000e+03
4.195000000000000000e+03
4.329000000000000000e+03
4.264000000000000000e+03
4.243000000000000000e+03
4.265000000000000000e+03
4.294000000000000000e+03
4.299000000000000000e+03
4.356000000000000000e+03
4.326000000000000000e+03
4.318000000000000000e+03
4.325000000000000000e+03
4.546000000000000000e+03
4.421000000000000000e+03
4.464000000000000000e+03
4.465000000000000000e+03
4.366000000000000000e+03
4.604000000000000000e+03
4.559000000000000000e+03
4.493000000000000000e+03
4.378000000000000000e+03
4.653000000000000000e+03
4.496000000000000000e+03
4.507000000000000000e+03
4.507000000000000000e+03
4.541000000000000000e+03
4.543000000000000000e+03
4.589000000000000000e+03
4.674000000000000000e+03
4.659000000000000000e+03
4.619000000000000000e+03
4.479000000000000000e+03
4.627000000000000000e+03
4.624000000000000000e+03
4.542000000000000000e+03
4.570000000000000000e+03
4.586000000000000000e+03
4.607000000000000000e+03
4.660000000000000000e+03
4.661000000000000000e+03
4.721000000000000000e+03
4.625000000000000000e+03
4.702000000000000000e+03
4.689000000000000000e+03
4.675000000000000000e+03
4.635000000000000000e+03
4.603000000000000000e+03
4.816000000000000000e+03
4.651000000000000000e+03
4.683000000000000000e+03
4.726000000000000000e+03
4.719000000000000000e+03
4.761000000000000000e+03
4.747000000000000000e+03
4.779000000000000000e+03
4.749000000000000000e+03
4.719000000000000000e+03
4.747000000000000000e+03
4.774000000000000000e+03
4.714000000000000000e+03
4.814000000000000000e+03
4.783000000000000000e+03
4.750000000000000000e+03
4.729000000000000000e+03
4.809000000000000000e+03
4.788000000000000000e+03
4.839000000000000000e+03
4.772000000000000000e+03
4.834000000000000000e+03
4.827000000000000000e+03
4.836000000000000000e+03
4.838000000000000000e+03
4.800000000000000000e+03
4.796000000000000000e+03
4.862000000000000000e+03
4.857000000000000000e+03
4.824000000000000000e+03
4.800000000000000000e+03
4.853000000000000000e+03
4.864000000000000000e+03
4.882000000000000000e+03
4.821000000000000000e+03
4.896000000000000000e+03
4.951000000000000000e+03
4.864000000000000000e+03
4.777000000000000000e+03
4.859000000000000000e+03
4.873000000000000000e+03
4.907000000000000000e+03
4.865000000000000000e+03
4.874000000000000000e+03
4.831000000000000000e+03
4.890000000000000000e+03
4.827000000000000000e+03
4.887000000000000000e+03
4.901000000000000000e+03
4.874000000000000000e+03
4.832000000000000000e+03
4.926000000000000000e+03
4.859000000000000000e+03
4.886000000000000000e+03
4.817000000000000000e+03
4.912000000000000000e+03
4.828000000000000000e+03
4.882000000000000000e+03
4.909000000000000000e+03
4.914000000000000000e+03
4.853000000000000000e+03
4.909000000000000000e+03
4.845000000000000000e+03
4.907000000000000000e+03
4.913000000000000000e+03
4.947000000000000000e+03
4.899000000000000000e+03
4.987000000000000000e+03
4.998000000000000000e+03
5.003000000000000000e+03
4.978000000000000000e+03
5.070000000000000000e+03
4.923000000000000000e+03
4.944000000000000000e+03
5.015000000000000000e+03
4.976000000000000000e+03
4.945000000000000000e+03
5.003000000000000000e+03
4.993000000000000000e+03
5.019000000000000000e+03
5.052000000000000000e+03
5.018000000000000000e+03
4.990000000000000000e+03
5.030000000000000000e+03
4.987000000000000000e+03
5.024000000000000000e+03
4.996000000000000000e+03
5.025000000000000000e+03
4.972000000000000000e+03
5.042000000000000000e+03
5.061000000000000000e+03
5.044000000000000000e+03
5.082000000000000000e+03
5.060000000000000000e+03
5.048000000000000000e+03
5.119000000000000000e+03
5.093000000000000000e+03
5.100000000000000000e+03
5.076000000000000000e+03
5.097000000000000000e+03
5.091000000000000000e+03
5.106000000000000000e+03
5.157000000000000000e+03
5.149000000000000000e+03
5.102000000000000000e+03
5.094000000000000000e+03
5.088000000000000000e+03
5.087000000000000000e+03
5.111000000000000000e+03
5.156000000000000000e+03
5.224000000000000000e+03
5.188000000000000000e+03
5.158000000000000000e+03
5.219000000000000000e+03
5.053000000000000000e+03
5.124000000000000000e+03
5.052000000000000000e+03
5.168000000000000000e+03
5.095000000000000000e+03
5.183000000000000000e+03
5.156000000000000000e+03
5.161000000000000000e+03
5.200000000000000000e+03
5.219000000000000000e+03
5.199000000000000000e+03
5.180000000000000000e+03
5.198000000000000000e+03
5.169000000000000000e+03
5.218000000000000000e+03
5.179000000000000000e+03
5.180000000000000000e+03
5.201000000000000000e+03
5.175000000000000000e+03
5.228000000000000000e+03
5.218000000000000000e+03
5.280000000000000000e+03
5.191000000000000000e+03
5.755000000000000000e+03
5.236000000000000000e+03
5.333000000000000000e+03
5.276000000000000000e+03
5.243000000000000000e+03
5.186000000000000000e+03
5.368000000000000000e+03
5.299000000000000000e+03
5.221000000000000000e+03
5.358000000000000000e+03
5.264000000000000000e+03
5.289000000000000000e+03
5.370000000000000000e+03
5.315000000000000000e+03
5.324000000000000000e+03
5.320000000000000000e+03
5.242000000000000000e+03
5.272000000000000000e+03
5.319000000000000000e+03
5.264000000000000000e+03
5.224000000000000000e+03
5.256000000000000000e+03
5.329000000000000000e+03
5.255000000000000000e+03
5.228000000000000000e+03
5.169000000000000000e+03
5.220000000000000000e+03
5.318000000000000000e+03
5.222000000000000000e+03
5.244000000000000000e+03
5.267000000000000000e+03
5.333000000000000000e+03
5.352000000000000000e+03
5.133000000000000000e+03
5.172000000000000000e+03
5.223000000000000000e+03
5.195000000000000000e+03
5.253000000000000000e+03
5.239000000000000000e+03
5.220000000000000000e+03
5.158000000000000000e+03
5.206000000000000000e+03
5.227000000000000000e+03
5.158000000000000000e+03
5.169000000000000000e+03
5.308000000000000000e+03
5.205000000000000000e+03
5.215000000000000000e+03
5.116000000000000000e+03
5.138000000000000000e+03
5.129000000000000000e+03
5.223000000000000000e+03
5.223000000000000000e+03
5.136000000000000000e+03
5.220000000000000000e+03
5.107000000000000000e+03
5.242000000000000000e+03
5.163000000000000000e+03
5.141000000000000000e+03
5.161000000000000000e+03
5.171000000000000000e+03
5.105000000000000000e+03
5.103000000000000000e+03
5.159000000000000000e+03
5.106000000000000000e+03
5.050000000000000000e+03
5.078000000000000000e+03
5.042000000000000000e+03
5.107000000000000000e+03
5.064000000000000000e+03
5.097000000000000000e+03
5.041000000000000000e+03
5.060000000000000000e+03
5.022000000000000000e+03
5.116000000000000000e+03
5.050000000000000000e+03
5.042000000000000000e+03
4.988000000000000000e+03
5.017000000000000000e+03
4.981000000000000000e+03
4.936000000000000000e+03
5.044000000000000000e+03
4.985000000000000000e+03
4.938000000000000000e+03
4.970000000000000000e+03
4.953000000000000000e+03
4.896000000000000000e+03
4.878000000000000000e+03
4.881000000000000000e+03
4.953000000000000000e+03
4.895000000000000000e+03
4.912000000000000000e+03
4.864000000000000000e+03
4.919000000000000000e+03
4.971000000000000000e+03
4.858000000000000000e+03
4.817000000000000000e+03
5.072000000000000000e+03
4.879000000000000000e+03
4.794000000000000000e+03
4.845000000000000000e+03
4.742000000000000000e+03
4.729000000000000000e+03
4.763000000000000000e+03
4.764000000000000000e+03
4.790000000000000000e+03
4.728000000000000000e+03
4.814000000000000000e+03
4.787000000000000000e+03
4.769000000000000000e+03
4.728000000000000000e+03
4.688000000000000000e+03
4.740000000000000000e+03
4.682000000000000000e+03
4.594000000000000000e+03
4.692000000000000000e+03
4.673000000000000000e+03
4.681000000000000000e+03
4.732000000000000000e+03
4.673000000000000000e+03
4.652000000000000000e+03
4.694000000000000000e+03
4.686000000000000000e+03
4.688000000000000000e+03
4.531000000000000000e+03
4.676000000000000000e+03
4.657000000000000000e+03
4.541000000000000000e+03
4.536000000000000000e+03
4.554000000000000000e+03
4.584000000000000000e+03
4.555000000000000000e+03
4.611000000000000000e+03
4.536000000000000000e+03
4.553000000000000000e+03
4.596000000000000000e+03
4.547000000000000000e+03
4.546000000000000000e+03
4.493000000000000000e+03
4.578000000000000000e+03
4.541000000000000000e+03
4.499000000000000000e+03
4.552000000000000000e+03
4.470000000000000000e+03
4.493000000000000000e+03
4.459000000000000000e+03
4.551000000000000000e+03
4.456000000000000000e+03
4.488000000000000000e+03
4.363000000000000000e+03
4.483000000000000000e+03
4.494000000000000000e+03
4.441000000000000000e+03
4.504000000000000000e+03
4.447000000000000000e+03
4.486000000000000000e+03
4.460000000000000000e+03
4.443000000000000000e+03
4.405000000000000000e+03
4.450000000000000000e+03
4.528000000000000000e+03
4.345000000000000000e+03
4.359000000000000000e+03
4.338000000000000000e+03
4.308000000000000000e+03
4.461000000000000000e+03
4.406000000000000000e+03
4.359000000000000000e+03
4.356000000000000000e+03
4.384000000000000000e+03
4.311000000000000000e+03
4.392000000000000000e+03
4.411000000000000000e+03
4.340000000000000000e+03
4.348000000000000000e+03
4.327000000000000000e+03
4.305000000000000000e+03
4.290000000000000000e+03
4.312000000000000000e+03
4.245000000000000000e+03
4.179000000000000000e+03
4.311000000000000000e+03
4.213000000000000000e+03
4.317000000000000000e+03
4.234000000000000000e+03
4.290000000000000000e+03
4.259000000000000000e+03
4.298000000000000000e+03
4.211000000000000000e+03
4.192000000000000000e+03
4.196000000000000000e+03
4.174000000000000000e+03
4.252000000000000000e+03
4.219000000000000000e+03
4.149000000000000000e+03
4.172000000000000000e+03
4.248000000000000000e+03
4.185000000000000000e+03
4.139000000000000000e+03
4.083000000000000000e+03
4.145000000000000000e+03
4.189000000000000000e+03
4.070000000000000000e+03
4.110000000000000000e+03
4.103000000000000000e+03
4.130000000000000000e+03
4.126000000000000000e+03
4.101000000000000000e+03
4.056000000000000000e+03
4.083000000000000000e+03
4.024000000000000000e+03
4.024000000000000000e+03
4.014000000000000000e+03
4.008000000000000000e+03
4.007000000000000000e+03
4.045000000000000000e+03
3.993000000000000000e+03
4.064000000000000000e+03
4.033000000000000000e+03
4.019000000000000000e+03
4.047000000000000000e+03
4.018000000000000000e+03
3.929000000000000000e+03
4.015000000000000000e+03
4.010000000000000000e+03
3.951000000000000000e+03
3.953000000000000000e+03
3.975000000000000000e+03
3.918000000000000000e+03
3.941000000000000000e+03
3.874000000000000000e+03
3.939000000000000000e+03
3.935000000000000000e+03
3.929000000000000000e+03
3.919000000000000000e+03
3.924000000000000000e+03
3.878000000000000000e+03
3.898000000000000000e+03
3.823000000000000000e+03
3.862000000000000000e+03
3.852000000000000000e+03
3.773000000000000000e+03
3.829000000000000000e+03
3.838000000000000000e+03
3.833000000000000000e+03
3.833000000000000000e+03
3.759000000000000000e+03
3.695000000000000000e+03
3.833000000000000000e+03
3.646000000000000000e+03
3.739000000000000000e+03
3.715000000000000000e+03
3.682000000000000000e+03
3.682000000000000000e+03
3.737000000000000000e+03
3.679000000000000000e+03
3.614000000000000000e+03
3.601000000000000000e+03
3.681000000000000000e+03
3.666000000000000000e+03
3.590000000000000000e+03
3.544000000000000000e+03
3.547000000000000000e+03
3.630000000000000000e+03
3.585000000000000000e+03
3.572000000000000000e+03
3.488000000000000000e+03
3.583000000000000000e+03
3.521000000000000000e+03
3.438000000000000000e+03
3.465000000000000000e+03
3.537000000000000000e+03
3.486000000000000000e+03
3.459000000000000000e+03
3.440000000000000000e+03
3.406000000000000000e+03
3.435000000000000000e+03
3.385000000000000000e+03
3.455000000000000000e+03
3.345000000000000000e+03
3.381000000000000000e+03
3.294000000000000000e+03
3.247000000000000000e+03
3.335000000000000000e+03
3.339000000000000000e+03
3.330000000000000000e+03
3.340000000000000000e+03
3.335000000000000000e+03
3.239000000000000000e+03
3.198000000000000000e+03
3.196000000000000000e+03
3.152000000000000000e+03
3.226000000000000000e+03
3.218000000000000000e+03
3.197000000000000000e+03
3.224000000000000000e+03
3.184000000000000000e+03
3.148000000000000000e+03
3.176000000000000000e+03
3.139000000000000000e+03
3.129000000000000000e+03
3.136000000000000000e+03
3.121000000000000000e+03
3.101000000000000000e+03
3.118000000000000000e+03
3.011000000000000000e+03
3.108000000000000000e+03
3.074000000000000000e+03
3.091000000000000000e+03
3.024000000000000000e+03
3.067000000000000000e+03
3.016000000000000000e+03
3.016000000000000000e+03
2.971000000000000000e+03
3.033000000000000000e+03
2.999000000000000000e+03
2.980000000000000000e+03
2.948000000000000000e+03
2.902000000000000000e+03
2.934000000000000000e+03
2.879000000000000000e+03
2.905000000000000000e+03
2.897000000000000000e+03
2.932000000000000000e+03
2.893000000000000000e+03
2.811000000000000000e+03
2.903000000000000000e+03
2.919000000000000000e+03
2.833000000000000000e+03
2.890000000000000000e+03
2.815000000000000000e+03
2.818000000000000000e+03
2.835000000000000000e+03
2.811000000000000000e+03
2.833000000000000000e+03
2.907000000000000000e+03
2.856000000000000000e+03
2.722000000000000000e+03
