1.690000000000000000e+03
1.732000000000000000e+03
1.727000000000000000e+03
1.718000000000000000e+03
1.689000000000000000e+03
1.680000000000000000e+03
1.741000000000000000e+03
1.719000000000000000e+03
1.701000000000000000e+03
1.759000000000000000e+03
1.800000000000000000e+03
1.762000000000000000e+03
1.750000000000000000e+03
1.799000000000000000e+03
1.742000000000000000e+03
1.781000000000000000e+03
1.765000000000000000e+03
1.789000000000000000e+03
1.810000000000000000e+03
1.761000000000000000e+03
1.819000000000000000e+03
1.787000000000000000e+03
1.771000000000000000e+03
1.865000000000000000e+03
1.846000000000000000e+03
1.866000000000000000e+03
1.850000000000000000e+03
1.874000000000000000e+03
1.831000000000000000e+03
1.832000000000000000e+03
1.873000000000000000e+03
1.897000000000000000e+03
1.860000000000000000e+03
1.851000000000000000e+03
1.873000000000000000e+03
1.867000000000000000e+03
1.898000000000000000e+03
1.892000000000000000e+03
1.879000000000000000e+03
1.935000000000000000e+03
1.858000000000000000e+03
1.969000000000000000e+03
1.953000000000000000e+03
1.931000000000000000e+03
1.919000000000000000e+03
1.933000000000000000e+03
1.927000000000000000e+03
1.963000000000000000e+03
1.983000000000000000e+03
1.966000000000000000e+03
1.962000000000000000e+03
1.986000000000000000e+03
1.943000000000000000e+03
1.954000000000000000e+03
1.965000000000000000e+03
1.981000000000000000e+03
1.956000000000000000e+03
2.002000000000000000e+03
2.025000000000000000e+03
1.990000000000000000e+03
2.038000000000000000e+03
2.060000000000000000e+03
2.013000000000000000e+03
2.054000000000000000e+03
1.996000000000000000e+03
2.100000000000000000e+03
2.084000000000000000e+03
2.038000000000000000e+03
2.072000000000000000e+03
2.092000000000000000e+03
2.092000000000000000e+03
2.552000000000000000e+03
2.060000000000000000e+03
2.036000000000000000e+03
2.073000000000000000e+03
2.125000000000000000e+03
2.117000000000000000e+03
2.045000000000000000e+03
2.108000000000000000e+03
2.115000000000000000e+03
2.139000000000000000e+03
2.119000000000000000e+03
2.114000000000000000e+03
2.133000000000000000e+03
2.138000000000000000e+03
2.175000000000000000e+03
2.110000000000000000e+03
2.192000000000000000e+03
2.178000000000000000e+03
2.273000000000000000e+03
2.215000000000000000e+03
2.169000000000000000e+03
2.212000000000000000e+03
2.172000000000000000e+03
2.174000000000000000e+03
2.219000000000000000e+03
2.199000000000000000e+03
2.205000000000000000e+03
2.200000000000000000e+03
2.325000000000000000e+03
2.223000000000000000e+03
2.214000000000000000e+03
2.231000000000000000e+03
2.256000000000000000e+03
2.278000000000000000e+03
2.307000000000000000e+03
2.328000000000000000e+03
2.327000000000000000e+03
2.329000000000000000e+03
2.257000000000000000e+03
2.319000000000000000e+03
2.368000000000000000e+03
2.302000000000000000e+03
2.366000000000000000e+03
2.382000000000000000e+03
2.338000000000000000e+03
2.432000000000000000e+03
2.373000000000000000e+03
2.361000000000000000e+03
2.413000000000000000e+03
2.433000000000000000e+03
2.465000000000000000e+03
2.503000000000000000e+03
2.410000000000000000e+03
2.463000000000000000e+03
2.507000000000000000e+03
2.527000000000000000e+03
2.507000000000000000e+03
2.484000000000000000e+03
2.546000000000000000e+03
2.543000000000000000e+03
2.583000000000000000e+03
2.582000000000000000e+03
2.533000000000000000e+03
2.609000000000000000e+03
2.594000000000000000e+03
2.642000000000000000e+03
2.560000000000000000e+03
2.631000000000000000e+03
2.743000000000000000e+03
2.673000000000000000e+03
2.680000000000000000e+03
2.717000000000000000e+03
2.675000000000000000e+03
2.698000000000000000e+03
2.751000000000000000e+03
2.781000000000000000e+03
2.770000000000000000e+03
2.754000000000000000e+03
2.773000000000000000e+03
2.750000000000000000e+03
2.834000000000000000e+03
2.789000000000000000e+03
2.801000000000000000e+03
2.887000000000000000e+03
2.865000000000000000e+03
2.889000000000000000e+03
2.854000000000000000e+03
2.875000000000000000e+03
2.883000000000000000e+03
2.891000000000000000e+03
2.906000000000000000e+03
2.916000000000000000e+03
2.911000000000000000e+03
2.918000000000000000e+03
3.010000000000000000e+03
2.988000000000000000e+03
2.952000000000000000e+03
2.990000000000000000e+03
3.021000000000000000e+03
2.960000000000000000e+03
3.072000000000000000e+03
3.016000000000000000e+03
3.001000000000000000e+03
2.998000000000000000e+03
3.005000000000000000e+03
3.032000000000000000e+03
3.068000000000000000e+03
3.083000000000000000e+03
3.052000000000000000e+03
3.038000000000000000e+03
3.065000000000000000e+03
3.065000000000000000e+03
3.222000000000000000e+03
3.589000000000000000e+03
3.581000000000000000e+03
3.295000000000000000e+03
3.150000000000000000e+03
3.137000000000000000e+03
3.170000000000000000e+03
3.123000000000000000e+03
3.162000000000000000e+03
3.161000000000000000e+03
3.114000000000000000e+03
3.164000000000000000e+03
3.190000000000000000e+03
3.257000000000000000e+03
3.243000000000000000e+03
3.288000000000000000e+03
3.240000000000000000e+03
3.261000000000000000e+03
3.303000000000000000e+03
3.291000000000000000e+03
3.333000000000000000e+03
3.304000000000000000e+03
3.298000000000000000e+03
3.351000000000000000e+03
3.390000000000000000e+03
3.367000000000000000e+03
3.425000000000000000e+03
3.420000000000000000e+03
3.403000000000000000e+03
3.420000000000000000e+03
3.510000000000000000e+03
3.474000000000000000e+03
3.496000000000000000e+03
3.451000000000000000e+03
3.552000000000000000e+03
3.537000000000000000e+03
3.552000000000000000e+03
3.545000000000000000e+03
3.607000000000000000e+03
3.664000000000000000e+03
3.546000000000000000e+03
3.624000000000000000e+03
3.634000000000000000e+03
3.666000000000000000e+03
3.688000000000000000e+03
3.700000000000000000e+03
3.653000000000000000e+03
3.657000000000000000e+03
3.712000000000000000e+03
3.740000000000000000e+03
3.781000000000000000e+03
3.770000000000000000e+03
3.759000000000000000e+03
3.781000000000000000e+03
3.837000000000000000e+03
3.854000000000000000e+03
3.844000000000000000e+03
3.890000000000000000e+03
3.914000000000000000e+03
3.943000000000000000e+03
3.904000000000000000e+03
3.937000000000000000e+03
3.965000000000000000e+03
3.944000000000000000e+03
3.886000000000000000e+03
3.904000000000000000e+03
4.023000000000000000e+03
4.103000000000000000e+03
4.037000000000000000e+03
4.040000000000000000e+03
4.096000000000000000e+03
4.087000000000000000e+03
4.166000000000000000e+03
4.231000000000000000e+03
4.164000000000000000e+03
4.120000000000000000e+03
4.130000000000000000e+03
4.204000000000000000e+03
4.310000000000000000e+03
4.296000000000000000e+03
4.241000000000000000e+03
4.177000000000000000e+03
4.225000000000000000e+03
4.296000000000000000e+03
4.153000000000000000e+03
4.198000000000000000e+03
4.202000000000000000e+03
4.267000000000000000e+03
4.261000000000000000e+03
4.203000000000000000e+03
4.348000000000000000e+03
4.365000000000000000e+03
4.275000000000000000e+03
4.338000000000000000e+03
4.350000000000000000e+03
4.292000000000000000e+03
4.346000000000000000e+03
4.363000000000000000e+03
4.404000000000000000e+03
4.305000000000000000e+03
4.368000000000000000e+03
4.349000000000000000e+03
4.318000000000000000e+03
4.393000000000000000e+03
4.374000000000000000e+03
4.324000000000000000e+03
4.427000000000000000e+03
4.396000000000000000e+03
4.431000000000000000e+03
4.425000000000000000e+03
4.365000000000000000e+03
4.430000000000000000e+03
4.449000000000000000e+03
4.415000000000000000e+03
4.474000000000000000e+03
4.530000000000000000e+03
4.449000000000000000e+03
4.446000000000000000e+03
4.475000000000000000e+03
4.480000000000000000e+03
4.513000000000000000e+03
4.558000000000000000e+03
4.504000000000000000e+03
4.506000000000000000e+03
4.540000000000000000e+03
4.387000000000000000e+03
4.536000000000000000e+03
4.465000000000000000e+03
4.469000000000000000e+03
4.477000000000000000e+03
4.458000000000000000e+03
4.477000000000000000e+03
4.454000000000000000e+03
4.582000000000000000e+03
4.583000000000000000e+03
4.516000000000000000e+03
4.519000000000000000e+03
4.505000000000000000e+03
4.532000000000000000e+03
4.546000000000000000e+03
4.476000000000000000e+03
4.558000000000000000e+03
4.567000000000000000e+03
4.524000000000000000e+03
4.525000000000000000e+03
4.525000000000000000e+03
4.525000000000000000e+03
4.582000000000000000e+03
4.552000000000000000e+03
4.522000000000000000e+03
4.598000000000000000e+03
4.515000000000000000e+03
4.532000000000000000e+03
4.580000000000000000e+03
4.553000000000000000e+03
4.565000000000000000e+03
4.582000000000000000e+03
4.584000000000000000e+03
4.500000000000000000e+03
4.506000000000000000e+03
4.607000000000000000e+03
4.532000000000000000e+03
4.512000000000000000e+03
4.580000000000000000e+03
4.573000000000000000e+03
4.591000000000000000e+03
4.553000000000000000e+03
4.581000000000000000e+03
4.564000000000000000e+03
4.595000000000000000e+03
4.623000000000000000e+03
4.566000000000000000e+03
4.542000000000000000e+03
4.592000000000000000e+03
4.631000000000000000e+03
4.619000000000000000e+03
4.596000000000000000e+03
4.588000000000000000e+03
4.660000000000000000e+03
4.610000000000000000e+03
4.646000000000000000e+03
4.673000000000000000e+03
4.725000000000000000e+03
4.653000000000000000e+03
4.684000000000000000e+03
4.605000000000000000e+03
4.590000000000000000e+03
4.663000000000000000e+03
4.694000000000000000e+03
4.728000000000000000e+03
4.747000000000000000e+03
4.836000000000000000e+03
4.914000000000000000e+03
4.744000000000000000e+03
4.676000000000000000e+03
4.726000000000000000e+03
4.801000000000000000e+03
4.789000000000000000e+03
4.657000000000000000e+03
4.705000000000000000e+03
4.757000000000000000e+03
4.842000000000000000e+03
4.690000000000000000e+03
4.830000000000000000e+03
4.691000000000000000e+03
4.755000000000000000e+03
4.800000000000000000e+03
4.801000000000000000e+03
4.837000000000000000e+03
4.807000000000000000e+03
4.803000000000000000e+03
4.764000000000000000e+03
4.835000000000000000e+03
4.818000000000000000e+03
4.811000000000000000e+03
4.823000000000000000e+03
4.793000000000000000e+03
4.782000000000000000e+03
4.816000000000000000e+03
4.786000000000000000e+03
4.839000000000000000e+03
4.878000000000000000e+03
4.872000000000000000e+03
4.929000000000000000e+03
4.776000000000000000e+03
4.830000000000000000e+03
4.896000000000000000e+03
4.945000000000000000e+03
4.883000000000000000e+03
4.924000000000000000e+03
4.933000000000000000e+03
4.856000000000000000e+03
4.958000000000000000e+03
4.815000000000000000e+03
4.884000000000000000e+03
4.842000000000000000e+03
4.872000000000000000e+03
4.856000000000000000e+03
4.943000000000000000e+03
4.992000000000000000e+03
4.920000000000000000e+03
5.005000000000000000e+03
4.953000000000000000e+03
4.983000000000000000e+03
4.980000000000000000e+03
4.997000000000000000e+03
4.950000000000000000e+03
4.923000000000000000e+03
4.911000000000000000e+03
5.001000000000000000e+03
5.026000000000000000e+03
4.960000000000000000e+03
4.971000000000000000e+03
5.006000000000000000e+03
4.931000000000000000e+03
4.965000000000000000e+03
4.917000000000000000e+03
5.002000000000000000e+03
5.041000000000000000e+03
4.950000000000000000e+03
5.047000000000000000e+03
4.990000000000000000e+03
5.097000000000000000e+03
4.919000000000000000e+03
4.869000000000000000e+03
4.906000000000000000e+03
4.977000000000000000e+03
4.907000000000000000e+03
4.858000000000000000e+03
5.018000000000000000e+03
5.041000000000000000e+03
4.931000000000000000e+03
4.902000000000000000e+03
4.969000000000000000e+03
4.969000000000000000e+03
4.899000000000000000e+03
4.978000000000000000e+03
4.985000000000000000e+03
4.970000000000000000e+03
4.998000000000000000e+03
4.995000000000000000e+03
4.948000000000000000e+03
4.887000000000000000e+03
4.905000000000000000e+03
4.921000000000000000e+03
4.883000000000000000e+03
4.976000000000000000e+03
4.851000000000000000e+03
4.895000000000000000e+03
4.890000000000000000e+03
4.854000000000000000e+03
4.833000000000000000e+03
4.906000000000000000e+03
4.831000000000000000e+03
4.860000000000000000e+03
4.896000000000000000e+03
4.851000000000000000e+03
4.805000000000000000e+03
4.898000000000000000e+03
4.861000000000000000e+03
4.821000000000000000e+03
4.843000000000000000e+03
4.815000000000000000e+03
4.808000000000000000e+03
4.890000000000000000e+03
4.815000000000000000e+03
4.731000000000000000e+03
4.802000000000000000e+03
4.749000000000000000e+03
4.833000000000000000e+03
4.838000000000000000e+03
4.846000000000000000e+03
4.805000000000000000e+03
4.722000000000000000e+03
4.759000000000000000e+03
4.760000000000000000e+03
4.804000000000000000e+03
4.730000000000000000e+03
4.732000000000000000e+03
4.791000000000000000e+03
4.701000000000000000e+03
4.628000000000000000e+03
4.721000000000000000e+03
4.692000000000000000e+03
4.646000000000000000e+03
4.663000000000000000e+03
4.704000000000000000e+03
4.602000000000000000e+03
4.668000000000000000e+03
4.657000000000000000e+03
4.594000000000000000e+03
4.604000000000000000e+03
4.600000000000000000e+03
4.728000000000000000e+03
4.522000000000000000e+03
4.561000000000000000e+03
4.565000000000000000e+03
4.552000000000000000e+03
4.608000000000000000e+03
4.537000000000000000e+03
4.543000000000000000e+03
4.495000000000000000e+03
4.536000000000000000e+03
4.540000000000000000e+03
4.539000000000000000e+03
4.446000000000000000e+03
4.455000000000000000e+03
4.517000000000000000e+03
4.401000000000000000e+03
4.406000000000000000e+03
4.525000000000000000e+03
4.450000000000000000e+03
4.507000000000000000e+03
4.406000000000000000e+03
4.436000000000000000e+03
4.466000000000000000e+03
4.489000000000000000e+03
4.439000000000000000e+03
4.389000000000000000e+03
4.380000000000000000e+03
4.337000000000000000e+03
4.371000000000000000e+03
4.319000000000000000e+03
4.366000000000000000e+03
4.369000000000000000e+03
4.367000000000000000e+03
4.286000000000000000e+03
4.394000000000000000e+03
4.308000000000000000e+03
4.330000000000000000e+03
4.335000000000000000e+03
4.252000000000000000e+03
4.148000000000000000e+03
4.321000000000000000e+03
4.265000000000000000e+03
4.258000000000000000e+03
4.216000000000000000e+03
4.173000000000000000e+03
4.283000000000000000e+03
4.251000000000000000e+03
4.392000000000000000e+03
4.249000000000000000e+03
4.267000000000000000e+03
4.246000000000000000e+03
4.242000000000000000e+03
4.209000000000000000e+03
4.254000000000000000e+03
4.194000000000000000e+03
4.224000000000000000e+03
4.188000000000000000e+03
4.202000000000000000e+03
4.261000000000000000e+03
4.177000000000000000e+03
4.189000000000000000e+03
4.148000000000000000e+03
4.205000000000000000e+03
4.206000000000000000e+03
4.163000000000000000e+03
4.175000000000000000e+03
4.140000000000000000e+03
4.162000000000000000e+03
4.196000000000000000e+03
4.118000000000000000e+03
4.170000000000000000e+03
4.128000000000000000e+03
4.129000000000000000e+03
4.148000000000000000e+03
4.068000000000000000e+03
4.140000000000000000e+03
4.153000000000000000e+03
4.102000000000000000e+03
4.133000000000000000e+03
4.068000000000000000e+03
4.137000000000000000e+03
4.102000000000000000e+03
4.053000000000000000e+03
4.019000000000000000e+03
4.028000000000000000e+03
3.983000000000000000e+03
4.068000000000000000e+03
4.094000000000000000e+03
3.986000000000000000e+03
4.008000000000000000e+03
3.974000000000000000e+03
4.021000000000000000e+03
3.965000000000000000e+03
4.033000000000000000e+03
4.008000000000000000e+03
3.956000000000000000e+03
3.954000000000000000e+03
3.990000000000000000e+03
4.019000000000000000e+03
3.945000000000000000e+03
3.985000000000000000e+03
3.945000000000000000e+03
3.992000000000000000e+03
3.891000000000000000e+03
3.926000000000000000e+03
3.950000000000000000e+03
3.942000000000000000e+03
3.924000000000000000e+03
3.946000000000000000e+03
3.965000000000000000e+03
3.892000000000000000e+03
3.941000000000000000e+03
3.880000000000000000e+03
3.857000000000000000e+03
3.834000000000000000e+03
3.897000000000000000e+03
3.911000000000000000e+03
3.888000000000000000e+03
3.811000000000000000e+03
3.848000000000000000e+03
3.719000000000000000e+03
3.758000000000000000e+03
3.773000000000000000e+03
3.803000000000000000e+03
3.796000000000000000e+03
3.731000000000000000e+03
3.757000000000000000e+03
3.839000000000000000e+03
3.691000000000000000e+03
3.812000000000000000e+03
3.786000000000000000e+03
3.822000000000000000e+03
3.675000000000000000e+03
3.743000000000000000e+03
3.704000000000000000e+03
3.744000000000000000e+03
3.709000000000000000e+03
3.699000000000000000e+03
3.718000000000000000e+03
3.644000000000000000e+03
3.637000000000000000e+03
3.654000000000000000e+03
3.667000000000000000e+03
3.577000000000000000e+03
3.581000000000000000e+03
3.619000000000000000e+03
3.628000000000000000e+03
3.611000000000000000e+03
3.587000000000000000e+03
3.559000000000000000e+03
3.591000000000000000e+03
3.525000000000000000e+03
3.615000000000000000e+03
3.567000000000000000e+03
3.586000000000000000e+03
3.506000000000000000e+03
3.582000000000000000e+03
3.542000000000000000e+03
3.518000000000000000e+03
3.485000000000000000e+03
3.469000000000000000e+03
3.564000000000000000e+03
3.449000000000000000e+03
3.416000000000000000e+03
3.483000000000000000e+03
3.411000000000000000e+03
3.409000000000000000e+03
3.423000000000000000e+03
3.389000000000000000e+03
3.367000000000000000e+03
3.335000000000000000e+03
3.330000000000000000e+03
3.391000000000000000e+03
3.407000000000000000e+03
3.390000000000000000e+03
3.395000000000000000e+03
3.265000000000000000e+03
3.322000000000000000e+03
3.255000000000000000e+03
3.284000000000000000e+03
3.383000000000000000e+03
3.306000000000000000e+03
3.217000000000000000e+03
3.246000000000000000e+03
3.228000000000000000e+03
3.239000000000000000e+03
3.237000000000000000e+03
3.182000000000000000e+03
3.172000000000000000e+03
3.209000000000000000e+03
3.150000000000000000e+03
3.198000000000000000e+03
3.173000000000000000e+03
3.140000000000000000e+03
3.126000000000000000e+03
3.081000000000000000e+03
3.157000000000000000e+03
3.126000000000000000e+03
3.069000000000000000e+03
3.068000000000000000e+03
3.062000000000000000e+03
3.011000000000000000e+03
2.965000000000000000e+03
3.014000000000000000e+03
3.044000000000000000e+03
2.997000000000000000e+03
2.967000000000000000e+03
3.002000000000000000e+03
2.920000000000000000e+03
2.972000000000000000e+03
2.958000000000000000e+03
2.926000000000000000e+03
2.925000000000000000e+03
2.925000000000000000e+03
2.988000000000000000e+03
2.852000000000000000e+03
2.900000000000000000e+03
2.870000000000000000e+03
2.807000000000000000e+03
2.837000000000000000e+03
2.872000000000000000e+03
2.925000000000000000e+03
2.816000000000000000e+03
2.854000000000000000e+03
2.774000000000000000e+03
2.749000000000000000e+03
2.830000000000000000e+03
2.824000000000000000e+03
2.848000000000000000e+03
2.805000000000000000e+03
2.774000000000000000e+03
2.792000000000000000e+03
2.760000000000000000e+03
2.757000000000000000e+03
2.667000000000000000e+03
2.737000000000000000e+03
2.732000000000000000e+03
2.697000000000000000e+03
2.707000000000000000e+03
2.683000000000000000e+03
2.638000000000000000e+03
2.652000000000000000e+03
2.698000000000000000e+03
2.678000000000000000e+03
2.614000000000000000e+03
2.709000000000000000e+03
2.620000000000000000e+03
2.581000000000000000e+03
2.552000000000000000e+03
