1.563000000000000000e+03
1.626000000000000000e+03
1.550000000000000000e+03
1.608000000000000000e+03
1.601000000000000000e+03
1.607000000000000000e+03
1.596000000000000000e+03
1.581000000000000000e+03
1.632000000000000000e+03
1.647000000000000000e+03
1.638000000000000000e+03
1.636000000000000000e+03
1.646000000000000000e+03
1.681000000000000000e+03
1.598000000000000000e+03
1.681000000000000000e+03
1.684000000000000000e+03
1.628000000000000000e+03
1.646000000000000000e+03
1.672000000000000000e+03
1.670000000000000000e+03
1.696000000000000000e+03
1.708000000000000000e+03
1.725000000000000000e+03
1.713000000000000000e+03
1.652000000000000000e+03
1.772000000000000000e+03
1.684000000000000000e+03
1.759000000000000000e+03
1.742000000000000000e+03
1.744000000000000000e+03
1.796000000000000000e+03
1.756000000000000000e+03
1.731000000000000000e+03
1.776000000000000000e+03
1.805000000000000000e+03
1.776000000000000000e+03
1.777000000000000000e+03
1.783000000000000000e+03
1.793000000000000000e+03
1.759000000000000000e+03
1.796000000000000000e+03
1.742000000000000000e+03
1.838000000000000000e+03
1.823000000000000000e+03
1.815000000000000000e+03
1.777000000000000000e+03
1.848000000000000000e+03
1.793000000000000000e+03
1.851000000000000000e+03
1.803000000000000000e+03
1.826000000000000000e+03
1.836000000000000000e+03
1.799000000000000000e+03
1.827000000000000000e+03
1.883000000000000000e+03
1.848000000000000000e+03
1.860000000000000000e+03
1.907000000000000000e+03
1.839000000000000000e+03
1.842000000000000000e+03
1.860000000000000000e+03
1.889000000000000000e+03
1.910000000000000000e+03
1.942000000000000000e+03
1.925000000000000000e+03
1.913000000000000000e+03
1.887000000000000000e+03
1.928000000000000000e+03
1.913000000000000000e+03
1.923000000000000000e+03
1.906000000000000000e+03
1.934000000000000000e+03
1.921000000000000000e+03
1.922000000000000000e+03
1.930000000000000000e+03
1.976000000000000000e+03
1.921000000000000000e+03
1.958000000000000000e+03
1.968000000000000000e+03
1.929000000000000000e+03
1.949000000000000000e+03
1.943000000000000000e+03
1.965000000000000000e+03
2.021000000000000000e+03
2.054000000000000000e+03
1.946000000000000000e+03
1.975000000000000000e+03
1.987000000000000000e+03
1.999000000000000000e+03
1.997000000000000000e+03
2.065000000000000000e+03
2.043000000000000000e+03
2.022000000000000000e+03
2.039000000000000000e+03
2.103000000000000000e+03
2.047000000000000000e+03
2.054000000000000000e+03
2.061000000000000000e+03
2.046000000000000000e+03
2.063000000000000000e+03
2.062000000000000000e+03
2.096000000000000000e+03
2.114000000000000000e+03
2.121000000000000000e+03
2.078000000000000000e+03
2.120000000000000000e+03
2.157000000000000000e+03
2.136000000000000000e+03
2.158000000000000000e+03
2.156000000000000000e+03
2.145000000000000000e+03
2.138000000000000000e+03
2.176000000000000000e+03
2.205000000000000000e+03
2.180000000000000000e+03
2.226000000000000000e+03
2.213000000000000000e+03
2.181000000000000000e+03
2.250000000000000000e+03
2.221000000000000000e+03
2.233000000000000000e+03
2.295000000000000000e+03
2.323000000000000000e+03
2.256000000000000000e+03
2.291000000000000000e+03
2.338000000000000000e+03
2.335000000000000000e+03
2.310000000000000000e+03
2.304000000000000000e+03
2.334000000000000000e+03
2.385000000000000000e+03
2.386000000000000000e+03
2.377000000000000000e+03
2.396000000000000000e+03
2.465000000000000000e+03
2.443000000000000000e+03
2.469000000000000000e+03
2.410000000000000000e+03
2.493000000000000000e+03
2.502000000000000000e+03
2.455000000000000000e+03
2.523000000000000000e+03
2.404000000000000000e+03
2.594000000000000000e+03
2.577000000000000000e+03
2.498000000000000000e+03
2.570000000000000000e+03
2.533000000000000000e+03
2.549000000000000000e+03
2.550000000000000000e+03
2.600000000000000000e+03
2.565000000000000000e+03
2.631000000000000000e+03
2.607000000000000000e+03
2.700000000000000000e+03
2.633000000000000000e+03
2.654000000000000000e+03
2.650000000000000000e+03
2.698000000000000000e+03
2.676000000000000000e+03
2.690000000000000000e+03
2.696000000000000000e+03
2.705000000000000000e+03
2.716000000000000000e+03
2.713000000000000000e+03
2.713000000000000000e+03
2.716000000000000000e+03
2.730000000000000000e+03
2.740000000000000000e+03
2.762000000000000000e+03
2.811000000000000000e+03
2.773000000000000000e+03
2.808000000000000000e+03
2.841000000000000000e+03
2.832000000000000000e+03
2.779000000000000000e+03
2.827000000000000000e+03
2.832000000000000000e+03
2.815000000000000000e+03
2.876000000000000000e+03
2.822000000000000000e+03
2.850000000000000000e+03
2.841000000000000000e+03
2.883000000000000000e+03
3.117000000000000000e+03
3.408000000000000000e+03
3.188000000000000000e+03
2.939000000000000000e+03
2.871000000000000000e+03
2.898000000000000000e+03
2.929000000000000000e+03
2.960000000000000000e+03
2.995000000000000000e+03
2.906000000000000000e+03
2.949000000000000000e+03
2.943000000000000000e+03
3.004000000000000000e+03
2.942000000000000000e+03
2.945000000000000000e+03
2.959000000000000000e+03
3.026000000000000000e+03
3.037000000000000000e+03
3.012000000000000000e+03
3.086000000000000000e+03
3.090000000000000000e+03
3.109000000000000000e+03
3.071000000000000000e+03
3.080000000000000000e+03
3.089000000000000000e+03
3.137000000000000000e+03
3.107000000000000000e+03
3.114000000000000000e+03
3.177000000000000000e+03
3.147000000000000000e+03
3.211000000000000000e+03
3.239000000000000000e+03
3.164000000000000000e+03
3.215000000000000000e+03
3.338000000000000000e+03
3.278000000000000000e+03
3.311000000000000000e+03
3.269000000000000000e+03
3.339000000000000000e+03
3.329000000000000000e+03
3.293000000000000000e+03
3.334000000000000000e+03
3.375000000000000000e+03
3.354000000000000000e+03
3.315000000000000000e+03
3.470000000000000000e+03
3.424000000000000000e+03
3.403000000000000000e+03
3.405000000000000000e+03
3.478000000000000000e+03
3.433000000000000000e+03
3.565000000000000000e+03
3.507000000000000000e+03
3.575000000000000000e+03
3.529000000000000000e+03
3.587000000000000000e+03
3.551000000000000000e+03
3.570000000000000000e+03
3.619000000000000000e+03
3.586000000000000000e+03
3.615000000000000000e+03
3.731000000000000000e+03
3.708000000000000000e+03
3.651000000000000000e+03
3.749000000000000000e+03
3.626000000000000000e+03
3.674000000000000000e+03
3.749000000000000000e+03
3.755000000000000000e+03
3.794000000000000000e+03
3.752000000000000000e+03
3.872000000000000000e+03
3.894000000000000000e+03
3.922000000000000000e+03
3.921000000000000000e+03
3.872000000000000000e+03
3.840000000000000000e+03
3.941000000000000000e+03
4.040000000000000000e+03
3.998000000000000000e+03
3.929000000000000000e+03
3.880000000000000000e+03
3.895000000000000000e+03
3.953000000000000000e+03
3.949000000000000000e+03
3.943000000000000000e+03
3.893000000000000000e+03
3.902000000000000000e+03
3.935000000000000000e+03
3.983000000000000000e+03
3.967000000000000000e+03
3.946000000000000000e+03
3.933000000000000000e+03
4.059000000000000000e+03
3.951000000000000000e+03
4.042000000000000000e+03
4.052000000000000000e+03
4.014000000000000000e+03
4.015000000000000000e+03
3.998000000000000000e+03
4.045000000000000000e+03
4.044000000000000000e+03
4.072000000000000000e+03
4.126000000000000000e+03
4.085000000000000000e+03
4.106000000000000000e+03
4.085000000000000000e+03
4.137000000000000000e+03
4.184000000000000000e+03
4.195000000000000000e+03
4.121000000000000000e+03
4.114000000000000000e+03
4.086000000000000000e+03
4.177000000000000000e+03
4.206000000000000000e+03
4.158000000000000000e+03
4.156000000000000000e+03
4.216000000000000000e+03
4.202000000000000000e+03
4.280000000000000000e+03
4.261000000000000000e+03
4.157000000000000000e+03
4.245000000000000000e+03
4.201000000000000000e+03
4.164000000000000000e+03
4.127000000000000000e+03
4.278000000000000000e+03
4.215000000000000000e+03
4.222000000000000000e+03
4.216000000000000000e+03
4.282000000000000000e+03
4.276000000000000000e+03
4.194000000000000000e+03
4.229000000000000000e+03
4.160000000000000000e+03
4.256000000000000000e+03
4.304000000000000000e+03
4.185000000000000000e+03
4.198000000000000000e+03
4.241000000000000000e+03
4.280000000000000000e+03
4.269000000000000000e+03
4.142000000000000000e+03
4.229000000000000000e+03
4.266000000000000000e+03
4.240000000000000000e+03
4.255000000000000000e+03
4.224000000000000000e+03
4.278000000000000000e+03
4.192000000000000000e+03
4.240000000000000000e+03
4.235000000000000000e+03
4.288000000000000000e+03
4.189000000000000000e+03
4.264000000000000000e+03
4.269000000000000000e+03
4.250000000000000000e+03
4.321000000000000000e+03
4.251000000000000000e+03
4.249000000000000000e+03
4.226000000000000000e+03
4.256000000000000000e+03
4.247000000000000000e+03
4.203000000000000000e+03
4.234000000000000000e+03
4.236000000000000000e+03
4.237000000000000000e+03
4.227000000000000000e+03
4.314000000000000000e+03
4.284000000000000000e+03
4.300000000000000000e+03
4.310000000000000000e+03
4.135000000000000000e+03
4.329000000000000000e+03
4.281000000000000000e+03
4.340000000000000000e+03
4.333000000000000000e+03
4.282000000000000000e+03
4.330000000000000000e+03
4.246000000000000000e+03
4.316000000000000000e+03
4.239000000000000000e+03
4.380000000000000000e+03
4.328000000000000000e+03
4.273000000000000000e+03
4.389000000000000000e+03
4.327000000000000000e+03
4.381000000000000000e+03
4.301000000000000000e+03
4.326000000000000000e+03
4.374000000000000000e+03
4.439000000000000000e+03
4.522000000000000000e+03
4.403000000000000000e+03
4.428000000000000000e+03
4.453000000000000000e+03
4.410000000000000000e+03
4.472000000000000000e+03
4.451000000000000000e+03
4.468000000000000000e+03
4.431000000000000000e+03
4.477000000000000000e+03
4.469000000000000000e+03
4.458000000000000000e+03
4.508000000000000000e+03
4.450000000000000000e+03
4.454000000000000000e+03
4.507000000000000000e+03
4.473000000000000000e+03
4.484000000000000000e+03
4.521000000000000000e+03
4.525000000000000000e+03
4.498000000000000000e+03
4.527000000000000000e+03
4.580000000000000000e+03
4.475000000000000000e+03
4.519000000000000000e+03
4.485000000000000000e+03
4.503000000000000000e+03
4.592000000000000000e+03
4.575000000000000000e+03
4.562000000000000000e+03
4.567000000000000000e+03
4.491000000000000000e+03
4.545000000000000000e+03
4.583000000000000000e+03
4.561000000000000000e+03
4.519000000000000000e+03
4.522000000000000000e+03
4.554000000000000000e+03
4.590000000000000000e+03
4.583000000000000000e+03
4.554000000000000000e+03
4.636000000000000000e+03
4.536000000000000000e+03
4.548000000000000000e+03
4.610000000000000000e+03
4.577000000000000000e+03
4.668000000000000000e+03
4.593000000000000000e+03
4.629000000000000000e+03
4.576000000000000000e+03
4.639000000000000000e+03
4.641000000000000000e+03
4.655000000000000000e+03
4.651000000000000000e+03
4.680000000000000000e+03
4.599000000000000000e+03
4.731000000000000000e+03
4.694000000000000000e+03
4.643000000000000000e+03
4.721000000000000000e+03
4.670000000000000000e+03
4.718000000000000000e+03
4.668000000000000000e+03
4.579000000000000000e+03
4.734000000000000000e+03
4.557000000000000000e+03
4.576000000000000000e+03
4.677000000000000000e+03
4.622000000000000000e+03
4.621000000000000000e+03
4.687000000000000000e+03
4.673000000000000000e+03
4.651000000000000000e+03
4.645000000000000000e+03
4.626000000000000000e+03
4.675000000000000000e+03
4.687000000000000000e+03
4.650000000000000000e+03
4.659000000000000000e+03
4.568000000000000000e+03
4.638000000000000000e+03
4.667000000000000000e+03
4.721000000000000000e+03
4.610000000000000000e+03
4.697000000000000000e+03
4.592000000000000000e+03
4.695000000000000000e+03
4.634000000000000000e+03
4.584000000000000000e+03
4.754000000000000000e+03
4.660000000000000000e+03
4.579000000000000000e+03
4.720000000000000000e+03
4.573000000000000000e+03
4.577000000000000000e+03
4.620000000000000000e+03
4.575000000000000000e+03
4.553000000000000000e+03
4.550000000000000000e+03
4.518000000000000000e+03
4.653000000000000000e+03
4.522000000000000000e+03
4.627000000000000000e+03
4.521000000000000000e+03
4.509000000000000000e+03
4.630000000000000000e+03
4.537000000000000000e+03
4.599000000000000000e+03
4.599000000000000000e+03
4.511000000000000000e+03
4.620000000000000000e+03
4.615000000000000000e+03
4.554000000000000000e+03
4.531000000000000000e+03
4.566000000000000000e+03
4.489000000000000000e+03
4.471000000000000000e+03
4.557000000000000000e+03
4.503000000000000000e+03
4.509000000000000000e+03
4.394000000000000000e+03
4.427000000000000000e+03
4.479000000000000000e+03
4.435000000000000000e+03
4.458000000000000000e+03
4.457000000000000000e+03
4.510000000000000000e+03
4.442000000000000000e+03
4.399000000000000000e+03
4.396000000000000000e+03
4.431000000000000000e+03
4.417000000000000000e+03
4.368000000000000000e+03
4.375000000000000000e+03
4.361000000000000000e+03
4.351000000000000000e+03
4.315000000000000000e+03
4.304000000000000000e+03
4.267000000000000000e+03
4.350000000000000000e+03
4.322000000000000000e+03
4.295000000000000000e+03
4.300000000000000000e+03
4.226000000000000000e+03
4.277000000000000000e+03
4.305000000000000000e+03
4.234000000000000000e+03
4.269000000000000000e+03
4.205000000000000000e+03
4.223000000000000000e+03
4.259000000000000000e+03
4.236000000000000000e+03
4.222000000000000000e+03
4.139000000000000000e+03
4.179000000000000000e+03
4.110000000000000000e+03
4.193000000000000000e+03
4.120000000000000000e+03
4.146000000000000000e+03
4.083000000000000000e+03
4.160000000000000000e+03
4.126000000000000000e+03
4.144000000000000000e+03
4.128000000000000000e+03
4.127000000000000000e+03
4.085000000000000000e+03
4.144000000000000000e+03
4.080000000000000000e+03
4.104000000000000000e+03
4.054000000000000000e+03
4.090000000000000000e+03
4.025000000000000000e+03
4.032000000000000000e+03
4.032000000000000000e+03
4.025000000000000000e+03
4.032000000000000000e+03
3.995000000000000000e+03
4.028000000000000000e+03
4.040000000000000000e+03
4.003000000000000000e+03
4.017000000000000000e+03
3.958000000000000000e+03
3.980000000000000000e+03
3.984000000000000000e+03
3.982000000000000000e+03
3.935000000000000000e+03
4.085000000000000000e+03
4.005000000000000000e+03
3.968000000000000000e+03
4.029000000000000000e+03
3.955000000000000000e+03
3.975000000000000000e+03
3.946000000000000000e+03
3.940000000000000000e+03
3.954000000000000000e+03
3.931000000000000000e+03
3.926000000000000000e+03
3.957000000000000000e+03
3.892000000000000000e+03
3.860000000000000000e+03
3.926000000000000000e+03
3.952000000000000000e+03
3.995000000000000000e+03
3.837000000000000000e+03
3.864000000000000000e+03
3.885000000000000000e+03
3.820000000000000000e+03
3.863000000000000000e+03
3.898000000000000000e+03
3.917000000000000000e+03
3.959000000000000000e+03
3.904000000000000000e+03
3.827000000000000000e+03
3.776000000000000000e+03
3.874000000000000000e+03
3.787000000000000000e+03
3.856000000000000000e+03
3.863000000000000000e+03
3.820000000000000000e+03
3.869000000000000000e+03
3.779000000000000000e+03
3.817000000000000000e+03
3.791000000000000000e+03
3.808000000000000000e+03
3.814000000000000000e+03
3.798000000000000000e+03
3.763000000000000000e+03
3.758000000000000000e+03
3.720000000000000000e+03
3.712000000000000000e+03
3.756000000000000000e+03
3.715000000000000000e+03
3.724000000000000000e+03
3.677000000000000000e+03
3.753000000000000000e+03
3.628000000000000000e+03
3.654000000000000000e+03
3.773000000000000000e+03
3.759000000000000000e+03
3.703000000000000000e+03
3.645000000000000000e+03
3.660000000000000000e+03
3.727000000000000000e+03
3.626000000000000000e+03
3.666000000000000000e+03
3.631000000000000000e+03
3.700000000000000000e+03
3.658000000000000000e+03
3.672000000000000000e+03
3.585000000000000000e+03
3.635000000000000000e+03
3.676000000000000000e+03
3.572000000000000000e+03
3.644000000000000000e+03
3.607000000000000000e+03
3.587000000000000000e+03
3.572000000000000000e+03
3.584000000000000000e+03
3.629000000000000000e+03
3.574000000000000000e+03
3.527000000000000000e+03
3.560000000000000000e+03
3.668000000000000000e+03
3.535000000000000000e+03
3.556000000000000000e+03
3.574000000000000000e+03
3.568000000000000000e+03
3.460000000000000000e+03
3.511000000000000000e+03
3.549000000000000000e+03
3.564000000000000000e+03
3.488000000000000000e+03
3.544000000000000000e+03
3.515000000000000000e+03
3.518000000000000000e+03
3.524000000000000000e+03
3.512000000000000000e+03
3.477000000000000000e+03
3.431000000000000000e+03
3.556000000000000000e+03
3.441000000000000000e+03
3.364000000000000000e+03
3.395000000000000000e+03
3.475000000000000000e+03
3.453000000000000000e+03
3.375000000000000000e+03
3.364000000000000000e+03
3.442000000000000000e+03
3.387000000000000000e+03
3.343000000000000000e+03
3.355000000000000000e+03
3.308000000000000000e+03
3.340000000000000000e+03
3.303000000000000000e+03
3.314000000000000000e+03
3.363000000000000000e+03
3.264000000000000000e+03
3.213000000000000000e+03
3.255000000000000000e+03
3.301000000000000000e+03
3.310000000000000000e+03
3.316000000000000000e+03
3.315000000000000000e+03
3.174000000000000000e+03
3.191000000000000000e+03
3.261000000000000000e+03
3.233000000000000000e+03
3.183000000000000000e+03
3.201000000000000000e+03
3.227000000000000000e+03
3.175000000000000000e+03
3.162000000000000000e+03
3.146000000000000000e+03
3.143000000000000000e+03
3.082000000000000000e+03
3.138000000000000000e+03
3.116000000000000000e+03
3.089000000000000000e+03
3.074000000000000000e+03
3.089000000000000000e+03
3.033000000000000000e+03
3.045000000000000000e+03
3.071000000000000000e+03
3.109000000000000000e+03
3.039000000000000000e+03
2.978000000000000000e+03
3.054000000000000000e+03
2.943000000000000000e+03
2.971000000000000000e+03
3.082000000000000000e+03
2.965000000000000000e+03
2.945000000000000000e+03
3.006000000000000000e+03
2.935000000000000000e+03
2.889000000000000000e+03
2.918000000000000000e+03
2.938000000000000000e+03
2.904000000000000000e+03
2.894000000000000000e+03
2.855000000000000000e+03
2.837000000000000000e+03
2.865000000000000000e+03
2.833000000000000000e+03
2.808000000000000000e+03
2.823000000000000000e+03
2.735000000000000000e+03
2.802000000000000000e+03
2.791000000000000000e+03
2.701000000000000000e+03
2.750000000000000000e+03
2.746000000000000000e+03
2.688000000000000000e+03
2.694000000000000000e+03
2.726000000000000000e+03
2.677000000000000000e+03
2.716000000000000000e+03
2.688000000000000000e+03
2.716000000000000000e+03
2.720000000000000000e+03
2.674000000000000000e+03
2.681000000000000000e+03
2.617000000000000000e+03
2.605000000000000000e+03
2.616000000000000000e+03
2.617000000000000000e+03
2.595000000000000000e+03
2.610000000000000000e+03
2.631000000000000000e+03
2.524000000000000000e+03
2.594000000000000000e+03
2.571000000000000000e+03
2.577000000000000000e+03
2.534000000000000000e+03
2.561000000000000000e+03
2.608000000000000000e+03
2.539000000000000000e+03
2.586000000000000000e+03
2.505000000000000000e+03
2.558000000000000000e+03
2.588000000000000000e+03
2.498000000000000000e+03
2.713000000000000000e+03
2.503000000000000000e+03
2.477000000000000000e+03
2.560000000000000000e+03
2.489000000000000000e+03
2.491000000000000000e+03
2.434000000000000000e+03
