1.566000000000000000e+03
1.627000000000000000e+03
1.606000000000000000e+03
1.633000000000000000e+03
1.626000000000000000e+03
1.585000000000000000e+03
1.602000000000000000e+03
1.632000000000000000e+03
1.654000000000000000e+03
1.657000000000000000e+03
1.615000000000000000e+03
1.688000000000000000e+03
1.649000000000000000e+03
1.649000000000000000e+03
1.679000000000000000e+03
1.683000000000000000e+03
1.684000000000000000e+03
1.706000000000000000e+03
1.691000000000000000e+03
1.767000000000000000e+03
1.730000000000000000e+03
1.757000000000000000e+03
1.741000000000000000e+03
1.711000000000000000e+03
1.739000000000000000e+03
1.708000000000000000e+03
1.739000000000000000e+03
1.762000000000000000e+03
1.794000000000000000e+03
1.730000000000000000e+03
1.764000000000000000e+03
1.703000000000000000e+03
1.745000000000000000e+03
1.801000000000000000e+03
1.777000000000000000e+03
1.749000000000000000e+03
1.810000000000000000e+03
1.783000000000000000e+03
1.763000000000000000e+03
1.786000000000000000e+03
1.855000000000000000e+03
1.824000000000000000e+03
1.823000000000000000e+03
1.783000000000000000e+03
1.820000000000000000e+03
1.878000000000000000e+03
1.881000000000000000e+03
1.866000000000000000e+03
1.846000000000000000e+03
1.841000000000000000e+03
1.837000000000000000e+03
1.842000000000000000e+03
1.856000000000000000e+03
1.892000000000000000e+03
1.843000000000000000e+03
1.839000000000000000e+03
1.892000000000000000e+03
1.865000000000000000e+03
1.901000000000000000e+03
1.886000000000000000e+03
1.871000000000000000e+03
1.876000000000000000e+03
1.882000000000000000e+03
1.915000000000000000e+03
1.873000000000000000e+03
1.890000000000000000e+03
1.916000000000000000e+03
1.913000000000000000e+03
1.926000000000000000e+03
1.979000000000000000e+03
1.912000000000000000e+03
1.964000000000000000e+03
1.966000000000000000e+03
1.929000000000000000e+03
1.986000000000000000e+03
2.000000000000000000e+03
1.940000000000000000e+03
2.013000000000000000e+03
2.003000000000000000e+03
1.956000000000000000e+03
1.945000000000000000e+03
1.976000000000000000e+03
1.938000000000000000e+03
1.979000000000000000e+03
1.973000000000000000e+03
2.058000000000000000e+03
2.004000000000000000e+03
1.988000000000000000e+03
2.074000000000000000e+03
2.034000000000000000e+03
1.965000000000000000e+03
2.089000000000000000e+03
2.052000000000000000e+03
2.148000000000000000e+03
2.057000000000000000e+03
2.039000000000000000e+03
2.063000000000000000e+03
2.020000000000000000e+03
2.069000000000000000e+03
2.058000000000000000e+03
2.043000000000000000e+03
2.086000000000000000e+03
2.108000000000000000e+03
2.135000000000000000e+03
2.109000000000000000e+03
2.094000000000000000e+03
2.120000000000000000e+03
2.120000000000000000e+03
2.102000000000000000e+03
2.162000000000000000e+03
2.197000000000000000e+03
2.177000000000000000e+03
2.225000000000000000e+03
2.188000000000000000e+03
2.172000000000000000e+03
2.199000000000000000e+03
2.218000000000000000e+03
2.399000000000000000e+03
2.276000000000000000e+03
2.268000000000000000e+03
2.235000000000000000e+03
2.300000000000000000e+03
2.319000000000000000e+03
2.329000000000000000e+03
2.309000000000000000e+03
2.287000000000000000e+03
2.340000000000000000e+03
2.314000000000000000e+03
2.331000000000000000e+03
2.334000000000000000e+03
2.295000000000000000e+03
2.320000000000000000e+03
2.409000000000000000e+03
2.346000000000000000e+03
2.385000000000000000e+03
2.435000000000000000e+03
2.472000000000000000e+03
2.411000000000000000e+03
2.424000000000000000e+03
2.419000000000000000e+03
2.483000000000000000e+03
2.505000000000000000e+03
2.559000000000000000e+03
2.500000000000000000e+03
2.470000000000000000e+03
2.555000000000000000e+03
2.495000000000000000e+03
2.530000000000000000e+03
2.569000000000000000e+03
2.621000000000000000e+03
2.626000000000000000e+03
2.694000000000000000e+03
2.652000000000000000e+03
2.618000000000000000e+03
2.575000000000000000e+03
2.636000000000000000e+03
2.661000000000000000e+03
2.649000000000000000e+03
2.625000000000000000e+03
2.687000000000000000e+03
2.749000000000000000e+03
2.682000000000000000e+03
2.731000000000000000e+03
2.690000000000000000e+03
2.706000000000000000e+03
2.735000000000000000e+03
2.712000000000000000e+03
2.866000000000000000e+03
2.704000000000000000e+03
2.733000000000000000e+03
2.790000000000000000e+03
2.764000000000000000e+03
2.744000000000000000e+03
2.780000000000000000e+03
2.838000000000000000e+03
2.821000000000000000e+03
2.869000000000000000e+03
2.813000000000000000e+03
2.856000000000000000e+03
2.813000000000000000e+03
2.878000000000000000e+03
2.858000000000000000e+03
2.895000000000000000e+03
2.920000000000000000e+03
2.994000000000000000e+03
3.233000000000000000e+03
3.445000000000000000e+03
3.074000000000000000e+03
2.904000000000000000e+03
2.900000000000000000e+03
2.914000000000000000e+03
2.935000000000000000e+03
2.953000000000000000e+03
2.961000000000000000e+03
2.981000000000000000e+03
2.928000000000000000e+03
2.950000000000000000e+03
2.926000000000000000e+03
3.107000000000000000e+03
2.983000000000000000e+03
2.984000000000000000e+03
3.041000000000000000e+03
3.073000000000000000e+03
3.035000000000000000e+03
3.099000000000000000e+03
3.080000000000000000e+03
3.122000000000000000e+03
3.143000000000000000e+03
3.115000000000000000e+03
3.131000000000000000e+03
3.109000000000000000e+03
3.229000000000000000e+03
3.234000000000000000e+03
3.118000000000000000e+03
3.174000000000000000e+03
3.255000000000000000e+03
3.166000000000000000e+03
3.200000000000000000e+03
3.313000000000000000e+03
3.396000000000000000e+03
3.315000000000000000e+03
3.316000000000000000e+03
3.329000000000000000e+03
3.311000000000000000e+03
3.336000000000000000e+03
3.370000000000000000e+03
3.369000000000000000e+03
3.454000000000000000e+03
3.402000000000000000e+03
3.397000000000000000e+03
3.393000000000000000e+03
3.515000000000000000e+03
3.481000000000000000e+03
3.529000000000000000e+03
3.427000000000000000e+03
3.447000000000000000e+03
3.519000000000000000e+03
3.678000000000000000e+03
3.646000000000000000e+03
3.638000000000000000e+03
3.570000000000000000e+03
3.607000000000000000e+03
3.609000000000000000e+03
3.628000000000000000e+03
3.616000000000000000e+03
3.641000000000000000e+03
3.639000000000000000e+03
3.682000000000000000e+03
3.617000000000000000e+03
3.688000000000000000e+03
3.723000000000000000e+03
3.727000000000000000e+03
3.713000000000000000e+03
3.802000000000000000e+03
3.773000000000000000e+03
3.739000000000000000e+03
3.750000000000000000e+03
3.835000000000000000e+03
3.917000000000000000e+03
3.930000000000000000e+03
3.843000000000000000e+03
3.941000000000000000e+03
4.035000000000000000e+03
3.986000000000000000e+03
3.984000000000000000e+03
3.934000000000000000e+03
4.014000000000000000e+03
3.934000000000000000e+03
3.921000000000000000e+03
3.957000000000000000e+03
3.960000000000000000e+03
3.985000000000000000e+03
3.960000000000000000e+03
3.962000000000000000e+03
4.010000000000000000e+03
4.004000000000000000e+03
4.070000000000000000e+03
4.000000000000000000e+03
4.057000000000000000e+03
3.992000000000000000e+03
4.052000000000000000e+03
4.052000000000000000e+03
4.072000000000000000e+03
4.138000000000000000e+03
4.121000000000000000e+03
4.092000000000000000e+03
4.068000000000000000e+03
4.101000000000000000e+03
4.121000000000000000e+03
4.111000000000000000e+03
4.040000000000000000e+03
4.052000000000000000e+03
4.106000000000000000e+03
4.154000000000000000e+03
4.070000000000000000e+03
4.165000000000000000e+03
4.268000000000000000e+03
4.181000000000000000e+03
4.164000000000000000e+03
4.185000000000000000e+03
4.150000000000000000e+03
4.133000000000000000e+03
4.102000000000000000e+03
4.240000000000000000e+03
4.158000000000000000e+03
4.209000000000000000e+03
4.167000000000000000e+03
4.225000000000000000e+03
4.224000000000000000e+03
4.301000000000000000e+03
4.242000000000000000e+03
4.159000000000000000e+03
4.235000000000000000e+03
4.344000000000000000e+03
4.211000000000000000e+03
4.216000000000000000e+03
4.255000000000000000e+03
4.206000000000000000e+03
4.273000000000000000e+03
4.234000000000000000e+03
4.244000000000000000e+03
4.214000000000000000e+03
4.260000000000000000e+03
4.235000000000000000e+03
4.216000000000000000e+03
4.345000000000000000e+03
4.245000000000000000e+03
4.297000000000000000e+03
4.306000000000000000e+03
4.240000000000000000e+03
4.235000000000000000e+03
4.246000000000000000e+03
4.262000000000000000e+03
4.268000000000000000e+03
4.312000000000000000e+03
4.239000000000000000e+03
4.316000000000000000e+03
4.328000000000000000e+03
4.364000000000000000e+03
4.252000000000000000e+03
4.235000000000000000e+03
4.232000000000000000e+03
4.213000000000000000e+03
4.321000000000000000e+03
4.301000000000000000e+03
4.222000000000000000e+03
4.220000000000000000e+03
4.338000000000000000e+03
4.266000000000000000e+03
4.239000000000000000e+03
4.352000000000000000e+03
4.276000000000000000e+03
4.361000000000000000e+03
4.325000000000000000e+03
4.347000000000000000e+03
4.241000000000000000e+03
4.328000000000000000e+03
4.306000000000000000e+03
4.290000000000000000e+03
4.371000000000000000e+03
4.366000000000000000e+03
4.309000000000000000e+03
4.296000000000000000e+03
4.341000000000000000e+03
4.342000000000000000e+03
4.360000000000000000e+03
4.410000000000000000e+03
4.400000000000000000e+03
4.426000000000000000e+03
4.384000000000000000e+03
4.381000000000000000e+03
4.361000000000000000e+03
4.433000000000000000e+03
4.388000000000000000e+03
4.509000000000000000e+03
4.382000000000000000e+03
4.419000000000000000e+03
4.359000000000000000e+03
4.484000000000000000e+03
4.451000000000000000e+03
4.429000000000000000e+03
4.471000000000000000e+03
4.466000000000000000e+03
4.528000000000000000e+03
4.515000000000000000e+03
4.431000000000000000e+03
4.494000000000000000e+03
4.456000000000000000e+03
4.525000000000000000e+03
4.527000000000000000e+03
4.523000000000000000e+03
4.572000000000000000e+03
4.496000000000000000e+03
4.494000000000000000e+03
4.475000000000000000e+03
4.494000000000000000e+03
4.552000000000000000e+03
4.585000000000000000e+03
4.569000000000000000e+03
4.574000000000000000e+03
4.576000000000000000e+03
4.545000000000000000e+03
4.594000000000000000e+03
4.579000000000000000e+03
4.477000000000000000e+03
4.504000000000000000e+03
4.507000000000000000e+03
4.480000000000000000e+03
4.507000000000000000e+03
4.523000000000000000e+03
4.620000000000000000e+03
4.618000000000000000e+03
4.568000000000000000e+03
4.630000000000000000e+03
4.590000000000000000e+03
4.588000000000000000e+03
4.561000000000000000e+03
4.569000000000000000e+03
4.665000000000000000e+03
4.621000000000000000e+03
4.624000000000000000e+03
4.586000000000000000e+03
4.679000000000000000e+03
4.670000000000000000e+03
4.639000000000000000e+03
4.572000000000000000e+03
4.620000000000000000e+03
4.682000000000000000e+03
4.664000000000000000e+03
4.674000000000000000e+03
4.713000000000000000e+03
4.776000000000000000e+03
4.713000000000000000e+03
4.785000000000000000e+03
4.724000000000000000e+03
4.674000000000000000e+03
4.636000000000000000e+03
4.679000000000000000e+03
4.771000000000000000e+03
4.685000000000000000e+03
4.688000000000000000e+03
4.617000000000000000e+03
4.683000000000000000e+03
4.654000000000000000e+03
4.667000000000000000e+03
4.684000000000000000e+03
4.755000000000000000e+03
4.755000000000000000e+03
4.677000000000000000e+03
4.627000000000000000e+03
4.652000000000000000e+03
4.674000000000000000e+03
4.678000000000000000e+03
4.695000000000000000e+03
4.683000000000000000e+03
4.716000000000000000e+03
4.764000000000000000e+03
4.653000000000000000e+03
4.642000000000000000e+03
4.715000000000000000e+03
4.628000000000000000e+03
4.685000000000000000e+03
4.579000000000000000e+03
4.652000000000000000e+03
4.675000000000000000e+03
4.648000000000000000e+03
4.718000000000000000e+03
4.663000000000000000e+03
4.693000000000000000e+03
4.654000000000000000e+03
4.628000000000000000e+03
4.609000000000000000e+03
4.698000000000000000e+03
4.634000000000000000e+03
4.721000000000000000e+03
4.585000000000000000e+03
4.619000000000000000e+03
4.532000000000000000e+03
4.589000000000000000e+03
4.615000000000000000e+03
4.563000000000000000e+03
4.598000000000000000e+03
4.533000000000000000e+03
4.550000000000000000e+03
4.534000000000000000e+03
4.598000000000000000e+03
4.560000000000000000e+03
4.570000000000000000e+03
4.525000000000000000e+03
4.548000000000000000e+03
4.501000000000000000e+03
4.528000000000000000e+03
4.552000000000000000e+03
4.487000000000000000e+03
4.493000000000000000e+03
4.539000000000000000e+03
4.569000000000000000e+03
4.552000000000000000e+03
4.578000000000000000e+03
4.515000000000000000e+03
4.498000000000000000e+03
4.442000000000000000e+03
4.456000000000000000e+03
4.564000000000000000e+03
4.466000000000000000e+03
4.432000000000000000e+03
4.473000000000000000e+03
4.492000000000000000e+03
4.401000000000000000e+03
4.388000000000000000e+03
4.433000000000000000e+03
4.426000000000000000e+03
4.317000000000000000e+03
4.311000000000000000e+03
4.345000000000000000e+03
4.371000000000000000e+03
4.404000000000000000e+03
4.294000000000000000e+03
4.303000000000000000e+03
4.274000000000000000e+03
4.282000000000000000e+03
4.285000000000000000e+03
4.229000000000000000e+03
4.231000000000000000e+03
4.213000000000000000e+03
4.292000000000000000e+03
4.242000000000000000e+03
4.250000000000000000e+03
4.275000000000000000e+03
4.255000000000000000e+03
4.237000000000000000e+03
4.185000000000000000e+03
4.116000000000000000e+03
4.207000000000000000e+03
4.182000000000000000e+03
4.186000000000000000e+03
4.166000000000000000e+03
4.212000000000000000e+03
4.174000000000000000e+03
4.204000000000000000e+03
4.212000000000000000e+03
4.181000000000000000e+03
4.085000000000000000e+03
4.152000000000000000e+03
4.136000000000000000e+03
4.136000000000000000e+03
4.042000000000000000e+03
4.110000000000000000e+03
4.088000000000000000e+03
4.104000000000000000e+03
4.117000000000000000e+03
3.997000000000000000e+03
3.977000000000000000e+03
4.093000000000000000e+03
4.049000000000000000e+03
4.079000000000000000e+03
4.023000000000000000e+03
4.010000000000000000e+03
3.995000000000000000e+03
4.018000000000000000e+03
4.007000000000000000e+03
4.006000000000000000e+03
4.037000000000000000e+03
3.966000000000000000e+03
4.009000000000000000e+03
3.958000000000000000e+03
4.040000000000000000e+03
3.943000000000000000e+03
4.065000000000000000e+03
4.011000000000000000e+03
3.916000000000000000e+03
4.044000000000000000e+03
3.982000000000000000e+03
3.927000000000000000e+03
3.911000000000000000e+03
3.920000000000000000e+03
3.929000000000000000e+03
3.961000000000000000e+03
3.962000000000000000e+03
4.495000000000000000e+03
3.941000000000000000e+03
3.934000000000000000e+03
3.882000000000000000e+03
3.877000000000000000e+03
3.979000000000000000e+03
3.870000000000000000e+03
3.856000000000000000e+03
3.877000000000000000e+03
3.903000000000000000e+03
3.838000000000000000e+03
3.900000000000000000e+03
3.872000000000000000e+03
3.866000000000000000e+03
3.866000000000000000e+03
3.864000000000000000e+03
3.809000000000000000e+03
3.825000000000000000e+03
3.781000000000000000e+03
3.853000000000000000e+03
3.761000000000000000e+03
3.842000000000000000e+03
3.811000000000000000e+03
3.899000000000000000e+03
3.771000000000000000e+03
3.835000000000000000e+03
3.805000000000000000e+03
3.814000000000000000e+03
3.774000000000000000e+03
3.779000000000000000e+03
3.738000000000000000e+03
3.779000000000000000e+03
3.740000000000000000e+03
3.712000000000000000e+03
3.759000000000000000e+03
3.741000000000000000e+03
3.707000000000000000e+03
3.748000000000000000e+03
3.776000000000000000e+03
3.730000000000000000e+03
3.743000000000000000e+03
3.682000000000000000e+03
3.848000000000000000e+03
3.705000000000000000e+03
3.720000000000000000e+03
3.646000000000000000e+03
3.636000000000000000e+03
3.676000000000000000e+03
3.702000000000000000e+03
3.668000000000000000e+03
3.608000000000000000e+03
3.588000000000000000e+03
3.661000000000000000e+03
3.629000000000000000e+03
3.584000000000000000e+03
3.556000000000000000e+03
3.577000000000000000e+03
3.599000000000000000e+03
3.583000000000000000e+03
3.557000000000000000e+03
3.613000000000000000e+03
3.591000000000000000e+03
3.650000000000000000e+03
3.574000000000000000e+03
3.430000000000000000e+03
3.562000000000000000e+03
3.519000000000000000e+03
3.533000000000000000e+03
3.564000000000000000e+03
3.576000000000000000e+03
3.472000000000000000e+03
3.455000000000000000e+03
3.411000000000000000e+03
3.521000000000000000e+03
3.512000000000000000e+03
3.452000000000000000e+03
3.398000000000000000e+03
3.478000000000000000e+03
3.450000000000000000e+03
3.505000000000000000e+03
3.389000000000000000e+03
3.456000000000000000e+03
3.409000000000000000e+03
3.465000000000000000e+03
3.410000000000000000e+03
3.395000000000000000e+03
3.417000000000000000e+03
3.419000000000000000e+03
3.374000000000000000e+03
3.312000000000000000e+03
3.354000000000000000e+03
3.386000000000000000e+03
3.366000000000000000e+03
3.341000000000000000e+03
3.317000000000000000e+03
3.329000000000000000e+03
3.321000000000000000e+03
3.557000000000000000e+03
3.287000000000000000e+03
3.298000000000000000e+03
3.290000000000000000e+03
3.258000000000000000e+03
3.227000000000000000e+03
3.315000000000000000e+03
3.336000000000000000e+03
3.221000000000000000e+03
3.240000000000000000e+03
3.202000000000000000e+03
3.151000000000000000e+03
3.149000000000000000e+03
3.154000000000000000e+03
3.161000000000000000e+03
3.189000000000000000e+03
3.155000000000000000e+03
3.086000000000000000e+03
3.028000000000000000e+03
3.114000000000000000e+03
3.115000000000000000e+03
3.086000000000000000e+03
3.012000000000000000e+03
3.073000000000000000e+03
3.084000000000000000e+03
3.010000000000000000e+03
2.985000000000000000e+03
3.021000000000000000e+03
2.971000000000000000e+03
3.044000000000000000e+03
3.021000000000000000e+03
2.979000000000000000e+03
2.983000000000000000e+03
2.979000000000000000e+03
2.936000000000000000e+03
2.962000000000000000e+03
2.919000000000000000e+03
2.934000000000000000e+03
3.083000000000000000e+03
2.829000000000000000e+03
2.824000000000000000e+03
2.799000000000000000e+03
2.836000000000000000e+03
2.779000000000000000e+03
2.866000000000000000e+03
2.868000000000000000e+03
2.814000000000000000e+03
2.781000000000000000e+03
2.738000000000000000e+03
2.753000000000000000e+03
2.792000000000000000e+03
2.772000000000000000e+03
2.675000000000000000e+03
2.748000000000000000e+03
2.763000000000000000e+03
2.749000000000000000e+03
2.704000000000000000e+03
2.723000000000000000e+03
2.717000000000000000e+03
2.679000000000000000e+03
2.674000000000000000e+03
2.661000000000000000e+03
2.690000000000000000e+03
2.678000000000000000e+03
2.655000000000000000e+03
2.649000000000000000e+03
2.614000000000000000e+03
2.628000000000000000e+03
2.605000000000000000e+03
2.635000000000000000e+03
2.607000000000000000e+03
2.608000000000000000e+03
2.605000000000000000e+03
2.558000000000000000e+03
2.590000000000000000e+03
2.534000000000000000e+03
2.565000000000000000e+03
2.550000000000000000e+03
2.577000000000000000e+03
2.469000000000000000e+03
2.528000000000000000e+03
2.562000000000000000e+03
2.545000000000000000e+03
2.522000000000000000e+03
2.526000000000000000e+03
2.488000000000000000e+03
2.476000000000000000e+03
2.447000000000000000e+03
2.465000000000000000e+03
