1.576000000000000000e+03
1.629000000000000000e+03
1.638000000000000000e+03
1.675000000000000000e+03
1.593000000000000000e+03
1.677000000000000000e+03
1.643000000000000000e+03
1.652000000000000000e+03
1.675000000000000000e+03
1.626000000000000000e+03
1.767000000000000000e+03
1.659000000000000000e+03
1.656000000000000000e+03
1.642000000000000000e+03
1.673000000000000000e+03
1.698000000000000000e+03
1.682000000000000000e+03
1.712000000000000000e+03
1.721000000000000000e+03
1.691000000000000000e+03
1.717000000000000000e+03
1.716000000000000000e+03
1.733000000000000000e+03
1.707000000000000000e+03
1.763000000000000000e+03
1.750000000000000000e+03
1.709000000000000000e+03
1.738000000000000000e+03
1.730000000000000000e+03
1.771000000000000000e+03
1.756000000000000000e+03
1.754000000000000000e+03
1.820000000000000000e+03
1.752000000000000000e+03
1.787000000000000000e+03
1.856000000000000000e+03
1.816000000000000000e+03
1.824000000000000000e+03
1.769000000000000000e+03
1.838000000000000000e+03
1.785000000000000000e+03
1.852000000000000000e+03
1.857000000000000000e+03
1.851000000000000000e+03
1.820000000000000000e+03
1.823000000000000000e+03
1.864000000000000000e+03
1.854000000000000000e+03
1.835000000000000000e+03
1.912000000000000000e+03
1.859000000000000000e+03
1.845000000000000000e+03
1.849000000000000000e+03
1.890000000000000000e+03
1.849000000000000000e+03
1.850000000000000000e+03
1.899000000000000000e+03
1.882000000000000000e+03
1.929000000000000000e+03
1.927000000000000000e+03
1.889000000000000000e+03
1.890000000000000000e+03
1.952000000000000000e+03
1.935000000000000000e+03
1.935000000000000000e+03
1.934000000000000000e+03
1.932000000000000000e+03
1.933000000000000000e+03
1.918000000000000000e+03
1.887000000000000000e+03
1.937000000000000000e+03
1.993000000000000000e+03
1.982000000000000000e+03
1.925000000000000000e+03
1.938000000000000000e+03
1.982000000000000000e+03
2.015000000000000000e+03
2.032000000000000000e+03
1.935000000000000000e+03
2.005000000000000000e+03
2.021000000000000000e+03
2.027000000000000000e+03
2.060000000000000000e+03
2.055000000000000000e+03
1.999000000000000000e+03
1.982000000000000000e+03
2.014000000000000000e+03
2.016000000000000000e+03
2.062000000000000000e+03
2.030000000000000000e+03
2.065000000000000000e+03
2.049000000000000000e+03
2.076000000000000000e+03
2.068000000000000000e+03
2.109000000000000000e+03
2.046000000000000000e+03
2.102000000000000000e+03
2.096000000000000000e+03
2.144000000000000000e+03
2.071000000000000000e+03
2.101000000000000000e+03
2.140000000000000000e+03
2.164000000000000000e+03
2.125000000000000000e+03
2.158000000000000000e+03
2.130000000000000000e+03
2.125000000000000000e+03
2.173000000000000000e+03
2.158000000000000000e+03
2.153000000000000000e+03
2.256000000000000000e+03
2.167000000000000000e+03
2.178000000000000000e+03
2.229000000000000000e+03
2.234000000000000000e+03
2.216000000000000000e+03
2.259000000000000000e+03
2.277000000000000000e+03
2.295000000000000000e+03
2.213000000000000000e+03
2.364000000000000000e+03
2.326000000000000000e+03
2.318000000000000000e+03
2.347000000000000000e+03
2.334000000000000000e+03
2.364000000000000000e+03
2.316000000000000000e+03
2.401000000000000000e+03
2.330000000000000000e+03
2.409000000000000000e+03
2.388000000000000000e+03
2.384000000000000000e+03
2.447000000000000000e+03
2.397000000000000000e+03
2.350000000000000000e+03
2.460000000000000000e+03
2.513000000000000000e+03
2.487000000000000000e+03
2.534000000000000000e+03
2.488000000000000000e+03
2.512000000000000000e+03
2.546000000000000000e+03
2.470000000000000000e+03
2.548000000000000000e+03
2.588000000000000000e+03
2.473000000000000000e+03
2.585000000000000000e+03
2.581000000000000000e+03
2.557000000000000000e+03
2.612000000000000000e+03
2.590000000000000000e+03
2.570000000000000000e+03
2.630000000000000000e+03
2.631000000000000000e+03
2.676000000000000000e+03
2.661000000000000000e+03
2.692000000000000000e+03
2.760000000000000000e+03
2.723000000000000000e+03
2.733000000000000000e+03
2.695000000000000000e+03
2.741000000000000000e+03
2.721000000000000000e+03
2.766000000000000000e+03
2.754000000000000000e+03
2.758000000000000000e+03
2.759000000000000000e+03
2.863000000000000000e+03
2.829000000000000000e+03
2.792000000000000000e+03
2.809000000000000000e+03
2.819000000000000000e+03
2.846000000000000000e+03
2.867000000000000000e+03
2.844000000000000000e+03
2.855000000000000000e+03
2.850000000000000000e+03
2.893000000000000000e+03
2.851000000000000000e+03
2.925000000000000000e+03
2.911000000000000000e+03
3.016000000000000000e+03
2.942000000000000000e+03
2.923000000000000000e+03
2.994000000000000000e+03
3.334000000000000000e+03
3.477000000000000000e+03
3.156000000000000000e+03
3.043000000000000000e+03
2.996000000000000000e+03
2.985000000000000000e+03
3.091000000000000000e+03
2.976000000000000000e+03
3.015000000000000000e+03
3.008000000000000000e+03
3.022000000000000000e+03
3.075000000000000000e+03
2.997000000000000000e+03
3.098000000000000000e+03
3.068000000000000000e+03
3.113000000000000000e+03
3.051000000000000000e+03
3.090000000000000000e+03
3.017000000000000000e+03
3.073000000000000000e+03
3.150000000000000000e+03
3.106000000000000000e+03
3.152000000000000000e+03
3.242000000000000000e+03
3.135000000000000000e+03
3.253000000000000000e+03
3.292000000000000000e+03
3.184000000000000000e+03
3.273000000000000000e+03
3.251000000000000000e+03
3.210000000000000000e+03
3.265000000000000000e+03
3.268000000000000000e+03
3.298000000000000000e+03
3.262000000000000000e+03
3.317000000000000000e+03
3.690000000000000000e+03
3.396000000000000000e+03
3.332000000000000000e+03
3.409000000000000000e+03
3.322000000000000000e+03
3.380000000000000000e+03
3.472000000000000000e+03
3.444000000000000000e+03
3.466000000000000000e+03
3.489000000000000000e+03
3.473000000000000000e+03
3.481000000000000000e+03
3.496000000000000000e+03
3.565000000000000000e+03
3.595000000000000000e+03
3.547000000000000000e+03
3.618000000000000000e+03
3.581000000000000000e+03
3.643000000000000000e+03
3.743000000000000000e+03
3.695000000000000000e+03
3.640000000000000000e+03
3.682000000000000000e+03
3.674000000000000000e+03
3.734000000000000000e+03
3.723000000000000000e+03
3.781000000000000000e+03
3.713000000000000000e+03
3.793000000000000000e+03
3.836000000000000000e+03
3.798000000000000000e+03
3.802000000000000000e+03
3.859000000000000000e+03
3.895000000000000000e+03
3.908000000000000000e+03
3.885000000000000000e+03
3.997000000000000000e+03
3.983000000000000000e+03
3.931000000000000000e+03
3.853000000000000000e+03
3.955000000000000000e+03
3.966000000000000000e+03
4.019000000000000000e+03
3.975000000000000000e+03
3.982000000000000000e+03
4.007000000000000000e+03
3.968000000000000000e+03
3.955000000000000000e+03
4.050000000000000000e+03
3.997000000000000000e+03
4.043000000000000000e+03
4.060000000000000000e+03
4.027000000000000000e+03
4.061000000000000000e+03
4.063000000000000000e+03
4.090000000000000000e+03
4.120000000000000000e+03
3.995000000000000000e+03
4.110000000000000000e+03
4.079000000000000000e+03
4.201000000000000000e+03
4.100000000000000000e+03
4.143000000000000000e+03
4.125000000000000000e+03
4.194000000000000000e+03
4.131000000000000000e+03
4.076000000000000000e+03
4.282000000000000000e+03
4.235000000000000000e+03
4.221000000000000000e+03
4.234000000000000000e+03
4.172000000000000000e+03
4.225000000000000000e+03
4.207000000000000000e+03
4.254000000000000000e+03
4.185000000000000000e+03
4.292000000000000000e+03
4.154000000000000000e+03
4.243000000000000000e+03
4.216000000000000000e+03
4.263000000000000000e+03
4.268000000000000000e+03
4.260000000000000000e+03
4.274000000000000000e+03
4.292000000000000000e+03
4.190000000000000000e+03
4.301000000000000000e+03
4.292000000000000000e+03
4.304000000000000000e+03
4.208000000000000000e+03
4.272000000000000000e+03
4.255000000000000000e+03
4.277000000000000000e+03
4.340000000000000000e+03
4.365000000000000000e+03
4.328000000000000000e+03
4.235000000000000000e+03
4.335000000000000000e+03
4.320000000000000000e+03
4.206000000000000000e+03
4.285000000000000000e+03
4.283000000000000000e+03
4.339000000000000000e+03
4.345000000000000000e+03
4.320000000000000000e+03
4.379000000000000000e+03
4.366000000000000000e+03
4.339000000000000000e+03
4.242000000000000000e+03
4.249000000000000000e+03
4.330000000000000000e+03
4.336000000000000000e+03
4.286000000000000000e+03
4.385000000000000000e+03
4.327000000000000000e+03
4.257000000000000000e+03
4.349000000000000000e+03
4.345000000000000000e+03
4.310000000000000000e+03
4.247000000000000000e+03
4.330000000000000000e+03
4.314000000000000000e+03
4.339000000000000000e+03
4.237000000000000000e+03
4.235000000000000000e+03
4.373000000000000000e+03
4.369000000000000000e+03
4.339000000000000000e+03
4.339000000000000000e+03
4.394000000000000000e+03
4.331000000000000000e+03
4.350000000000000000e+03
4.354000000000000000e+03
4.314000000000000000e+03
4.280000000000000000e+03
4.335000000000000000e+03
4.309000000000000000e+03
4.289000000000000000e+03
4.429000000000000000e+03
4.441000000000000000e+03
4.447000000000000000e+03
4.427000000000000000e+03
4.391000000000000000e+03
4.494000000000000000e+03
4.471000000000000000e+03
4.378000000000000000e+03
4.403000000000000000e+03
4.411000000000000000e+03
4.420000000000000000e+03
4.383000000000000000e+03
4.497000000000000000e+03
4.354000000000000000e+03
4.463000000000000000e+03
4.437000000000000000e+03
4.451000000000000000e+03
4.431000000000000000e+03
4.504000000000000000e+03
4.578000000000000000e+03
4.534000000000000000e+03
4.591000000000000000e+03
4.498000000000000000e+03
4.560000000000000000e+03
4.489000000000000000e+03
4.576000000000000000e+03
4.522000000000000000e+03
4.497000000000000000e+03
4.604000000000000000e+03
4.510000000000000000e+03
4.544000000000000000e+03
4.580000000000000000e+03
4.487000000000000000e+03
4.532000000000000000e+03
4.572000000000000000e+03
4.600000000000000000e+03
4.536000000000000000e+03
4.534000000000000000e+03
4.521000000000000000e+03
4.640000000000000000e+03
4.588000000000000000e+03
4.585000000000000000e+03
4.672000000000000000e+03
4.587000000000000000e+03
4.548000000000000000e+03
4.633000000000000000e+03
4.583000000000000000e+03
4.561000000000000000e+03
4.614000000000000000e+03
4.589000000000000000e+03
4.586000000000000000e+03
4.583000000000000000e+03
4.659000000000000000e+03
4.593000000000000000e+03
4.618000000000000000e+03
4.704000000000000000e+03
4.638000000000000000e+03
4.706000000000000000e+03
4.707000000000000000e+03
4.725000000000000000e+03
4.649000000000000000e+03
4.616000000000000000e+03
4.704000000000000000e+03
4.639000000000000000e+03
4.695000000000000000e+03
4.639000000000000000e+03
4.757000000000000000e+03
4.756000000000000000e+03
4.655000000000000000e+03
4.666000000000000000e+03
4.666000000000000000e+03
4.611000000000000000e+03
4.712000000000000000e+03
4.743000000000000000e+03
4.657000000000000000e+03
4.745000000000000000e+03
4.783000000000000000e+03
4.709000000000000000e+03
4.775000000000000000e+03
4.674000000000000000e+03
4.810000000000000000e+03
4.770000000000000000e+03
4.755000000000000000e+03
4.734000000000000000e+03
4.784000000000000000e+03
4.737000000000000000e+03
4.713000000000000000e+03
4.795000000000000000e+03
4.693000000000000000e+03
4.737000000000000000e+03
4.691000000000000000e+03
4.751000000000000000e+03
4.694000000000000000e+03
4.675000000000000000e+03
4.746000000000000000e+03
4.763000000000000000e+03
4.779000000000000000e+03
4.757000000000000000e+03
4.715000000000000000e+03
4.757000000000000000e+03
4.743000000000000000e+03
4.775000000000000000e+03
4.695000000000000000e+03
4.687000000000000000e+03
4.674000000000000000e+03
4.806000000000000000e+03
4.722000000000000000e+03
4.706000000000000000e+03
4.687000000000000000e+03
4.733000000000000000e+03
4.720000000000000000e+03
4.725000000000000000e+03
4.749000000000000000e+03
4.738000000000000000e+03
4.719000000000000000e+03
4.665000000000000000e+03
4.726000000000000000e+03
4.670000000000000000e+03
4.681000000000000000e+03
4.639000000000000000e+03
4.530000000000000000e+03
4.629000000000000000e+03
4.609000000000000000e+03
4.566000000000000000e+03
4.571000000000000000e+03
4.649000000000000000e+03
4.618000000000000000e+03
4.627000000000000000e+03
4.665000000000000000e+03
4.603000000000000000e+03
4.570000000000000000e+03
4.596000000000000000e+03
4.578000000000000000e+03
4.562000000000000000e+03
4.530000000000000000e+03
4.545000000000000000e+03
4.564000000000000000e+03
4.548000000000000000e+03
4.604000000000000000e+03
4.564000000000000000e+03
4.530000000000000000e+03
4.509000000000000000e+03
4.473000000000000000e+03
4.500000000000000000e+03
4.533000000000000000e+03
4.472000000000000000e+03
4.514000000000000000e+03
4.431000000000000000e+03
4.473000000000000000e+03
4.466000000000000000e+03
4.397000000000000000e+03
4.456000000000000000e+03
4.454000000000000000e+03
4.411000000000000000e+03
4.476000000000000000e+03
4.447000000000000000e+03
4.332000000000000000e+03
4.417000000000000000e+03
4.290000000000000000e+03
4.285000000000000000e+03
4.383000000000000000e+03
4.337000000000000000e+03
4.330000000000000000e+03
4.408000000000000000e+03
4.354000000000000000e+03
4.355000000000000000e+03
4.246000000000000000e+03
4.292000000000000000e+03
4.308000000000000000e+03
4.244000000000000000e+03
4.287000000000000000e+03
4.257000000000000000e+03
4.320000000000000000e+03
4.301000000000000000e+03
4.192000000000000000e+03
4.250000000000000000e+03
4.182000000000000000e+03
4.265000000000000000e+03
4.230000000000000000e+03
4.185000000000000000e+03
4.181000000000000000e+03
4.093000000000000000e+03
4.195000000000000000e+03
4.200000000000000000e+03
4.171000000000000000e+03
4.195000000000000000e+03
4.158000000000000000e+03
4.142000000000000000e+03
4.132000000000000000e+03
4.059000000000000000e+03
4.142000000000000000e+03
4.145000000000000000e+03
4.136000000000000000e+03
4.085000000000000000e+03
4.114000000000000000e+03
4.036000000000000000e+03
4.051000000000000000e+03
4.061000000000000000e+03
4.070000000000000000e+03
3.972000000000000000e+03
4.120000000000000000e+03
4.071000000000000000e+03
4.106000000000000000e+03
4.065000000000000000e+03
4.005000000000000000e+03
4.160000000000000000e+03
4.043000000000000000e+03
4.017000000000000000e+03
4.075000000000000000e+03
3.967000000000000000e+03
3.969000000000000000e+03
4.050000000000000000e+03
4.046000000000000000e+03
4.014000000000000000e+03
3.958000000000000000e+03
3.951000000000000000e+03
4.044000000000000000e+03
4.017000000000000000e+03
4.021000000000000000e+03
3.929000000000000000e+03
3.970000000000000000e+03
3.901000000000000000e+03
3.975000000000000000e+03
4.047000000000000000e+03
4.026000000000000000e+03
3.988000000000000000e+03
3.923000000000000000e+03
3.943000000000000000e+03
3.898000000000000000e+03
3.901000000000000000e+03
3.920000000000000000e+03
3.950000000000000000e+03
3.883000000000000000e+03
3.888000000000000000e+03
3.882000000000000000e+03
3.929000000000000000e+03
3.917000000000000000e+03
3.935000000000000000e+03
3.888000000000000000e+03
3.860000000000000000e+03
3.871000000000000000e+03
3.863000000000000000e+03
3.866000000000000000e+03
3.821000000000000000e+03
3.837000000000000000e+03
3.895000000000000000e+03
3.751000000000000000e+03
3.793000000000000000e+03
3.791000000000000000e+03
3.874000000000000000e+03
3.886000000000000000e+03
3.763000000000000000e+03
3.770000000000000000e+03
3.679000000000000000e+03
3.805000000000000000e+03
3.769000000000000000e+03
3.798000000000000000e+03
3.693000000000000000e+03
3.682000000000000000e+03
3.807000000000000000e+03
3.747000000000000000e+03
3.744000000000000000e+03
3.799000000000000000e+03
3.728000000000000000e+03
3.759000000000000000e+03
3.687000000000000000e+03
3.728000000000000000e+03
3.746000000000000000e+03
3.661000000000000000e+03
3.670000000000000000e+03
3.694000000000000000e+03
3.669000000000000000e+03
3.672000000000000000e+03
3.654000000000000000e+03
3.676000000000000000e+03
3.645000000000000000e+03
3.662000000000000000e+03
3.625000000000000000e+03
3.565000000000000000e+03
3.648000000000000000e+03
3.711000000000000000e+03
3.608000000000000000e+03
3.610000000000000000e+03
3.546000000000000000e+03
3.628000000000000000e+03
3.650000000000000000e+03
3.573000000000000000e+03
3.564000000000000000e+03
3.541000000000000000e+03
3.481000000000000000e+03
3.504000000000000000e+03
3.498000000000000000e+03
3.460000000000000000e+03
3.502000000000000000e+03
3.467000000000000000e+03
3.497000000000000000e+03
3.484000000000000000e+03
3.496000000000000000e+03
3.508000000000000000e+03
3.515000000000000000e+03
3.490000000000000000e+03
3.449000000000000000e+03
3.517000000000000000e+03
3.616000000000000000e+03
3.418000000000000000e+03
3.493000000000000000e+03
3.391000000000000000e+03
3.339000000000000000e+03
3.428000000000000000e+03
3.420000000000000000e+03
3.358000000000000000e+03
3.378000000000000000e+03
3.427000000000000000e+03
3.344000000000000000e+03
3.388000000000000000e+03
3.396000000000000000e+03
3.329000000000000000e+03
3.351000000000000000e+03
3.381000000000000000e+03
3.305000000000000000e+03
3.237000000000000000e+03
3.242000000000000000e+03
3.282000000000000000e+03
3.278000000000000000e+03
3.210000000000000000e+03
3.231000000000000000e+03
3.260000000000000000e+03
3.196000000000000000e+03
3.220000000000000000e+03
3.261000000000000000e+03
3.142000000000000000e+03
3.200000000000000000e+03
3.129000000000000000e+03
3.165000000000000000e+03
3.107000000000000000e+03
3.140000000000000000e+03
3.140000000000000000e+03
3.115000000000000000e+03
3.063000000000000000e+03
3.131000000000000000e+03
3.088000000000000000e+03
3.153000000000000000e+03
3.007000000000000000e+03
3.026000000000000000e+03
3.127000000000000000e+03
3.029000000000000000e+03
2.947000000000000000e+03
3.034000000000000000e+03
3.012000000000000000e+03
2.986000000000000000e+03
2.982000000000000000e+03
3.007000000000000000e+03
2.965000000000000000e+03
2.941000000000000000e+03
2.889000000000000000e+03
2.936000000000000000e+03
2.930000000000000000e+03
2.963000000000000000e+03
2.934000000000000000e+03
2.934000000000000000e+03
2.852000000000000000e+03
2.845000000000000000e+03
2.882000000000000000e+03
2.764000000000000000e+03
2.817000000000000000e+03
2.817000000000000000e+03
2.834000000000000000e+03
2.833000000000000000e+03
2.812000000000000000e+03
2.766000000000000000e+03
2.767000000000000000e+03
2.788000000000000000e+03
2.791000000000000000e+03
2.780000000000000000e+03
2.709000000000000000e+03
2.770000000000000000e+03
2.736000000000000000e+03
2.659000000000000000e+03
2.660000000000000000e+03
2.690000000000000000e+03
2.624000000000000000e+03
2.653000000000000000e+03
2.678000000000000000e+03
2.701000000000000000e+03
2.664000000000000000e+03
2.677000000000000000e+03
2.599000000000000000e+03
2.625000000000000000e+03
2.590000000000000000e+03
2.593000000000000000e+03
2.591000000000000000e+03
2.567000000000000000e+03
2.631000000000000000e+03
2.588000000000000000e+03
2.542000000000000000e+03
2.555000000000000000e+03
2.595000000000000000e+03
2.562000000000000000e+03
2.636000000000000000e+03
2.533000000000000000e+03
2.511000000000000000e+03
2.539000000000000000e+03
2.537000000000000000e+03
2.628000000000000000e+03
2.506000000000000000e+03
2.534000000000000000e+03
