1.616000000000000000e+03
1.640000000000000000e+03
1.713000000000000000e+03
1.700000000000000000e+03
1.614000000000000000e+03
1.685000000000000000e+03
1.729000000000000000e+03
1.718000000000000000e+03
1.720000000000000000e+03
1.761000000000000000e+03
1.718000000000000000e+03
1.774000000000000000e+03
1.692000000000000000e+03
1.721000000000000000e+03
1.778000000000000000e+03
1.809000000000000000e+03
1.764000000000000000e+03
1.752000000000000000e+03
1.755000000000000000e+03
1.777000000000000000e+03
1.791000000000000000e+03
1.804000000000000000e+03
1.784000000000000000e+03
1.770000000000000000e+03
1.938000000000000000e+03
1.799000000000000000e+03
1.757000000000000000e+03
1.944000000000000000e+03
1.808000000000000000e+03
1.804000000000000000e+03
1.818000000000000000e+03
1.822000000000000000e+03
1.801000000000000000e+03
1.853000000000000000e+03
1.864000000000000000e+03
1.836000000000000000e+03
1.876000000000000000e+03
1.843000000000000000e+03
1.882000000000000000e+03
1.821000000000000000e+03
1.865000000000000000e+03
1.829000000000000000e+03
1.878000000000000000e+03
1.917000000000000000e+03
1.899000000000000000e+03
1.946000000000000000e+03
1.902000000000000000e+03
1.976000000000000000e+03
1.931000000000000000e+03
1.939000000000000000e+03
1.976000000000000000e+03
1.917000000000000000e+03
1.952000000000000000e+03
1.927000000000000000e+03
1.926000000000000000e+03
1.981000000000000000e+03
1.974000000000000000e+03
1.960000000000000000e+03
2.003000000000000000e+03
1.997000000000000000e+03
1.979000000000000000e+03
1.980000000000000000e+03
2.025000000000000000e+03
1.942000000000000000e+03
1.998000000000000000e+03
2.035000000000000000e+03
2.012000000000000000e+03
2.019000000000000000e+03
2.029000000000000000e+03
2.012000000000000000e+03
1.966000000000000000e+03
2.004000000000000000e+03
2.059000000000000000e+03
2.094000000000000000e+03
2.080000000000000000e+03
2.012000000000000000e+03
2.096000000000000000e+03
2.035000000000000000e+03
2.052000000000000000e+03
2.073000000000000000e+03
2.037000000000000000e+03
2.129000000000000000e+03
2.066000000000000000e+03
2.105000000000000000e+03
2.079000000000000000e+03
2.070000000000000000e+03
2.082000000000000000e+03
2.117000000000000000e+03
2.087000000000000000e+03
2.111000000000000000e+03
2.125000000000000000e+03
2.140000000000000000e+03
2.107000000000000000e+03
2.151000000000000000e+03
2.123000000000000000e+03
2.122000000000000000e+03
2.136000000000000000e+03
2.191000000000000000e+03
2.191000000000000000e+03
2.223000000000000000e+03
2.208000000000000000e+03
2.240000000000000000e+03
2.847000000000000000e+03
2.243000000000000000e+03
2.254000000000000000e+03
2.185000000000000000e+03
2.253000000000000000e+03
2.219000000000000000e+03
2.243000000000000000e+03
2.245000000000000000e+03
2.254000000000000000e+03
2.274000000000000000e+03
2.263000000000000000e+03
2.362000000000000000e+03
2.362000000000000000e+03
2.253000000000000000e+03
2.325000000000000000e+03
2.390000000000000000e+03
2.357000000000000000e+03
2.333000000000000000e+03
2.419000000000000000e+03
2.346000000000000000e+03
2.425000000000000000e+03
2.439000000000000000e+03
2.442000000000000000e+03
2.462000000000000000e+03
2.464000000000000000e+03
2.410000000000000000e+03
2.510000000000000000e+03
2.485000000000000000e+03
2.484000000000000000e+03
2.460000000000000000e+03
2.493000000000000000e+03
2.524000000000000000e+03
2.518000000000000000e+03
2.508000000000000000e+03
2.505000000000000000e+03
2.534000000000000000e+03
2.601000000000000000e+03
2.564000000000000000e+03
2.564000000000000000e+03
2.647000000000000000e+03
2.653000000000000000e+03
2.598000000000000000e+03
2.693000000000000000e+03
2.677000000000000000e+03
2.643000000000000000e+03
2.727000000000000000e+03
2.721000000000000000e+03
2.746000000000000000e+03
2.686000000000000000e+03
2.770000000000000000e+03
2.747000000000000000e+03
2.747000000000000000e+03
2.800000000000000000e+03
2.752000000000000000e+03
2.796000000000000000e+03
2.750000000000000000e+03
2.799000000000000000e+03
2.813000000000000000e+03
2.909000000000000000e+03
2.813000000000000000e+03
2.904000000000000000e+03
2.907000000000000000e+03
2.898000000000000000e+03
2.915000000000000000e+03
2.899000000000000000e+03
2.928000000000000000e+03
2.870000000000000000e+03
2.913000000000000000e+03
2.934000000000000000e+03
2.970000000000000000e+03
2.909000000000000000e+03
2.932000000000000000e+03
2.939000000000000000e+03
2.924000000000000000e+03
2.985000000000000000e+03
2.991000000000000000e+03
3.040000000000000000e+03
3.050000000000000000e+03
2.988000000000000000e+03
3.043000000000000000e+03
3.027000000000000000e+03
3.108000000000000000e+03
3.345000000000000000e+03
3.565000000000000000e+03
3.290000000000000000e+03
3.002000000000000000e+03
3.037000000000000000e+03
3.019000000000000000e+03
3.110000000000000000e+03
3.081000000000000000e+03
3.128000000000000000e+03
3.123000000000000000e+03
3.143000000000000000e+03
3.105000000000000000e+03
3.118000000000000000e+03
3.097000000000000000e+03
3.130000000000000000e+03
3.150000000000000000e+03
3.210000000000000000e+03
3.220000000000000000e+03
3.206000000000000000e+03
3.221000000000000000e+03
3.257000000000000000e+03
3.197000000000000000e+03
3.217000000000000000e+03
3.165000000000000000e+03
3.294000000000000000e+03
3.311000000000000000e+03
3.303000000000000000e+03
3.355000000000000000e+03
3.346000000000000000e+03
3.337000000000000000e+03
3.331000000000000000e+03
3.379000000000000000e+03
3.407000000000000000e+03
3.440000000000000000e+03
3.467000000000000000e+03
3.443000000000000000e+03
3.450000000000000000e+03
3.466000000000000000e+03
3.441000000000000000e+03
3.547000000000000000e+03
3.491000000000000000e+03
3.528000000000000000e+03
3.516000000000000000e+03
3.510000000000000000e+03
3.582000000000000000e+03
3.618000000000000000e+03
3.672000000000000000e+03
3.684000000000000000e+03
3.568000000000000000e+03
3.645000000000000000e+03
3.696000000000000000e+03
3.732000000000000000e+03
3.761000000000000000e+03
3.713000000000000000e+03
3.722000000000000000e+03
3.801000000000000000e+03
3.753000000000000000e+03
3.830000000000000000e+03
3.802000000000000000e+03
3.833000000000000000e+03
3.902000000000000000e+03
3.839000000000000000e+03
3.848000000000000000e+03
3.920000000000000000e+03
3.923000000000000000e+03
3.872000000000000000e+03
3.851000000000000000e+03
3.944000000000000000e+03
3.889000000000000000e+03
4.070000000000000000e+03
3.973000000000000000e+03
3.946000000000000000e+03
4.033000000000000000e+03
4.102000000000000000e+03
3.988000000000000000e+03
4.018000000000000000e+03
3.997000000000000000e+03
4.082000000000000000e+03
4.212000000000000000e+03
4.072000000000000000e+03
4.144000000000000000e+03
4.066000000000000000e+03
4.153000000000000000e+03
4.121000000000000000e+03
4.176000000000000000e+03
4.124000000000000000e+03
4.165000000000000000e+03
4.083000000000000000e+03
4.151000000000000000e+03
4.205000000000000000e+03
4.124000000000000000e+03
4.211000000000000000e+03
4.138000000000000000e+03
4.246000000000000000e+03
4.190000000000000000e+03
4.176000000000000000e+03
4.251000000000000000e+03
4.152000000000000000e+03
4.133000000000000000e+03
4.248000000000000000e+03
4.301000000000000000e+03
4.219000000000000000e+03
4.281000000000000000e+03
4.194000000000000000e+03
4.292000000000000000e+03
4.286000000000000000e+03
4.307000000000000000e+03
4.262000000000000000e+03
4.208000000000000000e+03
4.300000000000000000e+03
4.301000000000000000e+03
4.294000000000000000e+03
4.336000000000000000e+03
4.337000000000000000e+03
4.368000000000000000e+03
4.355000000000000000e+03
4.453000000000000000e+03
4.361000000000000000e+03
4.338000000000000000e+03
4.352000000000000000e+03
4.358000000000000000e+03
4.326000000000000000e+03
4.327000000000000000e+03
4.464000000000000000e+03
4.417000000000000000e+03
4.341000000000000000e+03
4.420000000000000000e+03
4.431000000000000000e+03
4.424000000000000000e+03
4.391000000000000000e+03
4.426000000000000000e+03
4.664000000000000000e+03
4.406000000000000000e+03
4.389000000000000000e+03
4.439000000000000000e+03
4.452000000000000000e+03
4.436000000000000000e+03
4.392000000000000000e+03
4.394000000000000000e+03
4.427000000000000000e+03
4.436000000000000000e+03
4.396000000000000000e+03
4.389000000000000000e+03
4.469000000000000000e+03
4.451000000000000000e+03
4.440000000000000000e+03
4.424000000000000000e+03
4.547000000000000000e+03
4.479000000000000000e+03
4.582000000000000000e+03
4.425000000000000000e+03
4.508000000000000000e+03
4.378000000000000000e+03
4.466000000000000000e+03
4.448000000000000000e+03
4.415000000000000000e+03
4.449000000000000000e+03
4.349000000000000000e+03
4.469000000000000000e+03
4.597000000000000000e+03
4.498000000000000000e+03
4.414000000000000000e+03
4.350000000000000000e+03
4.455000000000000000e+03
4.450000000000000000e+03
4.513000000000000000e+03
4.420000000000000000e+03
4.496000000000000000e+03
4.547000000000000000e+03
4.460000000000000000e+03
4.467000000000000000e+03
4.496000000000000000e+03
4.556000000000000000e+03
4.447000000000000000e+03
4.537000000000000000e+03
4.526000000000000000e+03
4.540000000000000000e+03
4.428000000000000000e+03
4.511000000000000000e+03
4.595000000000000000e+03
4.520000000000000000e+03
4.597000000000000000e+03
4.469000000000000000e+03
4.474000000000000000e+03
4.523000000000000000e+03
4.560000000000000000e+03
4.631000000000000000e+03
4.518000000000000000e+03
4.616000000000000000e+03
4.666000000000000000e+03
4.552000000000000000e+03
4.635000000000000000e+03
4.625000000000000000e+03
4.620000000000000000e+03
4.656000000000000000e+03
4.565000000000000000e+03
4.659000000000000000e+03
4.679000000000000000e+03
4.661000000000000000e+03
4.729000000000000000e+03
4.690000000000000000e+03
4.610000000000000000e+03
4.666000000000000000e+03
4.682000000000000000e+03
4.762000000000000000e+03
4.737000000000000000e+03
4.772000000000000000e+03
4.676000000000000000e+03
4.732000000000000000e+03
4.664000000000000000e+03
4.759000000000000000e+03
4.664000000000000000e+03
4.649000000000000000e+03
4.648000000000000000e+03
4.725000000000000000e+03
4.722000000000000000e+03
4.724000000000000000e+03
4.723000000000000000e+03
4.701000000000000000e+03
4.767000000000000000e+03
4.681000000000000000e+03
4.633000000000000000e+03
4.699000000000000000e+03
4.675000000000000000e+03
4.667000000000000000e+03
4.714000000000000000e+03
4.746000000000000000e+03
4.742000000000000000e+03
4.763000000000000000e+03
4.807000000000000000e+03
4.728000000000000000e+03
4.704000000000000000e+03
4.716000000000000000e+03
4.863000000000000000e+03
4.815000000000000000e+03
4.856000000000000000e+03
4.816000000000000000e+03
4.773000000000000000e+03
4.787000000000000000e+03
4.830000000000000000e+03
4.856000000000000000e+03
4.908000000000000000e+03
4.818000000000000000e+03
4.842000000000000000e+03
4.872000000000000000e+03
4.832000000000000000e+03
4.792000000000000000e+03
4.868000000000000000e+03
4.836000000000000000e+03
4.888000000000000000e+03
4.841000000000000000e+03
4.801000000000000000e+03
4.757000000000000000e+03
4.813000000000000000e+03
4.853000000000000000e+03
4.834000000000000000e+03
4.906000000000000000e+03
4.838000000000000000e+03
4.850000000000000000e+03
4.882000000000000000e+03
4.901000000000000000e+03
4.853000000000000000e+03
4.904000000000000000e+03
4.865000000000000000e+03
4.912000000000000000e+03
4.823000000000000000e+03
4.778000000000000000e+03
4.889000000000000000e+03
4.818000000000000000e+03
4.865000000000000000e+03
4.898000000000000000e+03
4.937000000000000000e+03
4.778000000000000000e+03
4.853000000000000000e+03
4.854000000000000000e+03
4.876000000000000000e+03
4.883000000000000000e+03
4.880000000000000000e+03
4.826000000000000000e+03
4.773000000000000000e+03
4.797000000000000000e+03
4.755000000000000000e+03
4.848000000000000000e+03
4.820000000000000000e+03
4.782000000000000000e+03
4.782000000000000000e+03
4.702000000000000000e+03
4.749000000000000000e+03
4.808000000000000000e+03
4.765000000000000000e+03
4.829000000000000000e+03
4.749000000000000000e+03
4.791000000000000000e+03
4.768000000000000000e+03
4.715000000000000000e+03
4.750000000000000000e+03
4.830000000000000000e+03
4.854000000000000000e+03
4.700000000000000000e+03
4.719000000000000000e+03
4.753000000000000000e+03
4.652000000000000000e+03
4.796000000000000000e+03
4.640000000000000000e+03
4.658000000000000000e+03
4.610000000000000000e+03
4.680000000000000000e+03
4.681000000000000000e+03
4.657000000000000000e+03
4.609000000000000000e+03
4.680000000000000000e+03
4.648000000000000000e+03
4.599000000000000000e+03
4.663000000000000000e+03
4.618000000000000000e+03
4.633000000000000000e+03
4.721000000000000000e+03
4.654000000000000000e+03
4.606000000000000000e+03
4.597000000000000000e+03
4.651000000000000000e+03
4.607000000000000000e+03
4.552000000000000000e+03
4.624000000000000000e+03
4.555000000000000000e+03
4.534000000000000000e+03
4.547000000000000000e+03
4.552000000000000000e+03
4.493000000000000000e+03
4.578000000000000000e+03
4.529000000000000000e+03
4.490000000000000000e+03
4.464000000000000000e+03
4.499000000000000000e+03
4.432000000000000000e+03
4.455000000000000000e+03
4.380000000000000000e+03
4.452000000000000000e+03
4.475000000000000000e+03
4.445000000000000000e+03
4.454000000000000000e+03
4.349000000000000000e+03
4.396000000000000000e+03
4.355000000000000000e+03
4.367000000000000000e+03
4.420000000000000000e+03
4.395000000000000000e+03
4.328000000000000000e+03
4.363000000000000000e+03
4.239000000000000000e+03
4.385000000000000000e+03
4.355000000000000000e+03
4.436000000000000000e+03
4.383000000000000000e+03
4.334000000000000000e+03
4.294000000000000000e+03
4.278000000000000000e+03
4.249000000000000000e+03
4.410000000000000000e+03
4.253000000000000000e+03
4.257000000000000000e+03
4.281000000000000000e+03
4.262000000000000000e+03
4.289000000000000000e+03
4.263000000000000000e+03
4.223000000000000000e+03
4.187000000000000000e+03
4.164000000000000000e+03
4.163000000000000000e+03
4.183000000000000000e+03
4.295000000000000000e+03
4.191000000000000000e+03
4.248000000000000000e+03
4.127000000000000000e+03
4.187000000000000000e+03
4.198000000000000000e+03
4.139000000000000000e+03
4.148000000000000000e+03
4.178000000000000000e+03
4.154000000000000000e+03
4.077000000000000000e+03
4.159000000000000000e+03
4.104000000000000000e+03
4.132000000000000000e+03
4.137000000000000000e+03
4.078000000000000000e+03
4.142000000000000000e+03
4.076000000000000000e+03
4.048000000000000000e+03
4.150000000000000000e+03
4.060000000000000000e+03
4.052000000000000000e+03
4.129000000000000000e+03
4.104000000000000000e+03
4.072000000000000000e+03
4.033000000000000000e+03
4.004000000000000000e+03
4.083000000000000000e+03
4.101000000000000000e+03
3.968000000000000000e+03
4.058000000000000000e+03
4.049000000000000000e+03
3.983000000000000000e+03
4.107000000000000000e+03
4.028000000000000000e+03
4.037000000000000000e+03
4.043000000000000000e+03
3.951000000000000000e+03
4.074000000000000000e+03
3.965000000000000000e+03
4.074000000000000000e+03
3.991000000000000000e+03
3.962000000000000000e+03
3.969000000000000000e+03
3.978000000000000000e+03
3.869000000000000000e+03
3.942000000000000000e+03
4.040000000000000000e+03
3.922000000000000000e+03
3.957000000000000000e+03
3.994000000000000000e+03
3.969000000000000000e+03
3.905000000000000000e+03
3.972000000000000000e+03
3.830000000000000000e+03
3.892000000000000000e+03
3.910000000000000000e+03
3.822000000000000000e+03
3.892000000000000000e+03
3.865000000000000000e+03
3.836000000000000000e+03
3.868000000000000000e+03
3.829000000000000000e+03
3.765000000000000000e+03
3.866000000000000000e+03
3.828000000000000000e+03
3.753000000000000000e+03
3.895000000000000000e+03
3.814000000000000000e+03
3.776000000000000000e+03
3.765000000000000000e+03
3.771000000000000000e+03
3.815000000000000000e+03
3.836000000000000000e+03
3.733000000000000000e+03
3.782000000000000000e+03
3.782000000000000000e+03
3.739000000000000000e+03
3.757000000000000000e+03
3.815000000000000000e+03
3.764000000000000000e+03
3.788000000000000000e+03
3.690000000000000000e+03
3.735000000000000000e+03
3.638000000000000000e+03
3.749000000000000000e+03
3.628000000000000000e+03
3.708000000000000000e+03
3.707000000000000000e+03
3.685000000000000000e+03
3.751000000000000000e+03
3.745000000000000000e+03
3.637000000000000000e+03
3.682000000000000000e+03
3.722000000000000000e+03
3.587000000000000000e+03
3.590000000000000000e+03
3.642000000000000000e+03
3.640000000000000000e+03
3.636000000000000000e+03
3.619000000000000000e+03
3.581000000000000000e+03
3.572000000000000000e+03
3.549000000000000000e+03
3.545000000000000000e+03
3.535000000000000000e+03
3.558000000000000000e+03
3.520000000000000000e+03
3.539000000000000000e+03
3.483000000000000000e+03
3.582000000000000000e+03
3.456000000000000000e+03
3.492000000000000000e+03
3.518000000000000000e+03
3.474000000000000000e+03
3.428000000000000000e+03
3.484000000000000000e+03
3.468000000000000000e+03
3.445000000000000000e+03
3.397000000000000000e+03
3.476000000000000000e+03
3.388000000000000000e+03
3.448000000000000000e+03
3.411000000000000000e+03
3.511000000000000000e+03
3.364000000000000000e+03
3.385000000000000000e+03
3.396000000000000000e+03
3.346000000000000000e+03
3.291000000000000000e+03
3.280000000000000000e+03
3.255000000000000000e+03
3.340000000000000000e+03
3.264000000000000000e+03
3.291000000000000000e+03
3.325000000000000000e+03
3.243000000000000000e+03
3.264000000000000000e+03
3.232000000000000000e+03
3.230000000000000000e+03
3.267000000000000000e+03
3.263000000000000000e+03
3.261000000000000000e+03
3.177000000000000000e+03
3.201000000000000000e+03
3.138000000000000000e+03
3.162000000000000000e+03
3.150000000000000000e+03
3.142000000000000000e+03
3.162000000000000000e+03
3.141000000000000000e+03
3.036000000000000000e+03
3.081000000000000000e+03
3.156000000000000000e+03
3.060000000000000000e+03
3.050000000000000000e+03
3.032000000000000000e+03
3.015000000000000000e+03
2.989000000000000000e+03
3.036000000000000000e+03
3.045000000000000000e+03
2.929000000000000000e+03
2.927000000000000000e+03
3.014000000000000000e+03
2.940000000000000000e+03
2.939000000000000000e+03
2.966000000000000000e+03
2.894000000000000000e+03
2.953000000000000000e+03
2.952000000000000000e+03
2.891000000000000000e+03
2.916000000000000000e+03
2.885000000000000000e+03
2.822000000000000000e+03
2.817000000000000000e+03
2.747000000000000000e+03
2.813000000000000000e+03
2.839000000000000000e+03
2.892000000000000000e+03
2.798000000000000000e+03
2.794000000000000000e+03
2.763000000000000000e+03
2.802000000000000000e+03
2.776000000000000000e+03
2.808000000000000000e+03
2.756000000000000000e+03
2.778000000000000000e+03
2.760000000000000000e+03
2.689000000000000000e+03
2.745000000000000000e+03
2.672000000000000000e+03
2.716000000000000000e+03
2.720000000000000000e+03
2.674000000000000000e+03
2.739000000000000000e+03
2.620000000000000000e+03
2.625000000000000000e+03
2.637000000000000000e+03
2.637000000000000000e+03
2.651000000000000000e+03
2.621000000000000000e+03
2.655000000000000000e+03
2.587000000000000000e+03
2.650000000000000000e+03
2.658000000000000000e+03
2.582000000000000000e+03
2.602000000000000000e+03
2.643000000000000000e+03
2.593000000000000000e+03
2.661000000000000000e+03
2.528000000000000000e+03
