1.717000000000000000e+03
1.669000000000000000e+03
1.667000000000000000e+03
1.719000000000000000e+03
1.748000000000000000e+03
1.719000000000000000e+03
1.639000000000000000e+03
1.711000000000000000e+03
1.706000000000000000e+03
1.788000000000000000e+03
1.731000000000000000e+03
1.754000000000000000e+03
1.734000000000000000e+03
1.756000000000000000e+03
1.757000000000000000e+03
1.806000000000000000e+03
1.808000000000000000e+03
1.852000000000000000e+03
1.800000000000000000e+03
1.775000000000000000e+03
1.765000000000000000e+03
1.817000000000000000e+03
1.821000000000000000e+03
1.829000000000000000e+03
1.858000000000000000e+03
1.851000000000000000e+03
1.867000000000000000e+03
1.850000000000000000e+03
1.907000000000000000e+03
1.864000000000000000e+03
1.878000000000000000e+03
1.831000000000000000e+03
1.880000000000000000e+03
1.987000000000000000e+03
1.856000000000000000e+03
1.844000000000000000e+03
1.858000000000000000e+03
1.933000000000000000e+03
1.879000000000000000e+03
1.908000000000000000e+03
1.900000000000000000e+03
1.896000000000000000e+03
1.903000000000000000e+03
1.911000000000000000e+03
1.976000000000000000e+03
1.901000000000000000e+03
1.965000000000000000e+03
1.934000000000000000e+03
1.979000000000000000e+03
1.932000000000000000e+03
1.954000000000000000e+03
1.995000000000000000e+03
2.013000000000000000e+03
1.930000000000000000e+03
2.000000000000000000e+03
2.028000000000000000e+03
2.034000000000000000e+03
1.943000000000000000e+03
2.048000000000000000e+03
2.025000000000000000e+03
2.024000000000000000e+03
2.021000000000000000e+03
2.035000000000000000e+03
2.068000000000000000e+03
2.006000000000000000e+03
2.028000000000000000e+03
2.119000000000000000e+03
2.066000000000000000e+03
2.076000000000000000e+03
2.032000000000000000e+03
2.440000000000000000e+03
2.082000000000000000e+03
2.117000000000000000e+03
2.020000000000000000e+03
2.065000000000000000e+03
2.096000000000000000e+03
2.140000000000000000e+03
2.107000000000000000e+03
2.177000000000000000e+03
2.123000000000000000e+03
2.116000000000000000e+03
2.096000000000000000e+03
2.039000000000000000e+03
2.151000000000000000e+03
2.162000000000000000e+03
2.140000000000000000e+03
2.137000000000000000e+03
2.102000000000000000e+03
2.143000000000000000e+03
2.128000000000000000e+03
2.217000000000000000e+03
2.115000000000000000e+03
2.209000000000000000e+03
2.170000000000000000e+03
2.236000000000000000e+03
2.186000000000000000e+03
2.231000000000000000e+03
2.278000000000000000e+03
2.229000000000000000e+03
2.277000000000000000e+03
2.265000000000000000e+03
2.218000000000000000e+03
2.269000000000000000e+03
2.295000000000000000e+03
2.282000000000000000e+03
2.290000000000000000e+03
2.244000000000000000e+03
2.322000000000000000e+03
2.326000000000000000e+03
2.413000000000000000e+03
2.309000000000000000e+03
2.372000000000000000e+03
2.376000000000000000e+03
2.441000000000000000e+03
2.379000000000000000e+03
2.430000000000000000e+03
2.413000000000000000e+03
2.381000000000000000e+03
2.459000000000000000e+03
2.418000000000000000e+03
2.436000000000000000e+03
2.475000000000000000e+03
2.471000000000000000e+03
2.462000000000000000e+03
2.469000000000000000e+03
2.505000000000000000e+03
2.535000000000000000e+03
2.563000000000000000e+03
2.549000000000000000e+03
2.554000000000000000e+03
2.562000000000000000e+03
2.594000000000000000e+03
2.643000000000000000e+03
2.607000000000000000e+03
2.600000000000000000e+03
2.657000000000000000e+03
2.636000000000000000e+03
2.671000000000000000e+03
2.695000000000000000e+03
2.640000000000000000e+03
2.650000000000000000e+03
2.677000000000000000e+03
2.698000000000000000e+03
2.670000000000000000e+03
2.720000000000000000e+03
2.717000000000000000e+03
2.738000000000000000e+03
2.788000000000000000e+03
2.796000000000000000e+03
2.784000000000000000e+03
2.826000000000000000e+03
2.828000000000000000e+03
2.832000000000000000e+03
2.824000000000000000e+03
2.801000000000000000e+03
2.821000000000000000e+03
2.885000000000000000e+03
2.845000000000000000e+03
2.897000000000000000e+03
2.866000000000000000e+03
2.899000000000000000e+03
2.870000000000000000e+03
2.926000000000000000e+03
2.955000000000000000e+03
2.933000000000000000e+03
2.983000000000000000e+03
2.965000000000000000e+03
2.988000000000000000e+03
2.926000000000000000e+03
2.986000000000000000e+03
3.014000000000000000e+03
2.987000000000000000e+03
3.005000000000000000e+03
3.045000000000000000e+03
3.060000000000000000e+03
3.076000000000000000e+03
3.014000000000000000e+03
3.015000000000000000e+03
3.019000000000000000e+03
3.116000000000000000e+03
3.081000000000000000e+03
3.141000000000000000e+03
3.174000000000000000e+03
3.239000000000000000e+03
3.616000000000000000e+03
3.526000000000000000e+03
3.202000000000000000e+03
3.153000000000000000e+03
3.190000000000000000e+03
3.208000000000000000e+03
3.121000000000000000e+03
3.164000000000000000e+03
3.251000000000000000e+03
3.136000000000000000e+03
3.173000000000000000e+03
3.210000000000000000e+03
3.256000000000000000e+03
3.231000000000000000e+03
3.244000000000000000e+03
3.251000000000000000e+03
3.308000000000000000e+03
3.281000000000000000e+03
3.331000000000000000e+03
3.328000000000000000e+03
3.366000000000000000e+03
3.393000000000000000e+03
3.382000000000000000e+03
3.347000000000000000e+03
3.381000000000000000e+03
3.413000000000000000e+03
3.402000000000000000e+03
3.396000000000000000e+03
3.451000000000000000e+03
3.451000000000000000e+03
3.427000000000000000e+03
3.433000000000000000e+03
3.536000000000000000e+03
3.491000000000000000e+03
3.554000000000000000e+03
3.546000000000000000e+03
3.510000000000000000e+03
3.513000000000000000e+03
3.598000000000000000e+03
3.601000000000000000e+03
3.637000000000000000e+03
3.605000000000000000e+03
3.675000000000000000e+03
3.661000000000000000e+03
3.670000000000000000e+03
3.690000000000000000e+03
3.799000000000000000e+03
3.811000000000000000e+03
3.718000000000000000e+03
3.749000000000000000e+03
3.777000000000000000e+03
3.787000000000000000e+03
3.782000000000000000e+03
3.865000000000000000e+03
3.863000000000000000e+03
3.886000000000000000e+03
3.899000000000000000e+03
3.952000000000000000e+03
3.918000000000000000e+03
3.882000000000000000e+03
3.945000000000000000e+03
3.951000000000000000e+03
3.884000000000000000e+03
3.980000000000000000e+03
4.013000000000000000e+03
4.054000000000000000e+03
4.090000000000000000e+03
4.045000000000000000e+03
4.060000000000000000e+03
4.111000000000000000e+03
3.984000000000000000e+03
4.168000000000000000e+03
4.263000000000000000e+03
4.265000000000000000e+03
4.170000000000000000e+03
4.133000000000000000e+03
4.197000000000000000e+03
4.263000000000000000e+03
4.263000000000000000e+03
4.229000000000000000e+03
4.218000000000000000e+03
4.227000000000000000e+03
4.294000000000000000e+03
4.187000000000000000e+03
4.290000000000000000e+03
4.188000000000000000e+03
4.259000000000000000e+03
4.297000000000000000e+03
4.279000000000000000e+03
4.173000000000000000e+03
4.272000000000000000e+03
4.290000000000000000e+03
4.359000000000000000e+03
4.351000000000000000e+03
4.298000000000000000e+03
4.388000000000000000e+03
4.452000000000000000e+03
4.362000000000000000e+03
4.390000000000000000e+03
4.369000000000000000e+03
4.328000000000000000e+03
4.420000000000000000e+03
4.381000000000000000e+03
4.416000000000000000e+03
4.406000000000000000e+03
4.444000000000000000e+03
4.428000000000000000e+03
4.371000000000000000e+03
4.520000000000000000e+03
4.421000000000000000e+03
4.360000000000000000e+03
4.396000000000000000e+03
4.499000000000000000e+03
4.460000000000000000e+03
4.430000000000000000e+03
4.436000000000000000e+03
4.517000000000000000e+03
4.490000000000000000e+03
4.492000000000000000e+03
4.408000000000000000e+03
4.449000000000000000e+03
4.443000000000000000e+03
4.469000000000000000e+03
4.488000000000000000e+03
4.493000000000000000e+03
4.486000000000000000e+03
4.503000000000000000e+03
4.535000000000000000e+03
4.557000000000000000e+03
4.526000000000000000e+03
4.488000000000000000e+03
4.514000000000000000e+03
4.510000000000000000e+03
4.507000000000000000e+03
4.572000000000000000e+03
4.593000000000000000e+03
4.520000000000000000e+03
4.564000000000000000e+03
4.522000000000000000e+03
4.665000000000000000e+03
4.555000000000000000e+03
4.612000000000000000e+03
4.580000000000000000e+03
4.540000000000000000e+03
4.607000000000000000e+03
4.582000000000000000e+03
4.588000000000000000e+03
4.493000000000000000e+03
4.533000000000000000e+03
4.622000000000000000e+03
4.572000000000000000e+03
4.521000000000000000e+03
4.542000000000000000e+03
4.586000000000000000e+03
4.552000000000000000e+03
4.577000000000000000e+03
4.507000000000000000e+03
4.541000000000000000e+03
4.609000000000000000e+03
4.584000000000000000e+03
4.535000000000000000e+03
4.578000000000000000e+03
4.519000000000000000e+03
4.562000000000000000e+03
4.584000000000000000e+03
4.631000000000000000e+03
4.593000000000000000e+03
4.539000000000000000e+03
4.604000000000000000e+03
4.613000000000000000e+03
4.618000000000000000e+03
4.615000000000000000e+03
4.623000000000000000e+03
4.596000000000000000e+03
4.666000000000000000e+03
4.584000000000000000e+03
4.742000000000000000e+03
4.691000000000000000e+03
4.669000000000000000e+03
4.669000000000000000e+03
4.633000000000000000e+03
4.685000000000000000e+03
4.579000000000000000e+03
4.647000000000000000e+03
4.658000000000000000e+03
4.639000000000000000e+03
4.626000000000000000e+03
4.726000000000000000e+03
4.726000000000000000e+03
4.773000000000000000e+03
4.662000000000000000e+03
4.732000000000000000e+03
4.769000000000000000e+03
4.733000000000000000e+03
4.758000000000000000e+03
4.716000000000000000e+03
4.745000000000000000e+03
4.746000000000000000e+03
4.847000000000000000e+03
4.744000000000000000e+03
4.821000000000000000e+03
4.814000000000000000e+03
4.704000000000000000e+03
4.751000000000000000e+03
4.736000000000000000e+03
4.734000000000000000e+03
4.749000000000000000e+03
4.792000000000000000e+03
4.830000000000000000e+03
4.712000000000000000e+03
4.824000000000000000e+03
4.755000000000000000e+03
4.793000000000000000e+03
4.837000000000000000e+03
4.765000000000000000e+03
4.820000000000000000e+03
4.854000000000000000e+03
4.755000000000000000e+03
4.830000000000000000e+03
4.823000000000000000e+03
4.820000000000000000e+03
4.888000000000000000e+03
4.726000000000000000e+03
4.900000000000000000e+03
4.863000000000000000e+03
4.836000000000000000e+03
4.849000000000000000e+03
4.848000000000000000e+03
4.828000000000000000e+03
4.814000000000000000e+03
4.909000000000000000e+03
4.846000000000000000e+03
4.837000000000000000e+03
4.956000000000000000e+03
4.969000000000000000e+03
4.846000000000000000e+03
4.940000000000000000e+03
5.015000000000000000e+03
4.984000000000000000e+03
4.934000000000000000e+03
4.896000000000000000e+03
4.921000000000000000e+03
5.006000000000000000e+03
4.997000000000000000e+03
4.929000000000000000e+03
4.973000000000000000e+03
5.002000000000000000e+03
4.944000000000000000e+03
4.942000000000000000e+03
5.022000000000000000e+03
4.871000000000000000e+03
4.996000000000000000e+03
4.909000000000000000e+03
5.000000000000000000e+03
4.925000000000000000e+03
5.011000000000000000e+03
4.873000000000000000e+03
4.955000000000000000e+03
5.012000000000000000e+03
4.959000000000000000e+03
4.966000000000000000e+03
4.971000000000000000e+03
4.923000000000000000e+03
4.933000000000000000e+03
4.974000000000000000e+03
5.004000000000000000e+03
4.983000000000000000e+03
4.959000000000000000e+03
4.942000000000000000e+03
4.945000000000000000e+03
5.029000000000000000e+03
4.991000000000000000e+03
4.990000000000000000e+03
4.964000000000000000e+03
4.966000000000000000e+03
4.906000000000000000e+03
5.031000000000000000e+03
4.972000000000000000e+03
4.929000000000000000e+03
4.889000000000000000e+03
4.920000000000000000e+03
5.039000000000000000e+03
4.933000000000000000e+03
4.963000000000000000e+03
4.883000000000000000e+03
4.924000000000000000e+03
4.891000000000000000e+03
4.931000000000000000e+03
4.906000000000000000e+03
4.974000000000000000e+03
4.948000000000000000e+03
4.866000000000000000e+03
4.902000000000000000e+03
4.885000000000000000e+03
4.928000000000000000e+03
4.904000000000000000e+03
4.869000000000000000e+03
4.837000000000000000e+03
4.847000000000000000e+03
4.820000000000000000e+03
4.928000000000000000e+03
4.827000000000000000e+03
4.815000000000000000e+03
4.830000000000000000e+03
4.825000000000000000e+03
4.880000000000000000e+03
4.830000000000000000e+03
4.779000000000000000e+03
4.848000000000000000e+03
4.774000000000000000e+03
4.872000000000000000e+03
4.812000000000000000e+03
4.814000000000000000e+03
4.725000000000000000e+03
4.729000000000000000e+03
4.809000000000000000e+03
4.748000000000000000e+03
4.704000000000000000e+03
4.695000000000000000e+03
4.659000000000000000e+03
4.643000000000000000e+03
4.649000000000000000e+03
4.741000000000000000e+03
4.711000000000000000e+03
4.670000000000000000e+03
4.670000000000000000e+03
4.631000000000000000e+03
4.626000000000000000e+03
4.655000000000000000e+03
4.561000000000000000e+03
4.641000000000000000e+03
4.606000000000000000e+03
4.601000000000000000e+03
4.610000000000000000e+03
4.619000000000000000e+03
4.574000000000000000e+03
4.557000000000000000e+03
4.598000000000000000e+03
4.548000000000000000e+03
4.575000000000000000e+03
4.456000000000000000e+03
4.451000000000000000e+03
4.500000000000000000e+03
4.432000000000000000e+03
4.475000000000000000e+03
4.484000000000000000e+03
4.558000000000000000e+03
4.513000000000000000e+03
4.412000000000000000e+03
4.431000000000000000e+03
4.432000000000000000e+03
4.472000000000000000e+03
4.506000000000000000e+03
4.444000000000000000e+03
4.414000000000000000e+03
4.484000000000000000e+03
4.365000000000000000e+03
4.376000000000000000e+03
4.333000000000000000e+03
4.337000000000000000e+03
4.297000000000000000e+03
4.347000000000000000e+03
4.396000000000000000e+03
4.354000000000000000e+03
4.319000000000000000e+03
4.323000000000000000e+03
4.314000000000000000e+03
4.288000000000000000e+03
4.332000000000000000e+03
4.322000000000000000e+03
4.415000000000000000e+03
4.237000000000000000e+03
4.288000000000000000e+03
4.304000000000000000e+03
4.273000000000000000e+03
4.299000000000000000e+03
4.359000000000000000e+03
4.212000000000000000e+03
4.268000000000000000e+03
4.198000000000000000e+03
4.235000000000000000e+03
4.234000000000000000e+03
4.293000000000000000e+03
4.225000000000000000e+03
4.296000000000000000e+03
4.271000000000000000e+03
4.249000000000000000e+03
4.255000000000000000e+03
4.210000000000000000e+03
4.169000000000000000e+03
4.259000000000000000e+03
4.207000000000000000e+03
4.198000000000000000e+03
4.212000000000000000e+03
4.202000000000000000e+03
4.210000000000000000e+03
4.150000000000000000e+03
4.073000000000000000e+03
4.109000000000000000e+03
4.272000000000000000e+03
4.177000000000000000e+03
4.165000000000000000e+03
4.155000000000000000e+03
4.210000000000000000e+03
4.148000000000000000e+03
4.151000000000000000e+03
4.191000000000000000e+03
4.178000000000000000e+03
4.137000000000000000e+03
4.124000000000000000e+03
4.078000000000000000e+03
4.079000000000000000e+03
4.084000000000000000e+03
4.055000000000000000e+03
4.097000000000000000e+03
4.040000000000000000e+03
4.099000000000000000e+03
4.076000000000000000e+03
4.071000000000000000e+03
4.090000000000000000e+03
3.985000000000000000e+03
4.002000000000000000e+03
4.052000000000000000e+03
3.939000000000000000e+03
3.969000000000000000e+03
3.990000000000000000e+03
3.993000000000000000e+03
3.973000000000000000e+03
4.007000000000000000e+03
3.966000000000000000e+03
3.977000000000000000e+03
3.935000000000000000e+03
3.995000000000000000e+03
3.943000000000000000e+03
3.940000000000000000e+03
3.886000000000000000e+03
3.903000000000000000e+03
3.927000000000000000e+03
3.870000000000000000e+03
3.925000000000000000e+03
3.948000000000000000e+03
3.850000000000000000e+03
3.798000000000000000e+03
3.864000000000000000e+03
3.847000000000000000e+03
3.868000000000000000e+03
3.833000000000000000e+03
3.864000000000000000e+03
3.840000000000000000e+03
3.923000000000000000e+03
3.781000000000000000e+03
3.834000000000000000e+03
3.793000000000000000e+03
3.937000000000000000e+03
3.803000000000000000e+03
3.795000000000000000e+03
3.765000000000000000e+03
3.727000000000000000e+03
3.827000000000000000e+03
3.738000000000000000e+03
3.922000000000000000e+03
3.727000000000000000e+03
3.826000000000000000e+03
3.727000000000000000e+03
3.717000000000000000e+03
3.701000000000000000e+03
3.718000000000000000e+03
3.696000000000000000e+03
3.710000000000000000e+03
3.674000000000000000e+03
3.747000000000000000e+03
3.636000000000000000e+03
3.717000000000000000e+03
3.692000000000000000e+03
3.688000000000000000e+03
3.643000000000000000e+03
3.641000000000000000e+03
3.658000000000000000e+03
3.633000000000000000e+03
3.649000000000000000e+03
3.738000000000000000e+03
3.611000000000000000e+03
3.597000000000000000e+03
3.566000000000000000e+03
3.610000000000000000e+03
3.536000000000000000e+03
3.646000000000000000e+03
3.515000000000000000e+03
3.536000000000000000e+03
3.576000000000000000e+03
3.557000000000000000e+03
3.501000000000000000e+03
3.487000000000000000e+03
3.468000000000000000e+03
3.484000000000000000e+03
3.463000000000000000e+03
3.455000000000000000e+03
3.446000000000000000e+03
3.472000000000000000e+03
3.424000000000000000e+03
3.350000000000000000e+03
3.382000000000000000e+03
3.361000000000000000e+03
3.352000000000000000e+03
3.368000000000000000e+03
3.384000000000000000e+03
3.332000000000000000e+03
3.390000000000000000e+03
3.401000000000000000e+03
3.405000000000000000e+03
3.261000000000000000e+03
3.204000000000000000e+03
3.285000000000000000e+03
3.290000000000000000e+03
3.295000000000000000e+03
3.259000000000000000e+03
3.268000000000000000e+03
3.215000000000000000e+03
3.236000000000000000e+03
3.239000000000000000e+03
3.187000000000000000e+03
3.204000000000000000e+03
3.174000000000000000e+03
3.204000000000000000e+03
3.139000000000000000e+03
3.167000000000000000e+03
3.157000000000000000e+03
3.049000000000000000e+03
3.132000000000000000e+03
3.094000000000000000e+03
3.058000000000000000e+03
3.083000000000000000e+03
2.991000000000000000e+03
3.068000000000000000e+03
3.005000000000000000e+03
2.989000000000000000e+03
2.971000000000000000e+03
3.019000000000000000e+03
2.956000000000000000e+03
3.015000000000000000e+03
3.003000000000000000e+03
2.999000000000000000e+03
2.979000000000000000e+03
2.928000000000000000e+03
2.979000000000000000e+03
2.911000000000000000e+03
2.939000000000000000e+03
2.866000000000000000e+03
2.848000000000000000e+03
2.955000000000000000e+03
2.878000000000000000e+03
2.882000000000000000e+03
2.885000000000000000e+03
2.881000000000000000e+03
2.875000000000000000e+03
2.848000000000000000e+03
2.829000000000000000e+03
2.771000000000000000e+03
2.763000000000000000e+03
2.823000000000000000e+03
2.793000000000000000e+03
2.771000000000000000e+03
2.823000000000000000e+03
2.722000000000000000e+03
2.731000000000000000e+03
2.723000000000000000e+03
2.702000000000000000e+03
2.739000000000000000e+03
2.708000000000000000e+03
2.662000000000000000e+03
2.731000000000000000e+03
2.732000000000000000e+03
2.675000000000000000e+03
2.668000000000000000e+03
2.672000000000000000e+03
2.618000000000000000e+03
2.685000000000000000e+03
2.654000000000000000e+03
2.672000000000000000e+03
2.645000000000000000e+03
2.553000000000000000e+03
