1.351000000000000000e+03
1.387000000000000000e+03
1.333000000000000000e+03
1.357000000000000000e+03
1.362000000000000000e+03
1.411000000000000000e+03
1.355000000000000000e+03
1.379000000000000000e+03
1.407000000000000000e+03
1.420000000000000000e+03
1.415000000000000000e+03
1.386000000000000000e+03
1.343000000000000000e+03
1.402000000000000000e+03
1.381000000000000000e+03
1.426000000000000000e+03
1.428000000000000000e+03
1.422000000000000000e+03
1.445000000000000000e+03
1.475000000000000000e+03
1.432000000000000000e+03
1.417000000000000000e+03
1.484000000000000000e+03
1.475000000000000000e+03
1.479000000000000000e+03
1.464000000000000000e+03
1.503000000000000000e+03
1.465000000000000000e+03
1.474000000000000000e+03
1.482000000000000000e+03
1.517000000000000000e+03
1.490000000000000000e+03
1.534000000000000000e+03
1.453000000000000000e+03
1.537000000000000000e+03
1.470000000000000000e+03
1.512000000000000000e+03
1.525000000000000000e+03
1.531000000000000000e+03
1.558000000000000000e+03
1.548000000000000000e+03
1.580000000000000000e+03
1.547000000000000000e+03
1.546000000000000000e+03
1.528000000000000000e+03
1.540000000000000000e+03
1.540000000000000000e+03
1.563000000000000000e+03
1.548000000000000000e+03
1.556000000000000000e+03
1.616000000000000000e+03
1.564000000000000000e+03
1.626000000000000000e+03
1.557000000000000000e+03
1.613000000000000000e+03
1.564000000000000000e+03
1.544000000000000000e+03
1.576000000000000000e+03
1.582000000000000000e+03
1.606000000000000000e+03
1.613000000000000000e+03
1.569000000000000000e+03
1.596000000000000000e+03
1.589000000000000000e+03
1.604000000000000000e+03
1.611000000000000000e+03
1.614000000000000000e+03
1.628000000000000000e+03
1.638000000000000000e+03
1.589000000000000000e+03
1.643000000000000000e+03
1.601000000000000000e+03
1.633000000000000000e+03
1.644000000000000000e+03
1.642000000000000000e+03
1.598000000000000000e+03
1.659000000000000000e+03
1.679000000000000000e+03
1.660000000000000000e+03
1.697000000000000000e+03
1.636000000000000000e+03
1.683000000000000000e+03
1.726000000000000000e+03
1.665000000000000000e+03
1.682000000000000000e+03
1.712000000000000000e+03
1.719000000000000000e+03
1.713000000000000000e+03
1.722000000000000000e+03
1.716000000000000000e+03
1.697000000000000000e+03
1.683000000000000000e+03
1.731000000000000000e+03
1.724000000000000000e+03
1.781000000000000000e+03
1.699000000000000000e+03
1.742000000000000000e+03
1.679000000000000000e+03
1.740000000000000000e+03
1.707000000000000000e+03
1.690000000000000000e+03
1.736000000000000000e+03
1.747000000000000000e+03
1.797000000000000000e+03
1.774000000000000000e+03
1.772000000000000000e+03
1.769000000000000000e+03
1.803000000000000000e+03
1.810000000000000000e+03
1.768000000000000000e+03
1.760000000000000000e+03
1.806000000000000000e+03
1.806000000000000000e+03
1.817000000000000000e+03
1.813000000000000000e+03
1.764000000000000000e+03
1.821000000000000000e+03
1.889000000000000000e+03
1.871000000000000000e+03
1.927000000000000000e+03
1.853000000000000000e+03
1.862000000000000000e+03
1.903000000000000000e+03
1.886000000000000000e+03
1.882000000000000000e+03
1.914000000000000000e+03
1.921000000000000000e+03
1.906000000000000000e+03
1.924000000000000000e+03
1.972000000000000000e+03
1.993000000000000000e+03
1.986000000000000000e+03
2.004000000000000000e+03
1.996000000000000000e+03
1.957000000000000000e+03
2.027000000000000000e+03
1.973000000000000000e+03
2.064000000000000000e+03
2.001000000000000000e+03
1.999000000000000000e+03
2.067000000000000000e+03
2.055000000000000000e+03
2.045000000000000000e+03
2.035000000000000000e+03
2.043000000000000000e+03
2.107000000000000000e+03
2.114000000000000000e+03
2.043000000000000000e+03
2.114000000000000000e+03
2.135000000000000000e+03
2.078000000000000000e+03
2.080000000000000000e+03
2.170000000000000000e+03
2.165000000000000000e+03
2.131000000000000000e+03
2.184000000000000000e+03
2.200000000000000000e+03
2.192000000000000000e+03
2.191000000000000000e+03
2.158000000000000000e+03
2.228000000000000000e+03
2.197000000000000000e+03
2.273000000000000000e+03
2.182000000000000000e+03
2.245000000000000000e+03
2.229000000000000000e+03
2.246000000000000000e+03
2.423000000000000000e+03
2.269000000000000000e+03
2.302000000000000000e+03
2.315000000000000000e+03
2.272000000000000000e+03
2.306000000000000000e+03
2.302000000000000000e+03
2.308000000000000000e+03
2.303000000000000000e+03
2.321000000000000000e+03
2.321000000000000000e+03
2.297000000000000000e+03
2.269000000000000000e+03
2.346000000000000000e+03
2.338000000000000000e+03
2.374000000000000000e+03
2.374000000000000000e+03
2.347000000000000000e+03
2.329000000000000000e+03
2.392000000000000000e+03
2.413000000000000000e+03
2.684000000000000000e+03
2.814000000000000000e+03
2.559000000000000000e+03
2.485000000000000000e+03
2.402000000000000000e+03
2.445000000000000000e+03
2.384000000000000000e+03
2.418000000000000000e+03
2.442000000000000000e+03
2.485000000000000000e+03
2.479000000000000000e+03
2.413000000000000000e+03
2.461000000000000000e+03
2.505000000000000000e+03
2.487000000000000000e+03
2.447000000000000000e+03
2.487000000000000000e+03
2.522000000000000000e+03
2.570000000000000000e+03
2.554000000000000000e+03
2.563000000000000000e+03
2.598000000000000000e+03
2.556000000000000000e+03
2.572000000000000000e+03
2.516000000000000000e+03
2.575000000000000000e+03
2.601000000000000000e+03
2.572000000000000000e+03
2.605000000000000000e+03
2.668000000000000000e+03
2.658000000000000000e+03
2.590000000000000000e+03
2.709000000000000000e+03
2.663000000000000000e+03
2.712000000000000000e+03
2.709000000000000000e+03
2.673000000000000000e+03
2.778000000000000000e+03
2.759000000000000000e+03
2.741000000000000000e+03
2.782000000000000000e+03
2.835000000000000000e+03
2.828000000000000000e+03
2.783000000000000000e+03
2.826000000000000000e+03
2.836000000000000000e+03
2.842000000000000000e+03
2.829000000000000000e+03
2.911000000000000000e+03
2.857000000000000000e+03
2.901000000000000000e+03
2.885000000000000000e+03
2.870000000000000000e+03
2.883000000000000000e+03
2.938000000000000000e+03
2.959000000000000000e+03
2.958000000000000000e+03
2.980000000000000000e+03
2.987000000000000000e+03
2.989000000000000000e+03
2.974000000000000000e+03
2.973000000000000000e+03
2.988000000000000000e+03
2.938000000000000000e+03
3.063000000000000000e+03
3.061000000000000000e+03
3.062000000000000000e+03
3.036000000000000000e+03
3.097000000000000000e+03
3.099000000000000000e+03
3.095000000000000000e+03
3.116000000000000000e+03
3.241000000000000000e+03
3.247000000000000000e+03
3.278000000000000000e+03
3.187000000000000000e+03
3.197000000000000000e+03
3.267000000000000000e+03
3.263000000000000000e+03
3.256000000000000000e+03
3.219000000000000000e+03
3.242000000000000000e+03
3.271000000000000000e+03
3.211000000000000000e+03
3.304000000000000000e+03
3.294000000000000000e+03
3.321000000000000000e+03
3.239000000000000000e+03
3.339000000000000000e+03
3.261000000000000000e+03
3.341000000000000000e+03
3.366000000000000000e+03
3.350000000000000000e+03
3.315000000000000000e+03
3.358000000000000000e+03
3.342000000000000000e+03
3.336000000000000000e+03
3.412000000000000000e+03
3.334000000000000000e+03
3.429000000000000000e+03
3.368000000000000000e+03
3.444000000000000000e+03
3.373000000000000000e+03
3.424000000000000000e+03
3.399000000000000000e+03
3.421000000000000000e+03
3.381000000000000000e+03
3.355000000000000000e+03
3.405000000000000000e+03
3.450000000000000000e+03
3.474000000000000000e+03
3.339000000000000000e+03
3.490000000000000000e+03
3.434000000000000000e+03
3.377000000000000000e+03
3.420000000000000000e+03
3.399000000000000000e+03
3.492000000000000000e+03
3.404000000000000000e+03
3.462000000000000000e+03
3.465000000000000000e+03
3.439000000000000000e+03
3.497000000000000000e+03
3.420000000000000000e+03
3.409000000000000000e+03
3.518000000000000000e+03
3.575000000000000000e+03
3.515000000000000000e+03
3.473000000000000000e+03
3.447000000000000000e+03
3.481000000000000000e+03
3.483000000000000000e+03
3.459000000000000000e+03
3.535000000000000000e+03
3.474000000000000000e+03
3.518000000000000000e+03
3.535000000000000000e+03
3.543000000000000000e+03
3.507000000000000000e+03
3.449000000000000000e+03
3.508000000000000000e+03
3.495000000000000000e+03
3.454000000000000000e+03
3.451000000000000000e+03
3.538000000000000000e+03
3.460000000000000000e+03
3.527000000000000000e+03
3.468000000000000000e+03
3.515000000000000000e+03
3.441000000000000000e+03
3.489000000000000000e+03
3.423000000000000000e+03
3.469000000000000000e+03
3.495000000000000000e+03
3.575000000000000000e+03
3.479000000000000000e+03
3.519000000000000000e+03
3.547000000000000000e+03
3.491000000000000000e+03
3.498000000000000000e+03
3.474000000000000000e+03
3.607000000000000000e+03
3.522000000000000000e+03
3.546000000000000000e+03
3.477000000000000000e+03
3.529000000000000000e+03
3.514000000000000000e+03
3.496000000000000000e+03
3.569000000000000000e+03
3.447000000000000000e+03
3.579000000000000000e+03
3.609000000000000000e+03
3.516000000000000000e+03
3.423000000000000000e+03
3.583000000000000000e+03
3.582000000000000000e+03
3.519000000000000000e+03
3.525000000000000000e+03
3.622000000000000000e+03
3.491000000000000000e+03
3.505000000000000000e+03
3.570000000000000000e+03
3.563000000000000000e+03
3.597000000000000000e+03
3.591000000000000000e+03
3.662000000000000000e+03
3.605000000000000000e+03
3.598000000000000000e+03
3.647000000000000000e+03
3.535000000000000000e+03
3.552000000000000000e+03
3.566000000000000000e+03
3.708000000000000000e+03
3.546000000000000000e+03
3.606000000000000000e+03
3.616000000000000000e+03
3.600000000000000000e+03
3.673000000000000000e+03
3.656000000000000000e+03
3.628000000000000000e+03
3.628000000000000000e+03
3.640000000000000000e+03
3.698000000000000000e+03
3.617000000000000000e+03
3.632000000000000000e+03
3.636000000000000000e+03
3.664000000000000000e+03
3.664000000000000000e+03
3.598000000000000000e+03
3.624000000000000000e+03
3.681000000000000000e+03
3.716000000000000000e+03
3.665000000000000000e+03
3.689000000000000000e+03
3.748000000000000000e+03
3.666000000000000000e+03
3.656000000000000000e+03
3.675000000000000000e+03
3.611000000000000000e+03
3.653000000000000000e+03
3.680000000000000000e+03
3.676000000000000000e+03
3.679000000000000000e+03
3.671000000000000000e+03
3.635000000000000000e+03
3.636000000000000000e+03
3.648000000000000000e+03
3.722000000000000000e+03
3.706000000000000000e+03
3.695000000000000000e+03
3.821000000000000000e+03
3.705000000000000000e+03
3.768000000000000000e+03
3.736000000000000000e+03
3.694000000000000000e+03
3.810000000000000000e+03
3.683000000000000000e+03
3.752000000000000000e+03
3.724000000000000000e+03
3.732000000000000000e+03
3.757000000000000000e+03
3.795000000000000000e+03
3.744000000000000000e+03
3.805000000000000000e+03
3.841000000000000000e+03
3.807000000000000000e+03
3.738000000000000000e+03
3.777000000000000000e+03
3.791000000000000000e+03
3.798000000000000000e+03
3.722000000000000000e+03
3.696000000000000000e+03
3.831000000000000000e+03
3.863000000000000000e+03
3.784000000000000000e+03
3.809000000000000000e+03
3.785000000000000000e+03
3.823000000000000000e+03
3.814000000000000000e+03
3.764000000000000000e+03
3.794000000000000000e+03
3.798000000000000000e+03
3.859000000000000000e+03
3.765000000000000000e+03
3.785000000000000000e+03
3.785000000000000000e+03
3.709000000000000000e+03
3.786000000000000000e+03
3.871000000000000000e+03
3.803000000000000000e+03
3.722000000000000000e+03
3.866000000000000000e+03
3.821000000000000000e+03
3.706000000000000000e+03
3.767000000000000000e+03
3.728000000000000000e+03
3.793000000000000000e+03
3.815000000000000000e+03
3.772000000000000000e+03
3.758000000000000000e+03
3.813000000000000000e+03
3.798000000000000000e+03
3.742000000000000000e+03
3.796000000000000000e+03
3.789000000000000000e+03
3.743000000000000000e+03
3.749000000000000000e+03
3.741000000000000000e+03
3.773000000000000000e+03
3.771000000000000000e+03
3.835000000000000000e+03
3.723000000000000000e+03
3.750000000000000000e+03
3.783000000000000000e+03
3.691000000000000000e+03
3.707000000000000000e+03
3.782000000000000000e+03
3.725000000000000000e+03
3.726000000000000000e+03
3.758000000000000000e+03
3.690000000000000000e+03
3.752000000000000000e+03
3.718000000000000000e+03
3.693000000000000000e+03
3.709000000000000000e+03
3.664000000000000000e+03
3.752000000000000000e+03
3.632000000000000000e+03
3.695000000000000000e+03
3.626000000000000000e+03
3.600000000000000000e+03
3.597000000000000000e+03
3.664000000000000000e+03
3.574000000000000000e+03
3.625000000000000000e+03
3.652000000000000000e+03
3.574000000000000000e+03
3.600000000000000000e+03
3.668000000000000000e+03
3.602000000000000000e+03
3.656000000000000000e+03
3.609000000000000000e+03
3.552000000000000000e+03
3.641000000000000000e+03
3.520000000000000000e+03
3.677000000000000000e+03
3.562000000000000000e+03
3.605000000000000000e+03
3.599000000000000000e+03
3.556000000000000000e+03
3.582000000000000000e+03
3.540000000000000000e+03
3.499000000000000000e+03
3.542000000000000000e+03
3.517000000000000000e+03
3.504000000000000000e+03
3.484000000000000000e+03
3.466000000000000000e+03
3.481000000000000000e+03
3.490000000000000000e+03
3.501000000000000000e+03
3.440000000000000000e+03
3.441000000000000000e+03
3.446000000000000000e+03
3.445000000000000000e+03
3.458000000000000000e+03
3.424000000000000000e+03
3.434000000000000000e+03
3.480000000000000000e+03
3.479000000000000000e+03
3.464000000000000000e+03
3.345000000000000000e+03
3.377000000000000000e+03
3.388000000000000000e+03
3.386000000000000000e+03
3.372000000000000000e+03
3.371000000000000000e+03
3.350000000000000000e+03
3.373000000000000000e+03
3.373000000000000000e+03
3.357000000000000000e+03
3.338000000000000000e+03
3.324000000000000000e+03
3.355000000000000000e+03
3.355000000000000000e+03
3.370000000000000000e+03
3.264000000000000000e+03
3.321000000000000000e+03
3.247000000000000000e+03
3.386000000000000000e+03
3.444000000000000000e+03
3.292000000000000000e+03
3.187000000000000000e+03
3.315000000000000000e+03
3.184000000000000000e+03
3.308000000000000000e+03
3.221000000000000000e+03
3.298000000000000000e+03
3.251000000000000000e+03
3.200000000000000000e+03
3.301000000000000000e+03
3.235000000000000000e+03
3.261000000000000000e+03
3.283000000000000000e+03
3.249000000000000000e+03
3.243000000000000000e+03
3.198000000000000000e+03
3.154000000000000000e+03
3.235000000000000000e+03
3.222000000000000000e+03
3.175000000000000000e+03
3.240000000000000000e+03
3.196000000000000000e+03
3.215000000000000000e+03
3.209000000000000000e+03
3.235000000000000000e+03
3.176000000000000000e+03
3.165000000000000000e+03
3.179000000000000000e+03
3.179000000000000000e+03
3.118000000000000000e+03
3.161000000000000000e+03
3.174000000000000000e+03
3.142000000000000000e+03
3.198000000000000000e+03
3.136000000000000000e+03
3.102000000000000000e+03
3.172000000000000000e+03
3.144000000000000000e+03
3.180000000000000000e+03
3.172000000000000000e+03
3.177000000000000000e+03
3.161000000000000000e+03
3.756000000000000000e+03
3.096000000000000000e+03
3.141000000000000000e+03
3.103000000000000000e+03
3.151000000000000000e+03
3.089000000000000000e+03
3.161000000000000000e+03
3.067000000000000000e+03
3.098000000000000000e+03
3.027000000000000000e+03
3.063000000000000000e+03
3.146000000000000000e+03
3.086000000000000000e+03
3.117000000000000000e+03
2.987000000000000000e+03
3.067000000000000000e+03
3.000000000000000000e+03
3.004000000000000000e+03
3.014000000000000000e+03
3.023000000000000000e+03
3.019000000000000000e+03
3.009000000000000000e+03
2.988000000000000000e+03
3.041000000000000000e+03
2.975000000000000000e+03
3.023000000000000000e+03
3.014000000000000000e+03
2.953000000000000000e+03
2.927000000000000000e+03
3.030000000000000000e+03
3.035000000000000000e+03
3.017000000000000000e+03
3.042000000000000000e+03
2.970000000000000000e+03
2.965000000000000000e+03
3.030000000000000000e+03
2.951000000000000000e+03
2.924000000000000000e+03
2.884000000000000000e+03
2.979000000000000000e+03
2.936000000000000000e+03
2.899000000000000000e+03
2.960000000000000000e+03
2.897000000000000000e+03
2.923000000000000000e+03
2.908000000000000000e+03
2.903000000000000000e+03
2.888000000000000000e+03
2.898000000000000000e+03
2.823000000000000000e+03
2.880000000000000000e+03
2.887000000000000000e+03
2.877000000000000000e+03
2.892000000000000000e+03
2.914000000000000000e+03
2.813000000000000000e+03
2.850000000000000000e+03
2.863000000000000000e+03
2.828000000000000000e+03
2.852000000000000000e+03
2.822000000000000000e+03
2.764000000000000000e+03
2.775000000000000000e+03
2.837000000000000000e+03
2.788000000000000000e+03
2.780000000000000000e+03
2.801000000000000000e+03
2.787000000000000000e+03
2.762000000000000000e+03
2.785000000000000000e+03
2.712000000000000000e+03
2.766000000000000000e+03
2.762000000000000000e+03
2.745000000000000000e+03
2.838000000000000000e+03
2.749000000000000000e+03
2.697000000000000000e+03
2.772000000000000000e+03
2.738000000000000000e+03
2.652000000000000000e+03
2.746000000000000000e+03
2.715000000000000000e+03
2.736000000000000000e+03
2.649000000000000000e+03
2.644000000000000000e+03
2.681000000000000000e+03
2.666000000000000000e+03
2.716000000000000000e+03
2.599000000000000000e+03
2.669000000000000000e+03
2.599000000000000000e+03
2.601000000000000000e+03
2.601000000000000000e+03
2.602000000000000000e+03
2.575000000000000000e+03
2.610000000000000000e+03
2.571000000000000000e+03
2.594000000000000000e+03
2.536000000000000000e+03
2.550000000000000000e+03
2.504000000000000000e+03
2.478000000000000000e+03
2.537000000000000000e+03
2.489000000000000000e+03
2.521000000000000000e+03
2.464000000000000000e+03
2.493000000000000000e+03
2.538000000000000000e+03
2.434000000000000000e+03
2.434000000000000000e+03
2.472000000000000000e+03
2.447000000000000000e+03
2.453000000000000000e+03
2.528000000000000000e+03
2.389000000000000000e+03
2.381000000000000000e+03
2.450000000000000000e+03
2.347000000000000000e+03
2.376000000000000000e+03
2.374000000000000000e+03
2.506000000000000000e+03
2.324000000000000000e+03
2.323000000000000000e+03
2.349000000000000000e+03
2.357000000000000000e+03
2.316000000000000000e+03
2.332000000000000000e+03
2.303000000000000000e+03
2.302000000000000000e+03
2.274000000000000000e+03
2.280000000000000000e+03
2.252000000000000000e+03
2.275000000000000000e+03
2.229000000000000000e+03
2.293000000000000000e+03
2.260000000000000000e+03
2.233000000000000000e+03
2.195000000000000000e+03
2.207000000000000000e+03
2.155000000000000000e+03
2.197000000000000000e+03
2.234000000000000000e+03
2.187000000000000000e+03
2.222000000000000000e+03
2.199000000000000000e+03
2.142000000000000000e+03
2.205000000000000000e+03
2.123000000000000000e+03
2.160000000000000000e+03
2.163000000000000000e+03
2.124000000000000000e+03
2.139000000000000000e+03
2.087000000000000000e+03
2.097000000000000000e+03
2.082000000000000000e+03
2.088000000000000000e+03
2.102000000000000000e+03
2.134000000000000000e+03
2.138000000000000000e+03
2.080000000000000000e+03
2.105000000000000000e+03
2.152000000000000000e+03
2.076000000000000000e+03
2.049000000000000000e+03
