1.695000000000000000e+03
1.787000000000000000e+03
1.717000000000000000e+03
1.731000000000000000e+03
1.782000000000000000e+03
1.731000000000000000e+03
1.735000000000000000e+03
1.719000000000000000e+03
1.771000000000000000e+03
1.809000000000000000e+03
1.770000000000000000e+03
1.775000000000000000e+03
1.795000000000000000e+03
1.779000000000000000e+03
1.755000000000000000e+03
1.900000000000000000e+03
1.826000000000000000e+03
1.842000000000000000e+03
1.822000000000000000e+03
1.827000000000000000e+03
1.824000000000000000e+03
1.844000000000000000e+03
1.840000000000000000e+03
1.836000000000000000e+03
1.902000000000000000e+03
1.868000000000000000e+03
1.892000000000000000e+03
1.852000000000000000e+03
1.896000000000000000e+03
1.845000000000000000e+03
1.816000000000000000e+03
1.856000000000000000e+03
1.889000000000000000e+03
1.920000000000000000e+03
1.878000000000000000e+03
1.936000000000000000e+03
2.076000000000000000e+03
1.990000000000000000e+03
1.936000000000000000e+03
1.900000000000000000e+03
1.945000000000000000e+03
1.949000000000000000e+03
1.961000000000000000e+03
1.948000000000000000e+03
1.937000000000000000e+03
1.926000000000000000e+03
1.987000000000000000e+03
1.902000000000000000e+03
2.005000000000000000e+03
2.002000000000000000e+03
1.993000000000000000e+03
1.966000000000000000e+03
2.013000000000000000e+03
2.054000000000000000e+03
2.028000000000000000e+03
2.002000000000000000e+03
2.041000000000000000e+03
2.074000000000000000e+03
1.977000000000000000e+03
2.008000000000000000e+03
2.057000000000000000e+03
2.110000000000000000e+03
2.069000000000000000e+03
2.046000000000000000e+03
2.065000000000000000e+03
2.095000000000000000e+03
2.108000000000000000e+03
2.087000000000000000e+03
2.100000000000000000e+03
2.078000000000000000e+03
2.082000000000000000e+03
2.104000000000000000e+03
2.103000000000000000e+03
2.172000000000000000e+03
2.065000000000000000e+03
2.157000000000000000e+03
2.157000000000000000e+03
2.075000000000000000e+03
2.168000000000000000e+03
2.182000000000000000e+03
2.146000000000000000e+03
2.202000000000000000e+03
2.151000000000000000e+03
2.092000000000000000e+03
2.213000000000000000e+03
2.205000000000000000e+03
2.149000000000000000e+03
2.283000000000000000e+03
2.184000000000000000e+03
2.231000000000000000e+03
2.207000000000000000e+03
2.259000000000000000e+03
2.223000000000000000e+03
2.244000000000000000e+03
2.314000000000000000e+03
2.202000000000000000e+03
2.227000000000000000e+03
2.218000000000000000e+03
2.325000000000000000e+03
2.265000000000000000e+03
2.264000000000000000e+03
2.275000000000000000e+03
2.293000000000000000e+03
2.279000000000000000e+03
2.382000000000000000e+03
2.336000000000000000e+03
2.330000000000000000e+03
2.314000000000000000e+03
2.387000000000000000e+03
2.332000000000000000e+03
2.260000000000000000e+03
2.381000000000000000e+03
2.384000000000000000e+03
2.407000000000000000e+03
2.433000000000000000e+03
2.412000000000000000e+03
2.463000000000000000e+03
2.433000000000000000e+03
2.435000000000000000e+03
2.442000000000000000e+03
2.452000000000000000e+03
2.511000000000000000e+03
2.491000000000000000e+03
2.514000000000000000e+03
2.533000000000000000e+03
2.580000000000000000e+03
2.562000000000000000e+03
2.567000000000000000e+03
2.596000000000000000e+03
2.599000000000000000e+03
2.576000000000000000e+03
2.593000000000000000e+03
2.662000000000000000e+03
2.628000000000000000e+03
2.658000000000000000e+03
2.625000000000000000e+03
2.650000000000000000e+03
2.669000000000000000e+03
2.685000000000000000e+03
2.688000000000000000e+03
2.814000000000000000e+03
2.749000000000000000e+03
2.706000000000000000e+03
2.750000000000000000e+03
2.744000000000000000e+03
2.781000000000000000e+03
2.750000000000000000e+03
2.820000000000000000e+03
2.820000000000000000e+03
2.820000000000000000e+03
2.803000000000000000e+03
2.853000000000000000e+03
2.864000000000000000e+03
2.876000000000000000e+03
2.909000000000000000e+03
2.907000000000000000e+03
2.990000000000000000e+03
2.916000000000000000e+03
2.928000000000000000e+03
2.951000000000000000e+03
2.922000000000000000e+03
2.945000000000000000e+03
2.997000000000000000e+03
2.948000000000000000e+03
2.970000000000000000e+03
2.944000000000000000e+03
2.998000000000000000e+03
2.927000000000000000e+03
3.037000000000000000e+03
3.045000000000000000e+03
3.085000000000000000e+03
3.028000000000000000e+03
3.074000000000000000e+03
3.090000000000000000e+03
3.067000000000000000e+03
3.094000000000000000e+03
3.140000000000000000e+03
3.116000000000000000e+03
3.149000000000000000e+03
3.094000000000000000e+03
3.100000000000000000e+03
3.164000000000000000e+03
3.169000000000000000e+03
3.447000000000000000e+03
3.700000000000000000e+03
3.532000000000000000e+03
3.197000000000000000e+03
3.206000000000000000e+03
3.223000000000000000e+03
3.168000000000000000e+03
3.221000000000000000e+03
3.206000000000000000e+03
3.312000000000000000e+03
3.255000000000000000e+03
3.260000000000000000e+03
3.270000000000000000e+03
3.352000000000000000e+03
3.345000000000000000e+03
3.283000000000000000e+03
3.324000000000000000e+03
3.368000000000000000e+03
3.344000000000000000e+03
3.339000000000000000e+03
3.374000000000000000e+03
3.429000000000000000e+03
3.420000000000000000e+03
3.373000000000000000e+03
3.447000000000000000e+03
3.468000000000000000e+03
3.450000000000000000e+03
3.488000000000000000e+03
3.542000000000000000e+03
4.211000000000000000e+03
3.464000000000000000e+03
3.453000000000000000e+03
3.577000000000000000e+03
3.549000000000000000e+03
3.590000000000000000e+03
3.593000000000000000e+03
3.574000000000000000e+03
3.623000000000000000e+03
3.678000000000000000e+03
3.664000000000000000e+03
3.659000000000000000e+03
3.673000000000000000e+03
3.739000000000000000e+03
3.688000000000000000e+03
3.777000000000000000e+03
3.782000000000000000e+03
3.750000000000000000e+03
3.762000000000000000e+03
3.836000000000000000e+03
3.842000000000000000e+03
3.913000000000000000e+03
3.897000000000000000e+03
3.873000000000000000e+03
3.892000000000000000e+03
3.881000000000000000e+03
3.882000000000000000e+03
3.906000000000000000e+03
3.931000000000000000e+03
3.932000000000000000e+03
3.983000000000000000e+03
3.993000000000000000e+03
3.997000000000000000e+03
4.063000000000000000e+03
4.072000000000000000e+03
4.030000000000000000e+03
4.071000000000000000e+03
4.146000000000000000e+03
4.130000000000000000e+03
4.112000000000000000e+03
4.164000000000000000e+03
4.203000000000000000e+03
4.181000000000000000e+03
4.157000000000000000e+03
4.296000000000000000e+03
4.288000000000000000e+03
4.235000000000000000e+03
4.150000000000000000e+03
4.282000000000000000e+03
4.380000000000000000e+03
4.300000000000000000e+03
4.315000000000000000e+03
4.301000000000000000e+03
4.348000000000000000e+03
4.356000000000000000e+03
4.369000000000000000e+03
4.294000000000000000e+03
4.266000000000000000e+03
4.309000000000000000e+03
4.417000000000000000e+03
4.359000000000000000e+03
4.341000000000000000e+03
4.416000000000000000e+03
4.390000000000000000e+03
4.514000000000000000e+03
4.459000000000000000e+03
4.458000000000000000e+03
4.440000000000000000e+03
4.437000000000000000e+03
4.449000000000000000e+03
4.463000000000000000e+03
4.365000000000000000e+03
4.492000000000000000e+03
4.454000000000000000e+03
4.398000000000000000e+03
4.447000000000000000e+03
4.430000000000000000e+03
4.484000000000000000e+03
4.452000000000000000e+03
4.549000000000000000e+03
4.562000000000000000e+03
4.457000000000000000e+03
4.580000000000000000e+03
4.524000000000000000e+03
4.487000000000000000e+03
4.580000000000000000e+03
4.562000000000000000e+03
4.516000000000000000e+03
4.593000000000000000e+03
4.487000000000000000e+03
4.544000000000000000e+03
4.548000000000000000e+03
4.544000000000000000e+03
4.614000000000000000e+03
4.538000000000000000e+03
4.632000000000000000e+03
4.588000000000000000e+03
4.537000000000000000e+03
4.545000000000000000e+03
4.581000000000000000e+03
4.645000000000000000e+03
4.544000000000000000e+03
4.562000000000000000e+03
4.558000000000000000e+03
4.682000000000000000e+03
4.547000000000000000e+03
4.724000000000000000e+03
4.665000000000000000e+03
4.556000000000000000e+03
4.580000000000000000e+03
4.650000000000000000e+03
4.585000000000000000e+03
4.607000000000000000e+03
4.652000000000000000e+03
4.601000000000000000e+03
4.536000000000000000e+03
4.635000000000000000e+03
4.618000000000000000e+03
4.633000000000000000e+03
4.582000000000000000e+03
4.645000000000000000e+03
4.634000000000000000e+03
4.608000000000000000e+03
4.623000000000000000e+03
4.628000000000000000e+03
4.518000000000000000e+03
4.636000000000000000e+03
4.677000000000000000e+03
4.631000000000000000e+03
4.641000000000000000e+03
4.677000000000000000e+03
4.632000000000000000e+03
4.723000000000000000e+03
4.710000000000000000e+03
4.715000000000000000e+03
4.690000000000000000e+03
4.700000000000000000e+03
4.683000000000000000e+03
4.773000000000000000e+03
4.670000000000000000e+03
4.752000000000000000e+03
4.637000000000000000e+03
4.659000000000000000e+03
4.646000000000000000e+03
4.676000000000000000e+03
4.741000000000000000e+03
4.707000000000000000e+03
4.703000000000000000e+03
4.733000000000000000e+03
4.620000000000000000e+03
4.698000000000000000e+03
4.786000000000000000e+03
4.722000000000000000e+03
4.774000000000000000e+03
4.724000000000000000e+03
4.824000000000000000e+03
4.789000000000000000e+03
4.840000000000000000e+03
4.825000000000000000e+03
4.761000000000000000e+03
4.841000000000000000e+03
4.782000000000000000e+03
4.765000000000000000e+03
4.803000000000000000e+03
4.767000000000000000e+03
4.826000000000000000e+03
4.785000000000000000e+03
4.855000000000000000e+03
4.875000000000000000e+03
4.846000000000000000e+03
4.817000000000000000e+03
4.827000000000000000e+03
4.886000000000000000e+03
4.843000000000000000e+03
4.904000000000000000e+03
4.823000000000000000e+03
4.862000000000000000e+03
4.877000000000000000e+03
4.822000000000000000e+03
5.689000000000000000e+03
4.874000000000000000e+03
4.800000000000000000e+03
4.822000000000000000e+03
4.932000000000000000e+03
4.934000000000000000e+03
4.984000000000000000e+03
4.925000000000000000e+03
4.936000000000000000e+03
4.904000000000000000e+03
4.961000000000000000e+03
4.889000000000000000e+03
4.854000000000000000e+03
4.909000000000000000e+03
4.865000000000000000e+03
4.951000000000000000e+03
4.943000000000000000e+03
4.925000000000000000e+03
4.802000000000000000e+03
4.871000000000000000e+03
5.050000000000000000e+03
4.970000000000000000e+03
4.954000000000000000e+03
4.992000000000000000e+03
5.003000000000000000e+03
5.032000000000000000e+03
4.981000000000000000e+03
4.956000000000000000e+03
4.977000000000000000e+03
4.958000000000000000e+03
4.965000000000000000e+03
4.970000000000000000e+03
4.992000000000000000e+03
4.966000000000000000e+03
4.981000000000000000e+03
4.998000000000000000e+03
5.008000000000000000e+03
5.100000000000000000e+03
5.024000000000000000e+03
5.022000000000000000e+03
4.980000000000000000e+03
5.048000000000000000e+03
5.040000000000000000e+03
5.073000000000000000e+03
5.072000000000000000e+03
5.033000000000000000e+03
5.076000000000000000e+03
5.009000000000000000e+03
5.006000000000000000e+03
5.076000000000000000e+03
5.050000000000000000e+03
4.996000000000000000e+03
5.011000000000000000e+03
5.104000000000000000e+03
5.033000000000000000e+03
5.109000000000000000e+03
5.069000000000000000e+03
5.058000000000000000e+03
5.140000000000000000e+03
4.963000000000000000e+03
5.091000000000000000e+03
5.051000000000000000e+03
5.048000000000000000e+03
5.080000000000000000e+03
4.982000000000000000e+03
5.011000000000000000e+03
5.051000000000000000e+03
5.121000000000000000e+03
5.017000000000000000e+03
5.016000000000000000e+03
5.031000000000000000e+03
5.082000000000000000e+03
5.054000000000000000e+03
5.086000000000000000e+03
4.997000000000000000e+03
5.035000000000000000e+03
5.009000000000000000e+03
4.953000000000000000e+03
4.956000000000000000e+03
4.939000000000000000e+03
5.055000000000000000e+03
4.998000000000000000e+03
4.962000000000000000e+03
4.996000000000000000e+03
5.038000000000000000e+03
5.006000000000000000e+03
4.952000000000000000e+03
4.985000000000000000e+03
4.945000000000000000e+03
4.913000000000000000e+03
4.937000000000000000e+03
4.945000000000000000e+03
4.935000000000000000e+03
4.951000000000000000e+03
4.870000000000000000e+03
4.883000000000000000e+03
4.926000000000000000e+03
4.939000000000000000e+03
4.850000000000000000e+03
4.872000000000000000e+03
4.891000000000000000e+03
4.800000000000000000e+03
4.850000000000000000e+03
4.856000000000000000e+03
4.888000000000000000e+03
4.910000000000000000e+03
4.853000000000000000e+03
4.813000000000000000e+03
4.865000000000000000e+03
4.792000000000000000e+03
4.836000000000000000e+03
4.842000000000000000e+03
4.770000000000000000e+03
4.802000000000000000e+03
4.784000000000000000e+03
4.776000000000000000e+03
4.768000000000000000e+03
4.744000000000000000e+03
4.656000000000000000e+03
4.629000000000000000e+03
4.676000000000000000e+03
4.697000000000000000e+03
4.793000000000000000e+03
4.705000000000000000e+03
4.578000000000000000e+03
4.685000000000000000e+03
4.650000000000000000e+03
4.691000000000000000e+03
4.646000000000000000e+03
4.617000000000000000e+03
4.654000000000000000e+03
4.704000000000000000e+03
4.611000000000000000e+03
4.704000000000000000e+03
4.515000000000000000e+03
4.632000000000000000e+03
4.577000000000000000e+03
4.602000000000000000e+03
4.573000000000000000e+03
4.562000000000000000e+03
4.553000000000000000e+03
4.626000000000000000e+03
4.569000000000000000e+03
4.466000000000000000e+03
4.552000000000000000e+03
4.466000000000000000e+03
4.488000000000000000e+03
4.510000000000000000e+03
4.572000000000000000e+03
4.425000000000000000e+03
4.416000000000000000e+03
4.497000000000000000e+03
4.469000000000000000e+03
4.445000000000000000e+03
4.439000000000000000e+03
4.432000000000000000e+03
4.414000000000000000e+03
4.391000000000000000e+03
4.443000000000000000e+03
4.378000000000000000e+03
4.432000000000000000e+03
4.429000000000000000e+03
4.403000000000000000e+03
4.374000000000000000e+03
4.388000000000000000e+03
4.321000000000000000e+03
4.359000000000000000e+03
4.402000000000000000e+03
4.340000000000000000e+03
4.404000000000000000e+03
4.391000000000000000e+03
4.403000000000000000e+03
4.305000000000000000e+03
4.288000000000000000e+03
4.281000000000000000e+03
4.406000000000000000e+03
4.326000000000000000e+03
4.263000000000000000e+03
4.276000000000000000e+03
4.206000000000000000e+03
4.276000000000000000e+03
4.297000000000000000e+03
4.366000000000000000e+03
4.224000000000000000e+03
4.276000000000000000e+03
4.221000000000000000e+03
4.290000000000000000e+03
4.308000000000000000e+03
4.148000000000000000e+03
4.277000000000000000e+03
4.250000000000000000e+03
4.276000000000000000e+03
4.244000000000000000e+03
4.193000000000000000e+03
4.263000000000000000e+03
4.188000000000000000e+03
4.129000000000000000e+03
4.205000000000000000e+03
4.219000000000000000e+03
4.151000000000000000e+03
4.152000000000000000e+03
4.154000000000000000e+03
4.163000000000000000e+03
4.191000000000000000e+03
4.199000000000000000e+03
4.192000000000000000e+03
4.097000000000000000e+03
4.190000000000000000e+03
4.159000000000000000e+03
4.078000000000000000e+03
4.036000000000000000e+03
4.090000000000000000e+03
4.189000000000000000e+03
4.135000000000000000e+03
4.108000000000000000e+03
4.116000000000000000e+03
3.988000000000000000e+03
4.103000000000000000e+03
3.994000000000000000e+03
4.056000000000000000e+03
4.116000000000000000e+03
4.092000000000000000e+03
3.990000000000000000e+03
4.004000000000000000e+03
3.996000000000000000e+03
3.921000000000000000e+03
3.917000000000000000e+03
3.984000000000000000e+03
4.037000000000000000e+03
4.053000000000000000e+03
3.915000000000000000e+03
4.015000000000000000e+03
3.992000000000000000e+03
3.935000000000000000e+03
3.954000000000000000e+03
3.971000000000000000e+03
3.942000000000000000e+03
3.928000000000000000e+03
3.883000000000000000e+03
3.869000000000000000e+03
3.975000000000000000e+03
3.948000000000000000e+03
3.945000000000000000e+03
3.902000000000000000e+03
3.927000000000000000e+03
3.882000000000000000e+03
3.933000000000000000e+03
3.870000000000000000e+03
3.801000000000000000e+03
3.830000000000000000e+03
3.872000000000000000e+03
3.847000000000000000e+03
3.837000000000000000e+03
3.846000000000000000e+03
3.749000000000000000e+03
3.797000000000000000e+03
3.794000000000000000e+03
3.810000000000000000e+03
3.813000000000000000e+03
3.831000000000000000e+03
3.790000000000000000e+03
3.796000000000000000e+03
3.792000000000000000e+03
3.726000000000000000e+03
3.806000000000000000e+03
3.788000000000000000e+03
3.781000000000000000e+03
3.808000000000000000e+03
3.689000000000000000e+03
3.709000000000000000e+03
3.733000000000000000e+03
3.659000000000000000e+03
3.644000000000000000e+03
3.639000000000000000e+03
3.610000000000000000e+03
3.555000000000000000e+03
3.595000000000000000e+03
3.608000000000000000e+03
3.606000000000000000e+03
3.609000000000000000e+03
3.566000000000000000e+03
3.575000000000000000e+03
3.524000000000000000e+03
3.608000000000000000e+03
3.571000000000000000e+03
3.561000000000000000e+03
3.579000000000000000e+03
3.520000000000000000e+03
3.600000000000000000e+03
3.554000000000000000e+03
3.535000000000000000e+03
3.482000000000000000e+03
3.373000000000000000e+03
3.365000000000000000e+03
3.464000000000000000e+03
3.399000000000000000e+03
3.461000000000000000e+03
3.455000000000000000e+03
3.447000000000000000e+03
3.332000000000000000e+03
3.363000000000000000e+03
3.335000000000000000e+03
3.411000000000000000e+03
3.358000000000000000e+03
3.309000000000000000e+03
3.338000000000000000e+03
3.430000000000000000e+03
3.310000000000000000e+03
3.245000000000000000e+03
3.258000000000000000e+03
3.256000000000000000e+03
3.257000000000000000e+03
3.201000000000000000e+03
3.283000000000000000e+03
3.288000000000000000e+03
3.197000000000000000e+03
3.170000000000000000e+03
3.166000000000000000e+03
3.155000000000000000e+03
3.153000000000000000e+03
3.154000000000000000e+03
3.153000000000000000e+03
3.149000000000000000e+03
3.146000000000000000e+03
3.190000000000000000e+03
3.065000000000000000e+03
3.146000000000000000e+03
3.038000000000000000e+03
2.940000000000000000e+03
3.080000000000000000e+03
2.999000000000000000e+03
3.025000000000000000e+03
3.017000000000000000e+03
2.993000000000000000e+03
2.948000000000000000e+03
2.986000000000000000e+03
2.971000000000000000e+03
3.058000000000000000e+03
2.902000000000000000e+03
2.944000000000000000e+03
2.864000000000000000e+03
2.891000000000000000e+03
2.881000000000000000e+03
2.920000000000000000e+03
2.869000000000000000e+03
2.912000000000000000e+03
2.890000000000000000e+03
2.971000000000000000e+03
2.885000000000000000e+03
2.927000000000000000e+03
2.921000000000000000e+03
2.860000000000000000e+03
2.778000000000000000e+03
2.746000000000000000e+03
2.739000000000000000e+03
2.770000000000000000e+03
2.772000000000000000e+03
2.789000000000000000e+03
2.720000000000000000e+03
2.695000000000000000e+03
2.784000000000000000e+03
2.720000000000000000e+03
2.722000000000000000e+03
2.801000000000000000e+03
2.743000000000000000e+03
2.761000000000000000e+03
2.729000000000000000e+03
2.689000000000000000e+03
2.670000000000000000e+03
2.727000000000000000e+03
2.670000000000000000e+03
2.743000000000000000e+03
2.735000000000000000e+03
2.640000000000000000e+03
