1.438000000000000000e+03
1.452000000000000000e+03
1.447000000000000000e+03
1.469000000000000000e+03
1.448000000000000000e+03
1.420000000000000000e+03
1.537000000000000000e+03
1.454000000000000000e+03
1.519000000000000000e+03
1.465000000000000000e+03
1.432000000000000000e+03
1.474000000000000000e+03
1.477000000000000000e+03
1.459000000000000000e+03
1.463000000000000000e+03
1.484000000000000000e+03
1.497000000000000000e+03
1.498000000000000000e+03
1.543000000000000000e+03
1.554000000000000000e+03
1.520000000000000000e+03
1.522000000000000000e+03
1.468000000000000000e+03
1.539000000000000000e+03
1.569000000000000000e+03
1.549000000000000000e+03
1.576000000000000000e+03
1.537000000000000000e+03
1.595000000000000000e+03
1.563000000000000000e+03
1.630000000000000000e+03
1.573000000000000000e+03
1.578000000000000000e+03
1.562000000000000000e+03
1.575000000000000000e+03
1.569000000000000000e+03
1.599000000000000000e+03
1.569000000000000000e+03
1.609000000000000000e+03
1.555000000000000000e+03
1.586000000000000000e+03
1.623000000000000000e+03
1.642000000000000000e+03
1.634000000000000000e+03
1.594000000000000000e+03
1.665000000000000000e+03
1.647000000000000000e+03
1.641000000000000000e+03
1.625000000000000000e+03
1.625000000000000000e+03
1.683000000000000000e+03
1.654000000000000000e+03
1.691000000000000000e+03
1.671000000000000000e+03
1.646000000000000000e+03
1.670000000000000000e+03
1.709000000000000000e+03
1.663000000000000000e+03
1.703000000000000000e+03
1.685000000000000000e+03
1.649000000000000000e+03
1.727000000000000000e+03
1.735000000000000000e+03
1.683000000000000000e+03
1.719000000000000000e+03
1.734000000000000000e+03
1.707000000000000000e+03
1.706000000000000000e+03
1.723000000000000000e+03
1.706000000000000000e+03
1.756000000000000000e+03
1.715000000000000000e+03
1.704000000000000000e+03
1.746000000000000000e+03
1.713000000000000000e+03
1.748000000000000000e+03
1.815000000000000000e+03
1.765000000000000000e+03
1.752000000000000000e+03
1.750000000000000000e+03
1.772000000000000000e+03
1.754000000000000000e+03
1.714000000000000000e+03
1.776000000000000000e+03
1.756000000000000000e+03
1.768000000000000000e+03
1.748000000000000000e+03
1.772000000000000000e+03
1.744000000000000000e+03
1.776000000000000000e+03
1.797000000000000000e+03
1.780000000000000000e+03
1.797000000000000000e+03
1.785000000000000000e+03
1.829000000000000000e+03
1.766000000000000000e+03
1.813000000000000000e+03
1.830000000000000000e+03
1.835000000000000000e+03
1.787000000000000000e+03
1.849000000000000000e+03
1.851000000000000000e+03
1.857000000000000000e+03
1.882000000000000000e+03
1.862000000000000000e+03
1.894000000000000000e+03
1.887000000000000000e+03
1.843000000000000000e+03
1.865000000000000000e+03
1.848000000000000000e+03
1.908000000000000000e+03
1.906000000000000000e+03
1.891000000000000000e+03
1.911000000000000000e+03
1.929000000000000000e+03
1.893000000000000000e+03
1.940000000000000000e+03
2.007000000000000000e+03
1.963000000000000000e+03
1.962000000000000000e+03
2.014000000000000000e+03
2.001000000000000000e+03
1.987000000000000000e+03
1.994000000000000000e+03
2.033000000000000000e+03
2.061000000000000000e+03
2.058000000000000000e+03
2.011000000000000000e+03
2.092000000000000000e+03
2.067000000000000000e+03
2.034000000000000000e+03
2.120000000000000000e+03
2.055000000000000000e+03
2.088000000000000000e+03
2.107000000000000000e+03
2.116000000000000000e+03
2.133000000000000000e+03
2.111000000000000000e+03
2.128000000000000000e+03
2.147000000000000000e+03
2.141000000000000000e+03
2.171000000000000000e+03
2.123000000000000000e+03
2.213000000000000000e+03
2.202000000000000000e+03
2.202000000000000000e+03
2.207000000000000000e+03
2.254000000000000000e+03
2.287000000000000000e+03
2.213000000000000000e+03
2.240000000000000000e+03
2.242000000000000000e+03
2.313000000000000000e+03
2.275000000000000000e+03
2.298000000000000000e+03
2.332000000000000000e+03
2.352000000000000000e+03
2.314000000000000000e+03
2.335000000000000000e+03
2.344000000000000000e+03
2.337000000000000000e+03
2.365000000000000000e+03
2.376000000000000000e+03
2.394000000000000000e+03
2.405000000000000000e+03
2.386000000000000000e+03
2.438000000000000000e+03
2.441000000000000000e+03
2.440000000000000000e+03
2.391000000000000000e+03
2.400000000000000000e+03
2.436000000000000000e+03
2.458000000000000000e+03
2.480000000000000000e+03
2.454000000000000000e+03
2.525000000000000000e+03
2.453000000000000000e+03
2.496000000000000000e+03
2.457000000000000000e+03
2.472000000000000000e+03
2.439000000000000000e+03
2.482000000000000000e+03
2.525000000000000000e+03
2.555000000000000000e+03
2.505000000000000000e+03
2.495000000000000000e+03
2.501000000000000000e+03
2.758000000000000000e+03
2.978000000000000000e+03
2.791000000000000000e+03
2.607000000000000000e+03
2.599000000000000000e+03
2.561000000000000000e+03
2.608000000000000000e+03
2.587000000000000000e+03
2.598000000000000000e+03
2.591000000000000000e+03
2.634000000000000000e+03
2.621000000000000000e+03
2.642000000000000000e+03
2.604000000000000000e+03
2.643000000000000000e+03
2.633000000000000000e+03
2.654000000000000000e+03
2.644000000000000000e+03
2.649000000000000000e+03
2.723000000000000000e+03
2.682000000000000000e+03
2.717000000000000000e+03
2.737000000000000000e+03
2.742000000000000000e+03
2.735000000000000000e+03
2.760000000000000000e+03
2.779000000000000000e+03
2.775000000000000000e+03
2.780000000000000000e+03
2.795000000000000000e+03
2.805000000000000000e+03
2.783000000000000000e+03
2.811000000000000000e+03
2.884000000000000000e+03
2.839000000000000000e+03
2.890000000000000000e+03
2.870000000000000000e+03
2.914000000000000000e+03
2.901000000000000000e+03
2.854000000000000000e+03
2.916000000000000000e+03
3.004000000000000000e+03
2.945000000000000000e+03
2.978000000000000000e+03
2.928000000000000000e+03
2.976000000000000000e+03
3.060000000000000000e+03
3.014000000000000000e+03
3.053000000000000000e+03
3.060000000000000000e+03
3.085000000000000000e+03
3.073000000000000000e+03
3.104000000000000000e+03
3.082000000000000000e+03
3.097000000000000000e+03
3.122000000000000000e+03
3.134000000000000000e+03
3.213000000000000000e+03
3.153000000000000000e+03
3.182000000000000000e+03
3.208000000000000000e+03
3.264000000000000000e+03
3.215000000000000000e+03
3.274000000000000000e+03
3.209000000000000000e+03
3.244000000000000000e+03
3.293000000000000000e+03
3.227000000000000000e+03
3.337000000000000000e+03
3.338000000000000000e+03
3.368000000000000000e+03
3.366000000000000000e+03
3.471000000000000000e+03
3.422000000000000000e+03
3.453000000000000000e+03
3.413000000000000000e+03
3.360000000000000000e+03
3.514000000000000000e+03
3.516000000000000000e+03
3.490000000000000000e+03
3.399000000000000000e+03
3.465000000000000000e+03
3.480000000000000000e+03
3.537000000000000000e+03
3.440000000000000000e+03
3.495000000000000000e+03
3.418000000000000000e+03
3.584000000000000000e+03
3.498000000000000000e+03
3.528000000000000000e+03
3.603000000000000000e+03
3.508000000000000000e+03
3.556000000000000000e+03
3.545000000000000000e+03
3.585000000000000000e+03
3.523000000000000000e+03
3.508000000000000000e+03
3.589000000000000000e+03
3.542000000000000000e+03
3.566000000000000000e+03
3.671000000000000000e+03
3.641000000000000000e+03
3.627000000000000000e+03
3.676000000000000000e+03
3.624000000000000000e+03
3.619000000000000000e+03
3.634000000000000000e+03
3.579000000000000000e+03
3.605000000000000000e+03
3.701000000000000000e+03
3.663000000000000000e+03
3.656000000000000000e+03
3.638000000000000000e+03
3.646000000000000000e+03
3.727000000000000000e+03
3.706000000000000000e+03
3.669000000000000000e+03
3.644000000000000000e+03
3.740000000000000000e+03
3.655000000000000000e+03
3.684000000000000000e+03
3.723000000000000000e+03
3.701000000000000000e+03
3.725000000000000000e+03
3.690000000000000000e+03
3.669000000000000000e+03
3.723000000000000000e+03
3.790000000000000000e+03
3.730000000000000000e+03
3.712000000000000000e+03
3.770000000000000000e+03
3.723000000000000000e+03
3.636000000000000000e+03
3.788000000000000000e+03
3.725000000000000000e+03
3.764000000000000000e+03
3.827000000000000000e+03
3.756000000000000000e+03
3.733000000000000000e+03
3.787000000000000000e+03
3.733000000000000000e+03
3.815000000000000000e+03
3.760000000000000000e+03
3.766000000000000000e+03
3.707000000000000000e+03
3.763000000000000000e+03
3.722000000000000000e+03
3.749000000000000000e+03
3.693000000000000000e+03
3.755000000000000000e+03
3.803000000000000000e+03
3.781000000000000000e+03
3.682000000000000000e+03
3.778000000000000000e+03
3.738000000000000000e+03
3.695000000000000000e+03
3.714000000000000000e+03
3.733000000000000000e+03
3.744000000000000000e+03
3.748000000000000000e+03
3.722000000000000000e+03
3.760000000000000000e+03
3.755000000000000000e+03
3.692000000000000000e+03
3.776000000000000000e+03
3.801000000000000000e+03
3.696000000000000000e+03
3.775000000000000000e+03
3.772000000000000000e+03
3.764000000000000000e+03
3.735000000000000000e+03
3.781000000000000000e+03
3.802000000000000000e+03
3.833000000000000000e+03
3.753000000000000000e+03
3.702000000000000000e+03
3.791000000000000000e+03
3.848000000000000000e+03
3.787000000000000000e+03
3.894000000000000000e+03
3.788000000000000000e+03
3.758000000000000000e+03
3.816000000000000000e+03
3.739000000000000000e+03
3.861000000000000000e+03
3.845000000000000000e+03
3.844000000000000000e+03
3.809000000000000000e+03
3.818000000000000000e+03
3.871000000000000000e+03
3.887000000000000000e+03
3.877000000000000000e+03
3.815000000000000000e+03
3.896000000000000000e+03
3.930000000000000000e+03
3.807000000000000000e+03
3.898000000000000000e+03
3.823000000000000000e+03
3.925000000000000000e+03
3.892000000000000000e+03
3.926000000000000000e+03
3.913000000000000000e+03
3.875000000000000000e+03
3.934000000000000000e+03
3.920000000000000000e+03
3.964000000000000000e+03
3.915000000000000000e+03
3.927000000000000000e+03
3.920000000000000000e+03
3.917000000000000000e+03
3.937000000000000000e+03
3.971000000000000000e+03
3.943000000000000000e+03
3.944000000000000000e+03
3.911000000000000000e+03
3.931000000000000000e+03
4.018000000000000000e+03
3.955000000000000000e+03
3.876000000000000000e+03
3.943000000000000000e+03
3.903000000000000000e+03
3.969000000000000000e+03
3.951000000000000000e+03
3.909000000000000000e+03
4.078000000000000000e+03
3.950000000000000000e+03
3.931000000000000000e+03
3.906000000000000000e+03
3.943000000000000000e+03
3.964000000000000000e+03
3.981000000000000000e+03
4.043000000000000000e+03
3.988000000000000000e+03
3.950000000000000000e+03
3.945000000000000000e+03
4.014000000000000000e+03
3.986000000000000000e+03
4.053000000000000000e+03
4.021000000000000000e+03
4.066000000000000000e+03
3.989000000000000000e+03
4.080000000000000000e+03
3.998000000000000000e+03
4.038000000000000000e+03
4.056000000000000000e+03
4.142000000000000000e+03
4.000000000000000000e+03
4.140000000000000000e+03
4.088000000000000000e+03
4.109000000000000000e+03
4.081000000000000000e+03
4.112000000000000000e+03
4.136000000000000000e+03
4.125000000000000000e+03
4.027000000000000000e+03
4.210000000000000000e+03
4.057000000000000000e+03
4.096000000000000000e+03
4.147000000000000000e+03
4.095000000000000000e+03
4.053000000000000000e+03
4.046000000000000000e+03
4.069000000000000000e+03
4.091000000000000000e+03
4.103000000000000000e+03
4.119000000000000000e+03
4.136000000000000000e+03
3.998000000000000000e+03
3.986000000000000000e+03
4.139000000000000000e+03
4.027000000000000000e+03
4.029000000000000000e+03
4.008000000000000000e+03
4.040000000000000000e+03
4.019000000000000000e+03
4.110000000000000000e+03
4.123000000000000000e+03
4.044000000000000000e+03
4.036000000000000000e+03
4.019000000000000000e+03
3.993000000000000000e+03
4.062000000000000000e+03
4.040000000000000000e+03
4.089000000000000000e+03
4.046000000000000000e+03
4.082000000000000000e+03
3.960000000000000000e+03
3.968000000000000000e+03
4.006000000000000000e+03
4.080000000000000000e+03
4.024000000000000000e+03
4.085000000000000000e+03
3.941000000000000000e+03
4.061000000000000000e+03
3.989000000000000000e+03
3.941000000000000000e+03
4.035000000000000000e+03
3.990000000000000000e+03
3.958000000000000000e+03
3.995000000000000000e+03
3.927000000000000000e+03
4.010000000000000000e+03
3.908000000000000000e+03
3.956000000000000000e+03
3.886000000000000000e+03
3.958000000000000000e+03
4.013000000000000000e+03
3.921000000000000000e+03
3.928000000000000000e+03
3.932000000000000000e+03
3.928000000000000000e+03
3.819000000000000000e+03
3.871000000000000000e+03
3.921000000000000000e+03
3.928000000000000000e+03
3.884000000000000000e+03
3.883000000000000000e+03
3.834000000000000000e+03
3.854000000000000000e+03
3.873000000000000000e+03
3.908000000000000000e+03
3.854000000000000000e+03
3.808000000000000000e+03
3.893000000000000000e+03
3.850000000000000000e+03
3.820000000000000000e+03
3.808000000000000000e+03
3.809000000000000000e+03
3.895000000000000000e+03
3.821000000000000000e+03
3.772000000000000000e+03
3.817000000000000000e+03
3.755000000000000000e+03
3.767000000000000000e+03
3.738000000000000000e+03
3.744000000000000000e+03
3.711000000000000000e+03
3.758000000000000000e+03
3.730000000000000000e+03
3.716000000000000000e+03
3.701000000000000000e+03
3.682000000000000000e+03
3.693000000000000000e+03
3.636000000000000000e+03
3.700000000000000000e+03
3.678000000000000000e+03
3.613000000000000000e+03
3.767000000000000000e+03
3.640000000000000000e+03
3.620000000000000000e+03
3.632000000000000000e+03
3.615000000000000000e+03
3.666000000000000000e+03
3.688000000000000000e+03
3.557000000000000000e+03
3.625000000000000000e+03
3.502000000000000000e+03
3.673000000000000000e+03
3.589000000000000000e+03
3.507000000000000000e+03
3.522000000000000000e+03
3.589000000000000000e+03
3.602000000000000000e+03
3.575000000000000000e+03
3.526000000000000000e+03
3.520000000000000000e+03
3.642000000000000000e+03
3.548000000000000000e+03
3.631000000000000000e+03
3.573000000000000000e+03
3.453000000000000000e+03
3.497000000000000000e+03
3.525000000000000000e+03
3.506000000000000000e+03
3.526000000000000000e+03
3.550000000000000000e+03
3.542000000000000000e+03
3.519000000000000000e+03
3.497000000000000000e+03
3.492000000000000000e+03
3.493000000000000000e+03
3.380000000000000000e+03
3.466000000000000000e+03
3.495000000000000000e+03
3.492000000000000000e+03
3.595000000000000000e+03
3.413000000000000000e+03
3.481000000000000000e+03
3.459000000000000000e+03
3.400000000000000000e+03
3.354000000000000000e+03
3.474000000000000000e+03
3.403000000000000000e+03
3.450000000000000000e+03
3.472000000000000000e+03
3.393000000000000000e+03
3.456000000000000000e+03
3.462000000000000000e+03
3.400000000000000000e+03
3.381000000000000000e+03
3.363000000000000000e+03
3.357000000000000000e+03
3.361000000000000000e+03
3.353000000000000000e+03
3.370000000000000000e+03
3.383000000000000000e+03
3.306000000000000000e+03
3.351000000000000000e+03
3.335000000000000000e+03
3.533000000000000000e+03
3.371000000000000000e+03
3.369000000000000000e+03
3.367000000000000000e+03
3.315000000000000000e+03
3.398000000000000000e+03
3.374000000000000000e+03
3.334000000000000000e+03
3.326000000000000000e+03
3.311000000000000000e+03
3.385000000000000000e+03
3.244000000000000000e+03
3.348000000000000000e+03
3.292000000000000000e+03
3.339000000000000000e+03
3.302000000000000000e+03
3.276000000000000000e+03
3.217000000000000000e+03
3.296000000000000000e+03
3.270000000000000000e+03
3.220000000000000000e+03
3.280000000000000000e+03
3.191000000000000000e+03
3.240000000000000000e+03
3.220000000000000000e+03
3.261000000000000000e+03
3.236000000000000000e+03
3.234000000000000000e+03
3.181000000000000000e+03
3.200000000000000000e+03
3.191000000000000000e+03
3.160000000000000000e+03
3.185000000000000000e+03
3.198000000000000000e+03
3.164000000000000000e+03
3.143000000000000000e+03
3.117000000000000000e+03
3.207000000000000000e+03
3.156000000000000000e+03
3.177000000000000000e+03
3.166000000000000000e+03
3.135000000000000000e+03
3.195000000000000000e+03
3.129000000000000000e+03
3.082000000000000000e+03
3.100000000000000000e+03
3.138000000000000000e+03
3.082000000000000000e+03
3.091000000000000000e+03
3.093000000000000000e+03
3.124000000000000000e+03
3.180000000000000000e+03
3.080000000000000000e+03
3.126000000000000000e+03
3.127000000000000000e+03
3.056000000000000000e+03
3.069000000000000000e+03
3.057000000000000000e+03
3.017000000000000000e+03
3.102000000000000000e+03
3.037000000000000000e+03
3.059000000000000000e+03
3.078000000000000000e+03
3.038000000000000000e+03
3.045000000000000000e+03
3.051000000000000000e+03
2.990000000000000000e+03
3.041000000000000000e+03
3.001000000000000000e+03
2.987000000000000000e+03
2.958000000000000000e+03
2.976000000000000000e+03
2.926000000000000000e+03
2.950000000000000000e+03
2.946000000000000000e+03
2.925000000000000000e+03
2.889000000000000000e+03
2.889000000000000000e+03
2.980000000000000000e+03
2.901000000000000000e+03
2.910000000000000000e+03
2.938000000000000000e+03
2.943000000000000000e+03
2.876000000000000000e+03
2.883000000000000000e+03
2.849000000000000000e+03
2.908000000000000000e+03
2.862000000000000000e+03
2.824000000000000000e+03
2.874000000000000000e+03
2.818000000000000000e+03
2.853000000000000000e+03
2.780000000000000000e+03
2.820000000000000000e+03
2.753000000000000000e+03
2.753000000000000000e+03
2.711000000000000000e+03
2.900000000000000000e+03
2.760000000000000000e+03
2.778000000000000000e+03
2.762000000000000000e+03
2.678000000000000000e+03
2.792000000000000000e+03
2.673000000000000000e+03
2.808000000000000000e+03
2.693000000000000000e+03
2.676000000000000000e+03
2.676000000000000000e+03
2.682000000000000000e+03
2.632000000000000000e+03
2.658000000000000000e+03
2.645000000000000000e+03
2.609000000000000000e+03
2.661000000000000000e+03
2.680000000000000000e+03
2.592000000000000000e+03
2.627000000000000000e+03
2.575000000000000000e+03
2.551000000000000000e+03
2.605000000000000000e+03
2.557000000000000000e+03
2.579000000000000000e+03
2.498000000000000000e+03
2.522000000000000000e+03
2.522000000000000000e+03
2.423000000000000000e+03
2.511000000000000000e+03
2.457000000000000000e+03
2.437000000000000000e+03
2.420000000000000000e+03
2.435000000000000000e+03
2.482000000000000000e+03
2.395000000000000000e+03
2.462000000000000000e+03
2.381000000000000000e+03
2.410000000000000000e+03
2.396000000000000000e+03
2.463000000000000000e+03
2.432000000000000000e+03
2.411000000000000000e+03
2.424000000000000000e+03
2.332000000000000000e+03
2.319000000000000000e+03
2.336000000000000000e+03
2.314000000000000000e+03
2.361000000000000000e+03
2.368000000000000000e+03
2.347000000000000000e+03
2.332000000000000000e+03
2.321000000000000000e+03
2.275000000000000000e+03
2.300000000000000000e+03
2.319000000000000000e+03
2.313000000000000000e+03
2.279000000000000000e+03
2.299000000000000000e+03
2.268000000000000000e+03
2.259000000000000000e+03
2.230000000000000000e+03
2.246000000000000000e+03
2.230000000000000000e+03
2.205000000000000000e+03
2.258000000000000000e+03
2.185000000000000000e+03
2.225000000000000000e+03
2.217000000000000000e+03
2.222000000000000000e+03
2.197000000000000000e+03
2.126000000000000000e+03
