1.525000000000000000e+03
1.508000000000000000e+03
1.574000000000000000e+03
1.568000000000000000e+03
1.569000000000000000e+03
1.614000000000000000e+03
1.560000000000000000e+03
1.572000000000000000e+03
1.605000000000000000e+03
1.586000000000000000e+03
1.708000000000000000e+03
1.585000000000000000e+03
1.600000000000000000e+03
1.619000000000000000e+03
1.608000000000000000e+03
1.593000000000000000e+03
1.659000000000000000e+03
1.576000000000000000e+03
1.631000000000000000e+03
1.608000000000000000e+03
1.631000000000000000e+03
1.638000000000000000e+03
1.652000000000000000e+03
1.646000000000000000e+03
1.613000000000000000e+03
1.650000000000000000e+03
1.641000000000000000e+03
1.704000000000000000e+03
1.657000000000000000e+03
1.663000000000000000e+03
1.693000000000000000e+03
1.678000000000000000e+03
2.080000000000000000e+03
1.687000000000000000e+03
1.659000000000000000e+03
1.715000000000000000e+03
1.729000000000000000e+03
1.712000000000000000e+03
1.679000000000000000e+03
1.690000000000000000e+03
1.742000000000000000e+03
1.719000000000000000e+03
1.697000000000000000e+03
1.754000000000000000e+03
1.724000000000000000e+03
1.765000000000000000e+03
1.783000000000000000e+03
1.743000000000000000e+03
1.788000000000000000e+03
1.761000000000000000e+03
1.734000000000000000e+03
1.742000000000000000e+03
1.766000000000000000e+03
1.772000000000000000e+03
1.742000000000000000e+03
1.836000000000000000e+03
1.761000000000000000e+03
1.793000000000000000e+03
1.828000000000000000e+03
1.813000000000000000e+03
1.809000000000000000e+03
1.842000000000000000e+03
1.834000000000000000e+03
1.797000000000000000e+03
1.851000000000000000e+03
1.847000000000000000e+03
1.893000000000000000e+03
1.849000000000000000e+03
1.818000000000000000e+03
1.910000000000000000e+03
1.823000000000000000e+03
1.922000000000000000e+03
1.906000000000000000e+03
1.824000000000000000e+03
1.852000000000000000e+03
1.827000000000000000e+03
1.849000000000000000e+03
1.865000000000000000e+03
1.852000000000000000e+03
1.884000000000000000e+03
1.886000000000000000e+03
1.902000000000000000e+03
1.922000000000000000e+03
1.949000000000000000e+03
1.916000000000000000e+03
1.872000000000000000e+03
1.868000000000000000e+03
1.929000000000000000e+03
1.938000000000000000e+03
1.956000000000000000e+03
1.981000000000000000e+03
1.964000000000000000e+03
1.942000000000000000e+03
1.992000000000000000e+03
2.089000000000000000e+03
1.990000000000000000e+03
2.013000000000000000e+03
1.928000000000000000e+03
1.981000000000000000e+03
1.998000000000000000e+03
2.016000000000000000e+03
1.963000000000000000e+03
2.012000000000000000e+03
1.983000000000000000e+03
2.056000000000000000e+03
1.981000000000000000e+03
1.970000000000000000e+03
2.057000000000000000e+03
2.083000000000000000e+03
2.037000000000000000e+03
2.070000000000000000e+03
2.108000000000000000e+03
2.071000000000000000e+03
2.139000000000000000e+03
2.087000000000000000e+03
2.097000000000000000e+03
2.076000000000000000e+03
2.130000000000000000e+03
2.154000000000000000e+03
2.178000000000000000e+03
2.143000000000000000e+03
2.144000000000000000e+03
2.169000000000000000e+03
2.173000000000000000e+03
2.161000000000000000e+03
2.202000000000000000e+03
2.237000000000000000e+03
2.194000000000000000e+03
2.206000000000000000e+03
2.246000000000000000e+03
2.228000000000000000e+03
2.251000000000000000e+03
2.240000000000000000e+03
2.292000000000000000e+03
2.321000000000000000e+03
2.233000000000000000e+03
2.315000000000000000e+03
2.309000000000000000e+03
2.341000000000000000e+03
2.359000000000000000e+03
2.267000000000000000e+03
2.354000000000000000e+03
2.414000000000000000e+03
2.354000000000000000e+03
2.379000000000000000e+03
2.350000000000000000e+03
2.381000000000000000e+03
2.421000000000000000e+03
2.424000000000000000e+03
2.415000000000000000e+03
2.512000000000000000e+03
2.454000000000000000e+03
2.470000000000000000e+03
2.513000000000000000e+03
2.495000000000000000e+03
2.477000000000000000e+03
2.489000000000000000e+03
2.500000000000000000e+03
2.614000000000000000e+03
2.515000000000000000e+03
2.614000000000000000e+03
3.318000000000000000e+03
2.617000000000000000e+03
2.624000000000000000e+03
2.590000000000000000e+03
2.597000000000000000e+03
2.593000000000000000e+03
2.611000000000000000e+03
2.656000000000000000e+03
2.605000000000000000e+03
2.626000000000000000e+03
2.658000000000000000e+03
2.707000000000000000e+03
2.697000000000000000e+03
2.730000000000000000e+03
2.740000000000000000e+03
2.672000000000000000e+03
2.731000000000000000e+03
2.726000000000000000e+03
2.716000000000000000e+03
2.677000000000000000e+03
2.696000000000000000e+03
2.767000000000000000e+03
2.720000000000000000e+03
2.752000000000000000e+03
2.806000000000000000e+03
3.081000000000000000e+03
3.250000000000000000e+03
3.049000000000000000e+03
2.752000000000000000e+03
2.772000000000000000e+03
2.823000000000000000e+03
2.868000000000000000e+03
2.867000000000000000e+03
2.817000000000000000e+03
2.817000000000000000e+03
2.898000000000000000e+03
2.885000000000000000e+03
2.911000000000000000e+03
2.859000000000000000e+03
2.838000000000000000e+03
2.856000000000000000e+03
2.923000000000000000e+03
2.963000000000000000e+03
2.959000000000000000e+03
2.965000000000000000e+03
2.952000000000000000e+03
2.995000000000000000e+03
2.970000000000000000e+03
2.971000000000000000e+03
3.026000000000000000e+03
2.956000000000000000e+03
2.970000000000000000e+03
2.928000000000000000e+03
3.011000000000000000e+03
3.041000000000000000e+03
3.016000000000000000e+03
3.068000000000000000e+03
3.101000000000000000e+03
3.138000000000000000e+03
3.158000000000000000e+03
3.152000000000000000e+03
3.092000000000000000e+03
3.262000000000000000e+03
3.180000000000000000e+03
3.225000000000000000e+03
3.177000000000000000e+03
3.172000000000000000e+03
3.213000000000000000e+03
3.201000000000000000e+03
3.266000000000000000e+03
3.298000000000000000e+03
3.289000000000000000e+03
3.335000000000000000e+03
3.382000000000000000e+03
3.336000000000000000e+03
3.380000000000000000e+03
3.367000000000000000e+03
3.335000000000000000e+03
3.376000000000000000e+03
3.397000000000000000e+03
3.432000000000000000e+03
3.479000000000000000e+03
3.479000000000000000e+03
3.485000000000000000e+03
3.502000000000000000e+03
3.472000000000000000e+03
3.466000000000000000e+03
3.507000000000000000e+03
3.579000000000000000e+03
3.596000000000000000e+03
3.597000000000000000e+03
3.616000000000000000e+03
3.526000000000000000e+03
3.611000000000000000e+03
3.581000000000000000e+03
3.627000000000000000e+03
3.597000000000000000e+03
3.653000000000000000e+03
3.666000000000000000e+03
3.650000000000000000e+03
3.678000000000000000e+03
3.650000000000000000e+03
3.746000000000000000e+03
3.753000000000000000e+03
3.828000000000000000e+03
3.745000000000000000e+03
5.201000000000000000e+03
3.776000000000000000e+03
3.723000000000000000e+03
3.764000000000000000e+03
3.775000000000000000e+03
3.774000000000000000e+03
3.784000000000000000e+03
3.827000000000000000e+03
3.861000000000000000e+03
3.774000000000000000e+03
3.824000000000000000e+03
3.824000000000000000e+03
3.786000000000000000e+03
3.870000000000000000e+03
3.844000000000000000e+03
3.884000000000000000e+03
3.856000000000000000e+03
3.841000000000000000e+03
3.885000000000000000e+03
3.893000000000000000e+03
3.840000000000000000e+03
3.880000000000000000e+03
3.907000000000000000e+03
3.863000000000000000e+03
3.894000000000000000e+03
3.917000000000000000e+03
3.888000000000000000e+03
3.882000000000000000e+03
3.938000000000000000e+03
3.968000000000000000e+03
3.931000000000000000e+03
3.977000000000000000e+03
3.932000000000000000e+03
3.901000000000000000e+03
3.912000000000000000e+03
3.951000000000000000e+03
3.994000000000000000e+03
4.013000000000000000e+03
3.966000000000000000e+03
3.925000000000000000e+03
3.918000000000000000e+03
4.013000000000000000e+03
4.011000000000000000e+03
3.956000000000000000e+03
4.039000000000000000e+03
4.028000000000000000e+03
3.943000000000000000e+03
3.979000000000000000e+03
4.048000000000000000e+03
4.026000000000000000e+03
4.053000000000000000e+03
4.019000000000000000e+03
4.035000000000000000e+03
4.112000000000000000e+03
4.088000000000000000e+03
4.035000000000000000e+03
4.014000000000000000e+03
4.087000000000000000e+03
4.057000000000000000e+03
3.993000000000000000e+03
4.075000000000000000e+03
4.072000000000000000e+03
3.979000000000000000e+03
4.062000000000000000e+03
4.074000000000000000e+03
4.042000000000000000e+03
4.092000000000000000e+03
4.078000000000000000e+03
3.993000000000000000e+03
4.012000000000000000e+03
4.021000000000000000e+03
3.997000000000000000e+03
4.144000000000000000e+03
3.998000000000000000e+03
4.108000000000000000e+03
4.074000000000000000e+03
4.070000000000000000e+03
4.104000000000000000e+03
4.049000000000000000e+03
4.105000000000000000e+03
4.104000000000000000e+03
4.008000000000000000e+03
4.389000000000000000e+03
4.090000000000000000e+03
4.038000000000000000e+03
4.089000000000000000e+03
4.025000000000000000e+03
4.170000000000000000e+03
4.100000000000000000e+03
4.044000000000000000e+03
4.083000000000000000e+03
4.123000000000000000e+03
4.173000000000000000e+03
4.153000000000000000e+03
4.120000000000000000e+03
4.219000000000000000e+03
4.139000000000000000e+03
4.091000000000000000e+03
4.098000000000000000e+03
4.096000000000000000e+03
4.126000000000000000e+03
4.111000000000000000e+03
4.207000000000000000e+03
4.248000000000000000e+03
4.153000000000000000e+03
4.156000000000000000e+03
4.207000000000000000e+03
4.227000000000000000e+03
4.145000000000000000e+03
4.198000000000000000e+03
4.245000000000000000e+03
4.347000000000000000e+03
4.219000000000000000e+03
4.310000000000000000e+03
4.220000000000000000e+03
4.343000000000000000e+03
4.270000000000000000e+03
4.254000000000000000e+03
4.201000000000000000e+03
4.245000000000000000e+03
4.274000000000000000e+03
4.297000000000000000e+03
4.281000000000000000e+03
4.287000000000000000e+03
4.214000000000000000e+03
4.252000000000000000e+03
4.307000000000000000e+03
4.314000000000000000e+03
4.259000000000000000e+03
4.341000000000000000e+03
4.361000000000000000e+03
4.371000000000000000e+03
4.281000000000000000e+03
4.247000000000000000e+03
4.274000000000000000e+03
4.299000000000000000e+03
4.295000000000000000e+03
4.326000000000000000e+03
4.298000000000000000e+03
4.280000000000000000e+03
4.254000000000000000e+03
4.303000000000000000e+03
4.405000000000000000e+03
4.284000000000000000e+03
4.337000000000000000e+03
4.340000000000000000e+03
4.366000000000000000e+03
4.319000000000000000e+03
4.328000000000000000e+03
4.387000000000000000e+03
4.360000000000000000e+03
4.428000000000000000e+03
4.474000000000000000e+03
4.364000000000000000e+03
4.378000000000000000e+03
4.392000000000000000e+03
4.372000000000000000e+03
4.448000000000000000e+03
4.432000000000000000e+03
4.481000000000000000e+03
4.456000000000000000e+03
4.340000000000000000e+03
4.376000000000000000e+03
4.397000000000000000e+03
4.355000000000000000e+03
4.493000000000000000e+03
4.477000000000000000e+03
4.445000000000000000e+03
4.458000000000000000e+03
4.487000000000000000e+03
4.518000000000000000e+03
4.447000000000000000e+03
4.427000000000000000e+03
4.461000000000000000e+03
4.499000000000000000e+03
4.448000000000000000e+03
4.498000000000000000e+03
4.502000000000000000e+03
4.367000000000000000e+03
4.415000000000000000e+03
4.401000000000000000e+03
4.464000000000000000e+03
4.348000000000000000e+03
4.434000000000000000e+03
4.382000000000000000e+03
4.431000000000000000e+03
4.393000000000000000e+03
4.485000000000000000e+03
4.353000000000000000e+03
4.501000000000000000e+03
4.415000000000000000e+03
4.495000000000000000e+03
4.411000000000000000e+03
4.382000000000000000e+03
4.423000000000000000e+03
4.386000000000000000e+03
4.374000000000000000e+03
4.415000000000000000e+03
4.340000000000000000e+03
4.426000000000000000e+03
4.476000000000000000e+03
4.429000000000000000e+03
4.411000000000000000e+03
4.432000000000000000e+03
4.441000000000000000e+03
4.365000000000000000e+03
4.347000000000000000e+03
4.410000000000000000e+03
4.324000000000000000e+03
4.362000000000000000e+03
4.402000000000000000e+03
4.418000000000000000e+03
4.360000000000000000e+03
4.440000000000000000e+03
4.316000000000000000e+03
4.388000000000000000e+03
4.368000000000000000e+03
4.364000000000000000e+03
4.353000000000000000e+03
4.320000000000000000e+03
4.261000000000000000e+03
4.312000000000000000e+03
4.356000000000000000e+03
4.346000000000000000e+03
4.257000000000000000e+03
4.379000000000000000e+03
4.300000000000000000e+03
4.313000000000000000e+03
4.312000000000000000e+03
4.342000000000000000e+03
4.355000000000000000e+03
4.232000000000000000e+03
4.323000000000000000e+03
4.268000000000000000e+03
4.273000000000000000e+03
4.294000000000000000e+03
4.241000000000000000e+03
4.226000000000000000e+03
4.245000000000000000e+03
4.246000000000000000e+03
4.185000000000000000e+03
4.206000000000000000e+03
4.189000000000000000e+03
4.119000000000000000e+03
4.189000000000000000e+03
4.163000000000000000e+03
4.084000000000000000e+03
4.098000000000000000e+03
4.158000000000000000e+03
4.170000000000000000e+03
4.066000000000000000e+03
4.121000000000000000e+03
4.148000000000000000e+03
4.041000000000000000e+03
4.076000000000000000e+03
4.088000000000000000e+03
4.090000000000000000e+03
4.076000000000000000e+03
4.047000000000000000e+03
4.028000000000000000e+03
4.013000000000000000e+03
4.001000000000000000e+03
4.101000000000000000e+03
4.055000000000000000e+03
4.064000000000000000e+03
4.007000000000000000e+03
3.986000000000000000e+03
4.078000000000000000e+03
3.983000000000000000e+03
4.028000000000000000e+03
3.974000000000000000e+03
3.924000000000000000e+03
4.025000000000000000e+03
3.915000000000000000e+03
4.025000000000000000e+03
3.972000000000000000e+03
3.853000000000000000e+03
3.974000000000000000e+03
3.998000000000000000e+03
3.878000000000000000e+03
3.921000000000000000e+03
3.879000000000000000e+03
3.841000000000000000e+03
3.837000000000000000e+03
3.864000000000000000e+03
3.951000000000000000e+03
3.835000000000000000e+03
3.854000000000000000e+03
3.787000000000000000e+03
3.820000000000000000e+03
3.938000000000000000e+03
3.810000000000000000e+03
3.929000000000000000e+03
3.818000000000000000e+03
3.849000000000000000e+03
3.784000000000000000e+03
3.833000000000000000e+03
3.851000000000000000e+03
3.768000000000000000e+03
3.843000000000000000e+03
3.768000000000000000e+03
3.794000000000000000e+03
3.834000000000000000e+03
3.745000000000000000e+03
3.795000000000000000e+03
3.836000000000000000e+03
3.825000000000000000e+03
3.789000000000000000e+03
3.742000000000000000e+03
3.710000000000000000e+03
3.865000000000000000e+03
3.702000000000000000e+03
3.767000000000000000e+03
3.749000000000000000e+03
3.773000000000000000e+03
3.786000000000000000e+03
3.708000000000000000e+03
3.667000000000000000e+03
3.667000000000000000e+03
3.722000000000000000e+03
3.688000000000000000e+03
3.677000000000000000e+03
3.706000000000000000e+03
3.703000000000000000e+03
3.649000000000000000e+03
3.697000000000000000e+03
3.690000000000000000e+03
3.680000000000000000e+03
3.635000000000000000e+03
3.730000000000000000e+03
3.683000000000000000e+03
3.649000000000000000e+03
3.676000000000000000e+03
3.570000000000000000e+03
3.616000000000000000e+03
3.606000000000000000e+03
3.639000000000000000e+03
3.676000000000000000e+03
3.592000000000000000e+03
3.589000000000000000e+03
3.613000000000000000e+03
3.579000000000000000e+03
3.597000000000000000e+03
3.517000000000000000e+03
3.566000000000000000e+03
3.526000000000000000e+03
3.619000000000000000e+03
3.611000000000000000e+03
3.558000000000000000e+03
3.581000000000000000e+03
3.445000000000000000e+03
3.463000000000000000e+03
3.554000000000000000e+03
3.561000000000000000e+03
3.494000000000000000e+03
3.590000000000000000e+03
3.459000000000000000e+03
3.537000000000000000e+03
3.523000000000000000e+03
3.520000000000000000e+03
3.508000000000000000e+03
3.443000000000000000e+03
3.435000000000000000e+03
3.423000000000000000e+03
3.445000000000000000e+03
3.445000000000000000e+03
3.459000000000000000e+03
3.443000000000000000e+03
3.587000000000000000e+03
3.446000000000000000e+03
3.442000000000000000e+03
3.403000000000000000e+03
3.370000000000000000e+03
3.399000000000000000e+03
3.401000000000000000e+03
3.396000000000000000e+03
3.395000000000000000e+03
3.444000000000000000e+03
3.362000000000000000e+03
3.302000000000000000e+03
3.377000000000000000e+03
3.322000000000000000e+03
3.376000000000000000e+03
3.353000000000000000e+03
3.297000000000000000e+03
3.399000000000000000e+03
3.369000000000000000e+03
3.293000000000000000e+03
3.251000000000000000e+03
3.299000000000000000e+03
3.303000000000000000e+03
3.319000000000000000e+03
3.359000000000000000e+03
3.267000000000000000e+03
3.250000000000000000e+03
3.270000000000000000e+03
3.299000000000000000e+03
3.251000000000000000e+03
3.262000000000000000e+03
3.269000000000000000e+03
3.196000000000000000e+03
3.262000000000000000e+03
3.198000000000000000e+03
3.177000000000000000e+03
3.139000000000000000e+03
3.176000000000000000e+03
3.192000000000000000e+03
3.192000000000000000e+03
3.154000000000000000e+03
3.166000000000000000e+03
3.172000000000000000e+03
3.204000000000000000e+03
3.148000000000000000e+03
3.152000000000000000e+03
3.068000000000000000e+03
3.140000000000000000e+03
3.048000000000000000e+03
3.068000000000000000e+03
3.100000000000000000e+03
3.041000000000000000e+03
3.005000000000000000e+03
3.052000000000000000e+03
3.093000000000000000e+03
3.048000000000000000e+03
3.018000000000000000e+03
3.010000000000000000e+03
3.037000000000000000e+03
2.935000000000000000e+03
2.996000000000000000e+03
2.977000000000000000e+03
2.936000000000000000e+03
2.947000000000000000e+03
3.002000000000000000e+03
2.949000000000000000e+03
2.954000000000000000e+03
2.921000000000000000e+03
2.946000000000000000e+03
2.933000000000000000e+03
2.882000000000000000e+03
2.857000000000000000e+03
2.858000000000000000e+03
2.873000000000000000e+03
2.830000000000000000e+03
2.777000000000000000e+03
2.723000000000000000e+03
2.804000000000000000e+03
2.810000000000000000e+03
2.741000000000000000e+03
2.751000000000000000e+03
2.763000000000000000e+03
2.664000000000000000e+03
2.725000000000000000e+03
2.639000000000000000e+03
2.635000000000000000e+03
2.687000000000000000e+03
2.680000000000000000e+03
2.691000000000000000e+03
2.726000000000000000e+03
2.642000000000000000e+03
2.610000000000000000e+03
2.612000000000000000e+03
2.707000000000000000e+03
2.628000000000000000e+03
2.609000000000000000e+03
2.597000000000000000e+03
2.569000000000000000e+03
2.555000000000000000e+03
2.580000000000000000e+03
2.619000000000000000e+03
2.571000000000000000e+03
2.547000000000000000e+03
2.538000000000000000e+03
2.537000000000000000e+03
2.571000000000000000e+03
2.450000000000000000e+03
2.514000000000000000e+03
2.489000000000000000e+03
2.430000000000000000e+03
2.510000000000000000e+03
2.433000000000000000e+03
2.449000000000000000e+03
2.462000000000000000e+03
2.436000000000000000e+03
2.444000000000000000e+03
2.459000000000000000e+03
2.399000000000000000e+03
2.424000000000000000e+03
2.452000000000000000e+03
2.413000000000000000e+03
2.386000000000000000e+03
2.414000000000000000e+03
2.345000000000000000e+03
2.349000000000000000e+03
2.438000000000000000e+03
2.457000000000000000e+03
2.369000000000000000e+03
2.423000000000000000e+03
2.311000000000000000e+03
