1.425000000000000000e+03
1.478000000000000000e+03
1.418000000000000000e+03
1.490000000000000000e+03
1.439000000000000000e+03
1.406000000000000000e+03
1.436000000000000000e+03
1.428000000000000000e+03
1.441000000000000000e+03
1.594000000000000000e+03
1.504000000000000000e+03
1.481000000000000000e+03
1.500000000000000000e+03
1.478000000000000000e+03
1.504000000000000000e+03
1.488000000000000000e+03
1.526000000000000000e+03
1.492000000000000000e+03
1.472000000000000000e+03
1.565000000000000000e+03
1.489000000000000000e+03
1.508000000000000000e+03
1.565000000000000000e+03
1.521000000000000000e+03
1.586000000000000000e+03
1.511000000000000000e+03
1.544000000000000000e+03
1.555000000000000000e+03
1.514000000000000000e+03
1.612000000000000000e+03
1.514000000000000000e+03
1.573000000000000000e+03
1.603000000000000000e+03
1.580000000000000000e+03
1.572000000000000000e+03
1.564000000000000000e+03
1.610000000000000000e+03
1.655000000000000000e+03
1.601000000000000000e+03
1.585000000000000000e+03
1.596000000000000000e+03
1.652000000000000000e+03
1.558000000000000000e+03
1.647000000000000000e+03
1.630000000000000000e+03
1.592000000000000000e+03
1.604000000000000000e+03
1.636000000000000000e+03
1.658000000000000000e+03
1.653000000000000000e+03
1.604000000000000000e+03
1.677000000000000000e+03
1.669000000000000000e+03
1.657000000000000000e+03
1.654000000000000000e+03
1.636000000000000000e+03
1.719000000000000000e+03
1.630000000000000000e+03
1.651000000000000000e+03
1.692000000000000000e+03
1.661000000000000000e+03
1.702000000000000000e+03
1.664000000000000000e+03
1.659000000000000000e+03
1.728000000000000000e+03
1.687000000000000000e+03
1.700000000000000000e+03
1.693000000000000000e+03
1.695000000000000000e+03
1.733000000000000000e+03
1.706000000000000000e+03
1.752000000000000000e+03
1.766000000000000000e+03
1.735000000000000000e+03
1.750000000000000000e+03
1.705000000000000000e+03
1.681000000000000000e+03
1.668000000000000000e+03
1.807000000000000000e+03
1.788000000000000000e+03
1.807000000000000000e+03
1.731000000000000000e+03
1.745000000000000000e+03
1.763000000000000000e+03
1.752000000000000000e+03
1.799000000000000000e+03
1.746000000000000000e+03
1.747000000000000000e+03
1.787000000000000000e+03
1.841000000000000000e+03
1.779000000000000000e+03
1.760000000000000000e+03
1.779000000000000000e+03
1.823000000000000000e+03
1.790000000000000000e+03
1.830000000000000000e+03
1.824000000000000000e+03
1.819000000000000000e+03
1.794000000000000000e+03
1.893000000000000000e+03
1.817000000000000000e+03
1.816000000000000000e+03
1.806000000000000000e+03
1.821000000000000000e+03
1.895000000000000000e+03
1.822000000000000000e+03
1.857000000000000000e+03
1.849000000000000000e+03
1.866000000000000000e+03
1.878000000000000000e+03
1.885000000000000000e+03
1.875000000000000000e+03
1.926000000000000000e+03
1.905000000000000000e+03
1.921000000000000000e+03
1.930000000000000000e+03
1.930000000000000000e+03
1.957000000000000000e+03
1.938000000000000000e+03
1.979000000000000000e+03
1.964000000000000000e+03
2.045000000000000000e+03
2.019000000000000000e+03
2.029000000000000000e+03
1.979000000000000000e+03
1.989000000000000000e+03
1.998000000000000000e+03
2.026000000000000000e+03
2.063000000000000000e+03
2.046000000000000000e+03
1.963000000000000000e+03
2.085000000000000000e+03
2.036000000000000000e+03
2.078000000000000000e+03
2.136000000000000000e+03
2.098000000000000000e+03
2.134000000000000000e+03
2.089000000000000000e+03
2.156000000000000000e+03
2.184000000000000000e+03
2.128000000000000000e+03
2.141000000000000000e+03
2.210000000000000000e+03
2.161000000000000000e+03
2.117000000000000000e+03
2.193000000000000000e+03
2.367000000000000000e+03
2.201000000000000000e+03
2.239000000000000000e+03
2.207000000000000000e+03
2.211000000000000000e+03
2.210000000000000000e+03
2.230000000000000000e+03
2.287000000000000000e+03
2.255000000000000000e+03
2.318000000000000000e+03
2.325000000000000000e+03
2.288000000000000000e+03
2.339000000000000000e+03
2.310000000000000000e+03
2.345000000000000000e+03
2.358000000000000000e+03
2.336000000000000000e+03
2.394000000000000000e+03
2.385000000000000000e+03
2.351000000000000000e+03
2.408000000000000000e+03
2.400000000000000000e+03
2.405000000000000000e+03
2.454000000000000000e+03
2.374000000000000000e+03
2.413000000000000000e+03
2.508000000000000000e+03
2.458000000000000000e+03
2.457000000000000000e+03
2.408000000000000000e+03
2.475000000000000000e+03
2.480000000000000000e+03
2.488000000000000000e+03
2.511000000000000000e+03
2.493000000000000000e+03
2.538000000000000000e+03
2.464000000000000000e+03
2.517000000000000000e+03
2.527000000000000000e+03
2.486000000000000000e+03
2.508000000000000000e+03
2.760000000000000000e+03
2.983000000000000000e+03
2.842000000000000000e+03
2.600000000000000000e+03
2.540000000000000000e+03
2.605000000000000000e+03
2.550000000000000000e+03
2.573000000000000000e+03
2.588000000000000000e+03
2.588000000000000000e+03
2.666000000000000000e+03
2.653000000000000000e+03
2.606000000000000000e+03
2.613000000000000000e+03
2.653000000000000000e+03
2.645000000000000000e+03
2.706000000000000000e+03
2.649000000000000000e+03
2.707000000000000000e+03
2.739000000000000000e+03
2.690000000000000000e+03
2.725000000000000000e+03
2.699000000000000000e+03
2.775000000000000000e+03
2.762000000000000000e+03
2.696000000000000000e+03
2.731000000000000000e+03
2.739000000000000000e+03
2.807000000000000000e+03
2.820000000000000000e+03
2.781000000000000000e+03
2.826000000000000000e+03
2.850000000000000000e+03
2.854000000000000000e+03
2.889000000000000000e+03
2.815000000000000000e+03
2.864000000000000000e+03
2.908000000000000000e+03
2.933000000000000000e+03
2.958000000000000000e+03
2.922000000000000000e+03
2.984000000000000000e+03
2.960000000000000000e+03
3.002000000000000000e+03
2.976000000000000000e+03
3.001000000000000000e+03
2.968000000000000000e+03
2.992000000000000000e+03
2.997000000000000000e+03
3.049000000000000000e+03
3.071000000000000000e+03
3.053000000000000000e+03
3.137000000000000000e+03
3.131000000000000000e+03
3.098000000000000000e+03
3.059000000000000000e+03
3.178000000000000000e+03
3.171000000000000000e+03
3.110000000000000000e+03
3.200000000000000000e+03
3.159000000000000000e+03
3.209000000000000000e+03
3.175000000000000000e+03
3.217000000000000000e+03
3.236000000000000000e+03
3.302000000000000000e+03
3.310000000000000000e+03
3.263000000000000000e+03
3.323000000000000000e+03
3.309000000000000000e+03
3.361000000000000000e+03
3.336000000000000000e+03
3.326000000000000000e+03
3.487000000000000000e+03
3.442000000000000000e+03
3.418000000000000000e+03
3.441000000000000000e+03
3.444000000000000000e+03
3.478000000000000000e+03
3.500000000000000000e+03
3.448000000000000000e+03
3.483000000000000000e+03
3.528000000000000000e+03
3.425000000000000000e+03
3.500000000000000000e+03
3.548000000000000000e+03
3.459000000000000000e+03
3.484000000000000000e+03
3.462000000000000000e+03
3.488000000000000000e+03
3.461000000000000000e+03
3.527000000000000000e+03
3.532000000000000000e+03
3.541000000000000000e+03
3.521000000000000000e+03
3.602000000000000000e+03
3.614000000000000000e+03
3.532000000000000000e+03
3.530000000000000000e+03
3.535000000000000000e+03
3.625000000000000000e+03
3.616000000000000000e+03
3.580000000000000000e+03
3.656000000000000000e+03
3.535000000000000000e+03
3.591000000000000000e+03
3.640000000000000000e+03
3.592000000000000000e+03
3.609000000000000000e+03
3.563000000000000000e+03
3.623000000000000000e+03
3.645000000000000000e+03
3.664000000000000000e+03
3.610000000000000000e+03
3.650000000000000000e+03
3.638000000000000000e+03
3.750000000000000000e+03
3.677000000000000000e+03
3.644000000000000000e+03
3.684000000000000000e+03
3.684000000000000000e+03
3.653000000000000000e+03
3.703000000000000000e+03
3.709000000000000000e+03
3.745000000000000000e+03
3.709000000000000000e+03
3.698000000000000000e+03
3.742000000000000000e+03
3.670000000000000000e+03
3.702000000000000000e+03
3.710000000000000000e+03
3.781000000000000000e+03
3.705000000000000000e+03
3.720000000000000000e+03
3.713000000000000000e+03
3.709000000000000000e+03
3.734000000000000000e+03
3.694000000000000000e+03
3.688000000000000000e+03
3.679000000000000000e+03
3.683000000000000000e+03
3.705000000000000000e+03
3.749000000000000000e+03
3.704000000000000000e+03
3.754000000000000000e+03
3.690000000000000000e+03
3.718000000000000000e+03
3.758000000000000000e+03
3.796000000000000000e+03
3.720000000000000000e+03
3.784000000000000000e+03
3.677000000000000000e+03
3.673000000000000000e+03
3.713000000000000000e+03
3.680000000000000000e+03
3.728000000000000000e+03
3.695000000000000000e+03
3.694000000000000000e+03
3.795000000000000000e+03
3.689000000000000000e+03
3.660000000000000000e+03
3.690000000000000000e+03
3.732000000000000000e+03
3.715000000000000000e+03
3.794000000000000000e+03
3.740000000000000000e+03
3.673000000000000000e+03
3.788000000000000000e+03
3.691000000000000000e+03
3.760000000000000000e+03
3.749000000000000000e+03
3.794000000000000000e+03
3.745000000000000000e+03
3.746000000000000000e+03
3.729000000000000000e+03
3.714000000000000000e+03
3.764000000000000000e+03
3.695000000000000000e+03
3.768000000000000000e+03
3.759000000000000000e+03
3.784000000000000000e+03
3.848000000000000000e+03
3.782000000000000000e+03
3.728000000000000000e+03
3.790000000000000000e+03
3.817000000000000000e+03
3.749000000000000000e+03
3.781000000000000000e+03
3.905000000000000000e+03
3.792000000000000000e+03
3.826000000000000000e+03
3.835000000000000000e+03
3.847000000000000000e+03
3.838000000000000000e+03
3.944000000000000000e+03
3.797000000000000000e+03
3.871000000000000000e+03
3.890000000000000000e+03
3.760000000000000000e+03
3.921000000000000000e+03
3.875000000000000000e+03
3.883000000000000000e+03
3.905000000000000000e+03
3.940000000000000000e+03
3.891000000000000000e+03
3.858000000000000000e+03
3.859000000000000000e+03
3.846000000000000000e+03
3.869000000000000000e+03
3.970000000000000000e+03
3.864000000000000000e+03
3.947000000000000000e+03
3.912000000000000000e+03
3.942000000000000000e+03
3.888000000000000000e+03
3.869000000000000000e+03
3.930000000000000000e+03
3.880000000000000000e+03
3.908000000000000000e+03
3.969000000000000000e+03
3.854000000000000000e+03
3.924000000000000000e+03
3.968000000000000000e+03
3.901000000000000000e+03
3.910000000000000000e+03
3.940000000000000000e+03
3.957000000000000000e+03
3.960000000000000000e+03
3.931000000000000000e+03
3.949000000000000000e+03
3.877000000000000000e+03
3.959000000000000000e+03
4.032000000000000000e+03
3.975000000000000000e+03
3.978000000000000000e+03
3.975000000000000000e+03
3.979000000000000000e+03
4.049000000000000000e+03
4.022000000000000000e+03
4.012000000000000000e+03
3.987000000000000000e+03
4.087000000000000000e+03
4.059000000000000000e+03
4.032000000000000000e+03
3.981000000000000000e+03
4.042000000000000000e+03
3.967000000000000000e+03
3.998000000000000000e+03
4.024000000000000000e+03
4.022000000000000000e+03
3.969000000000000000e+03
4.066000000000000000e+03
4.061000000000000000e+03
4.085000000000000000e+03
4.000000000000000000e+03
4.063000000000000000e+03
4.113000000000000000e+03
4.067000000000000000e+03
4.055000000000000000e+03
4.088000000000000000e+03
4.031000000000000000e+03
4.115000000000000000e+03
4.082000000000000000e+03
4.138000000000000000e+03
3.984000000000000000e+03
3.998000000000000000e+03
4.222000000000000000e+03
3.996000000000000000e+03
4.101000000000000000e+03
4.104000000000000000e+03
3.997000000000000000e+03
4.049000000000000000e+03
4.069000000000000000e+03
4.058000000000000000e+03
4.040000000000000000e+03
4.039000000000000000e+03
4.035000000000000000e+03
3.954000000000000000e+03
3.905000000000000000e+03
3.980000000000000000e+03
4.038000000000000000e+03
3.999000000000000000e+03
4.012000000000000000e+03
4.002000000000000000e+03
3.916000000000000000e+03
3.976000000000000000e+03
4.002000000000000000e+03
3.941000000000000000e+03
3.933000000000000000e+03
3.917000000000000000e+03
4.004000000000000000e+03
3.920000000000000000e+03
3.986000000000000000e+03
3.950000000000000000e+03
3.983000000000000000e+03
3.908000000000000000e+03
3.972000000000000000e+03
3.969000000000000000e+03
3.977000000000000000e+03
4.035000000000000000e+03
3.997000000000000000e+03
3.897000000000000000e+03
3.890000000000000000e+03
3.855000000000000000e+03
3.934000000000000000e+03
3.875000000000000000e+03
3.955000000000000000e+03
3.949000000000000000e+03
3.966000000000000000e+03
3.852000000000000000e+03
3.950000000000000000e+03
3.803000000000000000e+03
3.926000000000000000e+03
3.800000000000000000e+03
3.829000000000000000e+03
3.865000000000000000e+03
4.915000000000000000e+03
3.884000000000000000e+03
3.812000000000000000e+03
3.871000000000000000e+03
3.855000000000000000e+03
3.779000000000000000e+03
3.821000000000000000e+03
3.865000000000000000e+03
3.779000000000000000e+03
3.811000000000000000e+03
3.799000000000000000e+03
3.790000000000000000e+03
3.787000000000000000e+03
3.818000000000000000e+03
3.706000000000000000e+03
3.767000000000000000e+03
3.732000000000000000e+03
3.755000000000000000e+03
3.732000000000000000e+03
3.741000000000000000e+03
3.739000000000000000e+03
3.721000000000000000e+03
3.738000000000000000e+03
3.721000000000000000e+03
3.759000000000000000e+03
3.694000000000000000e+03
3.666000000000000000e+03
3.728000000000000000e+03
3.686000000000000000e+03
3.594000000000000000e+03
3.696000000000000000e+03
3.624000000000000000e+03
3.576000000000000000e+03
3.564000000000000000e+03
3.552000000000000000e+03
3.588000000000000000e+03
3.581000000000000000e+03
3.604000000000000000e+03
3.557000000000000000e+03
3.520000000000000000e+03
3.676000000000000000e+03
3.586000000000000000e+03
3.560000000000000000e+03
3.551000000000000000e+03
3.532000000000000000e+03
3.588000000000000000e+03
3.521000000000000000e+03
3.521000000000000000e+03
3.458000000000000000e+03
3.549000000000000000e+03
3.540000000000000000e+03
3.431000000000000000e+03
3.510000000000000000e+03
3.497000000000000000e+03
3.518000000000000000e+03
3.545000000000000000e+03
3.482000000000000000e+03
3.385000000000000000e+03
3.490000000000000000e+03
3.461000000000000000e+03
3.462000000000000000e+03
3.476000000000000000e+03
3.446000000000000000e+03
3.460000000000000000e+03
3.451000000000000000e+03
3.381000000000000000e+03
3.481000000000000000e+03
3.432000000000000000e+03
3.429000000000000000e+03
3.450000000000000000e+03
3.387000000000000000e+03
3.403000000000000000e+03
3.392000000000000000e+03
3.426000000000000000e+03
3.473000000000000000e+03
3.371000000000000000e+03
3.458000000000000000e+03
3.384000000000000000e+03
3.397000000000000000e+03
3.439000000000000000e+03
3.410000000000000000e+03
3.368000000000000000e+03
3.409000000000000000e+03
3.359000000000000000e+03
3.350000000000000000e+03
3.316000000000000000e+03
3.288000000000000000e+03
3.335000000000000000e+03
3.359000000000000000e+03
3.384000000000000000e+03
3.333000000000000000e+03
3.393000000000000000e+03
3.315000000000000000e+03
3.283000000000000000e+03
3.288000000000000000e+03
3.267000000000000000e+03
3.267000000000000000e+03
3.307000000000000000e+03
3.326000000000000000e+03
3.253000000000000000e+03
3.247000000000000000e+03
3.303000000000000000e+03
3.270000000000000000e+03
3.293000000000000000e+03
3.343000000000000000e+03
3.171000000000000000e+03
3.246000000000000000e+03
3.237000000000000000e+03
3.247000000000000000e+03
3.247000000000000000e+03
3.230000000000000000e+03
3.196000000000000000e+03
3.243000000000000000e+03
3.250000000000000000e+03
3.215000000000000000e+03
3.177000000000000000e+03
3.192000000000000000e+03
3.135000000000000000e+03
3.229000000000000000e+03
3.247000000000000000e+03
3.183000000000000000e+03
3.165000000000000000e+03
3.231000000000000000e+03
3.230000000000000000e+03
3.187000000000000000e+03
3.147000000000000000e+03
3.138000000000000000e+03
3.162000000000000000e+03
3.089000000000000000e+03
3.198000000000000000e+03
3.098000000000000000e+03
3.096000000000000000e+03
3.072000000000000000e+03
3.154000000000000000e+03
3.156000000000000000e+03
3.133000000000000000e+03
3.133000000000000000e+03
3.128000000000000000e+03
3.068000000000000000e+03
3.065000000000000000e+03
3.030000000000000000e+03
3.139000000000000000e+03
3.053000000000000000e+03
3.036000000000000000e+03
3.079000000000000000e+03
3.085000000000000000e+03
3.078000000000000000e+03
3.031000000000000000e+03
3.016000000000000000e+03
3.042000000000000000e+03
3.043000000000000000e+03
3.029000000000000000e+03
2.983000000000000000e+03
2.985000000000000000e+03
3.028000000000000000e+03
3.030000000000000000e+03
3.046000000000000000e+03
3.003000000000000000e+03
3.031000000000000000e+03
2.937000000000000000e+03
3.001000000000000000e+03
2.973000000000000000e+03
2.934000000000000000e+03
2.914000000000000000e+03
3.007000000000000000e+03
2.931000000000000000e+03
2.962000000000000000e+03
2.917000000000000000e+03
2.920000000000000000e+03
2.870000000000000000e+03
2.919000000000000000e+03
2.961000000000000000e+03
2.906000000000000000e+03
2.868000000000000000e+03
2.840000000000000000e+03
2.854000000000000000e+03
2.882000000000000000e+03
2.832000000000000000e+03
2.820000000000000000e+03
2.873000000000000000e+03
2.857000000000000000e+03
2.833000000000000000e+03
2.893000000000000000e+03
2.813000000000000000e+03
2.823000000000000000e+03
2.891000000000000000e+03
2.763000000000000000e+03
2.742000000000000000e+03
2.802000000000000000e+03
2.779000000000000000e+03
2.754000000000000000e+03
2.795000000000000000e+03
2.725000000000000000e+03
2.865000000000000000e+03
2.730000000000000000e+03
2.785000000000000000e+03
2.607000000000000000e+03
2.659000000000000000e+03
2.678000000000000000e+03
2.664000000000000000e+03
2.678000000000000000e+03
2.635000000000000000e+03
2.667000000000000000e+03
2.641000000000000000e+03
2.621000000000000000e+03
2.621000000000000000e+03
2.603000000000000000e+03
2.547000000000000000e+03
2.595000000000000000e+03
2.611000000000000000e+03
2.523000000000000000e+03
2.531000000000000000e+03
2.622000000000000000e+03
2.554000000000000000e+03
2.583000000000000000e+03
2.551000000000000000e+03
2.470000000000000000e+03
2.537000000000000000e+03
2.485000000000000000e+03
2.511000000000000000e+03
2.447000000000000000e+03
2.437000000000000000e+03
2.499000000000000000e+03
2.414000000000000000e+03
2.482000000000000000e+03
2.410000000000000000e+03
2.434000000000000000e+03
2.442000000000000000e+03
2.440000000000000000e+03
2.360000000000000000e+03
2.436000000000000000e+03
2.400000000000000000e+03
2.384000000000000000e+03
2.392000000000000000e+03
2.360000000000000000e+03
2.396000000000000000e+03
2.312000000000000000e+03
2.285000000000000000e+03
2.325000000000000000e+03
2.380000000000000000e+03
2.257000000000000000e+03
2.308000000000000000e+03
2.246000000000000000e+03
2.299000000000000000e+03
2.248000000000000000e+03
2.326000000000000000e+03
2.253000000000000000e+03
2.276000000000000000e+03
2.291000000000000000e+03
2.240000000000000000e+03
2.269000000000000000e+03
2.242000000000000000e+03
2.165000000000000000e+03
2.262000000000000000e+03
2.233000000000000000e+03
2.214000000000000000e+03
2.225000000000000000e+03
2.210000000000000000e+03
2.237000000000000000e+03
2.198000000000000000e+03
2.229000000000000000e+03
2.114000000000000000e+03
