1.391000000000000000e+03
1.436000000000000000e+03
1.471000000000000000e+03
1.404000000000000000e+03
1.440000000000000000e+03
1.447000000000000000e+03
1.452000000000000000e+03
1.459000000000000000e+03
1.456000000000000000e+03
1.508000000000000000e+03
1.443000000000000000e+03
1.405000000000000000e+03
1.475000000000000000e+03
1.449000000000000000e+03
1.505000000000000000e+03
1.482000000000000000e+03
1.455000000000000000e+03
1.510000000000000000e+03
1.479000000000000000e+03
1.502000000000000000e+03
1.540000000000000000e+03
1.478000000000000000e+03
1.532000000000000000e+03
1.531000000000000000e+03
1.489000000000000000e+03
1.576000000000000000e+03
1.544000000000000000e+03
1.505000000000000000e+03
1.539000000000000000e+03
1.539000000000000000e+03
1.593000000000000000e+03
1.544000000000000000e+03
1.555000000000000000e+03
1.602000000000000000e+03
1.575000000000000000e+03
1.563000000000000000e+03
1.556000000000000000e+03
1.631000000000000000e+03
1.545000000000000000e+03
1.586000000000000000e+03
1.606000000000000000e+03
1.565000000000000000e+03
1.627000000000000000e+03
1.614000000000000000e+03
1.584000000000000000e+03
1.584000000000000000e+03
1.591000000000000000e+03
1.555000000000000000e+03
1.580000000000000000e+03
1.617000000000000000e+03
1.660000000000000000e+03
1.619000000000000000e+03
1.627000000000000000e+03
1.612000000000000000e+03
1.635000000000000000e+03
1.581000000000000000e+03
1.639000000000000000e+03
1.659000000000000000e+03
1.676000000000000000e+03
1.651000000000000000e+03
1.687000000000000000e+03
1.627000000000000000e+03
1.707000000000000000e+03
1.653000000000000000e+03
1.658000000000000000e+03
1.682000000000000000e+03
1.711000000000000000e+03
1.686000000000000000e+03
1.679000000000000000e+03
1.712000000000000000e+03
1.717000000000000000e+03
1.711000000000000000e+03
1.736000000000000000e+03
1.722000000000000000e+03
1.689000000000000000e+03
1.719000000000000000e+03
1.762000000000000000e+03
1.737000000000000000e+03
1.720000000000000000e+03
1.702000000000000000e+03
1.755000000000000000e+03
1.744000000000000000e+03
1.742000000000000000e+03
1.772000000000000000e+03
1.740000000000000000e+03
1.746000000000000000e+03
1.716000000000000000e+03
1.744000000000000000e+03
1.736000000000000000e+03
1.753000000000000000e+03
1.789000000000000000e+03
1.752000000000000000e+03
1.812000000000000000e+03
1.817000000000000000e+03
1.819000000000000000e+03
1.782000000000000000e+03
1.793000000000000000e+03
1.800000000000000000e+03
1.807000000000000000e+03
1.883000000000000000e+03
1.800000000000000000e+03
1.834000000000000000e+03
1.789000000000000000e+03
1.823000000000000000e+03
1.847000000000000000e+03
1.877000000000000000e+03
1.892000000000000000e+03
1.874000000000000000e+03
1.890000000000000000e+03
1.875000000000000000e+03
1.915000000000000000e+03
1.897000000000000000e+03
1.908000000000000000e+03
1.892000000000000000e+03
1.811000000000000000e+03
1.890000000000000000e+03
2.051000000000000000e+03
1.924000000000000000e+03
1.952000000000000000e+03
1.971000000000000000e+03
1.949000000000000000e+03
1.938000000000000000e+03
2.000000000000000000e+03
2.001000000000000000e+03
2.034000000000000000e+03
1.999000000000000000e+03
2.012000000000000000e+03
1.984000000000000000e+03
1.995000000000000000e+03
2.048000000000000000e+03
2.006000000000000000e+03
2.064000000000000000e+03
2.045000000000000000e+03
2.047000000000000000e+03
2.056000000000000000e+03
2.121000000000000000e+03
2.097000000000000000e+03
2.083000000000000000e+03
2.090000000000000000e+03
2.153000000000000000e+03
2.110000000000000000e+03
2.146000000000000000e+03
2.142000000000000000e+03
2.185000000000000000e+03
2.130000000000000000e+03
2.216000000000000000e+03
2.208000000000000000e+03
2.189000000000000000e+03
2.234000000000000000e+03
2.205000000000000000e+03
2.225000000000000000e+03
2.265000000000000000e+03
2.242000000000000000e+03
2.249000000000000000e+03
2.222000000000000000e+03
2.243000000000000000e+03
2.250000000000000000e+03
2.300000000000000000e+03
2.343000000000000000e+03
2.289000000000000000e+03
2.302000000000000000e+03
2.289000000000000000e+03
2.309000000000000000e+03
2.347000000000000000e+03
2.383000000000000000e+03
2.360000000000000000e+03
2.362000000000000000e+03
2.406000000000000000e+03
2.426000000000000000e+03
2.451000000000000000e+03
2.369000000000000000e+03
2.361000000000000000e+03
2.345000000000000000e+03
2.440000000000000000e+03
2.355000000000000000e+03
2.467000000000000000e+03
2.458000000000000000e+03
2.446000000000000000e+03
2.465000000000000000e+03
2.495000000000000000e+03
2.418000000000000000e+03
2.448000000000000000e+03
2.508000000000000000e+03
2.466000000000000000e+03
2.478000000000000000e+03
2.461000000000000000e+03
2.508000000000000000e+03
2.640000000000000000e+03
3.009000000000000000e+03
2.836000000000000000e+03
2.579000000000000000e+03
2.508000000000000000e+03
2.601000000000000000e+03
2.582000000000000000e+03
2.604000000000000000e+03
2.551000000000000000e+03
2.572000000000000000e+03
2.590000000000000000e+03
2.644000000000000000e+03
2.600000000000000000e+03
2.614000000000000000e+03
2.637000000000000000e+03
2.613000000000000000e+03
2.604000000000000000e+03
2.617000000000000000e+03
2.684000000000000000e+03
2.699000000000000000e+03
2.674000000000000000e+03
2.625000000000000000e+03
2.654000000000000000e+03
2.720000000000000000e+03
2.770000000000000000e+03
2.689000000000000000e+03
2.682000000000000000e+03
2.737000000000000000e+03
2.729000000000000000e+03
2.733000000000000000e+03
2.811000000000000000e+03
2.808000000000000000e+03
2.774000000000000000e+03
2.783000000000000000e+03
2.839000000000000000e+03
2.851000000000000000e+03
2.844000000000000000e+03
2.876000000000000000e+03
2.938000000000000000e+03
2.918000000000000000e+03
2.826000000000000000e+03
2.949000000000000000e+03
2.916000000000000000e+03
2.993000000000000000e+03
2.913000000000000000e+03
2.985000000000000000e+03
2.939000000000000000e+03
3.068000000000000000e+03
3.042000000000000000e+03
3.026000000000000000e+03
2.998000000000000000e+03
3.115000000000000000e+03
2.996000000000000000e+03
3.084000000000000000e+03
3.129000000000000000e+03
3.080000000000000000e+03
3.115000000000000000e+03
3.132000000000000000e+03
3.188000000000000000e+03
3.211000000000000000e+03
3.184000000000000000e+03
3.275000000000000000e+03
3.240000000000000000e+03
3.217000000000000000e+03
3.222000000000000000e+03
3.253000000000000000e+03
3.259000000000000000e+03
3.233000000000000000e+03
3.243000000000000000e+03
3.241000000000000000e+03
3.259000000000000000e+03
3.343000000000000000e+03
3.414000000000000000e+03
3.418000000000000000e+03
3.378000000000000000e+03
3.411000000000000000e+03
3.398000000000000000e+03
3.461000000000000000e+03
3.416000000000000000e+03
3.460000000000000000e+03
3.486000000000000000e+03
3.524000000000000000e+03
3.459000000000000000e+03
3.493000000000000000e+03
3.468000000000000000e+03
3.428000000000000000e+03
3.529000000000000000e+03
3.455000000000000000e+03
3.462000000000000000e+03
3.524000000000000000e+03
3.513000000000000000e+03
3.426000000000000000e+03
3.566000000000000000e+03
3.493000000000000000e+03
3.452000000000000000e+03
3.530000000000000000e+03
3.509000000000000000e+03
3.533000000000000000e+03
3.623000000000000000e+03
3.508000000000000000e+03
3.541000000000000000e+03
3.546000000000000000e+03
3.546000000000000000e+03
3.574000000000000000e+03
3.605000000000000000e+03
3.499000000000000000e+03
3.545000000000000000e+03
3.577000000000000000e+03
3.561000000000000000e+03
3.586000000000000000e+03
3.586000000000000000e+03
3.551000000000000000e+03
3.650000000000000000e+03
3.715000000000000000e+03
3.672000000000000000e+03
3.624000000000000000e+03
3.706000000000000000e+03
3.645000000000000000e+03
3.598000000000000000e+03
3.701000000000000000e+03
3.648000000000000000e+03
3.700000000000000000e+03
3.659000000000000000e+03
3.764000000000000000e+03
3.695000000000000000e+03
3.645000000000000000e+03
3.669000000000000000e+03
3.666000000000000000e+03
3.652000000000000000e+03
3.675000000000000000e+03
3.638000000000000000e+03
3.678000000000000000e+03
3.673000000000000000e+03
3.684000000000000000e+03
3.747000000000000000e+03
3.704000000000000000e+03
3.624000000000000000e+03
3.666000000000000000e+03
3.752000000000000000e+03
3.739000000000000000e+03
3.701000000000000000e+03
3.673000000000000000e+03
3.693000000000000000e+03
3.740000000000000000e+03
3.659000000000000000e+03
3.630000000000000000e+03
3.675000000000000000e+03
3.663000000000000000e+03
3.753000000000000000e+03
3.683000000000000000e+03
3.749000000000000000e+03
3.663000000000000000e+03
3.746000000000000000e+03
3.690000000000000000e+03
3.703000000000000000e+03
3.687000000000000000e+03
3.663000000000000000e+03
3.721000000000000000e+03
3.652000000000000000e+03
3.627000000000000000e+03
3.706000000000000000e+03
3.671000000000000000e+03
3.654000000000000000e+03
3.661000000000000000e+03
3.715000000000000000e+03
3.656000000000000000e+03
3.743000000000000000e+03
3.653000000000000000e+03
3.699000000000000000e+03
3.699000000000000000e+03
3.776000000000000000e+03
3.739000000000000000e+03
3.739000000000000000e+03
3.782000000000000000e+03
3.763000000000000000e+03
3.741000000000000000e+03
3.762000000000000000e+03
3.750000000000000000e+03
3.756000000000000000e+03
3.758000000000000000e+03
3.806000000000000000e+03
3.784000000000000000e+03
3.764000000000000000e+03
3.713000000000000000e+03
3.796000000000000000e+03
3.809000000000000000e+03
3.773000000000000000e+03
3.821000000000000000e+03
3.815000000000000000e+03
3.749000000000000000e+03
3.742000000000000000e+03
3.791000000000000000e+03
3.807000000000000000e+03
3.742000000000000000e+03
3.863000000000000000e+03
3.860000000000000000e+03
3.826000000000000000e+03
3.831000000000000000e+03
3.801000000000000000e+03
3.750000000000000000e+03
3.825000000000000000e+03
3.860000000000000000e+03
3.819000000000000000e+03
3.842000000000000000e+03
3.857000000000000000e+03
3.898000000000000000e+03
3.913000000000000000e+03
3.794000000000000000e+03
3.908000000000000000e+03
3.854000000000000000e+03
3.896000000000000000e+03
3.846000000000000000e+03
3.892000000000000000e+03
3.880000000000000000e+03
3.864000000000000000e+03
3.917000000000000000e+03
3.904000000000000000e+03
3.856000000000000000e+03
3.876000000000000000e+03
3.884000000000000000e+03
3.863000000000000000e+03
3.873000000000000000e+03
3.868000000000000000e+03
3.957000000000000000e+03
3.888000000000000000e+03
3.942000000000000000e+03
3.938000000000000000e+03
3.888000000000000000e+03
3.983000000000000000e+03
3.960000000000000000e+03
3.981000000000000000e+03
3.941000000000000000e+03
3.909000000000000000e+03
4.010000000000000000e+03
3.928000000000000000e+03
3.954000000000000000e+03
3.967000000000000000e+03
3.923000000000000000e+03
3.985000000000000000e+03
3.996000000000000000e+03
4.017000000000000000e+03
3.942000000000000000e+03
3.999000000000000000e+03
3.978000000000000000e+03
3.985000000000000000e+03
4.011000000000000000e+03
4.044000000000000000e+03
4.054000000000000000e+03
3.969000000000000000e+03
3.975000000000000000e+03
4.051000000000000000e+03
4.044000000000000000e+03
4.012000000000000000e+03
4.047000000000000000e+03
3.963000000000000000e+03
4.042000000000000000e+03
4.017000000000000000e+03
4.033000000000000000e+03
4.107000000000000000e+03
3.990000000000000000e+03
4.024000000000000000e+03
4.007000000000000000e+03
4.026000000000000000e+03
3.982000000000000000e+03
4.028000000000000000e+03
3.964000000000000000e+03
4.011000000000000000e+03
4.020000000000000000e+03
4.057000000000000000e+03
4.049000000000000000e+03
4.008000000000000000e+03
4.054000000000000000e+03
3.976000000000000000e+03
4.006000000000000000e+03
4.074000000000000000e+03
4.044000000000000000e+03
4.041000000000000000e+03
3.965000000000000000e+03
4.012000000000000000e+03
3.937000000000000000e+03
3.996000000000000000e+03
4.042000000000000000e+03
3.943000000000000000e+03
4.052000000000000000e+03
3.955000000000000000e+03
4.028000000000000000e+03
4.004000000000000000e+03
3.970000000000000000e+03
4.017000000000000000e+03
3.943000000000000000e+03
4.101000000000000000e+03
3.885000000000000000e+03
3.912000000000000000e+03
3.919000000000000000e+03
3.955000000000000000e+03
3.959000000000000000e+03
3.906000000000000000e+03
4.004000000000000000e+03
3.946000000000000000e+03
3.903000000000000000e+03
4.095000000000000000e+03
3.984000000000000000e+03
3.997000000000000000e+03
3.916000000000000000e+03
3.874000000000000000e+03
3.942000000000000000e+03
3.917000000000000000e+03
3.866000000000000000e+03
3.889000000000000000e+03
3.961000000000000000e+03
3.909000000000000000e+03
3.774000000000000000e+03
3.800000000000000000e+03
3.855000000000000000e+03
3.766000000000000000e+03
3.822000000000000000e+03
3.801000000000000000e+03
3.841000000000000000e+03
3.890000000000000000e+03
3.813000000000000000e+03
3.829000000000000000e+03
3.819000000000000000e+03
3.770000000000000000e+03
3.784000000000000000e+03
3.791000000000000000e+03
3.766000000000000000e+03
3.747000000000000000e+03
3.765000000000000000e+03
3.749000000000000000e+03
3.726000000000000000e+03
3.736000000000000000e+03
3.699000000000000000e+03
3.703000000000000000e+03
3.750000000000000000e+03
3.681000000000000000e+03
3.713000000000000000e+03
3.727000000000000000e+03
3.698000000000000000e+03
3.657000000000000000e+03
3.658000000000000000e+03
3.671000000000000000e+03
3.663000000000000000e+03
3.636000000000000000e+03
3.654000000000000000e+03
3.617000000000000000e+03
3.646000000000000000e+03
3.630000000000000000e+03
3.596000000000000000e+03
3.493000000000000000e+03
3.654000000000000000e+03
3.629000000000000000e+03
3.645000000000000000e+03
3.632000000000000000e+03
3.599000000000000000e+03
3.604000000000000000e+03
3.575000000000000000e+03
3.555000000000000000e+03
3.516000000000000000e+03
3.506000000000000000e+03
3.489000000000000000e+03
3.530000000000000000e+03
3.538000000000000000e+03
3.524000000000000000e+03
3.520000000000000000e+03
3.515000000000000000e+03
3.528000000000000000e+03
3.472000000000000000e+03
3.468000000000000000e+03
3.449000000000000000e+03
3.422000000000000000e+03
3.449000000000000000e+03
3.452000000000000000e+03
3.465000000000000000e+03
3.383000000000000000e+03
3.449000000000000000e+03
3.419000000000000000e+03
3.441000000000000000e+03
3.458000000000000000e+03
3.475000000000000000e+03
3.418000000000000000e+03
3.362000000000000000e+03
3.375000000000000000e+03
3.425000000000000000e+03
3.387000000000000000e+03
3.361000000000000000e+03
3.408000000000000000e+03
3.422000000000000000e+03
3.338000000000000000e+03
3.539000000000000000e+03
3.350000000000000000e+03
3.313000000000000000e+03
3.344000000000000000e+03
3.361000000000000000e+03
3.403000000000000000e+03
3.345000000000000000e+03
3.363000000000000000e+03
3.352000000000000000e+03
3.343000000000000000e+03
3.363000000000000000e+03
3.394000000000000000e+03
3.239000000000000000e+03
3.357000000000000000e+03
3.351000000000000000e+03
3.375000000000000000e+03
3.364000000000000000e+03
3.342000000000000000e+03
3.315000000000000000e+03
3.370000000000000000e+03
3.286000000000000000e+03
3.293000000000000000e+03
3.341000000000000000e+03
3.339000000000000000e+03
3.344000000000000000e+03
3.305000000000000000e+03
3.270000000000000000e+03
3.250000000000000000e+03
3.258000000000000000e+03
3.244000000000000000e+03
3.302000000000000000e+03
3.348000000000000000e+03
3.248000000000000000e+03
3.341000000000000000e+03
3.296000000000000000e+03
3.272000000000000000e+03
3.272000000000000000e+03
3.252000000000000000e+03
3.238000000000000000e+03
3.228000000000000000e+03
3.288000000000000000e+03
3.169000000000000000e+03
3.237000000000000000e+03
3.232000000000000000e+03
3.152000000000000000e+03
3.152000000000000000e+03
3.206000000000000000e+03
3.170000000000000000e+03
3.148000000000000000e+03
3.137000000000000000e+03
3.144000000000000000e+03
3.149000000000000000e+03
3.136000000000000000e+03
3.105000000000000000e+03
3.174000000000000000e+03
3.201000000000000000e+03
3.102000000000000000e+03
3.129000000000000000e+03
3.159000000000000000e+03
3.137000000000000000e+03
3.118000000000000000e+03
3.128000000000000000e+03
3.098000000000000000e+03
3.035000000000000000e+03
3.063000000000000000e+03
3.117000000000000000e+03
3.093000000000000000e+03
3.109000000000000000e+03
3.066000000000000000e+03
3.110000000000000000e+03
3.018000000000000000e+03
3.023000000000000000e+03
3.055000000000000000e+03
3.021000000000000000e+03
2.997000000000000000e+03
3.028000000000000000e+03
2.999000000000000000e+03
3.018000000000000000e+03
3.074000000000000000e+03
3.058000000000000000e+03
3.004000000000000000e+03
3.007000000000000000e+03
2.988000000000000000e+03
3.012000000000000000e+03
2.997000000000000000e+03
2.961000000000000000e+03
3.019000000000000000e+03
2.964000000000000000e+03
2.933000000000000000e+03
2.943000000000000000e+03
2.962000000000000000e+03
3.007000000000000000e+03
2.917000000000000000e+03
2.871000000000000000e+03
2.890000000000000000e+03
2.864000000000000000e+03
2.891000000000000000e+03
2.906000000000000000e+03
2.914000000000000000e+03
2.901000000000000000e+03
2.877000000000000000e+03
2.866000000000000000e+03
2.884000000000000000e+03
2.888000000000000000e+03
2.823000000000000000e+03
2.867000000000000000e+03
2.856000000000000000e+03
2.832000000000000000e+03
2.792000000000000000e+03
2.842000000000000000e+03
2.842000000000000000e+03
2.804000000000000000e+03
2.753000000000000000e+03
2.788000000000000000e+03
2.752000000000000000e+03
2.744000000000000000e+03
2.696000000000000000e+03
2.766000000000000000e+03
2.732000000000000000e+03
2.749000000000000000e+03
2.737000000000000000e+03
2.720000000000000000e+03
2.720000000000000000e+03
2.708000000000000000e+03
2.686000000000000000e+03
2.630000000000000000e+03
2.665000000000000000e+03
2.697000000000000000e+03
2.633000000000000000e+03
2.641000000000000000e+03
2.633000000000000000e+03
2.622000000000000000e+03
2.618000000000000000e+03
2.598000000000000000e+03
2.555000000000000000e+03
2.579000000000000000e+03
2.589000000000000000e+03
2.561000000000000000e+03
2.556000000000000000e+03
2.538000000000000000e+03
2.502000000000000000e+03
2.507000000000000000e+03
2.503000000000000000e+03
2.513000000000000000e+03
2.533000000000000000e+03
2.449000000000000000e+03
2.470000000000000000e+03
2.466000000000000000e+03
2.474000000000000000e+03
2.503000000000000000e+03
2.467000000000000000e+03
2.412000000000000000e+03
2.441000000000000000e+03
2.429000000000000000e+03
2.374000000000000000e+03
2.431000000000000000e+03
2.388000000000000000e+03
2.387000000000000000e+03
2.426000000000000000e+03
2.392000000000000000e+03
2.379000000000000000e+03
2.396000000000000000e+03
2.322000000000000000e+03
2.312000000000000000e+03
2.377000000000000000e+03
2.331000000000000000e+03
2.284000000000000000e+03
2.333000000000000000e+03
2.309000000000000000e+03
2.306000000000000000e+03
2.299000000000000000e+03
2.332000000000000000e+03
2.283000000000000000e+03
2.230000000000000000e+03
2.248000000000000000e+03
2.215000000000000000e+03
2.241000000000000000e+03
2.258000000000000000e+03
2.261000000000000000e+03
2.216000000000000000e+03
2.190000000000000000e+03
2.246000000000000000e+03
2.308000000000000000e+03
2.175000000000000000e+03
2.201000000000000000e+03
2.208000000000000000e+03
2.184000000000000000e+03
2.232000000000000000e+03
2.163000000000000000e+03
2.130000000000000000e+03
