1.736000000000000000e+03
1.764000000000000000e+03
1.793000000000000000e+03
1.759000000000000000e+03
1.803000000000000000e+03
1.796000000000000000e+03
1.801000000000000000e+03
1.851000000000000000e+03
1.843000000000000000e+03
1.846000000000000000e+03
1.828000000000000000e+03
1.867000000000000000e+03
1.842000000000000000e+03
1.867000000000000000e+03
1.848000000000000000e+03
1.865000000000000000e+03
1.878000000000000000e+03
1.905000000000000000e+03
1.947000000000000000e+03
1.917000000000000000e+03
1.898000000000000000e+03
1.912000000000000000e+03
1.938000000000000000e+03
1.942000000000000000e+03
1.954000000000000000e+03
1.965000000000000000e+03
1.965000000000000000e+03
1.908000000000000000e+03
1.981000000000000000e+03
1.905000000000000000e+03
1.971000000000000000e+03
2.007000000000000000e+03
2.037000000000000000e+03
2.023000000000000000e+03
2.002000000000000000e+03
1.998000000000000000e+03
2.027000000000000000e+03
2.011000000000000000e+03
2.014000000000000000e+03
1.996000000000000000e+03
2.025000000000000000e+03
2.039000000000000000e+03
2.074000000000000000e+03
2.113000000000000000e+03
2.061000000000000000e+03
2.043000000000000000e+03
2.082000000000000000e+03
2.072000000000000000e+03
2.102000000000000000e+03
2.055000000000000000e+03
2.118000000000000000e+03
2.108000000000000000e+03
2.100000000000000000e+03
2.100000000000000000e+03
2.126000000000000000e+03
2.088000000000000000e+03
2.124000000000000000e+03
2.128000000000000000e+03
2.140000000000000000e+03
2.045000000000000000e+03
2.165000000000000000e+03
2.124000000000000000e+03
2.185000000000000000e+03
2.164000000000000000e+03
2.155000000000000000e+03
2.223000000000000000e+03
2.152000000000000000e+03
2.146000000000000000e+03
2.189000000000000000e+03
2.150000000000000000e+03
2.250000000000000000e+03
2.184000000000000000e+03
2.193000000000000000e+03
2.175000000000000000e+03
2.252000000000000000e+03
2.180000000000000000e+03
2.240000000000000000e+03
2.267000000000000000e+03
2.227000000000000000e+03
2.313000000000000000e+03
2.220000000000000000e+03
2.300000000000000000e+03
2.270000000000000000e+03
2.303000000000000000e+03
2.258000000000000000e+03
2.312000000000000000e+03
2.296000000000000000e+03
2.328000000000000000e+03
2.291000000000000000e+03
2.312000000000000000e+03
2.316000000000000000e+03
2.364000000000000000e+03
2.317000000000000000e+03
2.390000000000000000e+03
2.433000000000000000e+03
2.324000000000000000e+03
2.329000000000000000e+03
2.379000000000000000e+03
2.376000000000000000e+03
2.350000000000000000e+03
2.476000000000000000e+03
2.355000000000000000e+03
2.442000000000000000e+03
2.420000000000000000e+03
2.453000000000000000e+03
2.497000000000000000e+03
2.403000000000000000e+03
2.604000000000000000e+03
2.497000000000000000e+03
2.486000000000000000e+03
2.519000000000000000e+03
2.494000000000000000e+03
2.533000000000000000e+03
2.587000000000000000e+03
2.597000000000000000e+03
2.510000000000000000e+03
2.536000000000000000e+03
2.599000000000000000e+03
2.567000000000000000e+03
2.594000000000000000e+03
2.664000000000000000e+03
2.669000000000000000e+03
2.638000000000000000e+03
2.655000000000000000e+03
2.656000000000000000e+03
2.721000000000000000e+03
2.735000000000000000e+03
2.661000000000000000e+03
2.734000000000000000e+03
2.765000000000000000e+03
2.795000000000000000e+03
2.778000000000000000e+03
2.766000000000000000e+03
2.785000000000000000e+03
2.735000000000000000e+03
2.818000000000000000e+03
2.852000000000000000e+03
2.849000000000000000e+03
2.854000000000000000e+03
2.862000000000000000e+03
2.920000000000000000e+03
2.921000000000000000e+03
2.946000000000000000e+03
2.832000000000000000e+03
2.936000000000000000e+03
2.985000000000000000e+03
2.930000000000000000e+03
3.025000000000000000e+03
2.957000000000000000e+03
3.029000000000000000e+03
3.015000000000000000e+03
2.993000000000000000e+03
2.975000000000000000e+03
3.050000000000000000e+03
3.131000000000000000e+03
3.091000000000000000e+03
3.087000000000000000e+03
3.110000000000000000e+03
3.097000000000000000e+03
3.083000000000000000e+03
3.063000000000000000e+03
3.134000000000000000e+03
3.149000000000000000e+03
3.186000000000000000e+03
3.191000000000000000e+03
3.190000000000000000e+03
3.176000000000000000e+03
3.150000000000000000e+03
3.169000000000000000e+03
3.263000000000000000e+03
3.180000000000000000e+03
3.248000000000000000e+03
3.249000000000000000e+03
3.250000000000000000e+03
3.258000000000000000e+03
3.193000000000000000e+03
3.240000000000000000e+03
3.274000000000000000e+03
3.276000000000000000e+03
3.364000000000000000e+03
3.318000000000000000e+03
3.244000000000000000e+03
3.429000000000000000e+03
3.888000000000000000e+03
3.748000000000000000e+03
3.433000000000000000e+03
3.313000000000000000e+03
3.314000000000000000e+03
3.324000000000000000e+03
3.353000000000000000e+03
3.387000000000000000e+03
3.399000000000000000e+03
3.432000000000000000e+03
3.357000000000000000e+03
3.395000000000000000e+03
3.463000000000000000e+03
3.454000000000000000e+03
3.489000000000000000e+03
3.466000000000000000e+03
3.491000000000000000e+03
3.479000000000000000e+03
3.509000000000000000e+03
3.502000000000000000e+03
3.448000000000000000e+03
3.554000000000000000e+03
3.563000000000000000e+03
3.595000000000000000e+03
3.652000000000000000e+03
3.644000000000000000e+03
3.584000000000000000e+03
3.658000000000000000e+03
3.766000000000000000e+03
3.737000000000000000e+03
3.729000000000000000e+03
3.732000000000000000e+03
3.681000000000000000e+03
3.765000000000000000e+03
3.763000000000000000e+03
3.723000000000000000e+03
3.781000000000000000e+03
3.855000000000000000e+03
3.854000000000000000e+03
3.923000000000000000e+03
3.838000000000000000e+03
3.890000000000000000e+03
3.887000000000000000e+03
3.876000000000000000e+03
3.963000000000000000e+03
4.016000000000000000e+03
3.961000000000000000e+03
3.931000000000000000e+03
3.932000000000000000e+03
4.022000000000000000e+03
4.028000000000000000e+03
3.983000000000000000e+03
4.163000000000000000e+03
4.049000000000000000e+03
4.141000000000000000e+03
4.101000000000000000e+03
4.122000000000000000e+03
4.155000000000000000e+03
4.135000000000000000e+03
4.246000000000000000e+03
4.187000000000000000e+03
4.189000000000000000e+03
4.310000000000000000e+03
4.266000000000000000e+03
4.257000000000000000e+03
4.267000000000000000e+03
4.263000000000000000e+03
4.321000000000000000e+03
4.380000000000000000e+03
4.283000000000000000e+03
4.382000000000000000e+03
4.466000000000000000e+03
4.407000000000000000e+03
4.501000000000000000e+03
4.431000000000000000e+03
4.420000000000000000e+03
4.417000000000000000e+03
4.507000000000000000e+03
4.510000000000000000e+03
4.443000000000000000e+03
4.481000000000000000e+03
4.507000000000000000e+03
4.491000000000000000e+03
4.533000000000000000e+03
4.478000000000000000e+03
4.519000000000000000e+03
4.571000000000000000e+03
4.499000000000000000e+03
4.558000000000000000e+03
4.517000000000000000e+03
4.579000000000000000e+03
4.534000000000000000e+03
4.611000000000000000e+03
4.608000000000000000e+03
4.534000000000000000e+03
4.558000000000000000e+03
4.645000000000000000e+03
4.646000000000000000e+03
4.556000000000000000e+03
4.641000000000000000e+03
4.565000000000000000e+03
4.722000000000000000e+03
4.629000000000000000e+03
4.712000000000000000e+03
4.678000000000000000e+03
4.675000000000000000e+03
4.600000000000000000e+03
4.762000000000000000e+03
4.729000000000000000e+03
4.701000000000000000e+03
4.686000000000000000e+03
4.753000000000000000e+03
4.749000000000000000e+03
4.771000000000000000e+03
4.779000000000000000e+03
4.705000000000000000e+03
4.754000000000000000e+03
4.835000000000000000e+03
4.770000000000000000e+03
4.791000000000000000e+03
4.806000000000000000e+03
4.712000000000000000e+03
4.834000000000000000e+03
4.789000000000000000e+03
4.838000000000000000e+03
4.824000000000000000e+03
4.748000000000000000e+03
4.800000000000000000e+03
4.739000000000000000e+03
4.861000000000000000e+03
4.852000000000000000e+03
4.836000000000000000e+03
4.736000000000000000e+03
4.786000000000000000e+03
4.906000000000000000e+03
4.837000000000000000e+03
4.776000000000000000e+03
4.868000000000000000e+03
4.793000000000000000e+03
4.860000000000000000e+03
4.902000000000000000e+03
4.892000000000000000e+03
4.964000000000000000e+03
4.803000000000000000e+03
4.840000000000000000e+03
4.821000000000000000e+03
4.784000000000000000e+03
4.865000000000000000e+03
4.999000000000000000e+03
4.837000000000000000e+03
4.906000000000000000e+03
4.896000000000000000e+03
4.898000000000000000e+03
4.850000000000000000e+03
4.886000000000000000e+03
4.913000000000000000e+03
4.845000000000000000e+03
4.841000000000000000e+03
4.844000000000000000e+03
4.852000000000000000e+03
4.859000000000000000e+03
4.927000000000000000e+03
4.907000000000000000e+03
4.841000000000000000e+03
4.876000000000000000e+03
4.942000000000000000e+03
4.934000000000000000e+03
4.875000000000000000e+03
4.878000000000000000e+03
4.929000000000000000e+03
4.905000000000000000e+03
4.877000000000000000e+03
4.939000000000000000e+03
4.973000000000000000e+03
4.947000000000000000e+03
5.018000000000000000e+03
4.954000000000000000e+03
4.926000000000000000e+03
4.975000000000000000e+03
4.939000000000000000e+03
4.992000000000000000e+03
4.913000000000000000e+03
4.929000000000000000e+03
4.959000000000000000e+03
4.946000000000000000e+03
4.989000000000000000e+03
5.035000000000000000e+03
5.010000000000000000e+03
5.003000000000000000e+03
5.016000000000000000e+03
5.011000000000000000e+03
5.002000000000000000e+03
5.012000000000000000e+03
5.070000000000000000e+03
4.968000000000000000e+03
5.042000000000000000e+03
5.092000000000000000e+03
5.040000000000000000e+03
5.104000000000000000e+03
5.132000000000000000e+03
5.105000000000000000e+03
5.101000000000000000e+03
5.133000000000000000e+03
5.001000000000000000e+03
5.029000000000000000e+03
5.114000000000000000e+03
5.083000000000000000e+03
5.019000000000000000e+03
5.142000000000000000e+03
5.146000000000000000e+03
5.093000000000000000e+03
5.078000000000000000e+03
5.155000000000000000e+03
5.073000000000000000e+03
5.093000000000000000e+03
5.207000000000000000e+03
5.060000000000000000e+03
5.098000000000000000e+03
5.118000000000000000e+03
5.127000000000000000e+03
5.087000000000000000e+03
5.209000000000000000e+03
5.092000000000000000e+03
5.104000000000000000e+03
5.190000000000000000e+03
5.146000000000000000e+03
5.122000000000000000e+03
5.112000000000000000e+03
5.252000000000000000e+03
5.120000000000000000e+03
5.153000000000000000e+03
5.152000000000000000e+03
5.104000000000000000e+03
5.212000000000000000e+03
5.181000000000000000e+03
5.190000000000000000e+03
5.253000000000000000e+03
5.233000000000000000e+03
5.216000000000000000e+03
5.315000000000000000e+03
5.277000000000000000e+03
5.239000000000000000e+03
5.262000000000000000e+03
5.208000000000000000e+03
5.243000000000000000e+03
5.190000000000000000e+03
5.234000000000000000e+03
5.196000000000000000e+03
5.217000000000000000e+03
5.271000000000000000e+03
5.177000000000000000e+03
5.364000000000000000e+03
5.256000000000000000e+03
5.262000000000000000e+03
5.299000000000000000e+03
5.238000000000000000e+03
5.209000000000000000e+03
5.252000000000000000e+03
5.229000000000000000e+03
5.183000000000000000e+03
5.253000000000000000e+03
5.259000000000000000e+03
5.245000000000000000e+03
5.166000000000000000e+03
5.259000000000000000e+03
5.275000000000000000e+03
5.270000000000000000e+03
5.286000000000000000e+03
5.360000000000000000e+03
5.262000000000000000e+03
5.219000000000000000e+03
5.305000000000000000e+03
5.289000000000000000e+03
5.249000000000000000e+03
5.217000000000000000e+03
5.219000000000000000e+03
5.282000000000000000e+03
5.226000000000000000e+03
5.222000000000000000e+03
5.262000000000000000e+03
5.215000000000000000e+03
5.228000000000000000e+03
5.253000000000000000e+03
5.205000000000000000e+03
5.180000000000000000e+03
5.251000000000000000e+03
5.185000000000000000e+03
5.266000000000000000e+03
5.162000000000000000e+03
5.045000000000000000e+03
5.206000000000000000e+03
5.219000000000000000e+03
5.144000000000000000e+03
5.185000000000000000e+03
5.194000000000000000e+03
5.192000000000000000e+03
5.147000000000000000e+03
5.156000000000000000e+03
5.074000000000000000e+03
5.117000000000000000e+03
5.140000000000000000e+03
5.187000000000000000e+03
5.160000000000000000e+03
5.125000000000000000e+03
5.030000000000000000e+03
5.088000000000000000e+03
5.030000000000000000e+03
5.088000000000000000e+03
5.034000000000000000e+03
5.105000000000000000e+03
5.088000000000000000e+03
5.060000000000000000e+03
5.124000000000000000e+03
4.997000000000000000e+03
5.030000000000000000e+03
5.105000000000000000e+03
5.037000000000000000e+03
5.029000000000000000e+03
5.043000000000000000e+03
5.024000000000000000e+03
4.922000000000000000e+03
4.951000000000000000e+03
5.035000000000000000e+03
4.971000000000000000e+03
4.937000000000000000e+03
4.932000000000000000e+03
4.923000000000000000e+03
4.950000000000000000e+03
4.886000000000000000e+03
4.926000000000000000e+03
4.985000000000000000e+03
4.815000000000000000e+03
4.857000000000000000e+03
4.924000000000000000e+03
4.929000000000000000e+03
4.774000000000000000e+03
4.835000000000000000e+03
4.926000000000000000e+03
4.848000000000000000e+03
4.882000000000000000e+03
4.808000000000000000e+03
4.818000000000000000e+03
4.716000000000000000e+03
4.788000000000000000e+03
4.797000000000000000e+03
4.753000000000000000e+03
4.828000000000000000e+03
4.693000000000000000e+03
4.829000000000000000e+03
4.766000000000000000e+03
4.766000000000000000e+03
4.713000000000000000e+03
4.755000000000000000e+03
4.727000000000000000e+03
4.708000000000000000e+03
4.705000000000000000e+03
4.667000000000000000e+03
4.658000000000000000e+03
4.750000000000000000e+03
4.837000000000000000e+03
4.643000000000000000e+03
4.702000000000000000e+03
4.596000000000000000e+03
4.604000000000000000e+03
4.615000000000000000e+03
4.591000000000000000e+03
4.621000000000000000e+03
4.560000000000000000e+03
4.644000000000000000e+03
4.647000000000000000e+03
4.598000000000000000e+03
4.547000000000000000e+03
4.577000000000000000e+03
4.476000000000000000e+03
4.642000000000000000e+03
4.532000000000000000e+03
4.618000000000000000e+03
4.546000000000000000e+03
4.552000000000000000e+03
4.557000000000000000e+03
4.600000000000000000e+03
4.600000000000000000e+03
4.564000000000000000e+03
4.521000000000000000e+03
4.546000000000000000e+03
4.528000000000000000e+03
4.452000000000000000e+03
4.461000000000000000e+03
4.587000000000000000e+03
4.500000000000000000e+03
4.501000000000000000e+03
4.505000000000000000e+03
4.495000000000000000e+03
4.434000000000000000e+03
4.437000000000000000e+03
4.446000000000000000e+03
4.454000000000000000e+03
4.403000000000000000e+03
4.481000000000000000e+03
4.459000000000000000e+03
4.352000000000000000e+03
4.448000000000000000e+03
4.434000000000000000e+03
4.435000000000000000e+03
4.506000000000000000e+03
4.421000000000000000e+03
4.480000000000000000e+03
4.297000000000000000e+03
4.335000000000000000e+03
4.425000000000000000e+03
4.358000000000000000e+03
4.360000000000000000e+03
4.339000000000000000e+03
4.294000000000000000e+03
4.375000000000000000e+03
4.281000000000000000e+03
4.316000000000000000e+03
4.331000000000000000e+03
4.380000000000000000e+03
4.294000000000000000e+03
4.354000000000000000e+03
4.257000000000000000e+03
4.338000000000000000e+03
4.280000000000000000e+03
4.381000000000000000e+03
4.345000000000000000e+03
4.295000000000000000e+03
4.256000000000000000e+03
4.205000000000000000e+03
4.230000000000000000e+03
4.238000000000000000e+03
4.214000000000000000e+03
4.220000000000000000e+03
4.186000000000000000e+03
4.292000000000000000e+03
4.177000000000000000e+03
4.213000000000000000e+03
4.212000000000000000e+03
4.172000000000000000e+03
4.205000000000000000e+03
4.158000000000000000e+03
4.191000000000000000e+03
4.169000000000000000e+03
4.157000000000000000e+03
4.158000000000000000e+03
4.140000000000000000e+03
4.083000000000000000e+03
4.159000000000000000e+03
4.143000000000000000e+03
4.117000000000000000e+03
4.133000000000000000e+03
4.147000000000000000e+03
4.086000000000000000e+03
4.131000000000000000e+03
4.082000000000000000e+03
4.111000000000000000e+03
4.078000000000000000e+03
4.053000000000000000e+03
4.002000000000000000e+03
4.041000000000000000e+03
4.019000000000000000e+03
4.040000000000000000e+03
4.054000000000000000e+03
4.008000000000000000e+03
4.022000000000000000e+03
4.035000000000000000e+03
3.908000000000000000e+03
3.984000000000000000e+03
3.937000000000000000e+03
3.909000000000000000e+03
3.963000000000000000e+03
4.009000000000000000e+03
3.917000000000000000e+03
3.943000000000000000e+03
3.911000000000000000e+03
3.835000000000000000e+03
3.931000000000000000e+03
3.938000000000000000e+03
3.923000000000000000e+03
3.906000000000000000e+03
3.874000000000000000e+03
3.866000000000000000e+03
3.776000000000000000e+03
3.791000000000000000e+03
3.792000000000000000e+03
3.880000000000000000e+03
3.804000000000000000e+03
3.861000000000000000e+03
3.851000000000000000e+03
3.757000000000000000e+03
3.757000000000000000e+03
3.756000000000000000e+03
3.750000000000000000e+03
3.759000000000000000e+03
3.702000000000000000e+03
3.758000000000000000e+03
3.665000000000000000e+03
3.684000000000000000e+03
3.654000000000000000e+03
3.649000000000000000e+03
3.656000000000000000e+03
3.610000000000000000e+03
3.668000000000000000e+03
3.656000000000000000e+03
3.599000000000000000e+03
3.649000000000000000e+03
3.509000000000000000e+03
3.624000000000000000e+03
3.529000000000000000e+03
3.542000000000000000e+03
3.567000000000000000e+03
3.486000000000000000e+03
3.484000000000000000e+03
3.519000000000000000e+03
3.484000000000000000e+03
3.510000000000000000e+03
3.452000000000000000e+03
3.537000000000000000e+03
3.442000000000000000e+03
3.457000000000000000e+03
3.368000000000000000e+03
3.328000000000000000e+03
3.362000000000000000e+03
3.361000000000000000e+03
3.430000000000000000e+03
3.213000000000000000e+03
3.328000000000000000e+03
3.301000000000000000e+03
3.362000000000000000e+03
3.376000000000000000e+03
3.315000000000000000e+03
3.264000000000000000e+03
3.235000000000000000e+03
3.241000000000000000e+03
3.245000000000000000e+03
3.263000000000000000e+03
3.204000000000000000e+03
3.190000000000000000e+03
3.231000000000000000e+03
3.227000000000000000e+03
3.199000000000000000e+03
3.160000000000000000e+03
3.141000000000000000e+03
3.122000000000000000e+03
3.126000000000000000e+03
3.102000000000000000e+03
3.089000000000000000e+03
3.087000000000000000e+03
3.056000000000000000e+03
3.064000000000000000e+03
3.129000000000000000e+03
3.087000000000000000e+03
3.038000000000000000e+03
3.020000000000000000e+03
2.948000000000000000e+03
3.018000000000000000e+03
3.107000000000000000e+03
2.988000000000000000e+03
2.960000000000000000e+03
2.949000000000000000e+03
2.980000000000000000e+03
2.983000000000000000e+03
2.924000000000000000e+03
2.932000000000000000e+03
2.923000000000000000e+03
2.884000000000000000e+03
2.911000000000000000e+03
2.953000000000000000e+03
2.841000000000000000e+03
2.906000000000000000e+03
2.860000000000000000e+03
2.911000000000000000e+03
2.934000000000000000e+03
2.915000000000000000e+03
2.824000000000000000e+03
2.824000000000000000e+03
2.811000000000000000e+03
2.881000000000000000e+03
2.819000000000000000e+03
2.792000000000000000e+03
2.836000000000000000e+03
2.743000000000000000e+03
