1.387000000000000000e+03
1.442000000000000000e+03
1.435000000000000000e+03
1.428000000000000000e+03
1.406000000000000000e+03
1.415000000000000000e+03
1.457000000000000000e+03
1.455000000000000000e+03
1.477000000000000000e+03
1.508000000000000000e+03
1.442000000000000000e+03
1.435000000000000000e+03
1.458000000000000000e+03
1.422000000000000000e+03
1.480000000000000000e+03
1.472000000000000000e+03
1.567000000000000000e+03
1.480000000000000000e+03
1.489000000000000000e+03
1.504000000000000000e+03
1.496000000000000000e+03
1.507000000000000000e+03
1.508000000000000000e+03
1.571000000000000000e+03
1.521000000000000000e+03
1.536000000000000000e+03
1.566000000000000000e+03
1.541000000000000000e+03
1.571000000000000000e+03
1.535000000000000000e+03
1.549000000000000000e+03
1.637000000000000000e+03
1.535000000000000000e+03
1.531000000000000000e+03
1.550000000000000000e+03
1.550000000000000000e+03
1.559000000000000000e+03
1.559000000000000000e+03
1.567000000000000000e+03
1.556000000000000000e+03
1.604000000000000000e+03
1.603000000000000000e+03
1.663000000000000000e+03
1.602000000000000000e+03
1.652000000000000000e+03
1.592000000000000000e+03
1.590000000000000000e+03
1.611000000000000000e+03
1.636000000000000000e+03
1.656000000000000000e+03
1.632000000000000000e+03
1.613000000000000000e+03
1.642000000000000000e+03
1.580000000000000000e+03
1.661000000000000000e+03
1.680000000000000000e+03
1.682000000000000000e+03
1.625000000000000000e+03
1.696000000000000000e+03
1.671000000000000000e+03
1.692000000000000000e+03
1.752000000000000000e+03
1.655000000000000000e+03
1.692000000000000000e+03
1.643000000000000000e+03
1.656000000000000000e+03
1.764000000000000000e+03
1.675000000000000000e+03
1.649000000000000000e+03
1.735000000000000000e+03
1.700000000000000000e+03
1.732000000000000000e+03
1.707000000000000000e+03
1.683000000000000000e+03
1.751000000000000000e+03
1.740000000000000000e+03
1.689000000000000000e+03
1.726000000000000000e+03
1.739000000000000000e+03
1.751000000000000000e+03
1.713000000000000000e+03
1.710000000000000000e+03
1.769000000000000000e+03
1.714000000000000000e+03
1.754000000000000000e+03
1.694000000000000000e+03
1.781000000000000000e+03
1.762000000000000000e+03
1.729000000000000000e+03
1.781000000000000000e+03
1.865000000000000000e+03
1.778000000000000000e+03
1.777000000000000000e+03
1.787000000000000000e+03
1.818000000000000000e+03
1.830000000000000000e+03
1.832000000000000000e+03
1.798000000000000000e+03
1.802000000000000000e+03
1.812000000000000000e+03
1.781000000000000000e+03
1.812000000000000000e+03
1.801000000000000000e+03
1.809000000000000000e+03
1.872000000000000000e+03
1.831000000000000000e+03
1.892000000000000000e+03
1.846000000000000000e+03
1.878000000000000000e+03
1.917000000000000000e+03
1.875000000000000000e+03
1.848000000000000000e+03
1.932000000000000000e+03
1.965000000000000000e+03
1.890000000000000000e+03
1.902000000000000000e+03
1.940000000000000000e+03
1.968000000000000000e+03
1.930000000000000000e+03
1.985000000000000000e+03
1.965000000000000000e+03
1.953000000000000000e+03
1.976000000000000000e+03
2.036000000000000000e+03
2.022000000000000000e+03
1.990000000000000000e+03
1.979000000000000000e+03
2.016000000000000000e+03
2.028000000000000000e+03
1.996000000000000000e+03
2.076000000000000000e+03
2.035000000000000000e+03
2.069000000000000000e+03
2.061000000000000000e+03
2.049000000000000000e+03
2.125000000000000000e+03
2.118000000000000000e+03
2.130000000000000000e+03
2.123000000000000000e+03
2.103000000000000000e+03
2.151000000000000000e+03
2.140000000000000000e+03
2.136000000000000000e+03
2.162000000000000000e+03
2.182000000000000000e+03
2.178000000000000000e+03
2.220000000000000000e+03
2.205000000000000000e+03
2.209000000000000000e+03
2.241000000000000000e+03
2.232000000000000000e+03
2.289000000000000000e+03
2.254000000000000000e+03
2.283000000000000000e+03
2.290000000000000000e+03
2.385000000000000000e+03
2.315000000000000000e+03
2.256000000000000000e+03
2.291000000000000000e+03
2.345000000000000000e+03
2.326000000000000000e+03
2.306000000000000000e+03
2.364000000000000000e+03
2.314000000000000000e+03
2.362000000000000000e+03
2.340000000000000000e+03
2.317000000000000000e+03
2.401000000000000000e+03
2.389000000000000000e+03
2.348000000000000000e+03
2.492000000000000000e+03
2.358000000000000000e+03
2.402000000000000000e+03
2.450000000000000000e+03
2.380000000000000000e+03
2.457000000000000000e+03
2.480000000000000000e+03
2.425000000000000000e+03
2.465000000000000000e+03
2.477000000000000000e+03
2.511000000000000000e+03
2.417000000000000000e+03
2.454000000000000000e+03
2.475000000000000000e+03
2.539000000000000000e+03
2.515000000000000000e+03
2.522000000000000000e+03
2.704000000000000000e+03
3.026000000000000000e+03
2.883000000000000000e+03
2.647000000000000000e+03
2.540000000000000000e+03
2.577000000000000000e+03
2.501000000000000000e+03
2.563000000000000000e+03
2.514000000000000000e+03
2.576000000000000000e+03
2.574000000000000000e+03
2.679000000000000000e+03
2.611000000000000000e+03
2.604000000000000000e+03
2.640000000000000000e+03
2.653000000000000000e+03
2.606000000000000000e+03
2.666000000000000000e+03
2.697000000000000000e+03
2.624000000000000000e+03
2.695000000000000000e+03
2.733000000000000000e+03
2.648000000000000000e+03
2.707000000000000000e+03
2.728000000000000000e+03
2.683000000000000000e+03
2.646000000000000000e+03
2.752000000000000000e+03
2.811000000000000000e+03
2.741000000000000000e+03
2.834000000000000000e+03
2.793000000000000000e+03
2.829000000000000000e+03
2.927000000000000000e+03
2.822000000000000000e+03
2.832000000000000000e+03
2.863000000000000000e+03
2.870000000000000000e+03
2.907000000000000000e+03
2.872000000000000000e+03
2.936000000000000000e+03
2.890000000000000000e+03
2.993000000000000000e+03
2.958000000000000000e+03
2.977000000000000000e+03
2.957000000000000000e+03
2.996000000000000000e+03
3.058000000000000000e+03
3.045000000000000000e+03
3.027000000000000000e+03
3.038000000000000000e+03
3.028000000000000000e+03
3.144000000000000000e+03
3.074000000000000000e+03
3.134000000000000000e+03
3.149000000000000000e+03
3.224000000000000000e+03
3.204000000000000000e+03
3.221000000000000000e+03
3.205000000000000000e+03
3.219000000000000000e+03
3.193000000000000000e+03
3.260000000000000000e+03
3.231000000000000000e+03
3.290000000000000000e+03
3.207000000000000000e+03
3.238000000000000000e+03
3.364000000000000000e+03
3.290000000000000000e+03
3.292000000000000000e+03
3.302000000000000000e+03
3.245000000000000000e+03
3.377000000000000000e+03
3.444000000000000000e+03
3.437000000000000000e+03
3.380000000000000000e+03
3.387000000000000000e+03
3.466000000000000000e+03
3.465000000000000000e+03
3.418000000000000000e+03
3.444000000000000000e+03
3.454000000000000000e+03
3.501000000000000000e+03
3.454000000000000000e+03
3.460000000000000000e+03
3.489000000000000000e+03
3.496000000000000000e+03
3.431000000000000000e+03
3.481000000000000000e+03
3.525000000000000000e+03
3.563000000000000000e+03
3.528000000000000000e+03
3.522000000000000000e+03
3.458000000000000000e+03
3.467000000000000000e+03
3.547000000000000000e+03
3.512000000000000000e+03
3.553000000000000000e+03
3.548000000000000000e+03
3.542000000000000000e+03
3.550000000000000000e+03
3.616000000000000000e+03
3.583000000000000000e+03
3.512000000000000000e+03
3.577000000000000000e+03
3.612000000000000000e+03
3.613000000000000000e+03
3.571000000000000000e+03
3.613000000000000000e+03
3.606000000000000000e+03
3.621000000000000000e+03
3.542000000000000000e+03
3.654000000000000000e+03
3.647000000000000000e+03
3.632000000000000000e+03
3.658000000000000000e+03
3.668000000000000000e+03
3.661000000000000000e+03
3.631000000000000000e+03
3.744000000000000000e+03
3.649000000000000000e+03
3.636000000000000000e+03
3.614000000000000000e+03
3.686000000000000000e+03
3.669000000000000000e+03
3.631000000000000000e+03
3.689000000000000000e+03
3.685000000000000000e+03
3.752000000000000000e+03
3.635000000000000000e+03
3.714000000000000000e+03
3.710000000000000000e+03
3.695000000000000000e+03
3.708000000000000000e+03
3.667000000000000000e+03
3.685000000000000000e+03
3.745000000000000000e+03
3.742000000000000000e+03
3.789000000000000000e+03
3.670000000000000000e+03
3.763000000000000000e+03
3.762000000000000000e+03
3.692000000000000000e+03
3.755000000000000000e+03
3.641000000000000000e+03
3.710000000000000000e+03
3.764000000000000000e+03
3.684000000000000000e+03
3.631000000000000000e+03
3.726000000000000000e+03
3.700000000000000000e+03
3.773000000000000000e+03
3.696000000000000000e+03
3.711000000000000000e+03
3.629000000000000000e+03
3.753000000000000000e+03
3.614000000000000000e+03
3.673000000000000000e+03
3.718000000000000000e+03
3.730000000000000000e+03
3.703000000000000000e+03
3.720000000000000000e+03
3.723000000000000000e+03
3.657000000000000000e+03
3.781000000000000000e+03
3.743000000000000000e+03
3.780000000000000000e+03
3.650000000000000000e+03
3.647000000000000000e+03
3.682000000000000000e+03
3.719000000000000000e+03
3.700000000000000000e+03
3.653000000000000000e+03
3.703000000000000000e+03
3.661000000000000000e+03
3.738000000000000000e+03
3.721000000000000000e+03
3.754000000000000000e+03
3.746000000000000000e+03
3.723000000000000000e+03
3.880000000000000000e+03
3.719000000000000000e+03
3.793000000000000000e+03
3.697000000000000000e+03
3.810000000000000000e+03
3.789000000000000000e+03
3.754000000000000000e+03
3.786000000000000000e+03
3.751000000000000000e+03
3.772000000000000000e+03
3.722000000000000000e+03
3.784000000000000000e+03
3.769000000000000000e+03
3.822000000000000000e+03
3.813000000000000000e+03
3.789000000000000000e+03
3.817000000000000000e+03
3.835000000000000000e+03
3.865000000000000000e+03
3.851000000000000000e+03
3.810000000000000000e+03
3.891000000000000000e+03
3.898000000000000000e+03
3.871000000000000000e+03
3.827000000000000000e+03
3.857000000000000000e+03
3.847000000000000000e+03
3.869000000000000000e+03
3.911000000000000000e+03
3.854000000000000000e+03
3.899000000000000000e+03
3.866000000000000000e+03
3.891000000000000000e+03
3.823000000000000000e+03
3.845000000000000000e+03
3.890000000000000000e+03
3.864000000000000000e+03
3.963000000000000000e+03
3.935000000000000000e+03
3.830000000000000000e+03
3.881000000000000000e+03
3.885000000000000000e+03
3.850000000000000000e+03
3.923000000000000000e+03
3.901000000000000000e+03
3.931000000000000000e+03
3.923000000000000000e+03
3.920000000000000000e+03
3.919000000000000000e+03
3.915000000000000000e+03
3.878000000000000000e+03
3.951000000000000000e+03
3.953000000000000000e+03
3.962000000000000000e+03
3.974000000000000000e+03
3.989000000000000000e+03
4.047000000000000000e+03
4.022000000000000000e+03
4.021000000000000000e+03
3.969000000000000000e+03
4.023000000000000000e+03
3.958000000000000000e+03
4.013000000000000000e+03
4.003000000000000000e+03
4.015000000000000000e+03
4.023000000000000000e+03
3.949000000000000000e+03
3.926000000000000000e+03
3.971000000000000000e+03
4.027000000000000000e+03
4.018000000000000000e+03
4.035000000000000000e+03
4.044000000000000000e+03
4.030000000000000000e+03
4.027000000000000000e+03
3.961000000000000000e+03
4.054000000000000000e+03
4.037000000000000000e+03
4.012000000000000000e+03
4.003000000000000000e+03
4.035000000000000000e+03
4.028000000000000000e+03
4.118000000000000000e+03
3.993000000000000000e+03
4.078000000000000000e+03
4.018000000000000000e+03
3.996000000000000000e+03
4.004000000000000000e+03
4.014000000000000000e+03
3.996000000000000000e+03
4.044000000000000000e+03
4.048000000000000000e+03
4.057000000000000000e+03
4.044000000000000000e+03
4.000000000000000000e+03
4.108000000000000000e+03
4.056000000000000000e+03
4.063000000000000000e+03
4.061000000000000000e+03
3.964000000000000000e+03
4.017000000000000000e+03
3.968000000000000000e+03
4.062000000000000000e+03
3.970000000000000000e+03
4.032000000000000000e+03
4.054000000000000000e+03
3.949000000000000000e+03
4.229000000000000000e+03
3.936000000000000000e+03
3.960000000000000000e+03
3.940000000000000000e+03
3.959000000000000000e+03
3.963000000000000000e+03
3.965000000000000000e+03
3.968000000000000000e+03
3.960000000000000000e+03
3.942000000000000000e+03
3.890000000000000000e+03
3.875000000000000000e+03
3.949000000000000000e+03
3.913000000000000000e+03
3.984000000000000000e+03
3.945000000000000000e+03
3.955000000000000000e+03
3.959000000000000000e+03
3.867000000000000000e+03
3.884000000000000000e+03
3.938000000000000000e+03
3.906000000000000000e+03
3.875000000000000000e+03
3.963000000000000000e+03
3.848000000000000000e+03
3.881000000000000000e+03
3.792000000000000000e+03
3.879000000000000000e+03
3.854000000000000000e+03
3.856000000000000000e+03
3.843000000000000000e+03
3.872000000000000000e+03
3.851000000000000000e+03
3.800000000000000000e+03
3.805000000000000000e+03
3.766000000000000000e+03
3.824000000000000000e+03
3.839000000000000000e+03
3.776000000000000000e+03
3.771000000000000000e+03
3.705000000000000000e+03
3.752000000000000000e+03
3.779000000000000000e+03
3.709000000000000000e+03
3.739000000000000000e+03
3.678000000000000000e+03
3.692000000000000000e+03
3.715000000000000000e+03
3.734000000000000000e+03
3.763000000000000000e+03
3.701000000000000000e+03
3.653000000000000000e+03
3.663000000000000000e+03
3.632000000000000000e+03
3.674000000000000000e+03
3.703000000000000000e+03
3.611000000000000000e+03
3.634000000000000000e+03
3.700000000000000000e+03
3.677000000000000000e+03
3.555000000000000000e+03
3.639000000000000000e+03
3.589000000000000000e+03
3.564000000000000000e+03
3.583000000000000000e+03
3.599000000000000000e+03
3.547000000000000000e+03
3.519000000000000000e+03
3.533000000000000000e+03
3.503000000000000000e+03
3.566000000000000000e+03
3.502000000000000000e+03
3.599000000000000000e+03
3.631000000000000000e+03
3.598000000000000000e+03
3.585000000000000000e+03
3.569000000000000000e+03
3.510000000000000000e+03
3.506000000000000000e+03
3.576000000000000000e+03
3.514000000000000000e+03
3.542000000000000000e+03
3.497000000000000000e+03
3.457000000000000000e+03
3.532000000000000000e+03
3.485000000000000000e+03
3.489000000000000000e+03
3.490000000000000000e+03
3.450000000000000000e+03
3.521000000000000000e+03
3.370000000000000000e+03
3.462000000000000000e+03
3.429000000000000000e+03
3.436000000000000000e+03
3.422000000000000000e+03
3.424000000000000000e+03
3.421000000000000000e+03
3.442000000000000000e+03
3.424000000000000000e+03
3.392000000000000000e+03
3.468000000000000000e+03
3.378000000000000000e+03
3.465000000000000000e+03
3.377000000000000000e+03
3.369000000000000000e+03
3.456000000000000000e+03
3.476000000000000000e+03
3.387000000000000000e+03
3.350000000000000000e+03
3.331000000000000000e+03
3.413000000000000000e+03
3.416000000000000000e+03
3.350000000000000000e+03
3.388000000000000000e+03
3.382000000000000000e+03
3.275000000000000000e+03
3.317000000000000000e+03
3.348000000000000000e+03
3.340000000000000000e+03
3.240000000000000000e+03
3.411000000000000000e+03
3.370000000000000000e+03
3.365000000000000000e+03
3.328000000000000000e+03
3.341000000000000000e+03
3.362000000000000000e+03
3.325000000000000000e+03
3.323000000000000000e+03
3.324000000000000000e+03
3.407000000000000000e+03
3.304000000000000000e+03
3.263000000000000000e+03
3.223000000000000000e+03
3.329000000000000000e+03
3.323000000000000000e+03
3.277000000000000000e+03
3.270000000000000000e+03
3.246000000000000000e+03
3.182000000000000000e+03
3.199000000000000000e+03
3.242000000000000000e+03
3.236000000000000000e+03
3.252000000000000000e+03
3.201000000000000000e+03
3.175000000000000000e+03
3.248000000000000000e+03
3.196000000000000000e+03
3.273000000000000000e+03
3.191000000000000000e+03
3.194000000000000000e+03
3.156000000000000000e+03
3.209000000000000000e+03
3.254000000000000000e+03
3.099000000000000000e+03
3.205000000000000000e+03
3.133000000000000000e+03
3.171000000000000000e+03
3.189000000000000000e+03
3.139000000000000000e+03
3.103000000000000000e+03
3.135000000000000000e+03
3.090000000000000000e+03
3.078000000000000000e+03
3.134000000000000000e+03
3.126000000000000000e+03
3.119000000000000000e+03
3.125000000000000000e+03
3.073000000000000000e+03
3.089000000000000000e+03
3.097000000000000000e+03
3.030000000000000000e+03
3.070000000000000000e+03
3.075000000000000000e+03
3.086000000000000000e+03
3.079000000000000000e+03
3.172000000000000000e+03
3.044000000000000000e+03
3.054000000000000000e+03
3.024000000000000000e+03
3.030000000000000000e+03
3.068000000000000000e+03
3.048000000000000000e+03
2.988000000000000000e+03
2.968000000000000000e+03
3.020000000000000000e+03
3.000000000000000000e+03
3.061000000000000000e+03
2.973000000000000000e+03
2.977000000000000000e+03
2.968000000000000000e+03
2.969000000000000000e+03
2.963000000000000000e+03
2.938000000000000000e+03
2.951000000000000000e+03
2.965000000000000000e+03
2.943000000000000000e+03
2.962000000000000000e+03
2.901000000000000000e+03
2.874000000000000000e+03
2.958000000000000000e+03
2.934000000000000000e+03
2.913000000000000000e+03
2.863000000000000000e+03
2.853000000000000000e+03
2.872000000000000000e+03
2.808000000000000000e+03
2.790000000000000000e+03
2.867000000000000000e+03
2.899000000000000000e+03
2.869000000000000000e+03
2.820000000000000000e+03
2.865000000000000000e+03
2.719000000000000000e+03
2.754000000000000000e+03
2.746000000000000000e+03
2.745000000000000000e+03
2.738000000000000000e+03
2.799000000000000000e+03
2.801000000000000000e+03
2.692000000000000000e+03
2.703000000000000000e+03
2.716000000000000000e+03
2.718000000000000000e+03
2.726000000000000000e+03
2.741000000000000000e+03
2.671000000000000000e+03
2.660000000000000000e+03
2.609000000000000000e+03
2.649000000000000000e+03
2.671000000000000000e+03
2.622000000000000000e+03
2.588000000000000000e+03
2.627000000000000000e+03
2.626000000000000000e+03
2.594000000000000000e+03
2.556000000000000000e+03
2.580000000000000000e+03
2.558000000000000000e+03
2.569000000000000000e+03
2.509000000000000000e+03
2.624000000000000000e+03
2.548000000000000000e+03
2.577000000000000000e+03
2.530000000000000000e+03
2.587000000000000000e+03
2.465000000000000000e+03
2.493000000000000000e+03
2.442000000000000000e+03
2.440000000000000000e+03
2.511000000000000000e+03
2.414000000000000000e+03
2.443000000000000000e+03
2.465000000000000000e+03
2.476000000000000000e+03
2.447000000000000000e+03
2.412000000000000000e+03
2.723000000000000000e+03
2.375000000000000000e+03
2.409000000000000000e+03
2.374000000000000000e+03
2.352000000000000000e+03
2.322000000000000000e+03
2.347000000000000000e+03
2.302000000000000000e+03
2.428000000000000000e+03
2.336000000000000000e+03
2.381000000000000000e+03
2.302000000000000000e+03
2.305000000000000000e+03
2.305000000000000000e+03
2.372000000000000000e+03
2.299000000000000000e+03
2.332000000000000000e+03
2.239000000000000000e+03
2.303000000000000000e+03
2.269000000000000000e+03
2.259000000000000000e+03
2.261000000000000000e+03
2.402000000000000000e+03
2.283000000000000000e+03
2.222000000000000000e+03
2.194000000000000000e+03
2.295000000000000000e+03
2.300000000000000000e+03
2.179000000000000000e+03
2.264000000000000000e+03
2.201000000000000000e+03
2.171000000000000000e+03
2.261000000000000000e+03
2.150000000000000000e+03
2.136000000000000000e+03
