1.515000000000000000e+03
1.505000000000000000e+03
1.514000000000000000e+03
3.155000000000000000e+03
1.548000000000000000e+03
1.583000000000000000e+03
1.603000000000000000e+03
1.633000000000000000e+03
1.559000000000000000e+03
1.557000000000000000e+03
1.599000000000000000e+03
1.623000000000000000e+03
1.654000000000000000e+03
1.627000000000000000e+03
1.634000000000000000e+03
1.634000000000000000e+03
1.583000000000000000e+03
1.601000000000000000e+03
1.630000000000000000e+03
1.664000000000000000e+03
1.629000000000000000e+03
1.591000000000000000e+03
1.634000000000000000e+03
1.645000000000000000e+03
1.712000000000000000e+03
1.686000000000000000e+03
1.675000000000000000e+03
1.681000000000000000e+03
1.678000000000000000e+03
1.704000000000000000e+03
1.693000000000000000e+03
1.690000000000000000e+03
1.702000000000000000e+03
1.685000000000000000e+03
1.708000000000000000e+03
1.738000000000000000e+03
1.729000000000000000e+03
1.745000000000000000e+03
1.762000000000000000e+03
1.716000000000000000e+03
1.720000000000000000e+03
1.742000000000000000e+03
1.738000000000000000e+03
1.713000000000000000e+03
1.777000000000000000e+03
1.764000000000000000e+03
1.753000000000000000e+03
1.804000000000000000e+03
1.786000000000000000e+03
1.790000000000000000e+03
1.765000000000000000e+03
1.770000000000000000e+03
1.756000000000000000e+03
1.772000000000000000e+03
1.765000000000000000e+03
1.818000000000000000e+03
1.865000000000000000e+03
1.812000000000000000e+03
1.812000000000000000e+03
1.846000000000000000e+03
1.837000000000000000e+03
1.814000000000000000e+03
1.760000000000000000e+03
1.860000000000000000e+03
1.845000000000000000e+03
1.823000000000000000e+03
1.861000000000000000e+03
1.888000000000000000e+03
1.873000000000000000e+03
1.883000000000000000e+03
1.855000000000000000e+03
1.851000000000000000e+03
1.880000000000000000e+03
1.858000000000000000e+03
1.878000000000000000e+03
1.886000000000000000e+03
1.843000000000000000e+03
1.909000000000000000e+03
1.917000000000000000e+03
1.905000000000000000e+03
1.868000000000000000e+03
1.915000000000000000e+03
1.914000000000000000e+03
1.899000000000000000e+03
1.866000000000000000e+03
1.908000000000000000e+03
1.926000000000000000e+03
1.917000000000000000e+03
1.927000000000000000e+03
1.924000000000000000e+03
1.941000000000000000e+03
1.949000000000000000e+03
1.959000000000000000e+03
1.963000000000000000e+03
1.989000000000000000e+03
2.015000000000000000e+03
1.979000000000000000e+03
2.018000000000000000e+03
2.010000000000000000e+03
2.002000000000000000e+03
1.967000000000000000e+03
2.014000000000000000e+03
1.980000000000000000e+03
2.017000000000000000e+03
2.004000000000000000e+03
2.019000000000000000e+03
2.025000000000000000e+03
2.033000000000000000e+03
2.091000000000000000e+03
2.064000000000000000e+03
2.090000000000000000e+03
2.094000000000000000e+03
2.094000000000000000e+03
2.114000000000000000e+03
2.113000000000000000e+03
2.092000000000000000e+03
2.104000000000000000e+03
2.165000000000000000e+03
2.176000000000000000e+03
2.146000000000000000e+03
2.137000000000000000e+03
2.160000000000000000e+03
2.255000000000000000e+03
2.148000000000000000e+03
2.197000000000000000e+03
2.199000000000000000e+03
2.245000000000000000e+03
2.174000000000000000e+03
2.241000000000000000e+03
2.234000000000000000e+03
2.286000000000000000e+03
2.259000000000000000e+03
2.312000000000000000e+03
2.350000000000000000e+03
2.304000000000000000e+03
2.329000000000000000e+03
2.315000000000000000e+03
2.293000000000000000e+03
2.308000000000000000e+03
2.369000000000000000e+03
2.382000000000000000e+03
2.371000000000000000e+03
2.439000000000000000e+03
2.453000000000000000e+03
2.354000000000000000e+03
2.489000000000000000e+03
2.422000000000000000e+03
2.434000000000000000e+03
2.490000000000000000e+03
2.464000000000000000e+03
2.414000000000000000e+03
2.512000000000000000e+03
2.525000000000000000e+03
2.496000000000000000e+03
2.541000000000000000e+03
2.508000000000000000e+03
2.528000000000000000e+03
2.526000000000000000e+03
2.521000000000000000e+03
2.591000000000000000e+03
2.508000000000000000e+03
2.529000000000000000e+03
2.613000000000000000e+03
2.583000000000000000e+03
2.555000000000000000e+03
2.612000000000000000e+03
2.587000000000000000e+03
2.591000000000000000e+03
2.642000000000000000e+03
2.614000000000000000e+03
2.705000000000000000e+03
2.631000000000000000e+03
2.671000000000000000e+03
2.600000000000000000e+03
2.648000000000000000e+03
2.726000000000000000e+03
2.671000000000000000e+03
2.718000000000000000e+03
2.733000000000000000e+03
2.705000000000000000e+03
2.729000000000000000e+03
2.662000000000000000e+03
2.764000000000000000e+03
2.763000000000000000e+03
2.706000000000000000e+03
2.743000000000000000e+03
3.101000000000000000e+03
3.256000000000000000e+03
2.935000000000000000e+03
2.837000000000000000e+03
2.763000000000000000e+03
2.807000000000000000e+03
2.769000000000000000e+03
2.826000000000000000e+03
2.834000000000000000e+03
2.787000000000000000e+03
2.782000000000000000e+03
2.814000000000000000e+03
2.956000000000000000e+03
2.801000000000000000e+03
2.875000000000000000e+03
2.840000000000000000e+03
2.856000000000000000e+03
2.949000000000000000e+03
2.966000000000000000e+03
2.962000000000000000e+03
2.900000000000000000e+03
3.057000000000000000e+03
2.926000000000000000e+03
3.041000000000000000e+03
2.957000000000000000e+03
3.044000000000000000e+03
2.998000000000000000e+03
3.121000000000000000e+03
3.018000000000000000e+03
3.018000000000000000e+03
3.089000000000000000e+03
3.084000000000000000e+03
3.099000000000000000e+03
3.116000000000000000e+03
3.040000000000000000e+03
3.194000000000000000e+03
3.161000000000000000e+03
3.191000000000000000e+03
3.240000000000000000e+03
3.157000000000000000e+03
3.192000000000000000e+03
3.363000000000000000e+03
3.295000000000000000e+03
3.265000000000000000e+03
3.238000000000000000e+03
3.316000000000000000e+03
3.287000000000000000e+03
3.299000000000000000e+03
3.310000000000000000e+03
3.389000000000000000e+03
3.404000000000000000e+03
3.519000000000000000e+03
3.387000000000000000e+03
3.357000000000000000e+03
3.422000000000000000e+03
3.421000000000000000e+03
3.458000000000000000e+03
3.430000000000000000e+03
3.486000000000000000e+03
3.509000000000000000e+03
3.519000000000000000e+03
3.544000000000000000e+03
3.549000000000000000e+03
3.564000000000000000e+03
3.538000000000000000e+03
3.562000000000000000e+03
3.520000000000000000e+03
3.614000000000000000e+03
3.600000000000000000e+03
3.621000000000000000e+03
3.689000000000000000e+03
3.600000000000000000e+03
3.713000000000000000e+03
3.812000000000000000e+03
3.794000000000000000e+03
3.670000000000000000e+03
3.700000000000000000e+03
3.810000000000000000e+03
3.852000000000000000e+03
3.733000000000000000e+03
3.744000000000000000e+03
3.749000000000000000e+03
3.700000000000000000e+03
3.789000000000000000e+03
3.787000000000000000e+03
3.772000000000000000e+03
3.710000000000000000e+03
3.785000000000000000e+03
3.815000000000000000e+03
3.851000000000000000e+03
3.756000000000000000e+03
3.840000000000000000e+03
3.810000000000000000e+03
3.835000000000000000e+03
3.870000000000000000e+03
3.872000000000000000e+03
3.868000000000000000e+03
3.872000000000000000e+03
3.867000000000000000e+03
3.957000000000000000e+03
3.913000000000000000e+03
3.896000000000000000e+03
3.844000000000000000e+03
3.894000000000000000e+03
3.934000000000000000e+03
3.915000000000000000e+03
3.912000000000000000e+03
3.917000000000000000e+03
3.909000000000000000e+03
3.904000000000000000e+03
3.954000000000000000e+03
3.940000000000000000e+03
3.966000000000000000e+03
3.970000000000000000e+03
3.992000000000000000e+03
3.969000000000000000e+03
3.913000000000000000e+03
3.957000000000000000e+03
3.953000000000000000e+03
3.964000000000000000e+03
4.086000000000000000e+03
4.026000000000000000e+03
3.963000000000000000e+03
4.058000000000000000e+03
3.940000000000000000e+03
3.977000000000000000e+03
3.965000000000000000e+03
3.991000000000000000e+03
3.992000000000000000e+03
4.064000000000000000e+03
4.007000000000000000e+03
3.987000000000000000e+03
4.026000000000000000e+03
4.077000000000000000e+03
4.096000000000000000e+03
4.059000000000000000e+03
4.070000000000000000e+03
3.997000000000000000e+03
3.986000000000000000e+03
4.121000000000000000e+03
4.023000000000000000e+03
4.080000000000000000e+03
4.047000000000000000e+03
3.997000000000000000e+03
4.027000000000000000e+03
3.978000000000000000e+03
4.052000000000000000e+03
4.031000000000000000e+03
4.031000000000000000e+03
4.087000000000000000e+03
4.045000000000000000e+03
4.085000000000000000e+03
4.015000000000000000e+03
4.054000000000000000e+03
4.086000000000000000e+03
4.063000000000000000e+03
4.106000000000000000e+03
4.015000000000000000e+03
4.085000000000000000e+03
4.065000000000000000e+03
4.019000000000000000e+03
4.092000000000000000e+03
4.071000000000000000e+03
3.990000000000000000e+03
4.038000000000000000e+03
4.091000000000000000e+03
4.153000000000000000e+03
4.082000000000000000e+03
4.105000000000000000e+03
4.121000000000000000e+03
4.163000000000000000e+03
4.158000000000000000e+03
4.157000000000000000e+03
4.139000000000000000e+03
4.126000000000000000e+03
4.047000000000000000e+03
4.185000000000000000e+03
4.202000000000000000e+03
4.130000000000000000e+03
4.176000000000000000e+03
4.070000000000000000e+03
4.119000000000000000e+03
4.156000000000000000e+03
4.204000000000000000e+03
4.077000000000000000e+03
4.204000000000000000e+03
4.227000000000000000e+03
4.173000000000000000e+03
4.237000000000000000e+03
4.202000000000000000e+03
4.157000000000000000e+03
4.199000000000000000e+03
4.211000000000000000e+03
4.191000000000000000e+03
4.189000000000000000e+03
4.211000000000000000e+03
4.298000000000000000e+03
4.247000000000000000e+03
4.227000000000000000e+03
4.339000000000000000e+03
4.339000000000000000e+03
4.265000000000000000e+03
4.298000000000000000e+03
4.330000000000000000e+03
4.258000000000000000e+03
4.319000000000000000e+03
4.182000000000000000e+03
4.345000000000000000e+03
4.348000000000000000e+03
4.388000000000000000e+03
4.326000000000000000e+03
4.304000000000000000e+03
4.398000000000000000e+03
4.276000000000000000e+03
4.373000000000000000e+03
4.248000000000000000e+03
4.300000000000000000e+03
4.297000000000000000e+03
4.324000000000000000e+03
4.338000000000000000e+03
4.301000000000000000e+03
4.333000000000000000e+03
4.294000000000000000e+03
4.353000000000000000e+03
4.277000000000000000e+03
4.358000000000000000e+03
4.395000000000000000e+03
4.348000000000000000e+03
4.375000000000000000e+03
4.410000000000000000e+03
4.384000000000000000e+03
4.386000000000000000e+03
4.348000000000000000e+03
4.351000000000000000e+03
4.349000000000000000e+03
4.409000000000000000e+03
4.436000000000000000e+03
4.396000000000000000e+03
4.418000000000000000e+03
4.390000000000000000e+03
4.423000000000000000e+03
4.413000000000000000e+03
4.468000000000000000e+03
4.400000000000000000e+03
4.448000000000000000e+03
4.462000000000000000e+03
4.390000000000000000e+03
4.457000000000000000e+03
4.452000000000000000e+03
4.416000000000000000e+03
4.432000000000000000e+03
4.468000000000000000e+03
4.455000000000000000e+03
4.456000000000000000e+03
4.453000000000000000e+03
4.496000000000000000e+03
4.445000000000000000e+03
4.378000000000000000e+03
4.452000000000000000e+03
4.427000000000000000e+03
4.456000000000000000e+03
4.455000000000000000e+03
4.452000000000000000e+03
4.469000000000000000e+03
4.454000000000000000e+03
4.484000000000000000e+03
4.451000000000000000e+03
4.429000000000000000e+03
4.463000000000000000e+03
4.476000000000000000e+03
4.464000000000000000e+03
4.414000000000000000e+03
4.478000000000000000e+03
4.447000000000000000e+03
4.521000000000000000e+03
4.437000000000000000e+03
4.428000000000000000e+03
4.449000000000000000e+03
4.466000000000000000e+03
4.362000000000000000e+03
4.446000000000000000e+03
4.400000000000000000e+03
4.439000000000000000e+03
4.429000000000000000e+03
4.388000000000000000e+03
4.460000000000000000e+03
4.369000000000000000e+03
4.475000000000000000e+03
4.478000000000000000e+03
4.368000000000000000e+03
4.444000000000000000e+03
4.350000000000000000e+03
4.294000000000000000e+03
4.328000000000000000e+03
4.369000000000000000e+03
4.345000000000000000e+03
4.353000000000000000e+03
4.376000000000000000e+03
4.333000000000000000e+03
4.303000000000000000e+03
4.370000000000000000e+03
4.314000000000000000e+03
4.345000000000000000e+03
4.311000000000000000e+03
4.283000000000000000e+03
4.396000000000000000e+03
4.256000000000000000e+03
4.335000000000000000e+03
4.290000000000000000e+03
4.267000000000000000e+03
4.236000000000000000e+03
4.300000000000000000e+03
4.287000000000000000e+03
4.245000000000000000e+03
4.183000000000000000e+03
4.252000000000000000e+03
4.220000000000000000e+03
4.190000000000000000e+03
4.307000000000000000e+03
4.314000000000000000e+03
4.192000000000000000e+03
4.257000000000000000e+03
4.265000000000000000e+03
4.234000000000000000e+03
4.153000000000000000e+03
4.212000000000000000e+03
4.123000000000000000e+03
4.215000000000000000e+03
4.244000000000000000e+03
4.159000000000000000e+03
4.120000000000000000e+03
4.183000000000000000e+03
4.099000000000000000e+03
4.117000000000000000e+03
4.075000000000000000e+03
4.136000000000000000e+03
4.114000000000000000e+03
4.115000000000000000e+03
4.058000000000000000e+03
3.974000000000000000e+03
4.052000000000000000e+03
4.069000000000000000e+03
3.995000000000000000e+03
4.032000000000000000e+03
4.088000000000000000e+03
4.016000000000000000e+03
4.062000000000000000e+03
4.054000000000000000e+03
3.977000000000000000e+03
3.988000000000000000e+03
3.985000000000000000e+03
3.893000000000000000e+03
3.956000000000000000e+03
3.974000000000000000e+03
3.949000000000000000e+03
3.915000000000000000e+03
3.994000000000000000e+03
3.933000000000000000e+03
3.925000000000000000e+03
3.882000000000000000e+03
3.938000000000000000e+03
3.920000000000000000e+03
3.926000000000000000e+03
3.935000000000000000e+03
3.909000000000000000e+03
3.861000000000000000e+03
3.881000000000000000e+03
3.849000000000000000e+03
3.818000000000000000e+03
3.854000000000000000e+03
3.854000000000000000e+03
3.891000000000000000e+03
3.835000000000000000e+03
3.824000000000000000e+03
3.836000000000000000e+03
3.797000000000000000e+03
3.874000000000000000e+03
3.779000000000000000e+03
3.812000000000000000e+03
3.824000000000000000e+03
3.827000000000000000e+03
3.789000000000000000e+03
3.766000000000000000e+03
3.833000000000000000e+03
3.776000000000000000e+03
3.819000000000000000e+03
3.782000000000000000e+03
3.825000000000000000e+03
3.759000000000000000e+03
3.772000000000000000e+03
3.735000000000000000e+03
3.777000000000000000e+03
3.730000000000000000e+03
3.722000000000000000e+03
3.700000000000000000e+03
3.763000000000000000e+03
3.738000000000000000e+03
3.700000000000000000e+03
3.672000000000000000e+03
3.713000000000000000e+03
3.754000000000000000e+03
3.709000000000000000e+03
3.633000000000000000e+03
3.757000000000000000e+03
3.694000000000000000e+03
3.649000000000000000e+03
3.695000000000000000e+03
3.667000000000000000e+03
3.631000000000000000e+03
3.680000000000000000e+03
3.647000000000000000e+03
3.678000000000000000e+03
3.686000000000000000e+03
3.663000000000000000e+03
3.653000000000000000e+03
3.722000000000000000e+03
3.645000000000000000e+03
3.608000000000000000e+03
3.575000000000000000e+03
3.658000000000000000e+03
3.608000000000000000e+03
3.666000000000000000e+03
3.597000000000000000e+03
3.515000000000000000e+03
3.624000000000000000e+03
3.572000000000000000e+03
3.537000000000000000e+03
3.534000000000000000e+03
3.546000000000000000e+03
3.604000000000000000e+03
3.484000000000000000e+03
3.526000000000000000e+03
3.504000000000000000e+03
3.544000000000000000e+03
3.505000000000000000e+03
3.504000000000000000e+03
3.561000000000000000e+03
3.492000000000000000e+03
3.528000000000000000e+03
3.523000000000000000e+03
3.433000000000000000e+03
3.526000000000000000e+03
3.416000000000000000e+03
3.441000000000000000e+03
3.499000000000000000e+03
3.499000000000000000e+03
3.428000000000000000e+03
3.465000000000000000e+03
3.443000000000000000e+03
3.439000000000000000e+03
3.486000000000000000e+03
3.413000000000000000e+03
3.370000000000000000e+03
3.411000000000000000e+03
3.426000000000000000e+03
3.365000000000000000e+03
3.374000000000000000e+03
3.453000000000000000e+03
3.398000000000000000e+03
3.388000000000000000e+03
3.330000000000000000e+03
3.360000000000000000e+03
3.283000000000000000e+03
3.345000000000000000e+03
3.336000000000000000e+03
3.353000000000000000e+03
3.256000000000000000e+03
3.331000000000000000e+03
3.295000000000000000e+03
3.344000000000000000e+03
3.287000000000000000e+03
3.316000000000000000e+03
3.318000000000000000e+03
3.359000000000000000e+03
3.320000000000000000e+03
3.383000000000000000e+03
3.273000000000000000e+03
3.229000000000000000e+03
3.255000000000000000e+03
3.288000000000000000e+03
3.271000000000000000e+03
3.250000000000000000e+03
3.294000000000000000e+03
3.146000000000000000e+03
3.165000000000000000e+03
3.199000000000000000e+03
3.205000000000000000e+03
3.141000000000000000e+03
3.221000000000000000e+03
3.178000000000000000e+03
3.243000000000000000e+03
3.134000000000000000e+03
3.118000000000000000e+03
3.127000000000000000e+03
3.137000000000000000e+03
3.126000000000000000e+03
3.080000000000000000e+03
3.076000000000000000e+03
3.034000000000000000e+03
3.055000000000000000e+03
3.084000000000000000e+03
3.028000000000000000e+03
3.117000000000000000e+03
3.024000000000000000e+03
3.039000000000000000e+03
3.065000000000000000e+03
2.985000000000000000e+03
3.006000000000000000e+03
2.956000000000000000e+03
3.019000000000000000e+03
2.978000000000000000e+03
3.026000000000000000e+03
2.937000000000000000e+03
2.976000000000000000e+03
3.027000000000000000e+03
2.861000000000000000e+03
2.905000000000000000e+03
2.906000000000000000e+03
2.913000000000000000e+03
2.863000000000000000e+03
2.839000000000000000e+03
2.858000000000000000e+03
2.856000000000000000e+03
2.782000000000000000e+03
2.850000000000000000e+03
2.787000000000000000e+03
2.821000000000000000e+03
2.856000000000000000e+03
2.772000000000000000e+03
2.809000000000000000e+03
2.730000000000000000e+03
2.718000000000000000e+03
2.788000000000000000e+03
2.773000000000000000e+03
2.630000000000000000e+03
2.685000000000000000e+03
2.672000000000000000e+03
2.676000000000000000e+03
2.734000000000000000e+03
2.668000000000000000e+03
2.622000000000000000e+03
2.688000000000000000e+03
2.701000000000000000e+03
2.604000000000000000e+03
2.640000000000000000e+03
2.605000000000000000e+03
2.637000000000000000e+03
2.555000000000000000e+03
2.532000000000000000e+03
2.512000000000000000e+03
2.535000000000000000e+03
2.538000000000000000e+03
2.555000000000000000e+03
2.568000000000000000e+03
2.560000000000000000e+03
2.486000000000000000e+03
2.561000000000000000e+03
2.539000000000000000e+03
2.548000000000000000e+03
2.492000000000000000e+03
2.521000000000000000e+03
2.527000000000000000e+03
2.527000000000000000e+03
2.460000000000000000e+03
2.472000000000000000e+03
2.494000000000000000e+03
2.423000000000000000e+03
2.470000000000000000e+03
2.437000000000000000e+03
2.464000000000000000e+03
2.440000000000000000e+03
2.455000000000000000e+03
2.416000000000000000e+03
2.443000000000000000e+03
2.360000000000000000e+03
2.356000000000000000e+03
2.346000000000000000e+03
2.364000000000000000e+03
2.363000000000000000e+03
