1.481000000000000000e+03
1.485000000000000000e+03
1.497000000000000000e+03
1.503000000000000000e+03
1.490000000000000000e+03
1.514000000000000000e+03
1.486000000000000000e+03
1.495000000000000000e+03
1.506000000000000000e+03
1.561000000000000000e+03
1.536000000000000000e+03
1.557000000000000000e+03
1.546000000000000000e+03
1.545000000000000000e+03
1.479000000000000000e+03
1.528000000000000000e+03
1.550000000000000000e+03
1.532000000000000000e+03
1.550000000000000000e+03
1.587000000000000000e+03
1.597000000000000000e+03
1.577000000000000000e+03
1.604000000000000000e+03
1.585000000000000000e+03
1.579000000000000000e+03
1.602000000000000000e+03
1.651000000000000000e+03
1.665000000000000000e+03
1.614000000000000000e+03
1.642000000000000000e+03
1.672000000000000000e+03
1.643000000000000000e+03
1.614000000000000000e+03
1.657000000000000000e+03
1.761000000000000000e+03
1.637000000000000000e+03
1.619000000000000000e+03
1.660000000000000000e+03
1.647000000000000000e+03
1.663000000000000000e+03
1.663000000000000000e+03
1.658000000000000000e+03
1.692000000000000000e+03
1.722000000000000000e+03
1.698000000000000000e+03
1.670000000000000000e+03
1.684000000000000000e+03
1.665000000000000000e+03
1.640000000000000000e+03
1.660000000000000000e+03
1.712000000000000000e+03
1.728000000000000000e+03
1.698000000000000000e+03
1.833000000000000000e+03
1.709000000000000000e+03
1.709000000000000000e+03
1.745000000000000000e+03
1.772000000000000000e+03
1.779000000000000000e+03
1.723000000000000000e+03
1.790000000000000000e+03
1.759000000000000000e+03
1.784000000000000000e+03
1.790000000000000000e+03
1.763000000000000000e+03
1.748000000000000000e+03
1.711000000000000000e+03
1.780000000000000000e+03
1.765000000000000000e+03
1.802000000000000000e+03
1.757000000000000000e+03
1.766000000000000000e+03
1.876000000000000000e+03
1.830000000000000000e+03
1.817000000000000000e+03
1.791000000000000000e+03
1.773000000000000000e+03
1.788000000000000000e+03
1.797000000000000000e+03
1.807000000000000000e+03
1.838000000000000000e+03
1.859000000000000000e+03
1.916000000000000000e+03
1.846000000000000000e+03
1.875000000000000000e+03
1.833000000000000000e+03
1.822000000000000000e+03
1.876000000000000000e+03
1.876000000000000000e+03
1.926000000000000000e+03
1.927000000000000000e+03
1.880000000000000000e+03
1.873000000000000000e+03
1.869000000000000000e+03
1.913000000000000000e+03
1.875000000000000000e+03
1.856000000000000000e+03
1.870000000000000000e+03
1.918000000000000000e+03
1.910000000000000000e+03
1.942000000000000000e+03
1.876000000000000000e+03
1.913000000000000000e+03
1.912000000000000000e+03
1.976000000000000000e+03
1.972000000000000000e+03
2.008000000000000000e+03
1.939000000000000000e+03
2.009000000000000000e+03
1.956000000000000000e+03
1.969000000000000000e+03
1.976000000000000000e+03
2.007000000000000000e+03
2.030000000000000000e+03
2.065000000000000000e+03
2.003000000000000000e+03
2.017000000000000000e+03
1.995000000000000000e+03
2.045000000000000000e+03
2.023000000000000000e+03
2.059000000000000000e+03
2.054000000000000000e+03
2.090000000000000000e+03
2.102000000000000000e+03
2.099000000000000000e+03
2.135000000000000000e+03
2.089000000000000000e+03
2.125000000000000000e+03
2.308000000000000000e+03
2.162000000000000000e+03
2.142000000000000000e+03
2.159000000000000000e+03
2.190000000000000000e+03
2.232000000000000000e+03
2.216000000000000000e+03
2.180000000000000000e+03
2.223000000000000000e+03
2.220000000000000000e+03
2.213000000000000000e+03
2.229000000000000000e+03
2.292000000000000000e+03
2.331000000000000000e+03
2.309000000000000000e+03
2.278000000000000000e+03
2.227000000000000000e+03
2.361000000000000000e+03
2.283000000000000000e+03
2.358000000000000000e+03
2.344000000000000000e+03
2.359000000000000000e+03
2.390000000000000000e+03
2.386000000000000000e+03
2.521000000000000000e+03
2.389000000000000000e+03
2.367000000000000000e+03
2.568000000000000000e+03
2.381000000000000000e+03
2.446000000000000000e+03
2.463000000000000000e+03
2.434000000000000000e+03
2.461000000000000000e+03
2.495000000000000000e+03
2.465000000000000000e+03
2.611000000000000000e+03
2.521000000000000000e+03
2.446000000000000000e+03
2.575000000000000000e+03
2.527000000000000000e+03
2.539000000000000000e+03
2.483000000000000000e+03
2.549000000000000000e+03
2.543000000000000000e+03
2.558000000000000000e+03
2.626000000000000000e+03
2.659000000000000000e+03
2.531000000000000000e+03
2.579000000000000000e+03
2.589000000000000000e+03
2.581000000000000000e+03
2.623000000000000000e+03
2.590000000000000000e+03
2.639000000000000000e+03
2.598000000000000000e+03
2.662000000000000000e+03
2.662000000000000000e+03
2.680000000000000000e+03
2.726000000000000000e+03
3.124000000000000000e+03
3.032000000000000000e+03
2.764000000000000000e+03
2.677000000000000000e+03
2.664000000000000000e+03
2.696000000000000000e+03
2.769000000000000000e+03
2.668000000000000000e+03
2.730000000000000000e+03
2.745000000000000000e+03
2.737000000000000000e+03
2.755000000000000000e+03
2.757000000000000000e+03
2.705000000000000000e+03
2.727000000000000000e+03
2.699000000000000000e+03
2.747000000000000000e+03
2.763000000000000000e+03
2.914000000000000000e+03
2.787000000000000000e+03
2.826000000000000000e+03
2.799000000000000000e+03
2.790000000000000000e+03
2.821000000000000000e+03
2.878000000000000000e+03
2.861000000000000000e+03
2.906000000000000000e+03
2.885000000000000000e+03
2.923000000000000000e+03
2.945000000000000000e+03
2.914000000000000000e+03
2.933000000000000000e+03
2.958000000000000000e+03
3.027000000000000000e+03
2.947000000000000000e+03
2.968000000000000000e+03
2.935000000000000000e+03
2.993000000000000000e+03
3.078000000000000000e+03
3.047000000000000000e+03
3.081000000000000000e+03
3.078000000000000000e+03
3.079000000000000000e+03
3.168000000000000000e+03
3.086000000000000000e+03
3.078000000000000000e+03
3.156000000000000000e+03
3.131000000000000000e+03
3.220000000000000000e+03
3.161000000000000000e+03
3.265000000000000000e+03
3.229000000000000000e+03
3.211000000000000000e+03
3.269000000000000000e+03
3.239000000000000000e+03
3.302000000000000000e+03
3.311000000000000000e+03
3.370000000000000000e+03
3.314000000000000000e+03
3.291000000000000000e+03
3.449000000000000000e+03
3.358000000000000000e+03
3.341000000000000000e+03
3.432000000000000000e+03
3.362000000000000000e+03
3.371000000000000000e+03
3.389000000000000000e+03
3.502000000000000000e+03
3.448000000000000000e+03
3.464000000000000000e+03
3.423000000000000000e+03
3.439000000000000000e+03
3.552000000000000000e+03
3.564000000000000000e+03
3.569000000000000000e+03
3.518000000000000000e+03
3.574000000000000000e+03
3.621000000000000000e+03
3.612000000000000000e+03
3.574000000000000000e+03
3.668000000000000000e+03
3.656000000000000000e+03
3.671000000000000000e+03
3.657000000000000000e+03
3.664000000000000000e+03
3.629000000000000000e+03
3.596000000000000000e+03
3.686000000000000000e+03
3.718000000000000000e+03
3.653000000000000000e+03
3.650000000000000000e+03
3.628000000000000000e+03
3.632000000000000000e+03
3.685000000000000000e+03
3.627000000000000000e+03
3.688000000000000000e+03
3.733000000000000000e+03
3.636000000000000000e+03
3.739000000000000000e+03
3.647000000000000000e+03
3.693000000000000000e+03
3.730000000000000000e+03
3.729000000000000000e+03
3.710000000000000000e+03
3.923000000000000000e+03
3.710000000000000000e+03
3.773000000000000000e+03
3.703000000000000000e+03
3.740000000000000000e+03
3.794000000000000000e+03
3.845000000000000000e+03
3.803000000000000000e+03
3.783000000000000000e+03
3.820000000000000000e+03
3.797000000000000000e+03
3.782000000000000000e+03
3.943000000000000000e+03
3.830000000000000000e+03
3.908000000000000000e+03
3.879000000000000000e+03
3.893000000000000000e+03
3.830000000000000000e+03
3.864000000000000000e+03
3.849000000000000000e+03
3.858000000000000000e+03
3.882000000000000000e+03
3.860000000000000000e+03
3.896000000000000000e+03
3.875000000000000000e+03
3.824000000000000000e+03
3.845000000000000000e+03
3.977000000000000000e+03
3.832000000000000000e+03
3.910000000000000000e+03
3.912000000000000000e+03
3.858000000000000000e+03
3.914000000000000000e+03
3.852000000000000000e+03
3.897000000000000000e+03
3.836000000000000000e+03
3.821000000000000000e+03
3.905000000000000000e+03
3.853000000000000000e+03
3.918000000000000000e+03
3.897000000000000000e+03
3.859000000000000000e+03
3.867000000000000000e+03
3.914000000000000000e+03
3.949000000000000000e+03
3.898000000000000000e+03
3.883000000000000000e+03
3.910000000000000000e+03
3.933000000000000000e+03
3.919000000000000000e+03
3.933000000000000000e+03
3.903000000000000000e+03
3.913000000000000000e+03
3.942000000000000000e+03
3.854000000000000000e+03
3.894000000000000000e+03
3.887000000000000000e+03
3.911000000000000000e+03
3.897000000000000000e+03
3.965000000000000000e+03
3.880000000000000000e+03
3.931000000000000000e+03
3.975000000000000000e+03
3.902000000000000000e+03
3.998000000000000000e+03
3.989000000000000000e+03
4.010000000000000000e+03
3.962000000000000000e+03
3.984000000000000000e+03
3.948000000000000000e+03
3.943000000000000000e+03
3.976000000000000000e+03
3.945000000000000000e+03
3.949000000000000000e+03
4.020000000000000000e+03
3.959000000000000000e+03
3.997000000000000000e+03
3.950000000000000000e+03
3.926000000000000000e+03
3.936000000000000000e+03
3.975000000000000000e+03
3.994000000000000000e+03
3.988000000000000000e+03
3.973000000000000000e+03
4.000000000000000000e+03
4.011000000000000000e+03
4.005000000000000000e+03
4.036000000000000000e+03
3.990000000000000000e+03
4.036000000000000000e+03
4.090000000000000000e+03
4.003000000000000000e+03
4.097000000000000000e+03
4.029000000000000000e+03
4.136000000000000000e+03
4.029000000000000000e+03
4.010000000000000000e+03
4.118000000000000000e+03
4.103000000000000000e+03
4.129000000000000000e+03
4.102000000000000000e+03
4.041000000000000000e+03
4.068000000000000000e+03
4.175000000000000000e+03
4.114000000000000000e+03
4.108000000000000000e+03
4.150000000000000000e+03
4.137000000000000000e+03
4.134000000000000000e+03
4.097000000000000000e+03
4.173000000000000000e+03
4.036000000000000000e+03
4.030000000000000000e+03
4.132000000000000000e+03
4.099000000000000000e+03
4.127000000000000000e+03
4.152000000000000000e+03
4.081000000000000000e+03
4.153000000000000000e+03
4.175000000000000000e+03
4.107000000000000000e+03
4.112000000000000000e+03
4.134000000000000000e+03
4.219000000000000000e+03
4.174000000000000000e+03
4.199000000000000000e+03
4.213000000000000000e+03
4.177000000000000000e+03
4.187000000000000000e+03
4.236000000000000000e+03
4.190000000000000000e+03
4.214000000000000000e+03
4.170000000000000000e+03
4.159000000000000000e+03
4.112000000000000000e+03
4.252000000000000000e+03
4.288000000000000000e+03
4.229000000000000000e+03
4.199000000000000000e+03
4.160000000000000000e+03
4.305000000000000000e+03
4.268000000000000000e+03
4.242000000000000000e+03
4.287000000000000000e+03
4.276000000000000000e+03
4.290000000000000000e+03
4.264000000000000000e+03
4.297000000000000000e+03
4.258000000000000000e+03
4.221000000000000000e+03
4.265000000000000000e+03
4.264000000000000000e+03
4.267000000000000000e+03
4.273000000000000000e+03
4.275000000000000000e+03
4.194000000000000000e+03
4.252000000000000000e+03
4.278000000000000000e+03
4.270000000000000000e+03
4.303000000000000000e+03
4.241000000000000000e+03
4.237000000000000000e+03
5.697000000000000000e+03
4.297000000000000000e+03
4.366000000000000000e+03
4.171000000000000000e+03
4.214000000000000000e+03
4.211000000000000000e+03
4.203000000000000000e+03
4.253000000000000000e+03
4.234000000000000000e+03
4.236000000000000000e+03
4.179000000000000000e+03
4.231000000000000000e+03
4.314000000000000000e+03
4.277000000000000000e+03
4.220000000000000000e+03
4.162000000000000000e+03
4.223000000000000000e+03
4.100000000000000000e+03
4.239000000000000000e+03
4.204000000000000000e+03
4.245000000000000000e+03
4.234000000000000000e+03
4.204000000000000000e+03
4.219000000000000000e+03
4.140000000000000000e+03
4.226000000000000000e+03
4.185000000000000000e+03
4.281000000000000000e+03
4.150000000000000000e+03
4.204000000000000000e+03
4.177000000000000000e+03
4.222000000000000000e+03
4.102000000000000000e+03
4.196000000000000000e+03
4.121000000000000000e+03
4.122000000000000000e+03
4.172000000000000000e+03
4.164000000000000000e+03
4.140000000000000000e+03
4.127000000000000000e+03
4.085000000000000000e+03
4.152000000000000000e+03
4.140000000000000000e+03
4.073000000000000000e+03
4.115000000000000000e+03
4.110000000000000000e+03
4.168000000000000000e+03
4.096000000000000000e+03
4.074000000000000000e+03
4.035000000000000000e+03
4.029000000000000000e+03
4.044000000000000000e+03
4.017000000000000000e+03
4.060000000000000000e+03
4.039000000000000000e+03
3.967000000000000000e+03
4.001000000000000000e+03
3.946000000000000000e+03
4.008000000000000000e+03
4.055000000000000000e+03
3.975000000000000000e+03
3.975000000000000000e+03
4.028000000000000000e+03
3.948000000000000000e+03
3.991000000000000000e+03
3.918000000000000000e+03
3.967000000000000000e+03
3.896000000000000000e+03
3.932000000000000000e+03
3.987000000000000000e+03
3.953000000000000000e+03
3.911000000000000000e+03
3.848000000000000000e+03
3.912000000000000000e+03
3.891000000000000000e+03
3.886000000000000000e+03
3.823000000000000000e+03
3.897000000000000000e+03
3.877000000000000000e+03
3.727000000000000000e+03
3.817000000000000000e+03
4.403000000000000000e+03
3.830000000000000000e+03
3.782000000000000000e+03
3.855000000000000000e+03
3.810000000000000000e+03
3.794000000000000000e+03
3.732000000000000000e+03
3.833000000000000000e+03
3.830000000000000000e+03
3.713000000000000000e+03
3.725000000000000000e+03
3.777000000000000000e+03
3.726000000000000000e+03
3.813000000000000000e+03
3.703000000000000000e+03
3.714000000000000000e+03
3.710000000000000000e+03
3.708000000000000000e+03
3.690000000000000000e+03
3.679000000000000000e+03
3.660000000000000000e+03
3.700000000000000000e+03
3.653000000000000000e+03
3.672000000000000000e+03
3.622000000000000000e+03
3.665000000000000000e+03
3.701000000000000000e+03
3.619000000000000000e+03
3.641000000000000000e+03
3.612000000000000000e+03
3.698000000000000000e+03
3.658000000000000000e+03
3.666000000000000000e+03
3.611000000000000000e+03
3.616000000000000000e+03
3.636000000000000000e+03
3.605000000000000000e+03
3.593000000000000000e+03
3.606000000000000000e+03
3.557000000000000000e+03
3.604000000000000000e+03
3.627000000000000000e+03
3.602000000000000000e+03
3.589000000000000000e+03
3.591000000000000000e+03
3.617000000000000000e+03
3.554000000000000000e+03
3.577000000000000000e+03
3.562000000000000000e+03
3.563000000000000000e+03
3.567000000000000000e+03
3.576000000000000000e+03
3.599000000000000000e+03
3.553000000000000000e+03
3.535000000000000000e+03
3.486000000000000000e+03
3.492000000000000000e+03
3.542000000000000000e+03
3.638000000000000000e+03
3.531000000000000000e+03
3.553000000000000000e+03
3.492000000000000000e+03
3.541000000000000000e+03
3.584000000000000000e+03
3.550000000000000000e+03
3.474000000000000000e+03
3.440000000000000000e+03
3.419000000000000000e+03
3.516000000000000000e+03
3.460000000000000000e+03
3.477000000000000000e+03
3.441000000000000000e+03
3.474000000000000000e+03
3.508000000000000000e+03
3.457000000000000000e+03
3.422000000000000000e+03
3.499000000000000000e+03
3.449000000000000000e+03
3.428000000000000000e+03
3.427000000000000000e+03
3.380000000000000000e+03
3.395000000000000000e+03
3.414000000000000000e+03
3.453000000000000000e+03
3.363000000000000000e+03
3.344000000000000000e+03
3.394000000000000000e+03
3.361000000000000000e+03
3.383000000000000000e+03
3.355000000000000000e+03
3.332000000000000000e+03
3.320000000000000000e+03
3.351000000000000000e+03
3.251000000000000000e+03
3.311000000000000000e+03
3.317000000000000000e+03
3.349000000000000000e+03
3.362000000000000000e+03
3.366000000000000000e+03
3.379000000000000000e+03
3.243000000000000000e+03
3.330000000000000000e+03
3.277000000000000000e+03
3.276000000000000000e+03
3.234000000000000000e+03
3.298000000000000000e+03
3.276000000000000000e+03
3.255000000000000000e+03
3.332000000000000000e+03
3.472000000000000000e+03
3.244000000000000000e+03
3.225000000000000000e+03
3.274000000000000000e+03
3.224000000000000000e+03
3.205000000000000000e+03
3.229000000000000000e+03
3.251000000000000000e+03
3.193000000000000000e+03
3.233000000000000000e+03
3.191000000000000000e+03
3.175000000000000000e+03
3.179000000000000000e+03
3.166000000000000000e+03
3.146000000000000000e+03
3.119000000000000000e+03
3.118000000000000000e+03
3.119000000000000000e+03
3.169000000000000000e+03
3.177000000000000000e+03
3.098000000000000000e+03
3.172000000000000000e+03
3.106000000000000000e+03
3.114000000000000000e+03
3.083000000000000000e+03
3.093000000000000000e+03
3.045000000000000000e+03
3.057000000000000000e+03
3.068000000000000000e+03
3.030000000000000000e+03
3.055000000000000000e+03
3.106000000000000000e+03
3.054000000000000000e+03
2.961000000000000000e+03
3.036000000000000000e+03
2.982000000000000000e+03
2.993000000000000000e+03
3.012000000000000000e+03
3.035000000000000000e+03
3.016000000000000000e+03
2.952000000000000000e+03
3.018000000000000000e+03
2.964000000000000000e+03
2.890000000000000000e+03
2.932000000000000000e+03
2.897000000000000000e+03
2.941000000000000000e+03
2.837000000000000000e+03
2.864000000000000000e+03
2.909000000000000000e+03
2.827000000000000000e+03
2.914000000000000000e+03
2.811000000000000000e+03
2.844000000000000000e+03
2.839000000000000000e+03
2.847000000000000000e+03
2.833000000000000000e+03
2.830000000000000000e+03
2.837000000000000000e+03
2.830000000000000000e+03
2.823000000000000000e+03
2.743000000000000000e+03
2.805000000000000000e+03
2.783000000000000000e+03
2.780000000000000000e+03
2.718000000000000000e+03
2.718000000000000000e+03
2.695000000000000000e+03
2.659000000000000000e+03
2.697000000000000000e+03
2.653000000000000000e+03
2.673000000000000000e+03
2.623000000000000000e+03
2.650000000000000000e+03
2.675000000000000000e+03
2.575000000000000000e+03
2.659000000000000000e+03
2.631000000000000000e+03
2.576000000000000000e+03
2.587000000000000000e+03
2.639000000000000000e+03
2.650000000000000000e+03
2.634000000000000000e+03
2.649000000000000000e+03
2.531000000000000000e+03
2.534000000000000000e+03
2.489000000000000000e+03
2.449000000000000000e+03
2.502000000000000000e+03
2.518000000000000000e+03
2.480000000000000000e+03
2.483000000000000000e+03
2.462000000000000000e+03
2.376000000000000000e+03
2.445000000000000000e+03
2.536000000000000000e+03
2.482000000000000000e+03
2.405000000000000000e+03
2.453000000000000000e+03
2.390000000000000000e+03
2.397000000000000000e+03
2.421000000000000000e+03
2.434000000000000000e+03
2.362000000000000000e+03
2.365000000000000000e+03
2.378000000000000000e+03
2.363000000000000000e+03
2.396000000000000000e+03
2.324000000000000000e+03
2.295000000000000000e+03
2.317000000000000000e+03
2.338000000000000000e+03
2.313000000000000000e+03
2.296000000000000000e+03
2.283000000000000000e+03
2.298000000000000000e+03
2.304000000000000000e+03
2.282000000000000000e+03
2.313000000000000000e+03
2.334000000000000000e+03
2.325000000000000000e+03
2.288000000000000000e+03
