1.467000000000000000e+03
1.504000000000000000e+03
1.485000000000000000e+03
1.435000000000000000e+03
1.493000000000000000e+03
1.491000000000000000e+03
1.448000000000000000e+03
1.442000000000000000e+03
1.482000000000000000e+03
1.535000000000000000e+03
1.482000000000000000e+03
1.513000000000000000e+03
1.484000000000000000e+03
1.560000000000000000e+03
1.538000000000000000e+03
1.504000000000000000e+03
1.570000000000000000e+03
1.521000000000000000e+03
1.540000000000000000e+03
1.532000000000000000e+03
1.577000000000000000e+03
1.537000000000000000e+03
1.571000000000000000e+03
1.597000000000000000e+03
1.592000000000000000e+03
1.603000000000000000e+03
1.578000000000000000e+03
1.630000000000000000e+03
1.643000000000000000e+03
1.588000000000000000e+03
1.594000000000000000e+03
1.628000000000000000e+03
1.557000000000000000e+03
1.655000000000000000e+03
1.620000000000000000e+03
1.620000000000000000e+03
1.657000000000000000e+03
1.607000000000000000e+03
1.627000000000000000e+03
1.604000000000000000e+03
1.616000000000000000e+03
1.642000000000000000e+03
1.674000000000000000e+03
1.675000000000000000e+03
1.725000000000000000e+03
1.644000000000000000e+03
1.661000000000000000e+03
1.689000000000000000e+03
1.698000000000000000e+03
1.718000000000000000e+03
1.677000000000000000e+03
1.647000000000000000e+03
1.715000000000000000e+03
1.721000000000000000e+03
1.688000000000000000e+03
1.638000000000000000e+03
1.694000000000000000e+03
1.794000000000000000e+03
1.710000000000000000e+03
1.725000000000000000e+03
1.729000000000000000e+03
1.700000000000000000e+03
1.705000000000000000e+03
1.737000000000000000e+03
1.767000000000000000e+03
1.770000000000000000e+03
1.744000000000000000e+03
1.750000000000000000e+03
1.738000000000000000e+03
1.738000000000000000e+03
1.789000000000000000e+03
1.776000000000000000e+03
1.788000000000000000e+03
1.764000000000000000e+03
1.817000000000000000e+03
1.790000000000000000e+03
1.792000000000000000e+03
1.765000000000000000e+03
1.800000000000000000e+03
1.803000000000000000e+03
1.800000000000000000e+03
1.777000000000000000e+03
1.810000000000000000e+03
1.797000000000000000e+03
1.787000000000000000e+03
1.792000000000000000e+03
1.802000000000000000e+03
1.813000000000000000e+03
1.830000000000000000e+03
1.830000000000000000e+03
1.812000000000000000e+03
1.829000000000000000e+03
1.835000000000000000e+03
1.857000000000000000e+03
1.884000000000000000e+03
1.825000000000000000e+03
1.878000000000000000e+03
1.863000000000000000e+03
1.870000000000000000e+03
1.924000000000000000e+03
1.870000000000000000e+03
1.925000000000000000e+03
1.902000000000000000e+03
1.961000000000000000e+03
1.937000000000000000e+03
1.945000000000000000e+03
1.971000000000000000e+03
1.960000000000000000e+03
1.939000000000000000e+03
1.987000000000000000e+03
1.931000000000000000e+03
1.906000000000000000e+03
1.953000000000000000e+03
2.046000000000000000e+03
1.915000000000000000e+03
2.022000000000000000e+03
1.964000000000000000e+03
1.999000000000000000e+03
2.044000000000000000e+03
1.991000000000000000e+03
1.985000000000000000e+03
2.029000000000000000e+03
2.031000000000000000e+03
2.072000000000000000e+03
2.090000000000000000e+03
2.110000000000000000e+03
2.110000000000000000e+03
2.091000000000000000e+03
2.104000000000000000e+03
2.136000000000000000e+03
2.105000000000000000e+03
2.156000000000000000e+03
2.151000000000000000e+03
2.125000000000000000e+03
2.188000000000000000e+03
2.183000000000000000e+03
2.196000000000000000e+03
2.178000000000000000e+03
2.174000000000000000e+03
2.280000000000000000e+03
2.179000000000000000e+03
2.257000000000000000e+03
2.244000000000000000e+03
2.292000000000000000e+03
2.293000000000000000e+03
2.302000000000000000e+03
2.382000000000000000e+03
2.325000000000000000e+03
2.285000000000000000e+03
2.299000000000000000e+03
2.260000000000000000e+03
2.368000000000000000e+03
2.347000000000000000e+03
2.347000000000000000e+03
2.371000000000000000e+03
2.369000000000000000e+03
2.380000000000000000e+03
2.355000000000000000e+03
2.443000000000000000e+03
2.403000000000000000e+03
2.407000000000000000e+03
2.448000000000000000e+03
2.474000000000000000e+03
2.418000000000000000e+03
2.499000000000000000e+03
2.486000000000000000e+03
2.472000000000000000e+03
2.452000000000000000e+03
2.501000000000000000e+03
2.610000000000000000e+03
2.573000000000000000e+03
2.508000000000000000e+03
2.480000000000000000e+03
2.539000000000000000e+03
2.572000000000000000e+03
2.519000000000000000e+03
2.520000000000000000e+03
2.560000000000000000e+03
2.567000000000000000e+03
2.580000000000000000e+03
2.498000000000000000e+03
2.552000000000000000e+03
2.528000000000000000e+03
2.758000000000000000e+03
2.608000000000000000e+03
2.596000000000000000e+03
2.565000000000000000e+03
2.949000000000000000e+03
3.037000000000000000e+03
2.825000000000000000e+03
2.668000000000000000e+03
2.658000000000000000e+03
2.642000000000000000e+03
2.650000000000000000e+03
2.643000000000000000e+03
2.668000000000000000e+03
2.693000000000000000e+03
2.696000000000000000e+03
2.736000000000000000e+03
2.670000000000000000e+03
2.740000000000000000e+03
2.679000000000000000e+03
2.753000000000000000e+03
2.756000000000000000e+03
2.808000000000000000e+03
2.684000000000000000e+03
3.199000000000000000e+03
2.767000000000000000e+03
2.773000000000000000e+03
2.808000000000000000e+03
2.800000000000000000e+03
2.799000000000000000e+03
2.826000000000000000e+03
2.842000000000000000e+03
2.877000000000000000e+03
2.881000000000000000e+03
2.887000000000000000e+03
2.912000000000000000e+03
2.892000000000000000e+03
2.887000000000000000e+03
2.979000000000000000e+03
2.930000000000000000e+03
2.900000000000000000e+03
2.968000000000000000e+03
2.967000000000000000e+03
3.011000000000000000e+03
3.056000000000000000e+03
3.001000000000000000e+03
3.016000000000000000e+03
3.103000000000000000e+03
3.082000000000000000e+03
3.040000000000000000e+03
3.095000000000000000e+03
3.112000000000000000e+03
3.043000000000000000e+03
3.120000000000000000e+03
3.120000000000000000e+03
3.150000000000000000e+03
3.169000000000000000e+03
3.194000000000000000e+03
3.200000000000000000e+03
3.289000000000000000e+03
3.177000000000000000e+03
3.295000000000000000e+03
3.277000000000000000e+03
3.301000000000000000e+03
3.314000000000000000e+03
3.326000000000000000e+03
3.338000000000000000e+03
3.358000000000000000e+03
3.274000000000000000e+03
3.397000000000000000e+03
3.444000000000000000e+03
3.341000000000000000e+03
3.381000000000000000e+03
3.413000000000000000e+03
3.438000000000000000e+03
3.433000000000000000e+03
3.414000000000000000e+03
3.594000000000000000e+03
3.638000000000000000e+03
3.541000000000000000e+03
3.455000000000000000e+03
3.500000000000000000e+03
3.576000000000000000e+03
3.652000000000000000e+03
3.578000000000000000e+03
3.514000000000000000e+03
3.512000000000000000e+03
3.612000000000000000e+03
3.644000000000000000e+03
3.541000000000000000e+03
3.609000000000000000e+03
3.617000000000000000e+03
3.564000000000000000e+03
3.616000000000000000e+03
3.639000000000000000e+03
3.707000000000000000e+03
3.638000000000000000e+03
3.613000000000000000e+03
3.669000000000000000e+03
3.611000000000000000e+03
3.719000000000000000e+03
3.656000000000000000e+03
3.674000000000000000e+03
3.714000000000000000e+03
3.658000000000000000e+03
3.726000000000000000e+03
3.757000000000000000e+03
3.649000000000000000e+03
3.705000000000000000e+03
3.724000000000000000e+03
3.764000000000000000e+03
3.738000000000000000e+03
3.735000000000000000e+03
3.711000000000000000e+03
3.732000000000000000e+03
3.825000000000000000e+03
3.725000000000000000e+03
3.783000000000000000e+03
3.838000000000000000e+03
3.873000000000000000e+03
3.723000000000000000e+03
3.799000000000000000e+03
3.819000000000000000e+03
3.789000000000000000e+03
3.787000000000000000e+03
3.807000000000000000e+03
3.806000000000000000e+03
3.866000000000000000e+03
3.770000000000000000e+03
3.795000000000000000e+03
3.883000000000000000e+03
3.800000000000000000e+03
3.869000000000000000e+03
3.853000000000000000e+03
3.839000000000000000e+03
3.858000000000000000e+03
3.844000000000000000e+03
3.843000000000000000e+03
3.894000000000000000e+03
3.839000000000000000e+03
3.841000000000000000e+03
3.816000000000000000e+03
3.847000000000000000e+03
3.848000000000000000e+03
3.866000000000000000e+03
3.847000000000000000e+03
3.848000000000000000e+03
3.850000000000000000e+03
3.901000000000000000e+03
3.804000000000000000e+03
3.846000000000000000e+03
3.856000000000000000e+03
3.857000000000000000e+03
3.799000000000000000e+03
3.888000000000000000e+03
3.913000000000000000e+03
3.892000000000000000e+03
3.846000000000000000e+03
3.891000000000000000e+03
3.820000000000000000e+03
3.895000000000000000e+03
3.820000000000000000e+03
3.856000000000000000e+03
3.830000000000000000e+03
3.856000000000000000e+03
3.842000000000000000e+03
3.953000000000000000e+03
3.864000000000000000e+03
3.893000000000000000e+03
3.892000000000000000e+03
3.872000000000000000e+03
3.866000000000000000e+03
3.853000000000000000e+03
3.862000000000000000e+03
3.913000000000000000e+03
3.836000000000000000e+03
3.897000000000000000e+03
3.915000000000000000e+03
3.928000000000000000e+03
3.902000000000000000e+03
3.941000000000000000e+03
3.895000000000000000e+03
3.851000000000000000e+03
3.881000000000000000e+03
3.936000000000000000e+03
4.015000000000000000e+03
4.014000000000000000e+03
3.939000000000000000e+03
3.950000000000000000e+03
3.917000000000000000e+03
3.934000000000000000e+03
3.936000000000000000e+03
3.882000000000000000e+03
3.900000000000000000e+03
3.875000000000000000e+03
3.989000000000000000e+03
3.997000000000000000e+03
3.977000000000000000e+03
3.984000000000000000e+03
3.995000000000000000e+03
3.958000000000000000e+03
3.990000000000000000e+03
3.943000000000000000e+03
3.957000000000000000e+03
3.967000000000000000e+03
3.977000000000000000e+03
3.973000000000000000e+03
3.991000000000000000e+03
4.003000000000000000e+03
4.066000000000000000e+03
4.011000000000000000e+03
3.966000000000000000e+03
4.018000000000000000e+03
4.066000000000000000e+03
4.064000000000000000e+03
4.087000000000000000e+03
4.057000000000000000e+03
4.053000000000000000e+03
4.112000000000000000e+03
4.097000000000000000e+03
4.075000000000000000e+03
4.070000000000000000e+03
4.023000000000000000e+03
3.960000000000000000e+03
4.062000000000000000e+03
4.078000000000000000e+03
4.057000000000000000e+03
4.010000000000000000e+03
3.988000000000000000e+03
4.097000000000000000e+03
4.108000000000000000e+03
3.998000000000000000e+03
4.089000000000000000e+03
4.152000000000000000e+03
4.107000000000000000e+03
4.149000000000000000e+03
4.117000000000000000e+03
4.138000000000000000e+03
4.180000000000000000e+03
4.090000000000000000e+03
4.154000000000000000e+03
4.186000000000000000e+03
4.188000000000000000e+03
4.137000000000000000e+03
4.180000000000000000e+03
4.200000000000000000e+03
4.080000000000000000e+03
4.180000000000000000e+03
4.087000000000000000e+03
4.265000000000000000e+03
4.261000000000000000e+03
4.201000000000000000e+03
4.272000000000000000e+03
4.198000000000000000e+03
4.215000000000000000e+03
4.143000000000000000e+03
4.239000000000000000e+03
4.149000000000000000e+03
4.160000000000000000e+03
4.135000000000000000e+03
4.143000000000000000e+03
4.206000000000000000e+03
4.190000000000000000e+03
4.108000000000000000e+03
4.379000000000000000e+03
4.139000000000000000e+03
4.185000000000000000e+03
4.204000000000000000e+03
4.213000000000000000e+03
4.182000000000000000e+03
4.151000000000000000e+03
4.134000000000000000e+03
4.305000000000000000e+03
4.219000000000000000e+03
4.240000000000000000e+03
4.227000000000000000e+03
4.269000000000000000e+03
4.191000000000000000e+03
4.214000000000000000e+03
4.241000000000000000e+03
4.207000000000000000e+03
4.190000000000000000e+03
4.207000000000000000e+03
4.220000000000000000e+03
4.138000000000000000e+03
4.075000000000000000e+03
4.217000000000000000e+03
4.199000000000000000e+03
4.192000000000000000e+03
4.125000000000000000e+03
4.235000000000000000e+03
4.102000000000000000e+03
4.158000000000000000e+03
4.089000000000000000e+03
4.143000000000000000e+03
4.170000000000000000e+03
4.092000000000000000e+03
4.125000000000000000e+03
4.130000000000000000e+03
4.095000000000000000e+03
4.085000000000000000e+03
4.104000000000000000e+03
4.055000000000000000e+03
4.104000000000000000e+03
4.094000000000000000e+03
4.095000000000000000e+03
4.125000000000000000e+03
4.126000000000000000e+03
4.008000000000000000e+03
4.012000000000000000e+03
4.066000000000000000e+03
4.014000000000000000e+03
4.036000000000000000e+03
3.981000000000000000e+03
4.080000000000000000e+03
4.024000000000000000e+03
4.040000000000000000e+03
4.021000000000000000e+03
4.038000000000000000e+03
3.980000000000000000e+03
4.096000000000000000e+03
3.929000000000000000e+03
4.050000000000000000e+03
3.969000000000000000e+03
3.977000000000000000e+03
3.968000000000000000e+03
3.982000000000000000e+03
4.005000000000000000e+03
3.911000000000000000e+03
3.863000000000000000e+03
3.905000000000000000e+03
3.893000000000000000e+03
3.886000000000000000e+03
3.902000000000000000e+03
3.890000000000000000e+03
3.919000000000000000e+03
3.843000000000000000e+03
3.877000000000000000e+03
3.833000000000000000e+03
3.880000000000000000e+03
3.870000000000000000e+03
3.854000000000000000e+03
3.838000000000000000e+03
3.823000000000000000e+03
3.829000000000000000e+03
3.913000000000000000e+03
3.709000000000000000e+03
3.776000000000000000e+03
3.795000000000000000e+03
3.827000000000000000e+03
3.723000000000000000e+03
3.754000000000000000e+03
3.797000000000000000e+03
3.795000000000000000e+03
3.750000000000000000e+03
3.683000000000000000e+03
3.717000000000000000e+03
3.763000000000000000e+03
3.698000000000000000e+03
3.752000000000000000e+03
3.711000000000000000e+03
3.706000000000000000e+03
3.698000000000000000e+03
3.693000000000000000e+03
3.737000000000000000e+03
3.723000000000000000e+03
3.656000000000000000e+03
3.684000000000000000e+03
3.711000000000000000e+03
3.602000000000000000e+03
3.598000000000000000e+03
3.653000000000000000e+03
3.677000000000000000e+03
3.590000000000000000e+03
3.597000000000000000e+03
3.669000000000000000e+03
3.591000000000000000e+03
3.675000000000000000e+03
3.537000000000000000e+03
3.602000000000000000e+03
3.599000000000000000e+03
3.547000000000000000e+03
3.658000000000000000e+03
3.614000000000000000e+03
3.548000000000000000e+03
3.654000000000000000e+03
3.551000000000000000e+03
3.481000000000000000e+03
3.556000000000000000e+03
3.557000000000000000e+03
3.501000000000000000e+03
3.575000000000000000e+03
3.546000000000000000e+03
3.577000000000000000e+03
3.526000000000000000e+03
3.579000000000000000e+03
3.675000000000000000e+03
3.608000000000000000e+03
3.458000000000000000e+03
3.521000000000000000e+03
3.574000000000000000e+03
3.438000000000000000e+03
3.509000000000000000e+03
3.524000000000000000e+03
3.467000000000000000e+03
3.505000000000000000e+03
3.516000000000000000e+03
3.466000000000000000e+03
3.540000000000000000e+03
3.423000000000000000e+03
3.487000000000000000e+03
3.432000000000000000e+03
3.461000000000000000e+03
3.424000000000000000e+03
3.510000000000000000e+03
3.375000000000000000e+03
3.428000000000000000e+03
3.403000000000000000e+03
3.485000000000000000e+03
3.397000000000000000e+03
3.447000000000000000e+03
3.417000000000000000e+03
3.378000000000000000e+03
3.390000000000000000e+03
3.419000000000000000e+03
3.351000000000000000e+03
3.435000000000000000e+03
3.333000000000000000e+03
3.360000000000000000e+03
3.399000000000000000e+03
3.399000000000000000e+03
3.375000000000000000e+03
3.342000000000000000e+03
3.380000000000000000e+03
3.403000000000000000e+03
3.354000000000000000e+03
3.327000000000000000e+03
3.313000000000000000e+03
3.377000000000000000e+03
3.338000000000000000e+03
3.285000000000000000e+03
3.338000000000000000e+03
3.238000000000000000e+03
3.295000000000000000e+03
3.284000000000000000e+03
3.334000000000000000e+03
3.309000000000000000e+03
3.261000000000000000e+03
3.275000000000000000e+03
3.245000000000000000e+03
3.225000000000000000e+03
3.227000000000000000e+03
3.271000000000000000e+03
3.250000000000000000e+03
3.219000000000000000e+03
3.231000000000000000e+03
3.222000000000000000e+03
3.206000000000000000e+03
3.200000000000000000e+03
3.194000000000000000e+03
3.171000000000000000e+03
3.168000000000000000e+03
3.212000000000000000e+03
3.149000000000000000e+03
3.165000000000000000e+03
3.138000000000000000e+03
3.120000000000000000e+03
3.100000000000000000e+03
3.102000000000000000e+03
3.127000000000000000e+03
3.169000000000000000e+03
3.164000000000000000e+03
3.133000000000000000e+03
3.141000000000000000e+03
3.098000000000000000e+03
3.059000000000000000e+03
3.169000000000000000e+03
3.126000000000000000e+03
3.094000000000000000e+03
3.077000000000000000e+03
3.114000000000000000e+03
3.103000000000000000e+03
3.072000000000000000e+03
3.089000000000000000e+03
3.190000000000000000e+03
3.080000000000000000e+03
3.018000000000000000e+03
3.081000000000000000e+03
3.082000000000000000e+03
2.972000000000000000e+03
2.956000000000000000e+03
3.029000000000000000e+03
3.067000000000000000e+03
3.037000000000000000e+03
2.969000000000000000e+03
3.005000000000000000e+03
2.982000000000000000e+03
2.991000000000000000e+03
2.971000000000000000e+03
3.031000000000000000e+03
2.995000000000000000e+03
2.989000000000000000e+03
2.854000000000000000e+03
2.970000000000000000e+03
2.923000000000000000e+03
2.915000000000000000e+03
2.826000000000000000e+03
2.848000000000000000e+03
2.905000000000000000e+03
2.819000000000000000e+03
2.859000000000000000e+03
2.800000000000000000e+03
2.845000000000000000e+03
2.866000000000000000e+03
2.811000000000000000e+03
2.826000000000000000e+03
2.828000000000000000e+03
2.759000000000000000e+03
2.764000000000000000e+03
2.802000000000000000e+03
2.729000000000000000e+03
2.753000000000000000e+03
2.738000000000000000e+03
2.693000000000000000e+03
2.721000000000000000e+03
2.662000000000000000e+03
2.743000000000000000e+03
2.640000000000000000e+03
2.715000000000000000e+03
2.695000000000000000e+03
2.696000000000000000e+03
2.642000000000000000e+03
2.612000000000000000e+03
2.614000000000000000e+03
2.626000000000000000e+03
2.640000000000000000e+03
2.553000000000000000e+03
2.580000000000000000e+03
2.629000000000000000e+03
2.537000000000000000e+03
2.537000000000000000e+03
2.530000000000000000e+03
2.497000000000000000e+03
2.562000000000000000e+03
2.523000000000000000e+03
2.507000000000000000e+03
2.516000000000000000e+03
2.502000000000000000e+03
2.549000000000000000e+03
2.570000000000000000e+03
2.559000000000000000e+03
2.501000000000000000e+03
2.549000000000000000e+03
2.539000000000000000e+03
2.381000000000000000e+03
2.450000000000000000e+03
2.422000000000000000e+03
2.518000000000000000e+03
2.411000000000000000e+03
2.471000000000000000e+03
2.429000000000000000e+03
2.409000000000000000e+03
2.332000000000000000e+03
2.463000000000000000e+03
2.347000000000000000e+03
2.326000000000000000e+03
2.282000000000000000e+03
2.329000000000000000e+03
2.319000000000000000e+03
2.334000000000000000e+03
2.393000000000000000e+03
2.316000000000000000e+03
2.275000000000000000e+03
2.291000000000000000e+03
2.289000000000000000e+03
2.287000000000000000e+03
2.253000000000000000e+03
2.283000000000000000e+03
2.267000000000000000e+03
2.287000000000000000e+03
2.266000000000000000e+03
2.234000000000000000e+03
2.210000000000000000e+03
