1.435000000000000000e+03
1.350000000000000000e+03
1.409000000000000000e+03
1.419000000000000000e+03
1.390000000000000000e+03
1.371000000000000000e+03
1.396000000000000000e+03
1.358000000000000000e+03
1.403000000000000000e+03
1.425000000000000000e+03
1.419000000000000000e+03
1.425000000000000000e+03
1.429000000000000000e+03
1.455000000000000000e+03
1.470000000000000000e+03
1.467000000000000000e+03
1.422000000000000000e+03
1.462000000000000000e+03
1.430000000000000000e+03
1.393000000000000000e+03
1.450000000000000000e+03
1.456000000000000000e+03
1.492000000000000000e+03
1.464000000000000000e+03
1.502000000000000000e+03
1.488000000000000000e+03
1.509000000000000000e+03
1.500000000000000000e+03
1.468000000000000000e+03
1.652000000000000000e+03
1.524000000000000000e+03
1.523000000000000000e+03
1.545000000000000000e+03
1.540000000000000000e+03
1.545000000000000000e+03
1.537000000000000000e+03
1.590000000000000000e+03
1.527000000000000000e+03
1.545000000000000000e+03
1.527000000000000000e+03
1.531000000000000000e+03
1.568000000000000000e+03
1.550000000000000000e+03
1.558000000000000000e+03
1.582000000000000000e+03
1.611000000000000000e+03
1.597000000000000000e+03
1.553000000000000000e+03
1.544000000000000000e+03
1.588000000000000000e+03
1.578000000000000000e+03
1.622000000000000000e+03
1.583000000000000000e+03
1.645000000000000000e+03
1.625000000000000000e+03
1.564000000000000000e+03
1.617000000000000000e+03
1.635000000000000000e+03
1.579000000000000000e+03
1.559000000000000000e+03
1.633000000000000000e+03
1.646000000000000000e+03
1.627000000000000000e+03
1.587000000000000000e+03
1.674000000000000000e+03
1.671000000000000000e+03
1.580000000000000000e+03
1.611000000000000000e+03
1.646000000000000000e+03
1.693000000000000000e+03
1.699000000000000000e+03
1.636000000000000000e+03
1.671000000000000000e+03
1.684000000000000000e+03
1.671000000000000000e+03
1.666000000000000000e+03
1.705000000000000000e+03
1.687000000000000000e+03
1.704000000000000000e+03
1.647000000000000000e+03
1.668000000000000000e+03
1.714000000000000000e+03
1.727000000000000000e+03
1.724000000000000000e+03
1.698000000000000000e+03
1.705000000000000000e+03
1.733000000000000000e+03
1.738000000000000000e+03
1.777000000000000000e+03
1.692000000000000000e+03
1.762000000000000000e+03
1.714000000000000000e+03
1.772000000000000000e+03
1.779000000000000000e+03
1.760000000000000000e+03
1.760000000000000000e+03
1.764000000000000000e+03
1.760000000000000000e+03
1.799000000000000000e+03
1.776000000000000000e+03
1.721000000000000000e+03
1.805000000000000000e+03
1.812000000000000000e+03
1.802000000000000000e+03
1.793000000000000000e+03
1.815000000000000000e+03
1.815000000000000000e+03
1.845000000000000000e+03
1.800000000000000000e+03
1.814000000000000000e+03
1.827000000000000000e+03
1.814000000000000000e+03
1.839000000000000000e+03
1.905000000000000000e+03
1.877000000000000000e+03
1.914000000000000000e+03
1.932000000000000000e+03
1.854000000000000000e+03
1.886000000000000000e+03
1.939000000000000000e+03
1.873000000000000000e+03
1.929000000000000000e+03
1.900000000000000000e+03
1.961000000000000000e+03
1.978000000000000000e+03
1.926000000000000000e+03
2.007000000000000000e+03
1.953000000000000000e+03
2.015000000000000000e+03
1.953000000000000000e+03
2.029000000000000000e+03
1.971000000000000000e+03
1.943000000000000000e+03
1.986000000000000000e+03
2.046000000000000000e+03
2.075000000000000000e+03
2.099000000000000000e+03
2.086000000000000000e+03
2.005000000000000000e+03
2.057000000000000000e+03
2.091000000000000000e+03
2.154000000000000000e+03
2.120000000000000000e+03
2.106000000000000000e+03
2.106000000000000000e+03
2.106000000000000000e+03
2.096000000000000000e+03
2.197000000000000000e+03
2.196000000000000000e+03
2.141000000000000000e+03
2.212000000000000000e+03
2.200000000000000000e+03
2.215000000000000000e+03
2.180000000000000000e+03
2.182000000000000000e+03
2.225000000000000000e+03
2.228000000000000000e+03
2.222000000000000000e+03
2.184000000000000000e+03
2.233000000000000000e+03
2.246000000000000000e+03
2.276000000000000000e+03
2.320000000000000000e+03
2.272000000000000000e+03
2.310000000000000000e+03
2.344000000000000000e+03
2.305000000000000000e+03
2.325000000000000000e+03
2.309000000000000000e+03
2.316000000000000000e+03
2.324000000000000000e+03
2.326000000000000000e+03
2.382000000000000000e+03
2.395000000000000000e+03
2.376000000000000000e+03
2.385000000000000000e+03
2.380000000000000000e+03
2.392000000000000000e+03
2.382000000000000000e+03
2.389000000000000000e+03
2.406000000000000000e+03
2.393000000000000000e+03
2.424000000000000000e+03
2.397000000000000000e+03
2.351000000000000000e+03
2.429000000000000000e+03
2.510000000000000000e+03
2.528000000000000000e+03
2.822000000000000000e+03
2.843000000000000000e+03
2.659000000000000000e+03
2.496000000000000000e+03
2.437000000000000000e+03
2.461000000000000000e+03
2.491000000000000000e+03
2.530000000000000000e+03
2.452000000000000000e+03
2.522000000000000000e+03
2.470000000000000000e+03
2.535000000000000000e+03
2.528000000000000000e+03
2.601000000000000000e+03
2.576000000000000000e+03
2.585000000000000000e+03
2.595000000000000000e+03
2.597000000000000000e+03
2.595000000000000000e+03
2.616000000000000000e+03
2.619000000000000000e+03
2.627000000000000000e+03
2.606000000000000000e+03
2.634000000000000000e+03
2.612000000000000000e+03
2.619000000000000000e+03
2.734000000000000000e+03
2.708000000000000000e+03
2.700000000000000000e+03
2.752000000000000000e+03
2.702000000000000000e+03
2.720000000000000000e+03
2.713000000000000000e+03
2.809000000000000000e+03
2.753000000000000000e+03
2.764000000000000000e+03
2.757000000000000000e+03
2.830000000000000000e+03
2.790000000000000000e+03
2.822000000000000000e+03
2.832000000000000000e+03
2.854000000000000000e+03
2.844000000000000000e+03
2.888000000000000000e+03
2.845000000000000000e+03
2.968000000000000000e+03
2.888000000000000000e+03
2.960000000000000000e+03
2.997000000000000000e+03
2.979000000000000000e+03
2.956000000000000000e+03
2.968000000000000000e+03
2.968000000000000000e+03
2.991000000000000000e+03
3.023000000000000000e+03
3.013000000000000000e+03
3.092000000000000000e+03
3.049000000000000000e+03
3.051000000000000000e+03
3.122000000000000000e+03
3.178000000000000000e+03
3.161000000000000000e+03
3.111000000000000000e+03
3.123000000000000000e+03
3.160000000000000000e+03
3.180000000000000000e+03
3.214000000000000000e+03
3.203000000000000000e+03
3.215000000000000000e+03
3.204000000000000000e+03
3.232000000000000000e+03
3.176000000000000000e+03
3.347000000000000000e+03
3.382000000000000000e+03
3.260000000000000000e+03
3.316000000000000000e+03
3.293000000000000000e+03
3.327000000000000000e+03
3.372000000000000000e+03
3.369000000000000000e+03
3.305000000000000000e+03
3.391000000000000000e+03
3.371000000000000000e+03
3.305000000000000000e+03
3.370000000000000000e+03
3.362000000000000000e+03
3.375000000000000000e+03
3.354000000000000000e+03
3.378000000000000000e+03
3.412000000000000000e+03
3.441000000000000000e+03
3.395000000000000000e+03
3.376000000000000000e+03
3.445000000000000000e+03
3.444000000000000000e+03
3.443000000000000000e+03
3.438000000000000000e+03
3.436000000000000000e+03
3.526000000000000000e+03
3.373000000000000000e+03
3.411000000000000000e+03
3.512000000000000000e+03
3.381000000000000000e+03
3.476000000000000000e+03
3.470000000000000000e+03
3.375000000000000000e+03
3.504000000000000000e+03
3.482000000000000000e+03
3.477000000000000000e+03
3.493000000000000000e+03
3.511000000000000000e+03
3.465000000000000000e+03
3.532000000000000000e+03
3.530000000000000000e+03
3.542000000000000000e+03
3.518000000000000000e+03
3.570000000000000000e+03
3.553000000000000000e+03
3.616000000000000000e+03
3.509000000000000000e+03
3.565000000000000000e+03
3.581000000000000000e+03
3.642000000000000000e+03
3.612000000000000000e+03
3.679000000000000000e+03
3.554000000000000000e+03
3.563000000000000000e+03
3.589000000000000000e+03
3.505000000000000000e+03
3.550000000000000000e+03
3.585000000000000000e+03
3.618000000000000000e+03
3.571000000000000000e+03
3.495000000000000000e+03
3.536000000000000000e+03
3.547000000000000000e+03
3.521000000000000000e+03
3.503000000000000000e+03
3.606000000000000000e+03
3.664000000000000000e+03
3.570000000000000000e+03
3.551000000000000000e+03
3.614000000000000000e+03
3.593000000000000000e+03
3.469000000000000000e+03
3.584000000000000000e+03
3.715000000000000000e+03
3.588000000000000000e+03
3.555000000000000000e+03
3.567000000000000000e+03
3.609000000000000000e+03
3.567000000000000000e+03
3.613000000000000000e+03
3.563000000000000000e+03
3.618000000000000000e+03
3.583000000000000000e+03
3.574000000000000000e+03
3.626000000000000000e+03
3.567000000000000000e+03
3.637000000000000000e+03
3.634000000000000000e+03
3.609000000000000000e+03
3.517000000000000000e+03
3.527000000000000000e+03
3.578000000000000000e+03
3.632000000000000000e+03
3.527000000000000000e+03
3.551000000000000000e+03
3.554000000000000000e+03
3.561000000000000000e+03
3.616000000000000000e+03
3.622000000000000000e+03
3.594000000000000000e+03
3.660000000000000000e+03
3.610000000000000000e+03
3.600000000000000000e+03
3.608000000000000000e+03
3.652000000000000000e+03
3.628000000000000000e+03
3.721000000000000000e+03
3.608000000000000000e+03
3.645000000000000000e+03
3.668000000000000000e+03
3.680000000000000000e+03
3.555000000000000000e+03
3.629000000000000000e+03
3.618000000000000000e+03
3.677000000000000000e+03
3.625000000000000000e+03
3.695000000000000000e+03
3.662000000000000000e+03
3.681000000000000000e+03
3.627000000000000000e+03
3.631000000000000000e+03
3.635000000000000000e+03
3.628000000000000000e+03
3.670000000000000000e+03
3.674000000000000000e+03
3.711000000000000000e+03
3.747000000000000000e+03
3.701000000000000000e+03
3.732000000000000000e+03
3.732000000000000000e+03
3.722000000000000000e+03
3.662000000000000000e+03
3.775000000000000000e+03
3.636000000000000000e+03
3.629000000000000000e+03
3.772000000000000000e+03
3.764000000000000000e+03
3.739000000000000000e+03
3.785000000000000000e+03
3.726000000000000000e+03
3.637000000000000000e+03
3.721000000000000000e+03
3.675000000000000000e+03
3.783000000000000000e+03
3.693000000000000000e+03
3.755000000000000000e+03
3.867000000000000000e+03
3.814000000000000000e+03
3.802000000000000000e+03
3.738000000000000000e+03
3.734000000000000000e+03
3.770000000000000000e+03
3.784000000000000000e+03
3.809000000000000000e+03
3.705000000000000000e+03
3.889000000000000000e+03
3.752000000000000000e+03
3.745000000000000000e+03
3.874000000000000000e+03
3.806000000000000000e+03
3.822000000000000000e+03
3.769000000000000000e+03
3.842000000000000000e+03
3.856000000000000000e+03
3.776000000000000000e+03
3.924000000000000000e+03
3.818000000000000000e+03
3.816000000000000000e+03
3.804000000000000000e+03
3.852000000000000000e+03
3.856000000000000000e+03
3.856000000000000000e+03
3.805000000000000000e+03
3.865000000000000000e+03
3.837000000000000000e+03
3.824000000000000000e+03
3.944000000000000000e+03
3.866000000000000000e+03
3.890000000000000000e+03
3.830000000000000000e+03
3.856000000000000000e+03
3.893000000000000000e+03
3.904000000000000000e+03
3.949000000000000000e+03
3.880000000000000000e+03
3.785000000000000000e+03
3.883000000000000000e+03
3.921000000000000000e+03
3.798000000000000000e+03
3.884000000000000000e+03
3.898000000000000000e+03
3.815000000000000000e+03
3.915000000000000000e+03
3.845000000000000000e+03
3.864000000000000000e+03
3.880000000000000000e+03
3.930000000000000000e+03
3.846000000000000000e+03
3.874000000000000000e+03
3.896000000000000000e+03
3.825000000000000000e+03
3.825000000000000000e+03
3.841000000000000000e+03
3.880000000000000000e+03
3.884000000000000000e+03
3.854000000000000000e+03
3.890000000000000000e+03
3.895000000000000000e+03
3.856000000000000000e+03
3.921000000000000000e+03
3.865000000000000000e+03
3.816000000000000000e+03
3.863000000000000000e+03
3.796000000000000000e+03
3.827000000000000000e+03
3.874000000000000000e+03
3.808000000000000000e+03
3.827000000000000000e+03
3.852000000000000000e+03
3.867000000000000000e+03
3.904000000000000000e+03
3.749000000000000000e+03
3.782000000000000000e+03
3.813000000000000000e+03
3.730000000000000000e+03
3.856000000000000000e+03
3.779000000000000000e+03
3.844000000000000000e+03
3.771000000000000000e+03
3.760000000000000000e+03
3.717000000000000000e+03
3.762000000000000000e+03
3.724000000000000000e+03
3.766000000000000000e+03
3.720000000000000000e+03
3.766000000000000000e+03
3.729000000000000000e+03
3.720000000000000000e+03
3.677000000000000000e+03
3.677000000000000000e+03
3.705000000000000000e+03
3.666000000000000000e+03
3.713000000000000000e+03
3.678000000000000000e+03
3.690000000000000000e+03
3.694000000000000000e+03
3.716000000000000000e+03
3.607000000000000000e+03
3.552000000000000000e+03
3.665000000000000000e+03
3.648000000000000000e+03
3.640000000000000000e+03
3.662000000000000000e+03
3.640000000000000000e+03
3.651000000000000000e+03
3.676000000000000000e+03
3.617000000000000000e+03
3.548000000000000000e+03
3.477000000000000000e+03
3.562000000000000000e+03
3.589000000000000000e+03
3.551000000000000000e+03
3.537000000000000000e+03
3.543000000000000000e+03
3.545000000000000000e+03
3.531000000000000000e+03
3.594000000000000000e+03
3.475000000000000000e+03
3.590000000000000000e+03
3.531000000000000000e+03
3.494000000000000000e+03
3.501000000000000000e+03
3.459000000000000000e+03
3.485000000000000000e+03
3.471000000000000000e+03
3.500000000000000000e+03
3.518000000000000000e+03
3.454000000000000000e+03
3.427000000000000000e+03
3.522000000000000000e+03
3.445000000000000000e+03
3.413000000000000000e+03
3.433000000000000000e+03
3.431000000000000000e+03
3.452000000000000000e+03
3.387000000000000000e+03
3.407000000000000000e+03
3.374000000000000000e+03
3.387000000000000000e+03
3.349000000000000000e+03
3.382000000000000000e+03
3.286000000000000000e+03
3.305000000000000000e+03
3.343000000000000000e+03
3.358000000000000000e+03
3.348000000000000000e+03
3.385000000000000000e+03
3.298000000000000000e+03
3.298000000000000000e+03
3.337000000000000000e+03
3.325000000000000000e+03
3.267000000000000000e+03
3.296000000000000000e+03
3.245000000000000000e+03
3.290000000000000000e+03
3.274000000000000000e+03
3.351000000000000000e+03
3.248000000000000000e+03
3.310000000000000000e+03
3.240000000000000000e+03
3.236000000000000000e+03
3.326000000000000000e+03
3.273000000000000000e+03
3.196000000000000000e+03
3.212000000000000000e+03
3.240000000000000000e+03
3.293000000000000000e+03
3.342000000000000000e+03
3.260000000000000000e+03
3.244000000000000000e+03
3.229000000000000000e+03
3.210000000000000000e+03
3.269000000000000000e+03
3.320000000000000000e+03
3.152000000000000000e+03
3.239000000000000000e+03
3.212000000000000000e+03
3.207000000000000000e+03
3.185000000000000000e+03
3.273000000000000000e+03
3.182000000000000000e+03
3.209000000000000000e+03
3.202000000000000000e+03
3.171000000000000000e+03
3.170000000000000000e+03
3.169000000000000000e+03
3.142000000000000000e+03
3.128000000000000000e+03
3.174000000000000000e+03
3.165000000000000000e+03
3.147000000000000000e+03
3.224000000000000000e+03
3.176000000000000000e+03
3.160000000000000000e+03
3.139000000000000000e+03
3.170000000000000000e+03
3.097000000000000000e+03
3.049000000000000000e+03
3.109000000000000000e+03
3.122000000000000000e+03
3.165000000000000000e+03
3.118000000000000000e+03
3.094000000000000000e+03
3.099000000000000000e+03
3.108000000000000000e+03
3.111000000000000000e+03
3.129000000000000000e+03
3.105000000000000000e+03
3.011000000000000000e+03
3.044000000000000000e+03
3.047000000000000000e+03
3.066000000000000000e+03
3.043000000000000000e+03
3.050000000000000000e+03
3.004000000000000000e+03
2.987000000000000000e+03
3.037000000000000000e+03
3.079000000000000000e+03
3.044000000000000000e+03
3.081000000000000000e+03
3.006000000000000000e+03
3.054000000000000000e+03
3.027000000000000000e+03
2.948000000000000000e+03
2.979000000000000000e+03
2.977000000000000000e+03
2.981000000000000000e+03
2.986000000000000000e+03
2.941000000000000000e+03
3.094000000000000000e+03
2.990000000000000000e+03
3.047000000000000000e+03
2.944000000000000000e+03
2.966000000000000000e+03
2.920000000000000000e+03
2.932000000000000000e+03
2.983000000000000000e+03
2.880000000000000000e+03
2.921000000000000000e+03
2.972000000000000000e+03
2.852000000000000000e+03
2.851000000000000000e+03
2.896000000000000000e+03
2.891000000000000000e+03
2.885000000000000000e+03
2.949000000000000000e+03
2.890000000000000000e+03
2.901000000000000000e+03
2.938000000000000000e+03
2.890000000000000000e+03
2.891000000000000000e+03
2.832000000000000000e+03
2.851000000000000000e+03
2.809000000000000000e+03
2.829000000000000000e+03
2.854000000000000000e+03
2.781000000000000000e+03
2.882000000000000000e+03
2.795000000000000000e+03
2.782000000000000000e+03
2.733000000000000000e+03
2.791000000000000000e+03
2.789000000000000000e+03
2.787000000000000000e+03
2.768000000000000000e+03
2.786000000000000000e+03
2.775000000000000000e+03
2.707000000000000000e+03
2.766000000000000000e+03
2.793000000000000000e+03
2.777000000000000000e+03
2.739000000000000000e+03
2.735000000000000000e+03
2.728000000000000000e+03
2.758000000000000000e+03
2.683000000000000000e+03
2.659000000000000000e+03
2.746000000000000000e+03
2.649000000000000000e+03
2.665000000000000000e+03
2.671000000000000000e+03
2.667000000000000000e+03
2.620000000000000000e+03
2.619000000000000000e+03
2.618000000000000000e+03
2.610000000000000000e+03
2.619000000000000000e+03
2.624000000000000000e+03
2.590000000000000000e+03
2.612000000000000000e+03
2.589000000000000000e+03
2.570000000000000000e+03
2.668000000000000000e+03
2.536000000000000000e+03
2.552000000000000000e+03
2.510000000000000000e+03
2.512000000000000000e+03
2.480000000000000000e+03
2.441000000000000000e+03
2.489000000000000000e+03
2.496000000000000000e+03
2.465000000000000000e+03
2.492000000000000000e+03
2.430000000000000000e+03
2.519000000000000000e+03
2.476000000000000000e+03
2.486000000000000000e+03
2.420000000000000000e+03
2.360000000000000000e+03
2.399000000000000000e+03
2.901000000000000000e+03
2.372000000000000000e+03
2.344000000000000000e+03
2.296000000000000000e+03
2.391000000000000000e+03
2.326000000000000000e+03
2.353000000000000000e+03
2.332000000000000000e+03
2.353000000000000000e+03
2.246000000000000000e+03
2.253000000000000000e+03
2.314000000000000000e+03
2.269000000000000000e+03
2.307000000000000000e+03
2.268000000000000000e+03
2.266000000000000000e+03
2.313000000000000000e+03
2.259000000000000000e+03
2.243000000000000000e+03
2.237000000000000000e+03
2.280000000000000000e+03
2.214000000000000000e+03
2.258000000000000000e+03
2.235000000000000000e+03
2.202000000000000000e+03
2.248000000000000000e+03
2.204000000000000000e+03
2.189000000000000000e+03
2.215000000000000000e+03
2.148000000000000000e+03
2.216000000000000000e+03
2.157000000000000000e+03
2.199000000000000000e+03
2.162000000000000000e+03
2.112000000000000000e+03
2.169000000000000000e+03
2.151000000000000000e+03
2.138000000000000000e+03
2.153000000000000000e+03
2.096000000000000000e+03
2.099000000000000000e+03
2.079000000000000000e+03
2.108000000000000000e+03
2.039000000000000000e+03
