1.581000000000000000e+03
1.574000000000000000e+03
1.597000000000000000e+03
1.551000000000000000e+03
1.583000000000000000e+03
1.571000000000000000e+03
1.648000000000000000e+03
1.567000000000000000e+03
1.586000000000000000e+03
1.635000000000000000e+03
1.575000000000000000e+03
1.649000000000000000e+03
1.635000000000000000e+03
1.637000000000000000e+03
1.627000000000000000e+03
1.634000000000000000e+03
1.634000000000000000e+03
1.650000000000000000e+03
1.678000000000000000e+03
1.646000000000000000e+03
1.709000000000000000e+03
1.644000000000000000e+03
1.661000000000000000e+03
1.649000000000000000e+03
1.712000000000000000e+03
1.703000000000000000e+03
1.688000000000000000e+03
1.698000000000000000e+03
1.711000000000000000e+03
1.712000000000000000e+03
1.742000000000000000e+03
1.692000000000000000e+03
1.712000000000000000e+03
1.691000000000000000e+03
1.752000000000000000e+03
1.756000000000000000e+03
1.765000000000000000e+03
1.712000000000000000e+03
1.778000000000000000e+03
1.745000000000000000e+03
1.745000000000000000e+03
1.791000000000000000e+03
1.808000000000000000e+03
1.784000000000000000e+03
1.806000000000000000e+03
1.774000000000000000e+03
1.807000000000000000e+03
1.768000000000000000e+03
1.812000000000000000e+03
1.800000000000000000e+03
1.780000000000000000e+03
1.823000000000000000e+03
1.789000000000000000e+03
1.836000000000000000e+03
1.804000000000000000e+03
1.804000000000000000e+03
1.783000000000000000e+03
1.843000000000000000e+03
1.836000000000000000e+03
1.972000000000000000e+03
1.884000000000000000e+03
1.854000000000000000e+03
1.835000000000000000e+03
1.869000000000000000e+03
1.820000000000000000e+03
1.829000000000000000e+03
1.833000000000000000e+03
1.871000000000000000e+03
1.830000000000000000e+03
1.912000000000000000e+03
1.906000000000000000e+03
1.902000000000000000e+03
1.851000000000000000e+03
1.921000000000000000e+03
1.957000000000000000e+03
1.880000000000000000e+03
1.921000000000000000e+03
1.947000000000000000e+03
1.907000000000000000e+03
1.886000000000000000e+03
1.932000000000000000e+03
1.939000000000000000e+03
1.918000000000000000e+03
1.927000000000000000e+03
1.968000000000000000e+03
1.893000000000000000e+03
1.946000000000000000e+03
1.900000000000000000e+03
1.955000000000000000e+03
2.021000000000000000e+03
1.982000000000000000e+03
2.017000000000000000e+03
1.969000000000000000e+03
2.043000000000000000e+03
2.030000000000000000e+03
2.000000000000000000e+03
2.002000000000000000e+03
1.990000000000000000e+03
2.046000000000000000e+03
2.028000000000000000e+03
2.057000000000000000e+03
2.020000000000000000e+03
2.064000000000000000e+03
2.045000000000000000e+03
2.025000000000000000e+03
2.143000000000000000e+03
2.117000000000000000e+03
2.060000000000000000e+03
2.087000000000000000e+03
2.062000000000000000e+03
2.074000000000000000e+03
2.138000000000000000e+03
2.085000000000000000e+03
2.122000000000000000e+03
2.156000000000000000e+03
2.220000000000000000e+03
2.152000000000000000e+03
2.134000000000000000e+03
2.132000000000000000e+03
2.221000000000000000e+03
2.269000000000000000e+03
2.189000000000000000e+03
2.220000000000000000e+03
2.184000000000000000e+03
2.218000000000000000e+03
2.286000000000000000e+03
2.307000000000000000e+03
2.337000000000000000e+03
2.284000000000000000e+03
2.313000000000000000e+03
2.261000000000000000e+03
2.274000000000000000e+03
2.306000000000000000e+03
2.305000000000000000e+03
2.351000000000000000e+03
2.335000000000000000e+03
2.364000000000000000e+03
2.321000000000000000e+03
2.382000000000000000e+03
2.399000000000000000e+03
2.390000000000000000e+03
2.413000000000000000e+03
2.438000000000000000e+03
2.453000000000000000e+03
2.479000000000000000e+03
2.440000000000000000e+03
2.451000000000000000e+03
2.508000000000000000e+03
2.459000000000000000e+03
2.502000000000000000e+03
2.541000000000000000e+03
2.523000000000000000e+03
2.516000000000000000e+03
2.538000000000000000e+03
2.545000000000000000e+03
2.598000000000000000e+03
2.547000000000000000e+03
2.612000000000000000e+03
2.632000000000000000e+03
2.539000000000000000e+03
2.664000000000000000e+03
2.679000000000000000e+03
2.661000000000000000e+03
2.633000000000000000e+03
2.667000000000000000e+03
2.676000000000000000e+03
2.699000000000000000e+03
2.682000000000000000e+03
2.694000000000000000e+03
2.683000000000000000e+03
2.649000000000000000e+03
2.662000000000000000e+03
2.740000000000000000e+03
2.821000000000000000e+03
2.691000000000000000e+03
2.726000000000000000e+03
2.789000000000000000e+03
2.792000000000000000e+03
2.703000000000000000e+03
2.771000000000000000e+03
2.777000000000000000e+03
2.759000000000000000e+03
2.804000000000000000e+03
2.834000000000000000e+03
2.835000000000000000e+03
2.927000000000000000e+03
3.222000000000000000e+03
3.241000000000000000e+03
2.949000000000000000e+03
2.870000000000000000e+03
2.850000000000000000e+03
2.837000000000000000e+03
2.919000000000000000e+03
2.875000000000000000e+03
2.845000000000000000e+03
2.897000000000000000e+03
2.926000000000000000e+03
2.890000000000000000e+03
2.943000000000000000e+03
2.914000000000000000e+03
2.907000000000000000e+03
2.909000000000000000e+03
2.965000000000000000e+03
2.959000000000000000e+03
2.969000000000000000e+03
2.959000000000000000e+03
3.059000000000000000e+03
3.066000000000000000e+03
3.042000000000000000e+03
3.011000000000000000e+03
2.990000000000000000e+03
3.039000000000000000e+03
3.045000000000000000e+03
3.100000000000000000e+03
3.126000000000000000e+03
3.152000000000000000e+03
3.130000000000000000e+03
3.130000000000000000e+03
3.092000000000000000e+03
3.088000000000000000e+03
3.144000000000000000e+03
3.153000000000000000e+03
3.197000000000000000e+03
3.212000000000000000e+03
3.228000000000000000e+03
3.309000000000000000e+03
3.274000000000000000e+03
3.254000000000000000e+03
3.329000000000000000e+03
3.404000000000000000e+03
3.306000000000000000e+03
3.317000000000000000e+03
3.353000000000000000e+03
3.415000000000000000e+03
3.373000000000000000e+03
3.376000000000000000e+03
3.447000000000000000e+03
3.375000000000000000e+03
3.483000000000000000e+03
3.466000000000000000e+03
3.444000000000000000e+03
3.534000000000000000e+03
3.463000000000000000e+03
3.515000000000000000e+03
3.581000000000000000e+03
3.512000000000000000e+03
3.585000000000000000e+03
3.579000000000000000e+03
3.635000000000000000e+03
3.614000000000000000e+03
3.669000000000000000e+03
3.682000000000000000e+03
3.583000000000000000e+03
3.671000000000000000e+03
3.745000000000000000e+03
3.686000000000000000e+03
3.753000000000000000e+03
3.771000000000000000e+03
3.870000000000000000e+03
3.843000000000000000e+03
3.772000000000000000e+03
3.806000000000000000e+03
3.783000000000000000e+03
3.988000000000000000e+03
3.847000000000000000e+03
3.836000000000000000e+03
3.805000000000000000e+03
3.819000000000000000e+03
3.844000000000000000e+03
3.831000000000000000e+03
3.796000000000000000e+03
3.778000000000000000e+03
3.863000000000000000e+03
3.872000000000000000e+03
3.923000000000000000e+03
3.953000000000000000e+03
3.969000000000000000e+03
3.903000000000000000e+03
3.837000000000000000e+03
3.899000000000000000e+03
3.870000000000000000e+03
3.959000000000000000e+03
3.915000000000000000e+03
3.939000000000000000e+03
3.907000000000000000e+03
3.960000000000000000e+03
4.042000000000000000e+03
3.967000000000000000e+03
3.983000000000000000e+03
4.030000000000000000e+03
3.944000000000000000e+03
3.921000000000000000e+03
3.958000000000000000e+03
3.995000000000000000e+03
3.957000000000000000e+03
4.005000000000000000e+03
3.990000000000000000e+03
3.985000000000000000e+03
3.974000000000000000e+03
4.050000000000000000e+03
3.959000000000000000e+03
4.044000000000000000e+03
4.038000000000000000e+03
4.061000000000000000e+03
4.112000000000000000e+03
4.051000000000000000e+03
4.085000000000000000e+03
4.084000000000000000e+03
4.119000000000000000e+03
4.065000000000000000e+03
4.063000000000000000e+03
4.098000000000000000e+03
4.141000000000000000e+03
4.115000000000000000e+03
4.063000000000000000e+03
4.078000000000000000e+03
4.021000000000000000e+03
4.074000000000000000e+03
4.098000000000000000e+03
4.075000000000000000e+03
4.132000000000000000e+03
4.091000000000000000e+03
4.109000000000000000e+03
4.065000000000000000e+03
4.158000000000000000e+03
4.117000000000000000e+03
4.182000000000000000e+03
4.123000000000000000e+03
4.051000000000000000e+03
4.141000000000000000e+03
4.107000000000000000e+03
4.129000000000000000e+03
4.082000000000000000e+03
4.215000000000000000e+03
4.095000000000000000e+03
4.222000000000000000e+03
4.126000000000000000e+03
4.117000000000000000e+03
4.242000000000000000e+03
4.130000000000000000e+03
4.112000000000000000e+03
4.140000000000000000e+03
4.183000000000000000e+03
4.109000000000000000e+03
4.096000000000000000e+03
4.172000000000000000e+03
4.125000000000000000e+03
4.162000000000000000e+03
4.142000000000000000e+03
4.112000000000000000e+03
4.172000000000000000e+03
4.119000000000000000e+03
4.204000000000000000e+03
4.136000000000000000e+03
4.249000000000000000e+03
4.236000000000000000e+03
4.186000000000000000e+03
4.244000000000000000e+03
4.120000000000000000e+03
4.242000000000000000e+03
4.169000000000000000e+03
4.225000000000000000e+03
4.196000000000000000e+03
4.180000000000000000e+03
4.192000000000000000e+03
4.231000000000000000e+03
4.207000000000000000e+03
4.236000000000000000e+03
4.185000000000000000e+03
4.280000000000000000e+03
4.203000000000000000e+03
4.263000000000000000e+03
4.285000000000000000e+03
4.214000000000000000e+03
4.344000000000000000e+03
4.310000000000000000e+03
4.282000000000000000e+03
4.275000000000000000e+03
4.289000000000000000e+03
4.232000000000000000e+03
4.252000000000000000e+03
4.380000000000000000e+03
4.403000000000000000e+03
4.291000000000000000e+03
4.313000000000000000e+03
4.269000000000000000e+03
4.409000000000000000e+03
4.306000000000000000e+03
4.334000000000000000e+03
4.318000000000000000e+03
4.350000000000000000e+03
4.342000000000000000e+03
4.345000000000000000e+03
4.376000000000000000e+03
4.397000000000000000e+03
4.425000000000000000e+03
4.360000000000000000e+03
4.471000000000000000e+03
4.468000000000000000e+03
4.375000000000000000e+03
4.406000000000000000e+03
4.437000000000000000e+03
4.303000000000000000e+03
4.452000000000000000e+03
4.414000000000000000e+03
4.484000000000000000e+03
4.407000000000000000e+03
4.458000000000000000e+03
4.384000000000000000e+03
4.417000000000000000e+03
4.436000000000000000e+03
4.382000000000000000e+03
4.412000000000000000e+03
4.505000000000000000e+03
4.427000000000000000e+03
4.509000000000000000e+03
4.468000000000000000e+03
4.429000000000000000e+03
4.450000000000000000e+03
4.450000000000000000e+03
4.495000000000000000e+03
4.465000000000000000e+03
4.354000000000000000e+03
4.516000000000000000e+03
4.509000000000000000e+03
4.471000000000000000e+03
4.442000000000000000e+03
4.509000000000000000e+03
4.484000000000000000e+03
4.483000000000000000e+03
4.570000000000000000e+03
4.540000000000000000e+03
4.438000000000000000e+03
4.441000000000000000e+03
4.590000000000000000e+03
4.561000000000000000e+03
4.580000000000000000e+03
4.569000000000000000e+03
4.559000000000000000e+03
4.564000000000000000e+03
4.607000000000000000e+03
4.564000000000000000e+03
4.526000000000000000e+03
4.498000000000000000e+03
4.585000000000000000e+03
4.494000000000000000e+03
4.544000000000000000e+03
4.596000000000000000e+03
4.577000000000000000e+03
4.546000000000000000e+03
4.628000000000000000e+03
4.516000000000000000e+03
4.548000000000000000e+03
4.563000000000000000e+03
4.544000000000000000e+03
4.613000000000000000e+03
4.556000000000000000e+03
4.605000000000000000e+03
4.547000000000000000e+03
4.545000000000000000e+03
4.531000000000000000e+03
4.548000000000000000e+03
4.543000000000000000e+03
4.643000000000000000e+03
4.539000000000000000e+03
4.551000000000000000e+03
4.556000000000000000e+03
4.494000000000000000e+03
4.558000000000000000e+03
4.526000000000000000e+03
4.403000000000000000e+03
4.525000000000000000e+03
4.417000000000000000e+03
4.465000000000000000e+03
4.412000000000000000e+03
4.538000000000000000e+03
4.490000000000000000e+03
4.455000000000000000e+03
4.498000000000000000e+03
4.493000000000000000e+03
4.485000000000000000e+03
4.405000000000000000e+03
4.471000000000000000e+03
4.461000000000000000e+03
4.443000000000000000e+03
4.399000000000000000e+03
4.418000000000000000e+03
4.407000000000000000e+03
4.383000000000000000e+03
4.382000000000000000e+03
4.379000000000000000e+03
4.364000000000000000e+03
4.411000000000000000e+03
4.446000000000000000e+03
4.361000000000000000e+03
4.407000000000000000e+03
4.348000000000000000e+03
4.299000000000000000e+03
4.433000000000000000e+03
4.391000000000000000e+03
4.386000000000000000e+03
4.328000000000000000e+03
4.291000000000000000e+03
4.331000000000000000e+03
4.214000000000000000e+03
4.317000000000000000e+03
4.349000000000000000e+03
4.302000000000000000e+03
4.295000000000000000e+03
4.277000000000000000e+03
4.250000000000000000e+03
4.310000000000000000e+03
4.317000000000000000e+03
4.202000000000000000e+03
4.211000000000000000e+03
4.293000000000000000e+03
4.265000000000000000e+03
4.191000000000000000e+03
4.268000000000000000e+03
4.151000000000000000e+03
4.171000000000000000e+03
4.203000000000000000e+03
4.087000000000000000e+03
4.157000000000000000e+03
4.099000000000000000e+03
4.098000000000000000e+03
4.218000000000000000e+03
4.119000000000000000e+03
4.170000000000000000e+03
4.071000000000000000e+03
4.125000000000000000e+03
4.092000000000000000e+03
4.102000000000000000e+03
4.101000000000000000e+03
4.058000000000000000e+03
4.031000000000000000e+03
4.064000000000000000e+03
4.036000000000000000e+03
4.050000000000000000e+03
4.016000000000000000e+03
4.046000000000000000e+03
4.008000000000000000e+03
4.020000000000000000e+03
3.989000000000000000e+03
3.992000000000000000e+03
3.892000000000000000e+03
3.981000000000000000e+03
3.924000000000000000e+03
3.950000000000000000e+03
3.993000000000000000e+03
4.097000000000000000e+03
3.871000000000000000e+03
3.913000000000000000e+03
3.976000000000000000e+03
3.895000000000000000e+03
3.911000000000000000e+03
3.955000000000000000e+03
3.922000000000000000e+03
3.941000000000000000e+03
3.854000000000000000e+03
3.910000000000000000e+03
3.890000000000000000e+03
3.857000000000000000e+03
3.947000000000000000e+03
3.897000000000000000e+03
3.876000000000000000e+03
3.856000000000000000e+03
3.858000000000000000e+03
3.842000000000000000e+03
3.915000000000000000e+03
3.897000000000000000e+03
3.884000000000000000e+03
3.856000000000000000e+03
3.752000000000000000e+03
3.834000000000000000e+03
3.854000000000000000e+03
3.804000000000000000e+03
3.776000000000000000e+03
3.821000000000000000e+03
3.864000000000000000e+03
3.796000000000000000e+03
3.801000000000000000e+03
3.829000000000000000e+03
3.770000000000000000e+03
3.764000000000000000e+03
3.824000000000000000e+03
3.763000000000000000e+03
3.794000000000000000e+03
3.764000000000000000e+03
3.773000000000000000e+03
3.757000000000000000e+03
3.675000000000000000e+03
3.820000000000000000e+03
3.744000000000000000e+03
3.719000000000000000e+03
3.694000000000000000e+03
3.799000000000000000e+03
3.732000000000000000e+03
3.757000000000000000e+03
3.674000000000000000e+03
3.689000000000000000e+03
3.702000000000000000e+03
3.717000000000000000e+03
3.635000000000000000e+03
3.693000000000000000e+03
3.662000000000000000e+03
3.665000000000000000e+03
3.651000000000000000e+03
3.703000000000000000e+03
3.674000000000000000e+03
3.652000000000000000e+03
3.635000000000000000e+03
3.675000000000000000e+03
3.615000000000000000e+03
3.657000000000000000e+03
3.621000000000000000e+03
3.655000000000000000e+03
3.618000000000000000e+03
3.622000000000000000e+03
3.615000000000000000e+03
3.639000000000000000e+03
3.626000000000000000e+03
3.544000000000000000e+03
3.529000000000000000e+03
3.587000000000000000e+03
3.598000000000000000e+03
3.568000000000000000e+03
3.497000000000000000e+03
3.502000000000000000e+03
3.494000000000000000e+03
3.584000000000000000e+03
3.508000000000000000e+03
3.458000000000000000e+03
3.428000000000000000e+03
3.477000000000000000e+03
3.445000000000000000e+03
3.464000000000000000e+03
3.461000000000000000e+03
3.493000000000000000e+03
3.514000000000000000e+03
3.463000000000000000e+03
3.461000000000000000e+03
3.447000000000000000e+03
3.442000000000000000e+03
3.457000000000000000e+03
3.371000000000000000e+03
3.387000000000000000e+03
3.414000000000000000e+03
3.369000000000000000e+03
3.319000000000000000e+03
3.335000000000000000e+03
3.430000000000000000e+03
3.385000000000000000e+03
3.450000000000000000e+03
3.403000000000000000e+03
3.326000000000000000e+03
3.449000000000000000e+03
3.330000000000000000e+03
3.333000000000000000e+03
3.419000000000000000e+03
3.344000000000000000e+03
3.334000000000000000e+03
3.329000000000000000e+03
3.290000000000000000e+03
3.303000000000000000e+03
3.293000000000000000e+03
3.384000000000000000e+03
3.303000000000000000e+03
3.256000000000000000e+03
3.286000000000000000e+03
3.255000000000000000e+03
3.240000000000000000e+03
3.283000000000000000e+03
3.277000000000000000e+03
3.244000000000000000e+03
3.219000000000000000e+03
3.232000000000000000e+03
3.270000000000000000e+03
3.166000000000000000e+03
3.208000000000000000e+03
3.171000000000000000e+03
3.152000000000000000e+03
3.133000000000000000e+03
3.185000000000000000e+03
3.140000000000000000e+03
3.102000000000000000e+03
3.108000000000000000e+03
3.114000000000000000e+03
3.011000000000000000e+03
3.016000000000000000e+03
3.092000000000000000e+03
3.020000000000000000e+03
3.052000000000000000e+03
3.115000000000000000e+03
3.065000000000000000e+03
3.064000000000000000e+03
3.036000000000000000e+03
2.973000000000000000e+03
2.990000000000000000e+03
2.935000000000000000e+03
2.989000000000000000e+03
2.961000000000000000e+03
2.950000000000000000e+03
2.984000000000000000e+03
2.918000000000000000e+03
2.990000000000000000e+03
2.947000000000000000e+03
2.904000000000000000e+03
2.884000000000000000e+03
2.912000000000000000e+03
2.865000000000000000e+03
2.851000000000000000e+03
2.853000000000000000e+03
2.801000000000000000e+03
2.808000000000000000e+03
2.830000000000000000e+03
2.742000000000000000e+03
2.835000000000000000e+03
2.750000000000000000e+03
2.732000000000000000e+03
2.812000000000000000e+03
3.197000000000000000e+03
2.802000000000000000e+03
2.741000000000000000e+03
2.757000000000000000e+03
2.776000000000000000e+03
2.715000000000000000e+03
2.636000000000000000e+03
2.727000000000000000e+03
2.662000000000000000e+03
2.645000000000000000e+03
2.631000000000000000e+03
2.665000000000000000e+03
2.582000000000000000e+03
2.652000000000000000e+03
2.635000000000000000e+03
2.562000000000000000e+03
2.582000000000000000e+03
2.625000000000000000e+03
2.581000000000000000e+03
2.523000000000000000e+03
2.600000000000000000e+03
2.525000000000000000e+03
2.582000000000000000e+03
2.583000000000000000e+03
2.474000000000000000e+03
2.564000000000000000e+03
2.538000000000000000e+03
2.500000000000000000e+03
2.522000000000000000e+03
2.485000000000000000e+03
2.500000000000000000e+03
2.469000000000000000e+03
2.489000000000000000e+03
2.489000000000000000e+03
2.451000000000000000e+03
2.393000000000000000e+03
2.503000000000000000e+03
2.438000000000000000e+03
2.426000000000000000e+03
2.435000000000000000e+03
2.411000000000000000e+03
2.447000000000000000e+03
2.469000000000000000e+03
2.409000000000000000e+03
