1.596000000000000000e+03
1.553000000000000000e+03
1.575000000000000000e+03
1.649000000000000000e+03
1.665000000000000000e+03
1.613000000000000000e+03
1.594000000000000000e+03
1.610000000000000000e+03
1.654000000000000000e+03
1.646000000000000000e+03
1.702000000000000000e+03
1.701000000000000000e+03
1.692000000000000000e+03
1.672000000000000000e+03
1.657000000000000000e+03
1.669000000000000000e+03
1.694000000000000000e+03
1.664000000000000000e+03
1.692000000000000000e+03
1.695000000000000000e+03
1.715000000000000000e+03
1.733000000000000000e+03
1.753000000000000000e+03
1.748000000000000000e+03
1.778000000000000000e+03
1.750000000000000000e+03
1.762000000000000000e+03
1.750000000000000000e+03
1.720000000000000000e+03
1.812000000000000000e+03
1.764000000000000000e+03
1.797000000000000000e+03
1.749000000000000000e+03
1.785000000000000000e+03
1.796000000000000000e+03
1.800000000000000000e+03
1.787000000000000000e+03
1.775000000000000000e+03
1.775000000000000000e+03
1.825000000000000000e+03
1.825000000000000000e+03
1.802000000000000000e+03
1.850000000000000000e+03
1.826000000000000000e+03
1.866000000000000000e+03
1.874000000000000000e+03
1.788000000000000000e+03
1.844000000000000000e+03
1.857000000000000000e+03
1.861000000000000000e+03
1.873000000000000000e+03
1.856000000000000000e+03
1.864000000000000000e+03
1.882000000000000000e+03
1.879000000000000000e+03
1.859000000000000000e+03
1.872000000000000000e+03
1.885000000000000000e+03
1.885000000000000000e+03
1.915000000000000000e+03
1.878000000000000000e+03
1.917000000000000000e+03
1.875000000000000000e+03
1.886000000000000000e+03
1.939000000000000000e+03
1.889000000000000000e+03
1.915000000000000000e+03
1.914000000000000000e+03
1.912000000000000000e+03
1.914000000000000000e+03
1.979000000000000000e+03
1.939000000000000000e+03
1.937000000000000000e+03
1.985000000000000000e+03
1.917000000000000000e+03
1.999000000000000000e+03
1.962000000000000000e+03
2.010000000000000000e+03
1.970000000000000000e+03
1.998000000000000000e+03
1.954000000000000000e+03
1.965000000000000000e+03
1.992000000000000000e+03
2.032000000000000000e+03
2.033000000000000000e+03
1.981000000000000000e+03
2.030000000000000000e+03
2.061000000000000000e+03
2.008000000000000000e+03
2.042000000000000000e+03
2.023000000000000000e+03
2.028000000000000000e+03
2.035000000000000000e+03
2.076000000000000000e+03
2.097000000000000000e+03
2.075000000000000000e+03
2.024000000000000000e+03
2.083000000000000000e+03
2.085000000000000000e+03
2.074000000000000000e+03
2.083000000000000000e+03
2.092000000000000000e+03
2.151000000000000000e+03
2.130000000000000000e+03
2.137000000000000000e+03
2.066000000000000000e+03
2.132000000000000000e+03
2.134000000000000000e+03
2.153000000000000000e+03
2.222000000000000000e+03
2.128000000000000000e+03
2.172000000000000000e+03
2.232000000000000000e+03
2.199000000000000000e+03
2.221000000000000000e+03
2.256000000000000000e+03
2.312000000000000000e+03
2.249000000000000000e+03
2.243000000000000000e+03
2.314000000000000000e+03
2.245000000000000000e+03
2.268000000000000000e+03
2.262000000000000000e+03
2.327000000000000000e+03
2.341000000000000000e+03
2.306000000000000000e+03
2.356000000000000000e+03
2.345000000000000000e+03
2.343000000000000000e+03
2.390000000000000000e+03
2.380000000000000000e+03
2.384000000000000000e+03
2.431000000000000000e+03
2.446000000000000000e+03
2.461000000000000000e+03
2.440000000000000000e+03
2.469000000000000000e+03
2.474000000000000000e+03
2.508000000000000000e+03
2.475000000000000000e+03
2.517000000000000000e+03
2.427000000000000000e+03
2.517000000000000000e+03
2.537000000000000000e+03
2.582000000000000000e+03
2.571000000000000000e+03
2.586000000000000000e+03
2.587000000000000000e+03
2.583000000000000000e+03
2.592000000000000000e+03
2.638000000000000000e+03
2.632000000000000000e+03
2.610000000000000000e+03
2.634000000000000000e+03
2.685000000000000000e+03
2.645000000000000000e+03
2.637000000000000000e+03
2.721000000000000000e+03
2.740000000000000000e+03
2.799000000000000000e+03
2.670000000000000000e+03
2.682000000000000000e+03
2.770000000000000000e+03
2.693000000000000000e+03
2.758000000000000000e+03
2.696000000000000000e+03
2.745000000000000000e+03
2.772000000000000000e+03
2.778000000000000000e+03
2.800000000000000000e+03
2.792000000000000000e+03
2.803000000000000000e+03
2.876000000000000000e+03
2.840000000000000000e+03
2.916000000000000000e+03
2.893000000000000000e+03
2.823000000000000000e+03
2.865000000000000000e+03
2.868000000000000000e+03
2.873000000000000000e+03
2.911000000000000000e+03
2.918000000000000000e+03
3.039000000000000000e+03
2.968000000000000000e+03
2.986000000000000000e+03
3.314000000000000000e+03
3.353000000000000000e+03
3.107000000000000000e+03
2.960000000000000000e+03
2.980000000000000000e+03
2.908000000000000000e+03
3.010000000000000000e+03
2.931000000000000000e+03
2.973000000000000000e+03
2.977000000000000000e+03
3.008000000000000000e+03
3.029000000000000000e+03
2.962000000000000000e+03
3.127000000000000000e+03
3.046000000000000000e+03
3.076000000000000000e+03
3.043000000000000000e+03
3.136000000000000000e+03
3.123000000000000000e+03
3.173000000000000000e+03
3.112000000000000000e+03
3.186000000000000000e+03
3.113000000000000000e+03
3.139000000000000000e+03
3.207000000000000000e+03
3.148000000000000000e+03
3.157000000000000000e+03
3.247000000000000000e+03
3.203000000000000000e+03
3.206000000000000000e+03
3.232000000000000000e+03
3.278000000000000000e+03
3.286000000000000000e+03
3.270000000000000000e+03
3.288000000000000000e+03
3.361000000000000000e+03
3.324000000000000000e+03
3.261000000000000000e+03
3.365000000000000000e+03
3.369000000000000000e+03
3.382000000000000000e+03
3.341000000000000000e+03
3.374000000000000000e+03
3.362000000000000000e+03
3.399000000000000000e+03
3.385000000000000000e+03
3.407000000000000000e+03
3.441000000000000000e+03
3.505000000000000000e+03
3.495000000000000000e+03
3.510000000000000000e+03
3.559000000000000000e+03
3.523000000000000000e+03
3.542000000000000000e+03
3.538000000000000000e+03
3.596000000000000000e+03
3.615000000000000000e+03
3.603000000000000000e+03
3.677000000000000000e+03
3.712000000000000000e+03
3.693000000000000000e+03
3.678000000000000000e+03
3.694000000000000000e+03
3.719000000000000000e+03
3.744000000000000000e+03
3.775000000000000000e+03
3.773000000000000000e+03
3.833000000000000000e+03
3.798000000000000000e+03
3.849000000000000000e+03
3.903000000000000000e+03
3.878000000000000000e+03
3.871000000000000000e+03
3.945000000000000000e+03
3.910000000000000000e+03
3.898000000000000000e+03
3.961000000000000000e+03
4.026000000000000000e+03
4.047000000000000000e+03
3.984000000000000000e+03
3.961000000000000000e+03
3.915000000000000000e+03
3.952000000000000000e+03
3.955000000000000000e+03
3.948000000000000000e+03
3.990000000000000000e+03
4.010000000000000000e+03
4.045000000000000000e+03
4.122000000000000000e+03
4.093000000000000000e+03
4.069000000000000000e+03
4.064000000000000000e+03
4.171000000000000000e+03
4.056000000000000000e+03
4.214000000000000000e+03
4.107000000000000000e+03
4.049000000000000000e+03
4.102000000000000000e+03
4.117000000000000000e+03
4.096000000000000000e+03
4.195000000000000000e+03
4.127000000000000000e+03
4.137000000000000000e+03
4.179000000000000000e+03
4.192000000000000000e+03
4.191000000000000000e+03
4.203000000000000000e+03
4.191000000000000000e+03
4.227000000000000000e+03
4.244000000000000000e+03
4.170000000000000000e+03
4.118000000000000000e+03
4.278000000000000000e+03
4.199000000000000000e+03
5.044000000000000000e+03
4.300000000000000000e+03
4.232000000000000000e+03
4.236000000000000000e+03
4.243000000000000000e+03
4.325000000000000000e+03
4.252000000000000000e+03
4.265000000000000000e+03
4.280000000000000000e+03
4.306000000000000000e+03
4.294000000000000000e+03
4.288000000000000000e+03
4.366000000000000000e+03
4.244000000000000000e+03
4.276000000000000000e+03
4.241000000000000000e+03
4.288000000000000000e+03
4.304000000000000000e+03
4.325000000000000000e+03
4.280000000000000000e+03
4.355000000000000000e+03
4.256000000000000000e+03
4.337000000000000000e+03
4.282000000000000000e+03
4.264000000000000000e+03
4.278000000000000000e+03
4.257000000000000000e+03
4.267000000000000000e+03
4.393000000000000000e+03
4.185000000000000000e+03
4.269000000000000000e+03
4.322000000000000000e+03
4.379000000000000000e+03
4.362000000000000000e+03
4.271000000000000000e+03
4.250000000000000000e+03
4.253000000000000000e+03
4.302000000000000000e+03
4.317000000000000000e+03
4.262000000000000000e+03
4.240000000000000000e+03
4.334000000000000000e+03
4.277000000000000000e+03
4.278000000000000000e+03
4.357000000000000000e+03
4.353000000000000000e+03
4.313000000000000000e+03
4.311000000000000000e+03
4.472000000000000000e+03
4.262000000000000000e+03
4.214000000000000000e+03
4.286000000000000000e+03
4.286000000000000000e+03
4.340000000000000000e+03
4.280000000000000000e+03
4.324000000000000000e+03
4.309000000000000000e+03
4.368000000000000000e+03
4.349000000000000000e+03
4.317000000000000000e+03
4.389000000000000000e+03
4.415000000000000000e+03
4.408000000000000000e+03
4.411000000000000000e+03
4.402000000000000000e+03
4.383000000000000000e+03
4.390000000000000000e+03
4.388000000000000000e+03
4.346000000000000000e+03
4.372000000000000000e+03
4.326000000000000000e+03
4.444000000000000000e+03
4.468000000000000000e+03
4.437000000000000000e+03
4.449000000000000000e+03
4.449000000000000000e+03
4.384000000000000000e+03
4.488000000000000000e+03
4.458000000000000000e+03
4.435000000000000000e+03
4.431000000000000000e+03
4.420000000000000000e+03
4.468000000000000000e+03
4.481000000000000000e+03
4.562000000000000000e+03
4.574000000000000000e+03
4.521000000000000000e+03
4.501000000000000000e+03
4.586000000000000000e+03
4.544000000000000000e+03
4.569000000000000000e+03
4.531000000000000000e+03
4.547000000000000000e+03
4.444000000000000000e+03
4.572000000000000000e+03
4.602000000000000000e+03
4.615000000000000000e+03
4.499000000000000000e+03
4.524000000000000000e+03
4.509000000000000000e+03
4.505000000000000000e+03
4.559000000000000000e+03
4.478000000000000000e+03
4.668000000000000000e+03
4.563000000000000000e+03
4.622000000000000000e+03
4.559000000000000000e+03
4.544000000000000000e+03
4.608000000000000000e+03
4.606000000000000000e+03
4.621000000000000000e+03
4.674000000000000000e+03
4.648000000000000000e+03
4.608000000000000000e+03
4.565000000000000000e+03
4.638000000000000000e+03
4.652000000000000000e+03
4.577000000000000000e+03
4.593000000000000000e+03
4.639000000000000000e+03
4.744000000000000000e+03
4.713000000000000000e+03
4.875000000000000000e+03
4.675000000000000000e+03
4.703000000000000000e+03
4.677000000000000000e+03
4.655000000000000000e+03
4.738000000000000000e+03
4.690000000000000000e+03
4.695000000000000000e+03
4.715000000000000000e+03
4.694000000000000000e+03
4.716000000000000000e+03
4.616000000000000000e+03
4.731000000000000000e+03
4.646000000000000000e+03
4.717000000000000000e+03
4.748000000000000000e+03
4.685000000000000000e+03
4.699000000000000000e+03
4.797000000000000000e+03
4.746000000000000000e+03
4.713000000000000000e+03
4.671000000000000000e+03
4.730000000000000000e+03
4.678000000000000000e+03
4.693000000000000000e+03
4.666000000000000000e+03
4.690000000000000000e+03
4.609000000000000000e+03
4.704000000000000000e+03
4.790000000000000000e+03
4.816000000000000000e+03
4.733000000000000000e+03
4.750000000000000000e+03
4.728000000000000000e+03
4.660000000000000000e+03
4.677000000000000000e+03
4.799000000000000000e+03
4.708000000000000000e+03
4.724000000000000000e+03
4.713000000000000000e+03
4.723000000000000000e+03
4.718000000000000000e+03
4.861000000000000000e+03
4.649000000000000000e+03
4.631000000000000000e+03
4.663000000000000000e+03
4.657000000000000000e+03
4.714000000000000000e+03
4.678000000000000000e+03
4.635000000000000000e+03
4.691000000000000000e+03
4.591000000000000000e+03
4.705000000000000000e+03
4.752000000000000000e+03
4.614000000000000000e+03
4.598000000000000000e+03
4.646000000000000000e+03
4.703000000000000000e+03
4.641000000000000000e+03
4.629000000000000000e+03
4.645000000000000000e+03
4.625000000000000000e+03
4.586000000000000000e+03
4.574000000000000000e+03
4.599000000000000000e+03
4.610000000000000000e+03
4.567000000000000000e+03
4.569000000000000000e+03
4.596000000000000000e+03
4.563000000000000000e+03
4.589000000000000000e+03
4.566000000000000000e+03
4.558000000000000000e+03
4.496000000000000000e+03
4.562000000000000000e+03
4.558000000000000000e+03
4.512000000000000000e+03
4.508000000000000000e+03
4.441000000000000000e+03
4.553000000000000000e+03
4.557000000000000000e+03
4.508000000000000000e+03
4.497000000000000000e+03
4.559000000000000000e+03
4.522000000000000000e+03
4.427000000000000000e+03
4.469000000000000000e+03
4.467000000000000000e+03
4.430000000000000000e+03
4.473000000000000000e+03
4.502000000000000000e+03
4.354000000000000000e+03
4.491000000000000000e+03
4.321000000000000000e+03
4.338000000000000000e+03
4.321000000000000000e+03
4.316000000000000000e+03
4.383000000000000000e+03
4.302000000000000000e+03
4.297000000000000000e+03
4.310000000000000000e+03
4.293000000000000000e+03
4.282000000000000000e+03
4.264000000000000000e+03
4.291000000000000000e+03
4.300000000000000000e+03
4.251000000000000000e+03
4.221000000000000000e+03
4.276000000000000000e+03
4.262000000000000000e+03
4.221000000000000000e+03
4.222000000000000000e+03
4.302000000000000000e+03
4.148000000000000000e+03
4.152000000000000000e+03
4.159000000000000000e+03
4.181000000000000000e+03
4.184000000000000000e+03
4.225000000000000000e+03
4.196000000000000000e+03
4.258000000000000000e+03
4.154000000000000000e+03
4.168000000000000000e+03
4.159000000000000000e+03
4.076000000000000000e+03
4.101000000000000000e+03
4.117000000000000000e+03
4.045000000000000000e+03
4.074000000000000000e+03
4.061000000000000000e+03
4.150000000000000000e+03
4.114000000000000000e+03
4.015000000000000000e+03
4.029000000000000000e+03
4.055000000000000000e+03
4.061000000000000000e+03
4.068000000000000000e+03
4.018000000000000000e+03
4.026000000000000000e+03
4.071000000000000000e+03
3.970000000000000000e+03
4.020000000000000000e+03
4.076000000000000000e+03
4.036000000000000000e+03
3.935000000000000000e+03
3.993000000000000000e+03
4.037000000000000000e+03
3.996000000000000000e+03
4.001000000000000000e+03
3.990000000000000000e+03
3.986000000000000000e+03
4.039000000000000000e+03
3.980000000000000000e+03
4.027000000000000000e+03
3.901000000000000000e+03
3.969000000000000000e+03
3.898000000000000000e+03
3.985000000000000000e+03
3.943000000000000000e+03
3.934000000000000000e+03
3.943000000000000000e+03
4.036000000000000000e+03
3.967000000000000000e+03
3.954000000000000000e+03
3.816000000000000000e+03
3.950000000000000000e+03
3.929000000000000000e+03
3.911000000000000000e+03
3.857000000000000000e+03
3.909000000000000000e+03
3.937000000000000000e+03
3.967000000000000000e+03
3.922000000000000000e+03
3.903000000000000000e+03
3.914000000000000000e+03
3.811000000000000000e+03
3.839000000000000000e+03
3.821000000000000000e+03
3.931000000000000000e+03
3.837000000000000000e+03
3.787000000000000000e+03
3.774000000000000000e+03
3.859000000000000000e+03
3.771000000000000000e+03
3.803000000000000000e+03
3.799000000000000000e+03
3.696000000000000000e+03
3.775000000000000000e+03
3.806000000000000000e+03
3.747000000000000000e+03
3.754000000000000000e+03
3.720000000000000000e+03
3.779000000000000000e+03
3.732000000000000000e+03
3.830000000000000000e+03
3.729000000000000000e+03
3.748000000000000000e+03
3.671000000000000000e+03
3.757000000000000000e+03
3.693000000000000000e+03
3.663000000000000000e+03
3.685000000000000000e+03
3.735000000000000000e+03
3.639000000000000000e+03
3.699000000000000000e+03
3.651000000000000000e+03
3.706000000000000000e+03
3.835000000000000000e+03
3.659000000000000000e+03
3.554000000000000000e+03
3.559000000000000000e+03
3.648000000000000000e+03
3.614000000000000000e+03
3.542000000000000000e+03
3.620000000000000000e+03
3.575000000000000000e+03
3.573000000000000000e+03
3.632000000000000000e+03
3.592000000000000000e+03
3.616000000000000000e+03
3.530000000000000000e+03
3.631000000000000000e+03
3.600000000000000000e+03
3.524000000000000000e+03
3.573000000000000000e+03
3.540000000000000000e+03
3.546000000000000000e+03
3.565000000000000000e+03
3.436000000000000000e+03
3.522000000000000000e+03
3.501000000000000000e+03
3.537000000000000000e+03
3.502000000000000000e+03
3.505000000000000000e+03
3.568000000000000000e+03
3.470000000000000000e+03
3.510000000000000000e+03
3.489000000000000000e+03
3.523000000000000000e+03
3.441000000000000000e+03
3.373000000000000000e+03
3.477000000000000000e+03
3.446000000000000000e+03
3.466000000000000000e+03
3.446000000000000000e+03
3.431000000000000000e+03
3.446000000000000000e+03
3.429000000000000000e+03
3.416000000000000000e+03
3.364000000000000000e+03
3.386000000000000000e+03
3.441000000000000000e+03
3.362000000000000000e+03
3.369000000000000000e+03
3.348000000000000000e+03
3.360000000000000000e+03
3.355000000000000000e+03
3.313000000000000000e+03
3.390000000000000000e+03
3.288000000000000000e+03
3.304000000000000000e+03
3.203000000000000000e+03
3.214000000000000000e+03
3.228000000000000000e+03
3.213000000000000000e+03
3.140000000000000000e+03
3.194000000000000000e+03
3.188000000000000000e+03
3.173000000000000000e+03
3.227000000000000000e+03
3.120000000000000000e+03
3.208000000000000000e+03
3.137000000000000000e+03
3.139000000000000000e+03
3.091000000000000000e+03
3.092000000000000000e+03
3.161000000000000000e+03
3.126000000000000000e+03
3.094000000000000000e+03
3.126000000000000000e+03
2.985000000000000000e+03
3.050000000000000000e+03
3.020000000000000000e+03
3.052000000000000000e+03
3.009000000000000000e+03
2.995000000000000000e+03
3.004000000000000000e+03
2.988000000000000000e+03
2.924000000000000000e+03
2.918000000000000000e+03
2.951000000000000000e+03
2.957000000000000000e+03
2.873000000000000000e+03
2.945000000000000000e+03
2.929000000000000000e+03
2.962000000000000000e+03
2.838000000000000000e+03
2.883000000000000000e+03
2.822000000000000000e+03
2.898000000000000000e+03
2.852000000000000000e+03
2.824000000000000000e+03
2.803000000000000000e+03
2.769000000000000000e+03
2.773000000000000000e+03
2.809000000000000000e+03
2.744000000000000000e+03
2.758000000000000000e+03
2.790000000000000000e+03
2.726000000000000000e+03
2.702000000000000000e+03
2.661000000000000000e+03
2.697000000000000000e+03
2.753000000000000000e+03
2.644000000000000000e+03
2.669000000000000000e+03
2.691000000000000000e+03
2.638000000000000000e+03
2.695000000000000000e+03
2.661000000000000000e+03
2.611000000000000000e+03
2.662000000000000000e+03
2.609000000000000000e+03
2.650000000000000000e+03
2.655000000000000000e+03
2.650000000000000000e+03
2.565000000000000000e+03
2.607000000000000000e+03
2.592000000000000000e+03
2.563000000000000000e+03
2.589000000000000000e+03
2.543000000000000000e+03
2.542000000000000000e+03
2.528000000000000000e+03
2.530000000000000000e+03
2.535000000000000000e+03
2.506000000000000000e+03
2.556000000000000000e+03
2.481000000000000000e+03
2.569000000000000000e+03
2.522000000000000000e+03
2.569000000000000000e+03
2.460000000000000000e+03
2.414000000000000000e+03
