1.693000000000000000e+03
1.680000000000000000e+03
1.670000000000000000e+03
1.711000000000000000e+03
1.708000000000000000e+03
1.727000000000000000e+03
1.708000000000000000e+03
1.729000000000000000e+03
1.711000000000000000e+03
1.705000000000000000e+03
1.711000000000000000e+03
1.692000000000000000e+03
1.766000000000000000e+03
1.746000000000000000e+03
1.722000000000000000e+03
1.754000000000000000e+03
1.748000000000000000e+03
1.817000000000000000e+03
1.752000000000000000e+03
1.784000000000000000e+03
1.776000000000000000e+03
1.745000000000000000e+03
1.810000000000000000e+03
1.820000000000000000e+03
1.804000000000000000e+03
1.768000000000000000e+03
1.863000000000000000e+03
1.817000000000000000e+03
1.820000000000000000e+03
1.820000000000000000e+03
1.837000000000000000e+03
1.823000000000000000e+03
1.878000000000000000e+03
1.885000000000000000e+03
1.897000000000000000e+03
1.870000000000000000e+03
1.874000000000000000e+03
1.904000000000000000e+03
1.867000000000000000e+03
1.895000000000000000e+03
1.917000000000000000e+03
1.904000000000000000e+03
1.857000000000000000e+03
1.910000000000000000e+03
1.895000000000000000e+03
1.926000000000000000e+03
1.936000000000000000e+03
1.914000000000000000e+03
1.937000000000000000e+03
1.979000000000000000e+03
1.977000000000000000e+03
1.945000000000000000e+03
1.941000000000000000e+03
1.922000000000000000e+03
1.950000000000000000e+03
1.943000000000000000e+03
1.950000000000000000e+03
1.975000000000000000e+03
1.981000000000000000e+03
1.980000000000000000e+03
1.966000000000000000e+03
2.000000000000000000e+03
1.987000000000000000e+03
2.014000000000000000e+03
1.996000000000000000e+03
2.045000000000000000e+03
2.081000000000000000e+03
1.998000000000000000e+03
2.036000000000000000e+03
2.029000000000000000e+03
2.003000000000000000e+03
2.111000000000000000e+03
2.056000000000000000e+03
2.065000000000000000e+03
2.063000000000000000e+03
2.066000000000000000e+03
2.059000000000000000e+03
2.061000000000000000e+03
2.035000000000000000e+03
2.098000000000000000e+03
2.141000000000000000e+03
2.106000000000000000e+03
2.142000000000000000e+03
2.079000000000000000e+03
2.117000000000000000e+03
2.091000000000000000e+03
2.160000000000000000e+03
2.073000000000000000e+03
2.162000000000000000e+03
2.099000000000000000e+03
2.111000000000000000e+03
2.156000000000000000e+03
2.314000000000000000e+03
2.136000000000000000e+03
2.166000000000000000e+03
2.198000000000000000e+03
2.180000000000000000e+03
2.217000000000000000e+03
2.172000000000000000e+03
2.280000000000000000e+03
2.184000000000000000e+03
2.208000000000000000e+03
2.218000000000000000e+03
2.232000000000000000e+03
2.209000000000000000e+03
2.228000000000000000e+03
2.245000000000000000e+03
2.284000000000000000e+03
2.240000000000000000e+03
2.223000000000000000e+03
2.308000000000000000e+03
2.263000000000000000e+03
2.317000000000000000e+03
2.293000000000000000e+03
2.387000000000000000e+03
2.317000000000000000e+03
2.338000000000000000e+03
2.374000000000000000e+03
2.314000000000000000e+03
2.339000000000000000e+03
2.411000000000000000e+03
2.425000000000000000e+03
2.433000000000000000e+03
2.432000000000000000e+03
2.438000000000000000e+03
2.534000000000000000e+03
2.431000000000000000e+03
2.495000000000000000e+03
2.481000000000000000e+03
2.517000000000000000e+03
2.560000000000000000e+03
2.471000000000000000e+03
2.510000000000000000e+03
2.591000000000000000e+03
2.523000000000000000e+03
2.565000000000000000e+03
2.515000000000000000e+03
2.589000000000000000e+03
2.647000000000000000e+03
2.611000000000000000e+03
2.623000000000000000e+03
2.666000000000000000e+03
2.606000000000000000e+03
2.682000000000000000e+03
2.682000000000000000e+03
2.710000000000000000e+03
2.708000000000000000e+03
2.744000000000000000e+03
2.705000000000000000e+03
2.705000000000000000e+03
2.749000000000000000e+03
2.737000000000000000e+03
2.753000000000000000e+03
2.771000000000000000e+03
2.799000000000000000e+03
2.818000000000000000e+03
2.883000000000000000e+03
2.810000000000000000e+03
2.846000000000000000e+03
2.831000000000000000e+03
2.844000000000000000e+03
2.858000000000000000e+03
2.869000000000000000e+03
2.904000000000000000e+03
2.842000000000000000e+03
2.909000000000000000e+03
2.933000000000000000e+03
2.839000000000000000e+03
2.884000000000000000e+03
2.932000000000000000e+03
2.970000000000000000e+03
2.971000000000000000e+03
2.919000000000000000e+03
2.940000000000000000e+03
2.985000000000000000e+03
2.909000000000000000e+03
3.006000000000000000e+03
2.995000000000000000e+03
2.973000000000000000e+03
3.002000000000000000e+03
3.026000000000000000e+03
3.049000000000000000e+03
3.011000000000000000e+03
3.159000000000000000e+03
3.477000000000000000e+03
3.496000000000000000e+03
3.242000000000000000e+03
3.071000000000000000e+03
3.039000000000000000e+03
3.027000000000000000e+03
3.153000000000000000e+03
3.105000000000000000e+03
3.175000000000000000e+03
3.178000000000000000e+03
3.074000000000000000e+03
3.158000000000000000e+03
3.142000000000000000e+03
3.194000000000000000e+03
3.165000000000000000e+03
3.228000000000000000e+03
3.232000000000000000e+03
3.292000000000000000e+03
3.240000000000000000e+03
3.242000000000000000e+03
3.289000000000000000e+03
3.185000000000000000e+03
3.224000000000000000e+03
3.309000000000000000e+03
3.297000000000000000e+03
3.290000000000000000e+03
3.374000000000000000e+03
3.340000000000000000e+03
3.386000000000000000e+03
3.334000000000000000e+03
3.444000000000000000e+03
3.408000000000000000e+03
3.408000000000000000e+03
3.416000000000000000e+03
3.425000000000000000e+03
3.461000000000000000e+03
3.525000000000000000e+03
3.432000000000000000e+03
3.548000000000000000e+03
3.575000000000000000e+03
3.539000000000000000e+03
3.511000000000000000e+03
3.556000000000000000e+03
3.532000000000000000e+03
3.582000000000000000e+03
3.590000000000000000e+03
3.654000000000000000e+03
3.669000000000000000e+03
3.724000000000000000e+03
3.672000000000000000e+03
3.676000000000000000e+03
3.701000000000000000e+03
3.735000000000000000e+03
3.669000000000000000e+03
3.828000000000000000e+03
3.756000000000000000e+03
3.766000000000000000e+03
3.783000000000000000e+03
3.747000000000000000e+03
3.784000000000000000e+03
3.869000000000000000e+03
3.885000000000000000e+03
3.795000000000000000e+03
3.838000000000000000e+03
3.917000000000000000e+03
3.975000000000000000e+03
3.990000000000000000e+03
3.906000000000000000e+03
3.928000000000000000e+03
3.979000000000000000e+03
3.999000000000000000e+03
4.017000000000000000e+03
4.029000000000000000e+03
4.116000000000000000e+03
4.038000000000000000e+03
4.022000000000000000e+03
4.038000000000000000e+03
4.138000000000000000e+03
4.176000000000000000e+03
4.161000000000000000e+03
4.081000000000000000e+03
4.197000000000000000e+03
4.105000000000000000e+03
4.113000000000000000e+03
4.070000000000000000e+03
4.107000000000000000e+03
4.135000000000000000e+03
4.150000000000000000e+03
4.162000000000000000e+03
4.197000000000000000e+03
4.278000000000000000e+03
4.167000000000000000e+03
4.192000000000000000e+03
4.197000000000000000e+03
4.223000000000000000e+03
4.252000000000000000e+03
4.179000000000000000e+03
4.221000000000000000e+03
4.283000000000000000e+03
4.282000000000000000e+03
4.184000000000000000e+03
4.274000000000000000e+03
4.211000000000000000e+03
4.323000000000000000e+03
4.264000000000000000e+03
4.249000000000000000e+03
4.449000000000000000e+03
4.258000000000000000e+03
4.331000000000000000e+03
4.328000000000000000e+03
4.298000000000000000e+03
4.351000000000000000e+03
4.361000000000000000e+03
4.363000000000000000e+03
4.317000000000000000e+03
4.308000000000000000e+03
4.347000000000000000e+03
4.394000000000000000e+03
4.378000000000000000e+03
4.363000000000000000e+03
4.365000000000000000e+03
4.378000000000000000e+03
4.381000000000000000e+03
4.397000000000000000e+03
4.463000000000000000e+03
4.470000000000000000e+03
4.400000000000000000e+03
4.447000000000000000e+03
4.326000000000000000e+03
4.407000000000000000e+03
4.453000000000000000e+03
4.396000000000000000e+03
4.458000000000000000e+03
4.457000000000000000e+03
4.387000000000000000e+03
4.443000000000000000e+03
4.465000000000000000e+03
4.493000000000000000e+03
4.411000000000000000e+03
4.487000000000000000e+03
4.438000000000000000e+03
4.487000000000000000e+03
4.410000000000000000e+03
4.443000000000000000e+03
4.515000000000000000e+03
4.424000000000000000e+03
4.470000000000000000e+03
4.333000000000000000e+03
4.370000000000000000e+03
4.398000000000000000e+03
4.440000000000000000e+03
4.485000000000000000e+03
4.522000000000000000e+03
4.489000000000000000e+03
4.389000000000000000e+03
4.336000000000000000e+03
4.522000000000000000e+03
4.436000000000000000e+03
4.514000000000000000e+03
4.414000000000000000e+03
4.512000000000000000e+03
4.420000000000000000e+03
4.476000000000000000e+03
4.432000000000000000e+03
4.476000000000000000e+03
4.493000000000000000e+03
4.412000000000000000e+03
4.377000000000000000e+03
4.501000000000000000e+03
4.504000000000000000e+03
4.550000000000000000e+03
4.444000000000000000e+03
4.506000000000000000e+03
4.587000000000000000e+03
4.529000000000000000e+03
4.557000000000000000e+03
4.509000000000000000e+03
4.524000000000000000e+03
4.487000000000000000e+03
4.435000000000000000e+03
4.567000000000000000e+03
4.522000000000000000e+03
4.540000000000000000e+03
4.606000000000000000e+03
4.583000000000000000e+03
4.571000000000000000e+03
4.653000000000000000e+03
4.580000000000000000e+03
4.628000000000000000e+03
4.586000000000000000e+03
4.522000000000000000e+03
4.567000000000000000e+03
4.640000000000000000e+03
4.548000000000000000e+03
4.584000000000000000e+03
4.717000000000000000e+03
4.695000000000000000e+03
4.701000000000000000e+03
4.701000000000000000e+03
4.625000000000000000e+03
4.715000000000000000e+03
4.635000000000000000e+03
4.710000000000000000e+03
4.711000000000000000e+03
4.711000000000000000e+03
4.638000000000000000e+03
4.586000000000000000e+03
4.628000000000000000e+03
4.711000000000000000e+03
4.678000000000000000e+03
4.628000000000000000e+03
4.665000000000000000e+03
4.673000000000000000e+03
4.679000000000000000e+03
4.664000000000000000e+03
4.724000000000000000e+03
4.723000000000000000e+03
4.723000000000000000e+03
4.667000000000000000e+03
4.732000000000000000e+03
4.749000000000000000e+03
4.671000000000000000e+03
4.762000000000000000e+03
4.803000000000000000e+03
4.853000000000000000e+03
4.794000000000000000e+03
4.687000000000000000e+03
4.708000000000000000e+03
4.746000000000000000e+03
4.743000000000000000e+03
4.813000000000000000e+03
4.823000000000000000e+03
4.800000000000000000e+03
4.761000000000000000e+03
4.782000000000000000e+03
4.763000000000000000e+03
4.815000000000000000e+03
4.824000000000000000e+03
4.843000000000000000e+03
4.816000000000000000e+03
4.783000000000000000e+03
4.747000000000000000e+03
4.852000000000000000e+03
4.771000000000000000e+03
4.812000000000000000e+03
4.890000000000000000e+03
4.891000000000000000e+03
4.741000000000000000e+03
4.814000000000000000e+03
4.773000000000000000e+03
4.840000000000000000e+03
4.890000000000000000e+03
4.842000000000000000e+03
4.781000000000000000e+03
4.922000000000000000e+03
4.808000000000000000e+03
4.813000000000000000e+03
4.869000000000000000e+03
4.898000000000000000e+03
4.824000000000000000e+03
4.841000000000000000e+03
4.862000000000000000e+03
4.811000000000000000e+03
4.881000000000000000e+03
4.777000000000000000e+03
4.863000000000000000e+03
4.897000000000000000e+03
4.826000000000000000e+03
4.791000000000000000e+03
4.850000000000000000e+03
4.903000000000000000e+03
4.879000000000000000e+03
4.884000000000000000e+03
4.958000000000000000e+03
4.817000000000000000e+03
4.927000000000000000e+03
4.843000000000000000e+03
4.776000000000000000e+03
4.813000000000000000e+03
4.778000000000000000e+03
4.759000000000000000e+03
4.819000000000000000e+03
4.856000000000000000e+03
4.798000000000000000e+03
4.868000000000000000e+03
4.842000000000000000e+03
4.815000000000000000e+03
4.864000000000000000e+03
4.816000000000000000e+03
4.797000000000000000e+03
4.772000000000000000e+03
4.730000000000000000e+03
4.824000000000000000e+03
4.708000000000000000e+03
4.743000000000000000e+03
4.804000000000000000e+03
4.784000000000000000e+03
4.692000000000000000e+03
4.717000000000000000e+03
4.698000000000000000e+03
4.700000000000000000e+03
4.745000000000000000e+03
4.753000000000000000e+03
4.786000000000000000e+03
4.752000000000000000e+03
4.697000000000000000e+03
4.782000000000000000e+03
4.727000000000000000e+03
4.652000000000000000e+03
4.661000000000000000e+03
4.698000000000000000e+03
4.664000000000000000e+03
4.666000000000000000e+03
4.613000000000000000e+03
4.670000000000000000e+03
4.689000000000000000e+03
4.636000000000000000e+03
4.645000000000000000e+03
4.642000000000000000e+03
4.644000000000000000e+03
4.554000000000000000e+03
4.545000000000000000e+03
4.635000000000000000e+03
4.568000000000000000e+03
4.580000000000000000e+03
4.620000000000000000e+03
4.614000000000000000e+03
4.574000000000000000e+03
4.513000000000000000e+03
4.489000000000000000e+03
4.500000000000000000e+03
4.524000000000000000e+03
4.549000000000000000e+03
4.407000000000000000e+03
4.514000000000000000e+03
4.408000000000000000e+03
4.488000000000000000e+03
4.467000000000000000e+03
4.482000000000000000e+03
4.469000000000000000e+03
4.425000000000000000e+03
4.333000000000000000e+03
4.403000000000000000e+03
4.384000000000000000e+03
4.418000000000000000e+03
4.318000000000000000e+03
4.386000000000000000e+03
4.342000000000000000e+03
4.361000000000000000e+03
4.417000000000000000e+03
4.281000000000000000e+03
4.268000000000000000e+03
4.268000000000000000e+03
4.363000000000000000e+03
4.350000000000000000e+03
4.267000000000000000e+03
4.272000000000000000e+03
4.340000000000000000e+03
4.235000000000000000e+03
4.265000000000000000e+03
4.283000000000000000e+03
4.248000000000000000e+03
4.341000000000000000e+03
4.182000000000000000e+03
4.214000000000000000e+03
4.195000000000000000e+03
4.280000000000000000e+03
4.178000000000000000e+03
4.204000000000000000e+03
4.257000000000000000e+03
4.227000000000000000e+03
4.149000000000000000e+03
4.164000000000000000e+03
4.241000000000000000e+03
4.203000000000000000e+03
4.178000000000000000e+03
4.206000000000000000e+03
4.192000000000000000e+03
4.150000000000000000e+03
4.179000000000000000e+03
4.208000000000000000e+03
4.161000000000000000e+03
4.112000000000000000e+03
4.120000000000000000e+03
4.055000000000000000e+03
4.132000000000000000e+03
4.147000000000000000e+03
4.089000000000000000e+03
4.057000000000000000e+03
4.018000000000000000e+03
4.129000000000000000e+03
4.182000000000000000e+03
4.143000000000000000e+03
4.170000000000000000e+03
4.100000000000000000e+03
4.071000000000000000e+03
4.140000000000000000e+03
4.119000000000000000e+03
4.121000000000000000e+03
4.072000000000000000e+03
4.114000000000000000e+03
3.996000000000000000e+03
4.031000000000000000e+03
3.919000000000000000e+03
4.016000000000000000e+03
4.004000000000000000e+03
4.101000000000000000e+03
3.947000000000000000e+03
4.051000000000000000e+03
3.921000000000000000e+03
3.996000000000000000e+03
3.879000000000000000e+03
3.931000000000000000e+03
3.970000000000000000e+03
3.906000000000000000e+03
3.961000000000000000e+03
3.923000000000000000e+03
3.866000000000000000e+03
3.980000000000000000e+03
3.976000000000000000e+03
3.862000000000000000e+03
3.915000000000000000e+03
3.820000000000000000e+03
3.924000000000000000e+03
3.888000000000000000e+03
3.913000000000000000e+03
3.907000000000000000e+03
3.852000000000000000e+03
3.889000000000000000e+03
3.836000000000000000e+03
3.895000000000000000e+03
3.887000000000000000e+03
3.852000000000000000e+03
3.823000000000000000e+03
3.921000000000000000e+03
3.819000000000000000e+03
3.803000000000000000e+03
3.817000000000000000e+03
3.842000000000000000e+03
3.866000000000000000e+03
3.867000000000000000e+03
3.894000000000000000e+03
3.855000000000000000e+03
3.796000000000000000e+03
3.829000000000000000e+03
3.762000000000000000e+03
3.808000000000000000e+03
3.694000000000000000e+03
3.797000000000000000e+03
3.803000000000000000e+03
3.804000000000000000e+03
3.769000000000000000e+03
3.776000000000000000e+03
3.742000000000000000e+03
3.674000000000000000e+03
3.760000000000000000e+03
3.746000000000000000e+03
3.673000000000000000e+03
3.716000000000000000e+03
3.660000000000000000e+03
3.673000000000000000e+03
3.624000000000000000e+03
3.710000000000000000e+03
3.680000000000000000e+03
3.697000000000000000e+03
3.650000000000000000e+03
3.645000000000000000e+03
3.665000000000000000e+03
3.597000000000000000e+03
3.587000000000000000e+03
3.584000000000000000e+03
3.570000000000000000e+03
3.506000000000000000e+03
3.554000000000000000e+03
3.566000000000000000e+03
3.605000000000000000e+03
3.572000000000000000e+03
3.537000000000000000e+03
3.496000000000000000e+03
3.493000000000000000e+03
3.598000000000000000e+03
3.541000000000000000e+03
3.475000000000000000e+03
3.473000000000000000e+03
3.522000000000000000e+03
3.541000000000000000e+03
3.498000000000000000e+03
3.455000000000000000e+03
3.410000000000000000e+03
3.452000000000000000e+03
3.466000000000000000e+03
3.420000000000000000e+03
3.394000000000000000e+03
4.120000000000000000e+03
3.452000000000000000e+03
3.501000000000000000e+03
3.401000000000000000e+03
3.293000000000000000e+03
3.364000000000000000e+03
3.368000000000000000e+03
3.371000000000000000e+03
3.315000000000000000e+03
3.314000000000000000e+03
3.324000000000000000e+03
3.277000000000000000e+03
3.315000000000000000e+03
3.382000000000000000e+03
3.321000000000000000e+03
3.285000000000000000e+03
3.279000000000000000e+03
3.219000000000000000e+03
3.188000000000000000e+03
3.227000000000000000e+03
3.214000000000000000e+03
3.187000000000000000e+03
3.194000000000000000e+03
3.201000000000000000e+03
3.174000000000000000e+03
3.181000000000000000e+03
3.098000000000000000e+03
3.072000000000000000e+03
3.111000000000000000e+03
3.080000000000000000e+03
3.079000000000000000e+03
3.088000000000000000e+03
3.060000000000000000e+03
3.039000000000000000e+03
3.061000000000000000e+03
3.027000000000000000e+03
3.069000000000000000e+03
2.953000000000000000e+03
2.962000000000000000e+03
3.027000000000000000e+03
2.979000000000000000e+03
2.962000000000000000e+03
2.959000000000000000e+03
2.984000000000000000e+03
2.986000000000000000e+03
2.962000000000000000e+03
2.948000000000000000e+03
2.871000000000000000e+03
2.868000000000000000e+03
2.873000000000000000e+03
2.905000000000000000e+03
2.869000000000000000e+03
2.842000000000000000e+03
2.869000000000000000e+03
2.866000000000000000e+03
2.886000000000000000e+03
2.826000000000000000e+03
2.773000000000000000e+03
2.870000000000000000e+03
2.764000000000000000e+03
2.789000000000000000e+03
2.800000000000000000e+03
2.770000000000000000e+03
2.792000000000000000e+03
2.732000000000000000e+03
2.722000000000000000e+03
2.717000000000000000e+03
2.708000000000000000e+03
2.713000000000000000e+03
2.752000000000000000e+03
2.693000000000000000e+03
2.698000000000000000e+03
2.676000000000000000e+03
2.678000000000000000e+03
2.652000000000000000e+03
2.670000000000000000e+03
2.632000000000000000e+03
2.729000000000000000e+03
2.604000000000000000e+03
2.625000000000000000e+03
2.632000000000000000e+03
2.617000000000000000e+03
2.675000000000000000e+03
2.557000000000000000e+03
2.642000000000000000e+03
2.629000000000000000e+03
2.626000000000000000e+03
2.507000000000000000e+03
