1.594000000000000000e+03
1.554000000000000000e+03
1.582000000000000000e+03
1.623000000000000000e+03
1.560000000000000000e+03
1.656000000000000000e+03
1.608000000000000000e+03
1.592000000000000000e+03
1.622000000000000000e+03
1.613000000000000000e+03
1.629000000000000000e+03
1.660000000000000000e+03
1.673000000000000000e+03
1.640000000000000000e+03
1.658000000000000000e+03
1.751000000000000000e+03
1.696000000000000000e+03
1.699000000000000000e+03
1.689000000000000000e+03
1.725000000000000000e+03
1.695000000000000000e+03
1.721000000000000000e+03
1.735000000000000000e+03
1.795000000000000000e+03
1.714000000000000000e+03
1.758000000000000000e+03
1.766000000000000000e+03
1.719000000000000000e+03
1.726000000000000000e+03
1.737000000000000000e+03
1.744000000000000000e+03
1.725000000000000000e+03
1.794000000000000000e+03
1.757000000000000000e+03
1.799000000000000000e+03
1.768000000000000000e+03
1.746000000000000000e+03
1.809000000000000000e+03
1.771000000000000000e+03
1.767000000000000000e+03
1.781000000000000000e+03
1.800000000000000000e+03
1.791000000000000000e+03
1.783000000000000000e+03
1.806000000000000000e+03
1.831000000000000000e+03
1.789000000000000000e+03
1.802000000000000000e+03
1.859000000000000000e+03
1.792000000000000000e+03
1.835000000000000000e+03
1.862000000000000000e+03
1.844000000000000000e+03
1.882000000000000000e+03
1.960000000000000000e+03
1.859000000000000000e+03
1.864000000000000000e+03
1.869000000000000000e+03
1.897000000000000000e+03
1.896000000000000000e+03
1.886000000000000000e+03
1.880000000000000000e+03
1.914000000000000000e+03
1.906000000000000000e+03
1.944000000000000000e+03
1.864000000000000000e+03
1.925000000000000000e+03
2.196000000000000000e+03
1.940000000000000000e+03
1.872000000000000000e+03
1.932000000000000000e+03
1.946000000000000000e+03
1.977000000000000000e+03
1.924000000000000000e+03
2.017000000000000000e+03
1.945000000000000000e+03
1.925000000000000000e+03
1.990000000000000000e+03
1.988000000000000000e+03
2.010000000000000000e+03
1.934000000000000000e+03
2.079000000000000000e+03
1.968000000000000000e+03
1.988000000000000000e+03
1.996000000000000000e+03
2.065000000000000000e+03
2.031000000000000000e+03
1.989000000000000000e+03
1.988000000000000000e+03
2.016000000000000000e+03
1.998000000000000000e+03
2.002000000000000000e+03
2.031000000000000000e+03
2.065000000000000000e+03
2.057000000000000000e+03
1.996000000000000000e+03
2.020000000000000000e+03
2.091000000000000000e+03
2.035000000000000000e+03
2.018000000000000000e+03
2.053000000000000000e+03
2.153000000000000000e+03
2.111000000000000000e+03
2.098000000000000000e+03
2.080000000000000000e+03
2.162000000000000000e+03
2.150000000000000000e+03
2.135000000000000000e+03
2.145000000000000000e+03
2.165000000000000000e+03
2.157000000000000000e+03
2.209000000000000000e+03
2.179000000000000000e+03
2.170000000000000000e+03
2.182000000000000000e+03
2.218000000000000000e+03
2.147000000000000000e+03
2.250000000000000000e+03
2.264000000000000000e+03
2.205000000000000000e+03
2.273000000000000000e+03
2.315000000000000000e+03
2.285000000000000000e+03
2.281000000000000000e+03
2.306000000000000000e+03
2.295000000000000000e+03
2.307000000000000000e+03
2.418000000000000000e+03
2.338000000000000000e+03
2.352000000000000000e+03
2.379000000000000000e+03
2.399000000000000000e+03
2.372000000000000000e+03
2.425000000000000000e+03
2.409000000000000000e+03
2.382000000000000000e+03
2.499000000000000000e+03
2.489000000000000000e+03
2.483000000000000000e+03
2.462000000000000000e+03
2.516000000000000000e+03
2.511000000000000000e+03
2.459000000000000000e+03
2.463000000000000000e+03
2.541000000000000000e+03
2.501000000000000000e+03
2.495000000000000000e+03
2.551000000000000000e+03
2.595000000000000000e+03
2.574000000000000000e+03
2.607000000000000000e+03
2.607000000000000000e+03
2.607000000000000000e+03
2.630000000000000000e+03
2.632000000000000000e+03
2.607000000000000000e+03
2.658000000000000000e+03
2.643000000000000000e+03
2.725000000000000000e+03
2.692000000000000000e+03
2.734000000000000000e+03
2.761000000000000000e+03
2.666000000000000000e+03
2.726000000000000000e+03
2.780000000000000000e+03
2.729000000000000000e+03
2.782000000000000000e+03
2.760000000000000000e+03
2.737000000000000000e+03
2.736000000000000000e+03
2.826000000000000000e+03
2.749000000000000000e+03
2.816000000000000000e+03
2.814000000000000000e+03
2.756000000000000000e+03
2.892000000000000000e+03
2.770000000000000000e+03
2.840000000000000000e+03
2.797000000000000000e+03
2.885000000000000000e+03
2.936000000000000000e+03
2.872000000000000000e+03
2.881000000000000000e+03
2.902000000000000000e+03
2.915000000000000000e+03
3.288000000000000000e+03
3.356000000000000000e+03
3.250000000000000000e+03
2.913000000000000000e+03
2.991000000000000000e+03
2.952000000000000000e+03
2.980000000000000000e+03
2.964000000000000000e+03
2.926000000000000000e+03
2.967000000000000000e+03
2.969000000000000000e+03
2.948000000000000000e+03
3.000000000000000000e+03
3.088000000000000000e+03
3.035000000000000000e+03
3.011000000000000000e+03
3.017000000000000000e+03
3.060000000000000000e+03
3.037000000000000000e+03
3.075000000000000000e+03
3.063000000000000000e+03
3.070000000000000000e+03
3.093000000000000000e+03
3.234000000000000000e+03
3.162000000000000000e+03
3.094000000000000000e+03
3.173000000000000000e+03
3.131000000000000000e+03
3.128000000000000000e+03
3.209000000000000000e+03
3.180000000000000000e+03
3.235000000000000000e+03
3.222000000000000000e+03
3.181000000000000000e+03
3.223000000000000000e+03
3.288000000000000000e+03
3.342000000000000000e+03
3.260000000000000000e+03
3.367000000000000000e+03
3.418000000000000000e+03
3.368000000000000000e+03
3.405000000000000000e+03
3.373000000000000000e+03
3.330000000000000000e+03
3.353000000000000000e+03
3.437000000000000000e+03
3.435000000000000000e+03
3.471000000000000000e+03
3.508000000000000000e+03
3.478000000000000000e+03
3.482000000000000000e+03
3.490000000000000000e+03
3.574000000000000000e+03
3.573000000000000000e+03
3.620000000000000000e+03
3.585000000000000000e+03
3.585000000000000000e+03
3.589000000000000000e+03
3.619000000000000000e+03
3.641000000000000000e+03
3.670000000000000000e+03
3.770000000000000000e+03
3.662000000000000000e+03
3.746000000000000000e+03
3.699000000000000000e+03
3.713000000000000000e+03
3.716000000000000000e+03
3.705000000000000000e+03
3.764000000000000000e+03
3.738000000000000000e+03
3.803000000000000000e+03
3.784000000000000000e+03
3.886000000000000000e+03
3.960000000000000000e+03
3.949000000000000000e+03
3.903000000000000000e+03
3.813000000000000000e+03
3.916000000000000000e+03
3.989000000000000000e+03
3.974000000000000000e+03
3.942000000000000000e+03
4.007000000000000000e+03
3.992000000000000000e+03
3.982000000000000000e+03
3.997000000000000000e+03
4.001000000000000000e+03
3.927000000000000000e+03
3.964000000000000000e+03
4.024000000000000000e+03
4.023000000000000000e+03
3.990000000000000000e+03
3.947000000000000000e+03
4.037000000000000000e+03
3.945000000000000000e+03
4.082000000000000000e+03
3.981000000000000000e+03
4.050000000000000000e+03
4.131000000000000000e+03
4.038000000000000000e+03
4.020000000000000000e+03
4.047000000000000000e+03
4.060000000000000000e+03
4.091000000000000000e+03
4.101000000000000000e+03
4.061000000000000000e+03
4.162000000000000000e+03
4.169000000000000000e+03
4.174000000000000000e+03
4.191000000000000000e+03
4.187000000000000000e+03
4.112000000000000000e+03
4.135000000000000000e+03
4.144000000000000000e+03
4.115000000000000000e+03
4.123000000000000000e+03
4.229000000000000000e+03
4.179000000000000000e+03
4.165000000000000000e+03
4.191000000000000000e+03
4.250000000000000000e+03
4.219000000000000000e+03
4.226000000000000000e+03
4.262000000000000000e+03
4.154000000000000000e+03
4.253000000000000000e+03
4.286000000000000000e+03
4.285000000000000000e+03
4.281000000000000000e+03
4.260000000000000000e+03
4.227000000000000000e+03
4.184000000000000000e+03
4.222000000000000000e+03
4.254000000000000000e+03
4.288000000000000000e+03
4.238000000000000000e+03
4.289000000000000000e+03
4.208000000000000000e+03
4.213000000000000000e+03
4.289000000000000000e+03
4.232000000000000000e+03
4.239000000000000000e+03
4.209000000000000000e+03
4.238000000000000000e+03
4.291000000000000000e+03
4.240000000000000000e+03
4.310000000000000000e+03
4.254000000000000000e+03
4.213000000000000000e+03
4.263000000000000000e+03
4.216000000000000000e+03
4.216000000000000000e+03
4.241000000000000000e+03
4.274000000000000000e+03
4.203000000000000000e+03
4.341000000000000000e+03
4.289000000000000000e+03
4.250000000000000000e+03
4.256000000000000000e+03
4.322000000000000000e+03
4.279000000000000000e+03
4.302000000000000000e+03
4.185000000000000000e+03
4.281000000000000000e+03
4.328000000000000000e+03
4.214000000000000000e+03
4.305000000000000000e+03
4.286000000000000000e+03
4.263000000000000000e+03
4.341000000000000000e+03
4.225000000000000000e+03
4.222000000000000000e+03
4.372000000000000000e+03
4.319000000000000000e+03
4.266000000000000000e+03
4.295000000000000000e+03
4.284000000000000000e+03
4.268000000000000000e+03
4.314000000000000000e+03
4.284000000000000000e+03
4.338000000000000000e+03
4.312000000000000000e+03
4.381000000000000000e+03
4.345000000000000000e+03
4.349000000000000000e+03
4.369000000000000000e+03
4.400000000000000000e+03
4.415000000000000000e+03
4.347000000000000000e+03
4.399000000000000000e+03
4.382000000000000000e+03
4.405000000000000000e+03
4.446000000000000000e+03
4.390000000000000000e+03
4.475000000000000000e+03
4.472000000000000000e+03
4.423000000000000000e+03
4.324000000000000000e+03
4.536000000000000000e+03
4.506000000000000000e+03
4.460000000000000000e+03
4.399000000000000000e+03
4.429000000000000000e+03
4.513000000000000000e+03
4.460000000000000000e+03
4.464000000000000000e+03
4.450000000000000000e+03
4.574000000000000000e+03
4.530000000000000000e+03
4.480000000000000000e+03
4.492000000000000000e+03
4.537000000000000000e+03
4.464000000000000000e+03
4.532000000000000000e+03
4.493000000000000000e+03
4.581000000000000000e+03
4.546000000000000000e+03
4.588000000000000000e+03
4.532000000000000000e+03
4.554000000000000000e+03
4.619000000000000000e+03
4.596000000000000000e+03
4.429000000000000000e+03
4.568000000000000000e+03
4.541000000000000000e+03
4.574000000000000000e+03
4.532000000000000000e+03
4.635000000000000000e+03
4.560000000000000000e+03
4.535000000000000000e+03
4.568000000000000000e+03
4.573000000000000000e+03
4.566000000000000000e+03
4.541000000000000000e+03
4.598000000000000000e+03
4.637000000000000000e+03
4.615000000000000000e+03
4.593000000000000000e+03
4.542000000000000000e+03
4.625000000000000000e+03
4.575000000000000000e+03
4.595000000000000000e+03
4.678000000000000000e+03
4.676000000000000000e+03
4.746000000000000000e+03
4.594000000000000000e+03
4.679000000000000000e+03
4.728000000000000000e+03
4.581000000000000000e+03
4.609000000000000000e+03
4.645000000000000000e+03
4.682000000000000000e+03
4.789000000000000000e+03
4.634000000000000000e+03
4.542000000000000000e+03
4.730000000000000000e+03
4.680000000000000000e+03
4.687000000000000000e+03
4.664000000000000000e+03
4.709000000000000000e+03
4.709000000000000000e+03
4.724000000000000000e+03
4.611000000000000000e+03
4.752000000000000000e+03
4.614000000000000000e+03
4.707000000000000000e+03
4.616000000000000000e+03
4.595000000000000000e+03
4.716000000000000000e+03
4.653000000000000000e+03
4.674000000000000000e+03
4.668000000000000000e+03
4.658000000000000000e+03
4.660000000000000000e+03
4.686000000000000000e+03
4.652000000000000000e+03
4.713000000000000000e+03
4.692000000000000000e+03
4.649000000000000000e+03
4.676000000000000000e+03
4.621000000000000000e+03
4.582000000000000000e+03
4.664000000000000000e+03
4.642000000000000000e+03
4.712000000000000000e+03
4.590000000000000000e+03
4.665000000000000000e+03
4.668000000000000000e+03
4.645000000000000000e+03
4.572000000000000000e+03
4.528000000000000000e+03
4.574000000000000000e+03
4.648000000000000000e+03
4.631000000000000000e+03
4.636000000000000000e+03
4.577000000000000000e+03
4.652000000000000000e+03
4.633000000000000000e+03
4.638000000000000000e+03
4.537000000000000000e+03
4.562000000000000000e+03
4.564000000000000000e+03
4.554000000000000000e+03
4.540000000000000000e+03
4.599000000000000000e+03
4.496000000000000000e+03
4.525000000000000000e+03
4.504000000000000000e+03
4.549000000000000000e+03
4.526000000000000000e+03
4.533000000000000000e+03
4.559000000000000000e+03
4.441000000000000000e+03
4.567000000000000000e+03
4.496000000000000000e+03
4.446000000000000000e+03
4.550000000000000000e+03
4.403000000000000000e+03
4.390000000000000000e+03
4.417000000000000000e+03
4.477000000000000000e+03
4.441000000000000000e+03
4.467000000000000000e+03
4.492000000000000000e+03
4.423000000000000000e+03
4.402000000000000000e+03
4.467000000000000000e+03
4.394000000000000000e+03
4.357000000000000000e+03
4.323000000000000000e+03
4.301000000000000000e+03
4.359000000000000000e+03
4.336000000000000000e+03
4.379000000000000000e+03
4.314000000000000000e+03
4.238000000000000000e+03
4.287000000000000000e+03
4.284000000000000000e+03
4.242000000000000000e+03
4.200000000000000000e+03
4.277000000000000000e+03
4.223000000000000000e+03
4.252000000000000000e+03
4.268000000000000000e+03
4.105000000000000000e+03
4.186000000000000000e+03
4.254000000000000000e+03
4.197000000000000000e+03
4.173000000000000000e+03
4.202000000000000000e+03
4.284000000000000000e+03
4.357000000000000000e+03
4.195000000000000000e+03
4.182000000000000000e+03
4.169000000000000000e+03
4.169000000000000000e+03
4.118000000000000000e+03
4.102000000000000000e+03
4.165000000000000000e+03
4.175000000000000000e+03
4.147000000000000000e+03
4.125000000000000000e+03
4.116000000000000000e+03
4.066000000000000000e+03
4.114000000000000000e+03
4.046000000000000000e+03
4.146000000000000000e+03
4.089000000000000000e+03
4.065000000000000000e+03
4.064000000000000000e+03
4.032000000000000000e+03
4.048000000000000000e+03
4.058000000000000000e+03
4.030000000000000000e+03
3.949000000000000000e+03
3.957000000000000000e+03
4.016000000000000000e+03
4.021000000000000000e+03
3.996000000000000000e+03
3.958000000000000000e+03
3.935000000000000000e+03
3.949000000000000000e+03
3.975000000000000000e+03
3.893000000000000000e+03
3.957000000000000000e+03
3.971000000000000000e+03
3.939000000000000000e+03
3.958000000000000000e+03
4.010000000000000000e+03
3.954000000000000000e+03
3.959000000000000000e+03
3.887000000000000000e+03
3.936000000000000000e+03
3.917000000000000000e+03
3.936000000000000000e+03
3.947000000000000000e+03
3.906000000000000000e+03
3.881000000000000000e+03
3.906000000000000000e+03
3.884000000000000000e+03
3.875000000000000000e+03
3.945000000000000000e+03
3.894000000000000000e+03
3.864000000000000000e+03
3.932000000000000000e+03
3.918000000000000000e+03
3.850000000000000000e+03
3.952000000000000000e+03
3.864000000000000000e+03
3.892000000000000000e+03
3.816000000000000000e+03
3.880000000000000000e+03
3.889000000000000000e+03
3.837000000000000000e+03
3.881000000000000000e+03
3.805000000000000000e+03
3.809000000000000000e+03
3.890000000000000000e+03
3.775000000000000000e+03
3.818000000000000000e+03
3.750000000000000000e+03
3.802000000000000000e+03
3.760000000000000000e+03
3.783000000000000000e+03
3.685000000000000000e+03
3.776000000000000000e+03
3.753000000000000000e+03
3.772000000000000000e+03
3.703000000000000000e+03
3.722000000000000000e+03
3.745000000000000000e+03
3.722000000000000000e+03
3.689000000000000000e+03
3.722000000000000000e+03
3.657000000000000000e+03
3.690000000000000000e+03
3.677000000000000000e+03
3.755000000000000000e+03
3.608000000000000000e+03
3.683000000000000000e+03
3.665000000000000000e+03
3.618000000000000000e+03
3.642000000000000000e+03
3.661000000000000000e+03
3.635000000000000000e+03
3.651000000000000000e+03
3.604000000000000000e+03
3.612000000000000000e+03
3.535000000000000000e+03
3.582000000000000000e+03
3.575000000000000000e+03
3.585000000000000000e+03
3.565000000000000000e+03
3.579000000000000000e+03
3.556000000000000000e+03
3.563000000000000000e+03
3.590000000000000000e+03
3.646000000000000000e+03
3.530000000000000000e+03
3.552000000000000000e+03
3.571000000000000000e+03
3.560000000000000000e+03
3.524000000000000000e+03
3.556000000000000000e+03
3.484000000000000000e+03
3.510000000000000000e+03
3.549000000000000000e+03
3.533000000000000000e+03
3.484000000000000000e+03
3.445000000000000000e+03
3.457000000000000000e+03
3.483000000000000000e+03
3.422000000000000000e+03
3.449000000000000000e+03
3.442000000000000000e+03
3.486000000000000000e+03
3.415000000000000000e+03
3.412000000000000000e+03
3.474000000000000000e+03
3.420000000000000000e+03
3.356000000000000000e+03
3.411000000000000000e+03
3.381000000000000000e+03
3.377000000000000000e+03
3.360000000000000000e+03
3.373000000000000000e+03
3.338000000000000000e+03
3.347000000000000000e+03
3.394000000000000000e+03
3.321000000000000000e+03
3.306000000000000000e+03
3.332000000000000000e+03
3.311000000000000000e+03
3.333000000000000000e+03
3.242000000000000000e+03
3.345000000000000000e+03
3.273000000000000000e+03
3.235000000000000000e+03
3.255000000000000000e+03
3.264000000000000000e+03
3.218000000000000000e+03
3.243000000000000000e+03
3.227000000000000000e+03
3.227000000000000000e+03
3.140000000000000000e+03
3.152000000000000000e+03
3.159000000000000000e+03
3.122000000000000000e+03
3.134000000000000000e+03
3.080000000000000000e+03
3.116000000000000000e+03
3.099000000000000000e+03
3.116000000000000000e+03
3.089000000000000000e+03
3.097000000000000000e+03
3.085000000000000000e+03
3.050000000000000000e+03
3.081000000000000000e+03
2.979000000000000000e+03
3.135000000000000000e+03
3.031000000000000000e+03
2.981000000000000000e+03
3.023000000000000000e+03
2.979000000000000000e+03
2.970000000000000000e+03
2.934000000000000000e+03
2.943000000000000000e+03
2.902000000000000000e+03
2.890000000000000000e+03
2.960000000000000000e+03
2.909000000000000000e+03
2.858000000000000000e+03
2.913000000000000000e+03
2.868000000000000000e+03
2.913000000000000000e+03
2.818000000000000000e+03
2.816000000000000000e+03
2.810000000000000000e+03
2.812000000000000000e+03
2.798000000000000000e+03
2.772000000000000000e+03
2.749000000000000000e+03
2.788000000000000000e+03
2.784000000000000000e+03
2.749000000000000000e+03
2.740000000000000000e+03
2.734000000000000000e+03
2.757000000000000000e+03
2.724000000000000000e+03
2.699000000000000000e+03
2.756000000000000000e+03
2.692000000000000000e+03
2.686000000000000000e+03
2.681000000000000000e+03
2.971000000000000000e+03
2.628000000000000000e+03
2.628000000000000000e+03
2.657000000000000000e+03
2.679000000000000000e+03
2.646000000000000000e+03
2.624000000000000000e+03
2.596000000000000000e+03
2.587000000000000000e+03
2.583000000000000000e+03
2.537000000000000000e+03
2.548000000000000000e+03
2.601000000000000000e+03
2.510000000000000000e+03
2.579000000000000000e+03
2.551000000000000000e+03
2.553000000000000000e+03
2.550000000000000000e+03
2.525000000000000000e+03
2.566000000000000000e+03
2.546000000000000000e+03
2.482000000000000000e+03
2.517000000000000000e+03
2.447000000000000000e+03
2.488000000000000000e+03
2.505000000000000000e+03
2.428000000000000000e+03
