1.748000000000000000e+03
1.757000000000000000e+03
1.723000000000000000e+03
1.808000000000000000e+03
1.755000000000000000e+03
1.776000000000000000e+03
1.779000000000000000e+03
1.719000000000000000e+03
1.764000000000000000e+03
1.779000000000000000e+03
1.800000000000000000e+03
1.811000000000000000e+03
1.815000000000000000e+03
1.856000000000000000e+03
1.823000000000000000e+03
1.856000000000000000e+03
1.874000000000000000e+03
1.827000000000000000e+03
1.828000000000000000e+03
1.842000000000000000e+03
1.904000000000000000e+03
1.849000000000000000e+03
1.854000000000000000e+03
1.889000000000000000e+03
1.869000000000000000e+03
1.901000000000000000e+03
1.903000000000000000e+03
1.917000000000000000e+03
1.894000000000000000e+03
1.887000000000000000e+03
1.974000000000000000e+03
1.966000000000000000e+03
1.947000000000000000e+03
1.901000000000000000e+03
1.926000000000000000e+03
1.904000000000000000e+03
1.933000000000000000e+03
1.978000000000000000e+03
1.903000000000000000e+03
1.913000000000000000e+03
1.945000000000000000e+03
1.986000000000000000e+03
1.969000000000000000e+03
1.950000000000000000e+03
1.947000000000000000e+03
1.974000000000000000e+03
1.952000000000000000e+03
1.950000000000000000e+03
2.012000000000000000e+03
2.026000000000000000e+03
2.028000000000000000e+03
2.000000000000000000e+03
2.004000000000000000e+03
2.021000000000000000e+03
2.036000000000000000e+03
2.029000000000000000e+03
2.016000000000000000e+03
2.028000000000000000e+03
2.079000000000000000e+03
2.061000000000000000e+03
2.095000000000000000e+03
2.077000000000000000e+03
2.064000000000000000e+03
2.063000000000000000e+03
2.091000000000000000e+03
2.086000000000000000e+03
2.094000000000000000e+03
2.097000000000000000e+03
2.107000000000000000e+03
2.146000000000000000e+03
2.132000000000000000e+03
2.152000000000000000e+03
2.127000000000000000e+03
2.163000000000000000e+03
2.145000000000000000e+03
2.124000000000000000e+03
2.160000000000000000e+03
2.178000000000000000e+03
2.166000000000000000e+03
2.207000000000000000e+03
2.160000000000000000e+03
2.193000000000000000e+03
2.168000000000000000e+03
2.184000000000000000e+03
2.203000000000000000e+03
2.288000000000000000e+03
2.142000000000000000e+03
2.192000000000000000e+03
2.180000000000000000e+03
2.206000000000000000e+03
2.229000000000000000e+03
2.249000000000000000e+03
2.252000000000000000e+03
2.245000000000000000e+03
2.220000000000000000e+03
2.247000000000000000e+03
2.314000000000000000e+03
2.304000000000000000e+03
2.243000000000000000e+03
2.324000000000000000e+03
2.287000000000000000e+03
2.360000000000000000e+03
2.305000000000000000e+03
2.370000000000000000e+03
2.360000000000000000e+03
2.330000000000000000e+03
2.404000000000000000e+03
2.411000000000000000e+03
2.357000000000000000e+03
2.344000000000000000e+03
2.432000000000000000e+03
2.436000000000000000e+03
2.443000000000000000e+03
2.455000000000000000e+03
2.505000000000000000e+03
2.465000000000000000e+03
2.429000000000000000e+03
2.418000000000000000e+03
2.423000000000000000e+03
2.494000000000000000e+03
2.534000000000000000e+03
2.538000000000000000e+03
2.509000000000000000e+03
2.558000000000000000e+03
2.513000000000000000e+03
2.641000000000000000e+03
2.573000000000000000e+03
2.579000000000000000e+03
2.576000000000000000e+03
2.622000000000000000e+03
2.730000000000000000e+03
2.635000000000000000e+03
2.722000000000000000e+03
2.660000000000000000e+03
2.716000000000000000e+03
2.685000000000000000e+03
2.763000000000000000e+03
2.760000000000000000e+03
2.689000000000000000e+03
2.741000000000000000e+03
2.758000000000000000e+03
2.743000000000000000e+03
2.780000000000000000e+03
2.810000000000000000e+03
2.786000000000000000e+03
2.805000000000000000e+03
2.803000000000000000e+03
2.800000000000000000e+03
2.888000000000000000e+03
2.949000000000000000e+03
2.874000000000000000e+03
2.918000000000000000e+03
2.897000000000000000e+03
2.893000000000000000e+03
2.887000000000000000e+03
2.912000000000000000e+03
3.033000000000000000e+03
2.954000000000000000e+03
2.951000000000000000e+03
3.014000000000000000e+03
2.968000000000000000e+03
2.975000000000000000e+03
3.053000000000000000e+03
2.998000000000000000e+03
3.033000000000000000e+03
3.028000000000000000e+03
3.074000000000000000e+03
3.002000000000000000e+03
3.105000000000000000e+03
3.099000000000000000e+03
3.140000000000000000e+03
3.105000000000000000e+03
3.052000000000000000e+03
3.147000000000000000e+03
3.123000000000000000e+03
3.177000000000000000e+03
3.174000000000000000e+03
3.189000000000000000e+03
3.143000000000000000e+03
3.174000000000000000e+03
3.190000000000000000e+03
3.129000000000000000e+03
3.227000000000000000e+03
3.602000000000000000e+03
3.692000000000000000e+03
3.464000000000000000e+03
3.246000000000000000e+03
3.178000000000000000e+03
3.237000000000000000e+03
3.300000000000000000e+03
3.229000000000000000e+03
3.300000000000000000e+03
3.193000000000000000e+03
3.311000000000000000e+03
3.284000000000000000e+03
3.338000000000000000e+03
3.349000000000000000e+03
3.355000000000000000e+03
3.418000000000000000e+03
3.405000000000000000e+03
3.409000000000000000e+03
3.411000000000000000e+03
3.451000000000000000e+03
3.365000000000000000e+03
3.406000000000000000e+03
3.430000000000000000e+03
3.423000000000000000e+03
3.458000000000000000e+03
3.511000000000000000e+03
3.464000000000000000e+03
3.493000000000000000e+03
3.538000000000000000e+03
3.617000000000000000e+03
3.595000000000000000e+03
3.553000000000000000e+03
3.547000000000000000e+03
3.576000000000000000e+03
3.671000000000000000e+03
3.703000000000000000e+03
3.623000000000000000e+03
3.646000000000000000e+03
3.697000000000000000e+03
3.727000000000000000e+03
3.743000000000000000e+03
3.675000000000000000e+03
3.753000000000000000e+03
3.727000000000000000e+03
3.751000000000000000e+03
3.855000000000000000e+03
3.730000000000000000e+03
3.882000000000000000e+03
3.851000000000000000e+03
3.843000000000000000e+03
3.894000000000000000e+03
3.916000000000000000e+03
3.961000000000000000e+03
3.971000000000000000e+03
3.982000000000000000e+03
3.941000000000000000e+03
4.029000000000000000e+03
3.990000000000000000e+03
4.042000000000000000e+03
4.021000000000000000e+03
4.058000000000000000e+03
4.130000000000000000e+03
4.052000000000000000e+03
4.008000000000000000e+03
4.174000000000000000e+03
4.144000000000000000e+03
4.104000000000000000e+03
4.148000000000000000e+03
4.188000000000000000e+03
4.188000000000000000e+03
4.208000000000000000e+03
4.321000000000000000e+03
4.293000000000000000e+03
4.284000000000000000e+03
4.329000000000000000e+03
4.336000000000000000e+03
4.303000000000000000e+03
4.339000000000000000e+03
4.428000000000000000e+03
4.378000000000000000e+03
4.293000000000000000e+03
4.350000000000000000e+03
4.427000000000000000e+03
4.372000000000000000e+03
4.400000000000000000e+03
4.438000000000000000e+03
4.445000000000000000e+03
4.411000000000000000e+03
4.473000000000000000e+03
4.408000000000000000e+03
4.428000000000000000e+03
4.458000000000000000e+03
4.459000000000000000e+03
4.479000000000000000e+03
4.437000000000000000e+03
4.380000000000000000e+03
4.497000000000000000e+03
4.475000000000000000e+03
4.531000000000000000e+03
4.499000000000000000e+03
4.468000000000000000e+03
4.551000000000000000e+03
4.519000000000000000e+03
4.475000000000000000e+03
4.614000000000000000e+03
4.533000000000000000e+03
4.474000000000000000e+03
4.606000000000000000e+03
4.606000000000000000e+03
4.513000000000000000e+03
4.635000000000000000e+03
4.504000000000000000e+03
4.581000000000000000e+03
4.509000000000000000e+03
4.583000000000000000e+03
4.530000000000000000e+03
4.576000000000000000e+03
4.659000000000000000e+03
4.710000000000000000e+03
4.654000000000000000e+03
4.640000000000000000e+03
4.692000000000000000e+03
4.618000000000000000e+03
4.624000000000000000e+03
4.572000000000000000e+03
4.665000000000000000e+03
4.660000000000000000e+03
4.600000000000000000e+03
4.661000000000000000e+03
4.669000000000000000e+03
4.682000000000000000e+03
4.720000000000000000e+03
4.684000000000000000e+03
4.767000000000000000e+03
4.594000000000000000e+03
4.780000000000000000e+03
4.636000000000000000e+03
4.668000000000000000e+03
4.706000000000000000e+03
4.708000000000000000e+03
4.613000000000000000e+03
4.693000000000000000e+03
4.692000000000000000e+03
4.688000000000000000e+03
4.696000000000000000e+03
4.731000000000000000e+03
4.587000000000000000e+03
4.677000000000000000e+03
4.688000000000000000e+03
4.788000000000000000e+03
4.711000000000000000e+03
4.711000000000000000e+03
4.675000000000000000e+03
4.713000000000000000e+03
4.785000000000000000e+03
4.762000000000000000e+03
4.638000000000000000e+03
4.714000000000000000e+03
4.694000000000000000e+03
4.679000000000000000e+03
4.701000000000000000e+03
4.701000000000000000e+03
4.684000000000000000e+03
4.712000000000000000e+03
4.674000000000000000e+03
4.834000000000000000e+03
4.666000000000000000e+03
4.765000000000000000e+03
4.781000000000000000e+03
4.789000000000000000e+03
4.745000000000000000e+03
4.713000000000000000e+03
4.755000000000000000e+03
4.746000000000000000e+03
4.714000000000000000e+03
4.799000000000000000e+03
4.694000000000000000e+03
4.810000000000000000e+03
4.813000000000000000e+03
4.732000000000000000e+03
4.815000000000000000e+03
4.816000000000000000e+03
4.781000000000000000e+03
4.934000000000000000e+03
4.784000000000000000e+03
4.787000000000000000e+03
4.808000000000000000e+03
4.783000000000000000e+03
4.848000000000000000e+03
4.925000000000000000e+03
4.806000000000000000e+03
4.865000000000000000e+03
4.823000000000000000e+03
4.936000000000000000e+03
4.883000000000000000e+03
4.909000000000000000e+03
4.858000000000000000e+03
4.963000000000000000e+03
4.840000000000000000e+03
4.779000000000000000e+03
4.999000000000000000e+03
4.965000000000000000e+03
4.922000000000000000e+03
4.873000000000000000e+03
4.854000000000000000e+03
4.934000000000000000e+03
4.874000000000000000e+03
4.920000000000000000e+03
4.943000000000000000e+03
4.869000000000000000e+03
4.976000000000000000e+03
4.912000000000000000e+03
4.917000000000000000e+03
4.891000000000000000e+03
4.886000000000000000e+03
4.952000000000000000e+03
4.961000000000000000e+03
4.958000000000000000e+03
4.947000000000000000e+03
4.969000000000000000e+03
4.856000000000000000e+03
4.858000000000000000e+03
4.949000000000000000e+03
5.059000000000000000e+03
4.942000000000000000e+03
5.005000000000000000e+03
5.049000000000000000e+03
5.003000000000000000e+03
4.899000000000000000e+03
5.056000000000000000e+03
5.234000000000000000e+03
5.046000000000000000e+03
5.071000000000000000e+03
5.054000000000000000e+03
5.172000000000000000e+03
5.048000000000000000e+03
5.017000000000000000e+03
5.090000000000000000e+03
5.032000000000000000e+03
5.140000000000000000e+03
5.085000000000000000e+03
5.070000000000000000e+03
5.053000000000000000e+03
5.049000000000000000e+03
5.124000000000000000e+03
5.102000000000000000e+03
5.064000000000000000e+03
5.034000000000000000e+03
5.062000000000000000e+03
5.129000000000000000e+03
5.080000000000000000e+03
5.084000000000000000e+03
5.105000000000000000e+03
5.048000000000000000e+03
5.119000000000000000e+03
5.064000000000000000e+03
5.109000000000000000e+03
4.979000000000000000e+03
5.165000000000000000e+03
5.078000000000000000e+03
5.072000000000000000e+03
5.119000000000000000e+03
5.031000000000000000e+03
5.015000000000000000e+03
5.092000000000000000e+03
5.065000000000000000e+03
5.086000000000000000e+03
5.066000000000000000e+03
5.051000000000000000e+03
5.125000000000000000e+03
5.151000000000000000e+03
5.124000000000000000e+03
5.036000000000000000e+03
5.058000000000000000e+03
5.154000000000000000e+03
5.083000000000000000e+03
5.113000000000000000e+03
4.992000000000000000e+03
5.116000000000000000e+03
4.957000000000000000e+03
5.043000000000000000e+03
5.006000000000000000e+03
5.117000000000000000e+03
5.065000000000000000e+03
5.039000000000000000e+03
5.014000000000000000e+03
5.157000000000000000e+03
5.015000000000000000e+03
5.058000000000000000e+03
4.974000000000000000e+03
5.069000000000000000e+03
5.007000000000000000e+03
4.979000000000000000e+03
4.985000000000000000e+03
5.017000000000000000e+03
5.011000000000000000e+03
5.038000000000000000e+03
5.058000000000000000e+03
4.958000000000000000e+03
4.931000000000000000e+03
4.974000000000000000e+03
4.940000000000000000e+03
4.972000000000000000e+03
4.993000000000000000e+03
5.010000000000000000e+03
4.920000000000000000e+03
4.960000000000000000e+03
4.916000000000000000e+03
4.958000000000000000e+03
4.916000000000000000e+03
4.909000000000000000e+03
4.912000000000000000e+03
4.856000000000000000e+03
4.864000000000000000e+03
4.965000000000000000e+03
4.878000000000000000e+03
4.856000000000000000e+03
4.833000000000000000e+03
4.876000000000000000e+03
4.774000000000000000e+03
4.821000000000000000e+03
4.785000000000000000e+03
4.831000000000000000e+03
4.876000000000000000e+03
4.825000000000000000e+03
4.754000000000000000e+03
4.847000000000000000e+03
4.806000000000000000e+03
4.764000000000000000e+03
4.766000000000000000e+03
4.697000000000000000e+03
4.851000000000000000e+03
4.733000000000000000e+03
4.756000000000000000e+03
4.800000000000000000e+03
4.699000000000000000e+03
4.667000000000000000e+03
4.611000000000000000e+03
4.712000000000000000e+03
4.669000000000000000e+03
4.690000000000000000e+03
4.635000000000000000e+03
4.703000000000000000e+03
4.733000000000000000e+03
4.634000000000000000e+03
4.609000000000000000e+03
4.655000000000000000e+03
4.522000000000000000e+03
4.622000000000000000e+03
4.553000000000000000e+03
4.575000000000000000e+03
4.550000000000000000e+03
4.504000000000000000e+03
4.500000000000000000e+03
4.619000000000000000e+03
4.566000000000000000e+03
4.492000000000000000e+03
4.561000000000000000e+03
4.493000000000000000e+03
4.503000000000000000e+03
4.517000000000000000e+03
4.505000000000000000e+03
4.483000000000000000e+03
4.522000000000000000e+03
4.391000000000000000e+03
4.542000000000000000e+03
4.442000000000000000e+03
4.483000000000000000e+03
4.496000000000000000e+03
4.399000000000000000e+03
4.385000000000000000e+03
4.408000000000000000e+03
4.414000000000000000e+03
4.496000000000000000e+03
4.322000000000000000e+03
4.418000000000000000e+03
4.353000000000000000e+03
4.269000000000000000e+03
4.341000000000000000e+03
4.357000000000000000e+03
4.372000000000000000e+03
4.486000000000000000e+03
4.299000000000000000e+03
4.330000000000000000e+03
4.330000000000000000e+03
4.385000000000000000e+03
4.348000000000000000e+03
4.470000000000000000e+03
4.296000000000000000e+03
4.252000000000000000e+03
4.291000000000000000e+03
4.281000000000000000e+03
4.296000000000000000e+03
4.328000000000000000e+03
4.285000000000000000e+03
4.274000000000000000e+03
4.275000000000000000e+03
4.268000000000000000e+03
4.273000000000000000e+03
4.234000000000000000e+03
4.301000000000000000e+03
4.259000000000000000e+03
4.256000000000000000e+03
4.211000000000000000e+03
4.281000000000000000e+03
4.231000000000000000e+03
4.206000000000000000e+03
4.209000000000000000e+03
4.182000000000000000e+03
4.195000000000000000e+03
4.227000000000000000e+03
4.161000000000000000e+03
4.198000000000000000e+03
4.236000000000000000e+03
4.222000000000000000e+03
4.186000000000000000e+03
4.174000000000000000e+03
4.101000000000000000e+03
4.237000000000000000e+03
4.124000000000000000e+03
4.176000000000000000e+03
4.081000000000000000e+03
4.043000000000000000e+03
4.050000000000000000e+03
4.100000000000000000e+03
4.077000000000000000e+03
4.126000000000000000e+03
4.055000000000000000e+03
4.133000000000000000e+03
4.092000000000000000e+03
4.063000000000000000e+03
4.084000000000000000e+03
4.006000000000000000e+03
4.026000000000000000e+03
3.984000000000000000e+03
4.114000000000000000e+03
4.028000000000000000e+03
3.997000000000000000e+03
4.025000000000000000e+03
4.057000000000000000e+03
3.976000000000000000e+03
4.056000000000000000e+03
3.955000000000000000e+03
4.046000000000000000e+03
3.879000000000000000e+03
3.920000000000000000e+03
3.996000000000000000e+03
3.975000000000000000e+03
3.957000000000000000e+03
4.059000000000000000e+03
3.929000000000000000e+03
3.932000000000000000e+03
3.899000000000000000e+03
3.959000000000000000e+03
3.927000000000000000e+03
3.887000000000000000e+03
3.972000000000000000e+03
3.902000000000000000e+03
3.866000000000000000e+03
3.887000000000000000e+03
3.819000000000000000e+03
3.849000000000000000e+03
3.877000000000000000e+03
3.829000000000000000e+03
3.871000000000000000e+03
3.814000000000000000e+03
3.862000000000000000e+03
3.835000000000000000e+03
3.855000000000000000e+03
3.782000000000000000e+03
3.896000000000000000e+03
3.748000000000000000e+03
3.774000000000000000e+03
3.726000000000000000e+03
3.700000000000000000e+03
3.736000000000000000e+03
3.741000000000000000e+03
3.728000000000000000e+03
3.700000000000000000e+03
3.741000000000000000e+03
3.832000000000000000e+03
3.643000000000000000e+03
3.624000000000000000e+03
3.641000000000000000e+03
3.671000000000000000e+03
3.684000000000000000e+03
3.683000000000000000e+03
3.557000000000000000e+03
3.626000000000000000e+03
3.671000000000000000e+03
3.652000000000000000e+03
3.655000000000000000e+03
3.575000000000000000e+03
3.536000000000000000e+03
3.610000000000000000e+03
3.560000000000000000e+03
3.607000000000000000e+03
3.551000000000000000e+03
3.557000000000000000e+03
3.532000000000000000e+03
3.560000000000000000e+03
3.471000000000000000e+03
3.503000000000000000e+03
3.467000000000000000e+03
3.457000000000000000e+03
3.440000000000000000e+03
3.439000000000000000e+03
3.438000000000000000e+03
3.430000000000000000e+03
3.475000000000000000e+03
3.441000000000000000e+03
3.494000000000000000e+03
3.345000000000000000e+03
3.308000000000000000e+03
3.386000000000000000e+03
3.394000000000000000e+03
3.244000000000000000e+03
3.322000000000000000e+03
3.281000000000000000e+03
3.305000000000000000e+03
3.289000000000000000e+03
3.257000000000000000e+03
3.221000000000000000e+03
3.207000000000000000e+03
3.246000000000000000e+03
3.198000000000000000e+03
3.211000000000000000e+03
3.238000000000000000e+03
3.298000000000000000e+03
3.161000000000000000e+03
3.165000000000000000e+03
3.154000000000000000e+03
3.140000000000000000e+03
3.148000000000000000e+03
3.090000000000000000e+03
3.118000000000000000e+03
3.117000000000000000e+03
3.048000000000000000e+03
3.081000000000000000e+03
3.044000000000000000e+03
3.049000000000000000e+03
3.026000000000000000e+03
3.057000000000000000e+03
2.995000000000000000e+03
2.984000000000000000e+03
2.967000000000000000e+03
2.961000000000000000e+03
3.018000000000000000e+03
2.927000000000000000e+03
2.860000000000000000e+03
2.907000000000000000e+03
2.975000000000000000e+03
2.969000000000000000e+03
2.898000000000000000e+03
2.937000000000000000e+03
2.923000000000000000e+03
2.879000000000000000e+03
2.842000000000000000e+03
2.868000000000000000e+03
2.830000000000000000e+03
2.831000000000000000e+03
2.834000000000000000e+03
2.841000000000000000e+03
2.865000000000000000e+03
2.785000000000000000e+03
2.859000000000000000e+03
2.820000000000000000e+03
2.823000000000000000e+03
2.803000000000000000e+03
2.755000000000000000e+03
2.735000000000000000e+03
2.745000000000000000e+03
2.742000000000000000e+03
2.763000000000000000e+03
2.742000000000000000e+03
2.754000000000000000e+03
2.719000000000000000e+03
2.660000000000000000e+03
2.683000000000000000e+03
2.741000000000000000e+03
2.664000000000000000e+03
2.683000000000000000e+03
