1.682000000000000000e+03
1.732000000000000000e+03
1.697000000000000000e+03
1.738000000000000000e+03
1.708000000000000000e+03
1.784000000000000000e+03
1.728000000000000000e+03
1.710000000000000000e+03
1.745000000000000000e+03
1.745000000000000000e+03
1.784000000000000000e+03
1.764000000000000000e+03
1.748000000000000000e+03
1.755000000000000000e+03
1.795000000000000000e+03
1.849000000000000000e+03
1.812000000000000000e+03
1.804000000000000000e+03
1.839000000000000000e+03
1.791000000000000000e+03
1.846000000000000000e+03
1.816000000000000000e+03
1.812000000000000000e+03
1.842000000000000000e+03
1.843000000000000000e+03
1.897000000000000000e+03
1.833000000000000000e+03
1.909000000000000000e+03
1.836000000000000000e+03
1.854000000000000000e+03
1.846000000000000000e+03
1.871000000000000000e+03
1.871000000000000000e+03
1.952000000000000000e+03
1.949000000000000000e+03
1.892000000000000000e+03
1.875000000000000000e+03
1.890000000000000000e+03
1.916000000000000000e+03
1.979000000000000000e+03
1.916000000000000000e+03
1.911000000000000000e+03
1.940000000000000000e+03
1.912000000000000000e+03
1.991000000000000000e+03
1.909000000000000000e+03
1.939000000000000000e+03
1.964000000000000000e+03
1.972000000000000000e+03
1.979000000000000000e+03
1.934000000000000000e+03
2.002000000000000000e+03
2.021000000000000000e+03
2.013000000000000000e+03
1.959000000000000000e+03
2.040000000000000000e+03
1.997000000000000000e+03
1.987000000000000000e+03
1.999000000000000000e+03
2.083000000000000000e+03
2.032000000000000000e+03
2.063000000000000000e+03
2.042000000000000000e+03
2.055000000000000000e+03
2.051000000000000000e+03
2.101000000000000000e+03
2.087000000000000000e+03
2.008000000000000000e+03
2.062000000000000000e+03
2.095000000000000000e+03
2.098000000000000000e+03
2.146000000000000000e+03
2.092000000000000000e+03
2.069000000000000000e+03
2.166000000000000000e+03
2.093000000000000000e+03
2.164000000000000000e+03
2.120000000000000000e+03
2.111000000000000000e+03
2.116000000000000000e+03
2.143000000000000000e+03
2.053000000000000000e+03
2.124000000000000000e+03
2.123000000000000000e+03
2.165000000000000000e+03
2.159000000000000000e+03
2.151000000000000000e+03
2.124000000000000000e+03
2.139000000000000000e+03
2.195000000000000000e+03
2.182000000000000000e+03
2.199000000000000000e+03
2.164000000000000000e+03
2.239000000000000000e+03
2.223000000000000000e+03
2.213000000000000000e+03
2.218000000000000000e+03
2.252000000000000000e+03
2.227000000000000000e+03
2.259000000000000000e+03
2.218000000000000000e+03
2.284000000000000000e+03
2.260000000000000000e+03
2.338000000000000000e+03
2.315000000000000000e+03
2.304000000000000000e+03
2.292000000000000000e+03
2.316000000000000000e+03
2.376000000000000000e+03
2.302000000000000000e+03
2.388000000000000000e+03
2.344000000000000000e+03
2.393000000000000000e+03
2.436000000000000000e+03
2.428000000000000000e+03
2.432000000000000000e+03
2.384000000000000000e+03
2.435000000000000000e+03
2.488000000000000000e+03
2.372000000000000000e+03
2.485000000000000000e+03
2.525000000000000000e+03
2.467000000000000000e+03
2.521000000000000000e+03
2.561000000000000000e+03
2.542000000000000000e+03
2.486000000000000000e+03
2.550000000000000000e+03
2.563000000000000000e+03
2.554000000000000000e+03
2.557000000000000000e+03
2.592000000000000000e+03
2.657000000000000000e+03
2.578000000000000000e+03
2.589000000000000000e+03
2.682000000000000000e+03
2.605000000000000000e+03
2.635000000000000000e+03
2.641000000000000000e+03
2.662000000000000000e+03
2.644000000000000000e+03
2.726000000000000000e+03
2.738000000000000000e+03
2.691000000000000000e+03
2.701000000000000000e+03
2.752000000000000000e+03
2.753000000000000000e+03
2.797000000000000000e+03
2.798000000000000000e+03
2.735000000000000000e+03
2.812000000000000000e+03
2.835000000000000000e+03
2.882000000000000000e+03
2.816000000000000000e+03
2.822000000000000000e+03
2.896000000000000000e+03
2.907000000000000000e+03
2.856000000000000000e+03
2.929000000000000000e+03
2.905000000000000000e+03
2.969000000000000000e+03
2.919000000000000000e+03
2.925000000000000000e+03
2.863000000000000000e+03
2.950000000000000000e+03
2.946000000000000000e+03
2.962000000000000000e+03
3.031000000000000000e+03
2.970000000000000000e+03
3.016000000000000000e+03
3.004000000000000000e+03
3.056000000000000000e+03
3.018000000000000000e+03
3.021000000000000000e+03
3.028000000000000000e+03
3.041000000000000000e+03
3.029000000000000000e+03
3.069000000000000000e+03
3.114000000000000000e+03
3.072000000000000000e+03
3.158000000000000000e+03
3.046000000000000000e+03
3.091000000000000000e+03
3.284000000000000000e+03
3.584000000000000000e+03
3.629000000000000000e+03
3.160000000000000000e+03
3.178000000000000000e+03
3.157000000000000000e+03
3.297000000000000000e+03
3.175000000000000000e+03
3.184000000000000000e+03
3.217000000000000000e+03
3.202000000000000000e+03
3.223000000000000000e+03
3.262000000000000000e+03
3.313000000000000000e+03
3.282000000000000000e+03
3.224000000000000000e+03
3.302000000000000000e+03
3.248000000000000000e+03
3.318000000000000000e+03
3.376000000000000000e+03
3.265000000000000000e+03
3.377000000000000000e+03
3.361000000000000000e+03
3.364000000000000000e+03
3.317000000000000000e+03
3.398000000000000000e+03
3.375000000000000000e+03
3.379000000000000000e+03
3.373000000000000000e+03
3.414000000000000000e+03
3.461000000000000000e+03
3.487000000000000000e+03
3.478000000000000000e+03
3.442000000000000000e+03
3.581000000000000000e+03
3.575000000000000000e+03
3.570000000000000000e+03
3.524000000000000000e+03
3.581000000000000000e+03
3.595000000000000000e+03
3.623000000000000000e+03
3.604000000000000000e+03
3.656000000000000000e+03
3.714000000000000000e+03
3.683000000000000000e+03
3.678000000000000000e+03
3.760000000000000000e+03
3.665000000000000000e+03
3.777000000000000000e+03
3.750000000000000000e+03
3.864000000000000000e+03
3.821000000000000000e+03
3.810000000000000000e+03
3.870000000000000000e+03
3.776000000000000000e+03
3.832000000000000000e+03
3.874000000000000000e+03
3.897000000000000000e+03
3.897000000000000000e+03
3.904000000000000000e+03
3.861000000000000000e+03
3.968000000000000000e+03
3.987000000000000000e+03
3.963000000000000000e+03
4.016000000000000000e+03
4.035000000000000000e+03
4.032000000000000000e+03
4.151000000000000000e+03
4.018000000000000000e+03
4.100000000000000000e+03
4.058000000000000000e+03
4.033000000000000000e+03
4.154000000000000000e+03
4.212000000000000000e+03
4.188000000000000000e+03
4.153000000000000000e+03
4.094000000000000000e+03
4.201000000000000000e+03
4.272000000000000000e+03
4.289000000000000000e+03
4.238000000000000000e+03
4.249000000000000000e+03
4.247000000000000000e+03
4.272000000000000000e+03
4.322000000000000000e+03
4.257000000000000000e+03
4.295000000000000000e+03
4.274000000000000000e+03
4.317000000000000000e+03
4.272000000000000000e+03
4.306000000000000000e+03
4.286000000000000000e+03
4.348000000000000000e+03
4.295000000000000000e+03
4.301000000000000000e+03
4.313000000000000000e+03
4.377000000000000000e+03
4.336000000000000000e+03
4.406000000000000000e+03
4.374000000000000000e+03
4.302000000000000000e+03
4.299000000000000000e+03
4.336000000000000000e+03
4.417000000000000000e+03
4.421000000000000000e+03
4.413000000000000000e+03
4.475000000000000000e+03
4.409000000000000000e+03
4.494000000000000000e+03
4.514000000000000000e+03
4.415000000000000000e+03
4.434000000000000000e+03
4.495000000000000000e+03
4.433000000000000000e+03
4.445000000000000000e+03
4.466000000000000000e+03
4.452000000000000000e+03
4.458000000000000000e+03
4.542000000000000000e+03
4.510000000000000000e+03
4.580000000000000000e+03
4.520000000000000000e+03
4.453000000000000000e+03
4.549000000000000000e+03
4.489000000000000000e+03
4.524000000000000000e+03
4.525000000000000000e+03
4.506000000000000000e+03
4.430000000000000000e+03
4.551000000000000000e+03
4.440000000000000000e+03
4.538000000000000000e+03
4.581000000000000000e+03
4.497000000000000000e+03
4.539000000000000000e+03
4.521000000000000000e+03
4.556000000000000000e+03
4.547000000000000000e+03
4.551000000000000000e+03
4.586000000000000000e+03
4.526000000000000000e+03
4.604000000000000000e+03
4.555000000000000000e+03
4.619000000000000000e+03
4.681000000000000000e+03
4.508000000000000000e+03
4.516000000000000000e+03
4.551000000000000000e+03
4.606000000000000000e+03
4.546000000000000000e+03
4.536000000000000000e+03
4.580000000000000000e+03
4.579000000000000000e+03
4.565000000000000000e+03
4.596000000000000000e+03
4.524000000000000000e+03
4.604000000000000000e+03
4.538000000000000000e+03
4.554000000000000000e+03
4.580000000000000000e+03
4.544000000000000000e+03
4.681000000000000000e+03
4.620000000000000000e+03
4.532000000000000000e+03
4.464000000000000000e+03
4.673000000000000000e+03
4.583000000000000000e+03
4.536000000000000000e+03
4.649000000000000000e+03
4.637000000000000000e+03
4.599000000000000000e+03
4.558000000000000000e+03
4.697000000000000000e+03
4.558000000000000000e+03
4.535000000000000000e+03
4.622000000000000000e+03
4.609000000000000000e+03
4.555000000000000000e+03
4.600000000000000000e+03
4.634000000000000000e+03
4.660000000000000000e+03
4.699000000000000000e+03
4.659000000000000000e+03
4.629000000000000000e+03
4.668000000000000000e+03
4.736000000000000000e+03
4.639000000000000000e+03
4.647000000000000000e+03
4.731000000000000000e+03
4.736000000000000000e+03
4.749000000000000000e+03
4.719000000000000000e+03
4.755000000000000000e+03
4.759000000000000000e+03
4.833000000000000000e+03
4.767000000000000000e+03
4.642000000000000000e+03
4.835000000000000000e+03
4.782000000000000000e+03
4.810000000000000000e+03
4.854000000000000000e+03
4.752000000000000000e+03
4.758000000000000000e+03
4.813000000000000000e+03
4.757000000000000000e+03
4.809000000000000000e+03
4.781000000000000000e+03
4.861000000000000000e+03
4.763000000000000000e+03
4.838000000000000000e+03
4.866000000000000000e+03
4.875000000000000000e+03
4.814000000000000000e+03
4.802000000000000000e+03
4.788000000000000000e+03
4.816000000000000000e+03
4.906000000000000000e+03
4.784000000000000000e+03
4.884000000000000000e+03
4.820000000000000000e+03
4.796000000000000000e+03
4.777000000000000000e+03
4.880000000000000000e+03
4.821000000000000000e+03
4.820000000000000000e+03
4.857000000000000000e+03
4.842000000000000000e+03
4.897000000000000000e+03
4.851000000000000000e+03
4.884000000000000000e+03
4.887000000000000000e+03
4.913000000000000000e+03
4.878000000000000000e+03
4.827000000000000000e+03
4.876000000000000000e+03
4.895000000000000000e+03
4.859000000000000000e+03
4.973000000000000000e+03
4.818000000000000000e+03
4.960000000000000000e+03
4.894000000000000000e+03
4.875000000000000000e+03
4.955000000000000000e+03
4.965000000000000000e+03
4.980000000000000000e+03
4.948000000000000000e+03
4.875000000000000000e+03
4.955000000000000000e+03
4.974000000000000000e+03
4.956000000000000000e+03
5.041000000000000000e+03
4.947000000000000000e+03
5.022000000000000000e+03
4.921000000000000000e+03
4.940000000000000000e+03
4.998000000000000000e+03
4.975000000000000000e+03
4.905000000000000000e+03
4.994000000000000000e+03
4.916000000000000000e+03
4.993000000000000000e+03
4.994000000000000000e+03
5.006000000000000000e+03
5.004000000000000000e+03
4.957000000000000000e+03
5.071000000000000000e+03
5.016000000000000000e+03
4.973000000000000000e+03
4.997000000000000000e+03
5.047000000000000000e+03
4.990000000000000000e+03
4.929000000000000000e+03
4.915000000000000000e+03
4.959000000000000000e+03
4.986000000000000000e+03
4.933000000000000000e+03
4.979000000000000000e+03
4.999000000000000000e+03
4.919000000000000000e+03
4.908000000000000000e+03
4.958000000000000000e+03
4.959000000000000000e+03
4.990000000000000000e+03
4.911000000000000000e+03
4.924000000000000000e+03
4.992000000000000000e+03
4.906000000000000000e+03
4.849000000000000000e+03
4.823000000000000000e+03
4.900000000000000000e+03
4.949000000000000000e+03
4.884000000000000000e+03
4.862000000000000000e+03
4.919000000000000000e+03
4.840000000000000000e+03
4.815000000000000000e+03
4.977000000000000000e+03
4.868000000000000000e+03
4.959000000000000000e+03
4.904000000000000000e+03
4.826000000000000000e+03
4.915000000000000000e+03
4.816000000000000000e+03
4.838000000000000000e+03
4.892000000000000000e+03
4.877000000000000000e+03
4.830000000000000000e+03
4.861000000000000000e+03
4.833000000000000000e+03
4.749000000000000000e+03
4.726000000000000000e+03
4.824000000000000000e+03
4.759000000000000000e+03
4.794000000000000000e+03
4.747000000000000000e+03
4.801000000000000000e+03
4.793000000000000000e+03
4.694000000000000000e+03
4.681000000000000000e+03
4.774000000000000000e+03
4.714000000000000000e+03
4.611000000000000000e+03
4.693000000000000000e+03
4.698000000000000000e+03
4.668000000000000000e+03
4.716000000000000000e+03
4.626000000000000000e+03
4.675000000000000000e+03
4.589000000000000000e+03
4.733000000000000000e+03
4.645000000000000000e+03
4.644000000000000000e+03
4.643000000000000000e+03
4.591000000000000000e+03
4.582000000000000000e+03
4.730000000000000000e+03
4.564000000000000000e+03
4.650000000000000000e+03
4.575000000000000000e+03
4.580000000000000000e+03
4.576000000000000000e+03
4.601000000000000000e+03
4.541000000000000000e+03
4.510000000000000000e+03
4.568000000000000000e+03
4.500000000000000000e+03
4.542000000000000000e+03
4.526000000000000000e+03
4.537000000000000000e+03
4.397000000000000000e+03
4.409000000000000000e+03
4.456000000000000000e+03
4.461000000000000000e+03
4.467000000000000000e+03
4.454000000000000000e+03
4.419000000000000000e+03
4.444000000000000000e+03
4.446000000000000000e+03
4.351000000000000000e+03
4.369000000000000000e+03
4.455000000000000000e+03
4.452000000000000000e+03
4.400000000000000000e+03
4.399000000000000000e+03
4.571000000000000000e+03
4.363000000000000000e+03
4.317000000000000000e+03
4.289000000000000000e+03
4.266000000000000000e+03
4.266000000000000000e+03
4.342000000000000000e+03
4.243000000000000000e+03
4.295000000000000000e+03
4.240000000000000000e+03
4.213000000000000000e+03
4.237000000000000000e+03
4.227000000000000000e+03
4.327000000000000000e+03
4.285000000000000000e+03
4.250000000000000000e+03
4.219000000000000000e+03
4.226000000000000000e+03
4.247000000000000000e+03
4.203000000000000000e+03
4.260000000000000000e+03
4.223000000000000000e+03
4.252000000000000000e+03
4.271000000000000000e+03
4.203000000000000000e+03
4.292000000000000000e+03
4.239000000000000000e+03
4.161000000000000000e+03
4.238000000000000000e+03
4.154000000000000000e+03
4.172000000000000000e+03
4.263000000000000000e+03
4.086000000000000000e+03
4.204000000000000000e+03
4.096000000000000000e+03
4.160000000000000000e+03
4.150000000000000000e+03
4.172000000000000000e+03
4.200000000000000000e+03
4.196000000000000000e+03
4.213000000000000000e+03
4.096000000000000000e+03
4.117000000000000000e+03
4.181000000000000000e+03
4.172000000000000000e+03
4.162000000000000000e+03
4.153000000000000000e+03
4.091000000000000000e+03
4.018000000000000000e+03
4.141000000000000000e+03
4.064000000000000000e+03
4.066000000000000000e+03
4.031000000000000000e+03
4.105000000000000000e+03
4.143000000000000000e+03
4.048000000000000000e+03
4.065000000000000000e+03
4.066000000000000000e+03
4.051000000000000000e+03
4.026000000000000000e+03
3.965000000000000000e+03
4.034000000000000000e+03
4.057000000000000000e+03
3.970000000000000000e+03
3.981000000000000000e+03
3.995000000000000000e+03
3.993000000000000000e+03
3.951000000000000000e+03
3.945000000000000000e+03
3.974000000000000000e+03
3.930000000000000000e+03
3.991000000000000000e+03
3.902000000000000000e+03
4.003000000000000000e+03
3.969000000000000000e+03
3.969000000000000000e+03
3.934000000000000000e+03
3.901000000000000000e+03
3.935000000000000000e+03
3.854000000000000000e+03
3.850000000000000000e+03
3.881000000000000000e+03
3.855000000000000000e+03
3.854000000000000000e+03
3.848000000000000000e+03
3.889000000000000000e+03
3.839000000000000000e+03
3.814000000000000000e+03
3.828000000000000000e+03
3.813000000000000000e+03
3.798000000000000000e+03
3.762000000000000000e+03
3.797000000000000000e+03
3.804000000000000000e+03
3.783000000000000000e+03
3.804000000000000000e+03
3.752000000000000000e+03
3.858000000000000000e+03
3.724000000000000000e+03
3.770000000000000000e+03
3.748000000000000000e+03
3.793000000000000000e+03
3.652000000000000000e+03
3.736000000000000000e+03
3.712000000000000000e+03
3.753000000000000000e+03
3.666000000000000000e+03
3.720000000000000000e+03
3.652000000000000000e+03
3.725000000000000000e+03
3.714000000000000000e+03
3.680000000000000000e+03
3.616000000000000000e+03
3.677000000000000000e+03
3.586000000000000000e+03
3.609000000000000000e+03
3.564000000000000000e+03
3.604000000000000000e+03
3.618000000000000000e+03
3.568000000000000000e+03
3.639000000000000000e+03
3.525000000000000000e+03
3.565000000000000000e+03
3.580000000000000000e+03
3.544000000000000000e+03
3.570000000000000000e+03
3.510000000000000000e+03
3.459000000000000000e+03
3.517000000000000000e+03
3.521000000000000000e+03
3.481000000000000000e+03
3.496000000000000000e+03
3.430000000000000000e+03
3.486000000000000000e+03
3.426000000000000000e+03
3.467000000000000000e+03
3.321000000000000000e+03
3.381000000000000000e+03
3.361000000000000000e+03
3.364000000000000000e+03
3.395000000000000000e+03
3.542000000000000000e+03
3.335000000000000000e+03
3.350000000000000000e+03
3.469000000000000000e+03
3.375000000000000000e+03
3.292000000000000000e+03
3.303000000000000000e+03
3.344000000000000000e+03
3.235000000000000000e+03
3.306000000000000000e+03
3.281000000000000000e+03
3.259000000000000000e+03
3.280000000000000000e+03
3.227000000000000000e+03
3.225000000000000000e+03
3.283000000000000000e+03
3.178000000000000000e+03
3.160000000000000000e+03
3.210000000000000000e+03
3.110000000000000000e+03
3.206000000000000000e+03
3.132000000000000000e+03
3.140000000000000000e+03
3.165000000000000000e+03
3.108000000000000000e+03
3.049000000000000000e+03
3.109000000000000000e+03
3.045000000000000000e+03
3.043000000000000000e+03
3.025000000000000000e+03
3.002000000000000000e+03
3.079000000000000000e+03
2.982000000000000000e+03
3.006000000000000000e+03
2.986000000000000000e+03
2.980000000000000000e+03
2.962000000000000000e+03
2.921000000000000000e+03
2.964000000000000000e+03
2.936000000000000000e+03
2.957000000000000000e+03
2.925000000000000000e+03
2.871000000000000000e+03
2.912000000000000000e+03
2.932000000000000000e+03
2.870000000000000000e+03
2.911000000000000000e+03
2.843000000000000000e+03
2.828000000000000000e+03
2.868000000000000000e+03
2.805000000000000000e+03
2.838000000000000000e+03
2.826000000000000000e+03
2.825000000000000000e+03
2.788000000000000000e+03
2.819000000000000000e+03
2.789000000000000000e+03
2.833000000000000000e+03
2.782000000000000000e+03
2.760000000000000000e+03
2.730000000000000000e+03
2.735000000000000000e+03
2.738000000000000000e+03
2.757000000000000000e+03
2.652000000000000000e+03
2.732000000000000000e+03
2.711000000000000000e+03
2.676000000000000000e+03
2.675000000000000000e+03
2.672000000000000000e+03
2.661000000000000000e+03
2.651000000000000000e+03
2.648000000000000000e+03
2.650000000000000000e+03
2.640000000000000000e+03
2.594000000000000000e+03
2.615000000000000000e+03
