1.775000000000000000e+03
1.750000000000000000e+03
1.730000000000000000e+03
1.806000000000000000e+03
1.758000000000000000e+03
1.719000000000000000e+03
1.801000000000000000e+03
1.813000000000000000e+03
1.788000000000000000e+03
1.845000000000000000e+03
1.802000000000000000e+03
1.762000000000000000e+03
1.798000000000000000e+03
1.809000000000000000e+03
1.803000000000000000e+03
1.836000000000000000e+03
1.865000000000000000e+03
1.853000000000000000e+03
1.831000000000000000e+03
1.850000000000000000e+03
1.841000000000000000e+03
1.835000000000000000e+03
1.894000000000000000e+03
1.931000000000000000e+03
1.837000000000000000e+03
1.870000000000000000e+03
1.926000000000000000e+03
1.912000000000000000e+03
1.943000000000000000e+03
1.867000000000000000e+03
1.956000000000000000e+03
2.013000000000000000e+03
1.929000000000000000e+03
1.919000000000000000e+03
1.979000000000000000e+03
1.960000000000000000e+03
1.986000000000000000e+03
2.002000000000000000e+03
1.946000000000000000e+03
2.030000000000000000e+03
1.965000000000000000e+03
1.964000000000000000e+03
1.924000000000000000e+03
2.041000000000000000e+03
2.005000000000000000e+03
2.002000000000000000e+03
2.025000000000000000e+03
1.964000000000000000e+03
2.002000000000000000e+03
2.047000000000000000e+03
2.041000000000000000e+03
2.023000000000000000e+03
2.000000000000000000e+03
2.017000000000000000e+03
2.083000000000000000e+03
2.067000000000000000e+03
2.047000000000000000e+03
2.073000000000000000e+03
2.003000000000000000e+03
2.015000000000000000e+03
2.014000000000000000e+03
2.038000000000000000e+03
2.154000000000000000e+03
2.071000000000000000e+03
2.091000000000000000e+03
2.124000000000000000e+03
2.132000000000000000e+03
2.124000000000000000e+03
2.114000000000000000e+03
2.134000000000000000e+03
2.145000000000000000e+03
2.272000000000000000e+03
2.165000000000000000e+03
2.172000000000000000e+03
2.176000000000000000e+03
2.143000000000000000e+03
2.208000000000000000e+03
2.143000000000000000e+03
2.161000000000000000e+03
2.196000000000000000e+03
2.151000000000000000e+03
2.177000000000000000e+03
2.230000000000000000e+03
2.231000000000000000e+03
2.201000000000000000e+03
2.251000000000000000e+03
2.238000000000000000e+03
2.240000000000000000e+03
2.215000000000000000e+03
2.226000000000000000e+03
2.271000000000000000e+03
2.300000000000000000e+03
2.225000000000000000e+03
2.238000000000000000e+03
2.261000000000000000e+03
2.307000000000000000e+03
2.273000000000000000e+03
2.299000000000000000e+03
2.284000000000000000e+03
2.310000000000000000e+03
2.319000000000000000e+03
2.331000000000000000e+03
2.390000000000000000e+03
2.317000000000000000e+03
2.336000000000000000e+03
2.410000000000000000e+03
2.387000000000000000e+03
2.457000000000000000e+03
2.330000000000000000e+03
2.429000000000000000e+03
2.409000000000000000e+03
2.415000000000000000e+03
2.426000000000000000e+03
2.441000000000000000e+03
2.438000000000000000e+03
2.470000000000000000e+03
2.514000000000000000e+03
2.500000000000000000e+03
2.491000000000000000e+03
2.528000000000000000e+03
2.504000000000000000e+03
2.565000000000000000e+03
2.456000000000000000e+03
2.547000000000000000e+03
2.580000000000000000e+03
2.588000000000000000e+03
2.599000000000000000e+03
2.669000000000000000e+03
2.670000000000000000e+03
2.648000000000000000e+03
2.640000000000000000e+03
2.634000000000000000e+03
2.730000000000000000e+03
2.721000000000000000e+03
2.716000000000000000e+03
2.656000000000000000e+03
2.733000000000000000e+03
2.765000000000000000e+03
2.742000000000000000e+03
2.796000000000000000e+03
2.764000000000000000e+03
2.823000000000000000e+03
2.743000000000000000e+03
2.768000000000000000e+03
2.832000000000000000e+03
2.872000000000000000e+03
2.854000000000000000e+03
2.835000000000000000e+03
2.852000000000000000e+03
2.869000000000000000e+03
2.884000000000000000e+03
2.908000000000000000e+03
2.927000000000000000e+03
2.969000000000000000e+03
3.003000000000000000e+03
2.908000000000000000e+03
2.976000000000000000e+03
2.986000000000000000e+03
3.022000000000000000e+03
3.071000000000000000e+03
2.977000000000000000e+03
2.988000000000000000e+03
3.017000000000000000e+03
3.044000000000000000e+03
2.971000000000000000e+03
3.006000000000000000e+03
3.056000000000000000e+03
3.099000000000000000e+03
3.093000000000000000e+03
3.091000000000000000e+03
3.072000000000000000e+03
3.164000000000000000e+03
3.127000000000000000e+03
3.103000000000000000e+03
3.158000000000000000e+03
3.116000000000000000e+03
3.268000000000000000e+03
3.182000000000000000e+03
3.238000000000000000e+03
3.172000000000000000e+03
3.173000000000000000e+03
3.237000000000000000e+03
3.261000000000000000e+03
3.560000000000000000e+03
3.769000000000000000e+03
3.419000000000000000e+03
3.187000000000000000e+03
3.191000000000000000e+03
3.292000000000000000e+03
3.295000000000000000e+03
3.278000000000000000e+03
3.311000000000000000e+03
3.331000000000000000e+03
3.292000000000000000e+03
3.299000000000000000e+03
3.368000000000000000e+03
3.331000000000000000e+03
3.403000000000000000e+03
3.416000000000000000e+03
3.362000000000000000e+03
3.396000000000000000e+03
3.435000000000000000e+03
3.395000000000000000e+03
3.421000000000000000e+03
3.444000000000000000e+03
3.505000000000000000e+03
3.411000000000000000e+03
3.506000000000000000e+03
3.582000000000000000e+03
3.521000000000000000e+03
3.542000000000000000e+03
3.534000000000000000e+03
3.645000000000000000e+03
3.593000000000000000e+03
3.634000000000000000e+03
3.604000000000000000e+03
3.665000000000000000e+03
3.678000000000000000e+03
3.619000000000000000e+03
3.625000000000000000e+03
3.657000000000000000e+03
3.671000000000000000e+03
3.725000000000000000e+03
3.734000000000000000e+03
3.770000000000000000e+03
3.774000000000000000e+03
3.810000000000000000e+03
3.842000000000000000e+03
3.864000000000000000e+03
3.849000000000000000e+03
3.900000000000000000e+03
3.888000000000000000e+03
3.828000000000000000e+03
3.909000000000000000e+03
3.982000000000000000e+03
3.981000000000000000e+03
3.992000000000000000e+03
3.948000000000000000e+03
3.971000000000000000e+03
3.985000000000000000e+03
3.999000000000000000e+03
4.021000000000000000e+03
4.056000000000000000e+03
4.043000000000000000e+03
4.091000000000000000e+03
4.082000000000000000e+03
4.175000000000000000e+03
4.125000000000000000e+03
4.191000000000000000e+03
4.182000000000000000e+03
4.164000000000000000e+03
4.154000000000000000e+03
4.195000000000000000e+03
4.267000000000000000e+03
4.248000000000000000e+03
4.452000000000000000e+03
4.428000000000000000e+03
4.363000000000000000e+03
4.298000000000000000e+03
4.321000000000000000e+03
4.381000000000000000e+03
4.429000000000000000e+03
4.442000000000000000e+03
4.333000000000000000e+03
4.391000000000000000e+03
4.374000000000000000e+03
4.351000000000000000e+03
4.412000000000000000e+03
4.394000000000000000e+03
4.343000000000000000e+03
4.405000000000000000e+03
4.402000000000000000e+03
4.441000000000000000e+03
4.433000000000000000e+03
4.395000000000000000e+03
4.426000000000000000e+03
4.456000000000000000e+03
4.495000000000000000e+03
4.462000000000000000e+03
4.495000000000000000e+03
4.484000000000000000e+03
4.517000000000000000e+03
4.547000000000000000e+03
4.545000000000000000e+03
4.567000000000000000e+03
4.553000000000000000e+03
4.547000000000000000e+03
4.542000000000000000e+03
4.499000000000000000e+03
4.571000000000000000e+03
4.631000000000000000e+03
4.535000000000000000e+03
4.536000000000000000e+03
4.606000000000000000e+03
4.639000000000000000e+03
4.594000000000000000e+03
4.631000000000000000e+03
4.621000000000000000e+03
4.624000000000000000e+03
4.699000000000000000e+03
4.620000000000000000e+03
4.595000000000000000e+03
4.599000000000000000e+03
4.625000000000000000e+03
4.707000000000000000e+03
4.696000000000000000e+03
4.655000000000000000e+03
4.723000000000000000e+03
4.722000000000000000e+03
4.795000000000000000e+03
4.693000000000000000e+03
4.734000000000000000e+03
4.642000000000000000e+03
4.617000000000000000e+03
4.642000000000000000e+03
4.710000000000000000e+03
4.825000000000000000e+03
4.641000000000000000e+03
4.735000000000000000e+03
4.657000000000000000e+03
4.624000000000000000e+03
4.707000000000000000e+03
4.691000000000000000e+03
4.799000000000000000e+03
4.707000000000000000e+03
4.700000000000000000e+03
4.679000000000000000e+03
4.723000000000000000e+03
4.678000000000000000e+03
4.643000000000000000e+03
4.740000000000000000e+03
4.790000000000000000e+03
4.767000000000000000e+03
4.753000000000000000e+03
4.682000000000000000e+03
4.737000000000000000e+03
4.756000000000000000e+03
4.751000000000000000e+03
4.691000000000000000e+03
4.689000000000000000e+03
4.738000000000000000e+03
4.721000000000000000e+03
4.735000000000000000e+03
4.810000000000000000e+03
4.739000000000000000e+03
4.820000000000000000e+03
5.082000000000000000e+03
4.743000000000000000e+03
4.772000000000000000e+03
4.758000000000000000e+03
4.708000000000000000e+03
4.776000000000000000e+03
4.774000000000000000e+03
4.697000000000000000e+03
4.812000000000000000e+03
4.753000000000000000e+03
4.680000000000000000e+03
4.792000000000000000e+03
4.843000000000000000e+03
4.789000000000000000e+03
4.834000000000000000e+03
4.784000000000000000e+03
4.829000000000000000e+03
4.802000000000000000e+03
4.814000000000000000e+03
4.896000000000000000e+03
4.860000000000000000e+03
4.838000000000000000e+03
4.805000000000000000e+03
4.792000000000000000e+03
4.845000000000000000e+03
4.844000000000000000e+03
4.832000000000000000e+03
4.854000000000000000e+03
4.913000000000000000e+03
4.879000000000000000e+03
4.881000000000000000e+03
4.880000000000000000e+03
4.873000000000000000e+03
4.918000000000000000e+03
4.966000000000000000e+03
4.882000000000000000e+03
4.905000000000000000e+03
4.890000000000000000e+03
4.936000000000000000e+03
4.924000000000000000e+03
4.921000000000000000e+03
4.838000000000000000e+03
5.009000000000000000e+03
4.884000000000000000e+03
4.969000000000000000e+03
4.934000000000000000e+03
4.973000000000000000e+03
4.951000000000000000e+03
4.949000000000000000e+03
5.007000000000000000e+03
4.936000000000000000e+03
4.966000000000000000e+03
5.034000000000000000e+03
4.958000000000000000e+03
4.990000000000000000e+03
4.956000000000000000e+03
4.965000000000000000e+03
4.928000000000000000e+03
5.041000000000000000e+03
5.012000000000000000e+03
5.069000000000000000e+03
5.003000000000000000e+03
5.001000000000000000e+03
5.022000000000000000e+03
4.956000000000000000e+03
4.963000000000000000e+03
5.147000000000000000e+03
5.042000000000000000e+03
5.012000000000000000e+03
5.069000000000000000e+03
5.055000000000000000e+03
5.186000000000000000e+03
5.069000000000000000e+03
5.013000000000000000e+03
5.126000000000000000e+03
5.154000000000000000e+03
5.104000000000000000e+03
5.127000000000000000e+03
5.139000000000000000e+03
5.105000000000000000e+03
5.092000000000000000e+03
5.101000000000000000e+03
5.150000000000000000e+03
5.114000000000000000e+03
5.146000000000000000e+03
5.056000000000000000e+03
5.198000000000000000e+03
5.068000000000000000e+03
5.177000000000000000e+03
5.113000000000000000e+03
5.128000000000000000e+03
5.121000000000000000e+03
5.096000000000000000e+03
5.175000000000000000e+03
5.083000000000000000e+03
5.144000000000000000e+03
5.118000000000000000e+03
5.117000000000000000e+03
5.182000000000000000e+03
5.119000000000000000e+03
5.212000000000000000e+03
5.149000000000000000e+03
5.111000000000000000e+03
5.160000000000000000e+03
5.127000000000000000e+03
5.212000000000000000e+03
5.206000000000000000e+03
5.106000000000000000e+03
5.153000000000000000e+03
5.059000000000000000e+03
5.077000000000000000e+03
5.004000000000000000e+03
4.980000000000000000e+03
5.079000000000000000e+03
5.114000000000000000e+03
5.031000000000000000e+03
5.141000000000000000e+03
5.113000000000000000e+03
5.119000000000000000e+03
5.013000000000000000e+03
5.094000000000000000e+03
5.038000000000000000e+03
5.103000000000000000e+03
5.083000000000000000e+03
5.098000000000000000e+03
5.048000000000000000e+03
4.977000000000000000e+03
5.094000000000000000e+03
5.079000000000000000e+03
5.005000000000000000e+03
5.053000000000000000e+03
4.962000000000000000e+03
5.052000000000000000e+03
5.087000000000000000e+03
5.042000000000000000e+03
4.998000000000000000e+03
4.948000000000000000e+03
5.025000000000000000e+03
4.982000000000000000e+03
4.993000000000000000e+03
4.985000000000000000e+03
4.976000000000000000e+03
4.911000000000000000e+03
4.993000000000000000e+03
4.930000000000000000e+03
4.842000000000000000e+03
4.956000000000000000e+03
4.914000000000000000e+03
4.886000000000000000e+03
4.989000000000000000e+03
4.861000000000000000e+03
4.880000000000000000e+03
4.892000000000000000e+03
4.985000000000000000e+03
4.902000000000000000e+03
4.922000000000000000e+03
4.860000000000000000e+03
4.837000000000000000e+03
4.834000000000000000e+03
4.821000000000000000e+03
4.828000000000000000e+03
4.797000000000000000e+03
4.971000000000000000e+03
4.821000000000000000e+03
4.803000000000000000e+03
4.765000000000000000e+03
4.866000000000000000e+03
4.723000000000000000e+03
4.723000000000000000e+03
4.635000000000000000e+03
4.722000000000000000e+03
4.720000000000000000e+03
4.630000000000000000e+03
4.787000000000000000e+03
4.718000000000000000e+03
4.700000000000000000e+03
4.624000000000000000e+03
4.605000000000000000e+03
4.746000000000000000e+03
4.725000000000000000e+03
4.696000000000000000e+03
4.613000000000000000e+03
4.555000000000000000e+03
4.605000000000000000e+03
4.655000000000000000e+03
4.652000000000000000e+03
4.663000000000000000e+03
4.679000000000000000e+03
4.634000000000000000e+03
4.611000000000000000e+03
4.689000000000000000e+03
4.627000000000000000e+03
4.539000000000000000e+03
4.589000000000000000e+03
4.399000000000000000e+03
4.466000000000000000e+03
4.522000000000000000e+03
4.558000000000000000e+03
4.546000000000000000e+03
4.539000000000000000e+03
4.517000000000000000e+03
4.585000000000000000e+03
4.437000000000000000e+03
4.508000000000000000e+03
4.475000000000000000e+03
4.422000000000000000e+03
4.438000000000000000e+03
4.495000000000000000e+03
4.452000000000000000e+03
4.454000000000000000e+03
4.444000000000000000e+03
4.344000000000000000e+03
4.450000000000000000e+03
4.441000000000000000e+03
4.360000000000000000e+03
4.392000000000000000e+03
4.309000000000000000e+03
4.444000000000000000e+03
4.286000000000000000e+03
4.325000000000000000e+03
4.389000000000000000e+03
4.383000000000000000e+03
4.404000000000000000e+03
4.368000000000000000e+03
4.335000000000000000e+03
4.294000000000000000e+03
4.370000000000000000e+03
4.433000000000000000e+03
4.341000000000000000e+03
4.330000000000000000e+03
4.412000000000000000e+03
4.280000000000000000e+03
4.298000000000000000e+03
4.303000000000000000e+03
4.253000000000000000e+03
4.201000000000000000e+03
4.376000000000000000e+03
4.240000000000000000e+03
4.339000000000000000e+03
4.311000000000000000e+03
4.279000000000000000e+03
4.273000000000000000e+03
4.188000000000000000e+03
4.222000000000000000e+03
4.179000000000000000e+03
4.362000000000000000e+03
4.178000000000000000e+03
4.192000000000000000e+03
4.165000000000000000e+03
4.258000000000000000e+03
4.209000000000000000e+03
4.212000000000000000e+03
4.164000000000000000e+03
4.303000000000000000e+03
4.161000000000000000e+03
4.179000000000000000e+03
4.164000000000000000e+03
4.216000000000000000e+03
4.075000000000000000e+03
4.206000000000000000e+03
4.106000000000000000e+03
4.204000000000000000e+03
4.089000000000000000e+03
4.170000000000000000e+03
4.152000000000000000e+03
4.121000000000000000e+03
4.084000000000000000e+03
4.091000000000000000e+03
4.140000000000000000e+03
4.088000000000000000e+03
4.126000000000000000e+03
4.053000000000000000e+03
4.103000000000000000e+03
4.020000000000000000e+03
4.068000000000000000e+03
4.045000000000000000e+03
4.027000000000000000e+03
4.063000000000000000e+03
4.017000000000000000e+03
4.109000000000000000e+03
4.015000000000000000e+03
4.018000000000000000e+03
4.018000000000000000e+03
3.955000000000000000e+03
3.955000000000000000e+03
4.087000000000000000e+03
3.940000000000000000e+03
3.977000000000000000e+03
3.962000000000000000e+03
3.979000000000000000e+03
3.903000000000000000e+03
3.993000000000000000e+03
3.899000000000000000e+03
3.852000000000000000e+03
3.978000000000000000e+03
3.950000000000000000e+03
3.962000000000000000e+03
3.862000000000000000e+03
3.917000000000000000e+03
3.941000000000000000e+03
3.880000000000000000e+03
3.873000000000000000e+03
3.909000000000000000e+03
3.826000000000000000e+03
3.867000000000000000e+03
3.777000000000000000e+03
3.923000000000000000e+03
3.810000000000000000e+03
3.793000000000000000e+03
3.851000000000000000e+03
3.742000000000000000e+03
3.862000000000000000e+03
3.841000000000000000e+03
3.807000000000000000e+03
3.818000000000000000e+03
3.741000000000000000e+03
3.757000000000000000e+03
3.730000000000000000e+03
3.782000000000000000e+03
3.752000000000000000e+03
3.679000000000000000e+03
3.799000000000000000e+03
3.657000000000000000e+03
3.717000000000000000e+03
3.645000000000000000e+03
3.690000000000000000e+03
3.639000000000000000e+03
3.655000000000000000e+03
3.715000000000000000e+03
3.631000000000000000e+03
3.697000000000000000e+03
3.595000000000000000e+03
3.618000000000000000e+03
3.611000000000000000e+03
3.603000000000000000e+03
3.555000000000000000e+03
3.574000000000000000e+03
3.501000000000000000e+03
3.483000000000000000e+03
3.555000000000000000e+03
3.487000000000000000e+03
3.461000000000000000e+03
3.430000000000000000e+03
3.450000000000000000e+03
3.450000000000000000e+03
3.450000000000000000e+03
3.454000000000000000e+03
3.416000000000000000e+03
3.404000000000000000e+03
3.352000000000000000e+03
3.353000000000000000e+03
3.396000000000000000e+03
3.388000000000000000e+03
3.393000000000000000e+03
3.372000000000000000e+03
3.342000000000000000e+03
3.349000000000000000e+03
3.333000000000000000e+03
3.338000000000000000e+03
3.297000000000000000e+03
3.257000000000000000e+03
3.231000000000000000e+03
3.263000000000000000e+03
3.317000000000000000e+03
3.147000000000000000e+03
3.239000000000000000e+03
3.247000000000000000e+03
3.214000000000000000e+03
3.170000000000000000e+03
3.142000000000000000e+03
3.163000000000000000e+03
3.143000000000000000e+03
3.153000000000000000e+03
3.108000000000000000e+03
3.112000000000000000e+03
3.127000000000000000e+03
3.059000000000000000e+03
3.063000000000000000e+03
3.093000000000000000e+03
3.012000000000000000e+03
3.058000000000000000e+03
3.007000000000000000e+03
2.994000000000000000e+03
2.959000000000000000e+03
3.025000000000000000e+03
3.008000000000000000e+03
2.979000000000000000e+03
2.945000000000000000e+03
2.970000000000000000e+03
2.987000000000000000e+03
2.957000000000000000e+03
2.934000000000000000e+03
2.958000000000000000e+03
2.936000000000000000e+03
2.883000000000000000e+03
2.878000000000000000e+03
2.796000000000000000e+03
2.833000000000000000e+03
2.877000000000000000e+03
2.839000000000000000e+03
2.841000000000000000e+03
2.809000000000000000e+03
2.847000000000000000e+03
2.819000000000000000e+03
2.806000000000000000e+03
2.754000000000000000e+03
2.795000000000000000e+03
2.799000000000000000e+03
2.742000000000000000e+03
2.749000000000000000e+03
2.812000000000000000e+03
2.754000000000000000e+03
2.747000000000000000e+03
2.713000000000000000e+03
2.714000000000000000e+03
2.705000000000000000e+03
2.712000000000000000e+03
2.683000000000000000e+03
2.682000000000000000e+03
