1.624000000000000000e+03
1.669000000000000000e+03
1.651000000000000000e+03
1.675000000000000000e+03
1.667000000000000000e+03
1.669000000000000000e+03
1.667000000000000000e+03
1.662000000000000000e+03
1.714000000000000000e+03
1.659000000000000000e+03
1.670000000000000000e+03
1.719000000000000000e+03
1.700000000000000000e+03
1.708000000000000000e+03
1.723000000000000000e+03
1.700000000000000000e+03
1.719000000000000000e+03
1.724000000000000000e+03
1.768000000000000000e+03
1.734000000000000000e+03
1.705000000000000000e+03
1.775000000000000000e+03
1.812000000000000000e+03
1.741000000000000000e+03
1.925000000000000000e+03
1.727000000000000000e+03
1.791000000000000000e+03
1.745000000000000000e+03
1.771000000000000000e+03
1.803000000000000000e+03
1.819000000000000000e+03
1.823000000000000000e+03
1.842000000000000000e+03
1.850000000000000000e+03
1.811000000000000000e+03
1.811000000000000000e+03
1.806000000000000000e+03
1.832000000000000000e+03
1.836000000000000000e+03
1.814000000000000000e+03
1.843000000000000000e+03
1.868000000000000000e+03
1.933000000000000000e+03
1.876000000000000000e+03
1.869000000000000000e+03
1.879000000000000000e+03
1.860000000000000000e+03
1.858000000000000000e+03
1.901000000000000000e+03
1.930000000000000000e+03
1.950000000000000000e+03
1.909000000000000000e+03
1.940000000000000000e+03
1.930000000000000000e+03
1.909000000000000000e+03
1.944000000000000000e+03
1.958000000000000000e+03
1.928000000000000000e+03
1.957000000000000000e+03
1.970000000000000000e+03
2.000000000000000000e+03
1.896000000000000000e+03
1.965000000000000000e+03
1.955000000000000000e+03
2.001000000000000000e+03
2.005000000000000000e+03
1.964000000000000000e+03
1.967000000000000000e+03
1.986000000000000000e+03
1.986000000000000000e+03
1.967000000000000000e+03
2.021000000000000000e+03
2.015000000000000000e+03
2.029000000000000000e+03
1.964000000000000000e+03
2.014000000000000000e+03
2.079000000000000000e+03
2.031000000000000000e+03
2.043000000000000000e+03
2.029000000000000000e+03
2.052000000000000000e+03
2.018000000000000000e+03
2.022000000000000000e+03
2.062000000000000000e+03
2.071000000000000000e+03
2.101000000000000000e+03
2.089000000000000000e+03
2.097000000000000000e+03
2.089000000000000000e+03
2.123000000000000000e+03
2.087000000000000000e+03
2.058000000000000000e+03
2.087000000000000000e+03
2.126000000000000000e+03
2.167000000000000000e+03
2.139000000000000000e+03
2.144000000000000000e+03
2.103000000000000000e+03
2.145000000000000000e+03
2.151000000000000000e+03
2.198000000000000000e+03
2.137000000000000000e+03
2.139000000000000000e+03
2.166000000000000000e+03
2.195000000000000000e+03
2.180000000000000000e+03
2.195000000000000000e+03
2.174000000000000000e+03
2.205000000000000000e+03
2.227000000000000000e+03
2.220000000000000000e+03
2.255000000000000000e+03
2.265000000000000000e+03
2.230000000000000000e+03
2.219000000000000000e+03
2.249000000000000000e+03
2.295000000000000000e+03
2.323000000000000000e+03
2.296000000000000000e+03
2.307000000000000000e+03
2.343000000000000000e+03
2.367000000000000000e+03
2.407000000000000000e+03
2.373000000000000000e+03
2.331000000000000000e+03
2.370000000000000000e+03
2.407000000000000000e+03
2.375000000000000000e+03
2.415000000000000000e+03
2.439000000000000000e+03
2.472000000000000000e+03
2.483000000000000000e+03
2.474000000000000000e+03
2.458000000000000000e+03
2.543000000000000000e+03
2.465000000000000000e+03
2.526000000000000000e+03
2.485000000000000000e+03
2.560000000000000000e+03
2.610000000000000000e+03
2.575000000000000000e+03
2.584000000000000000e+03
2.578000000000000000e+03
2.572000000000000000e+03
2.624000000000000000e+03
2.662000000000000000e+03
2.644000000000000000e+03
2.632000000000000000e+03
2.668000000000000000e+03
2.636000000000000000e+03
2.629000000000000000e+03
2.680000000000000000e+03
2.672000000000000000e+03
2.757000000000000000e+03
2.732000000000000000e+03
2.715000000000000000e+03
2.757000000000000000e+03
2.769000000000000000e+03
2.722000000000000000e+03
2.761000000000000000e+03
2.811000000000000000e+03
2.779000000000000000e+03
2.743000000000000000e+03
2.796000000000000000e+03
2.870000000000000000e+03
2.811000000000000000e+03
2.803000000000000000e+03
2.895000000000000000e+03
2.808000000000000000e+03
2.884000000000000000e+03
2.962000000000000000e+03
2.943000000000000000e+03
2.927000000000000000e+03
2.925000000000000000e+03
2.936000000000000000e+03
2.929000000000000000e+03
2.910000000000000000e+03
2.967000000000000000e+03
2.927000000000000000e+03
2.985000000000000000e+03
2.963000000000000000e+03
2.981000000000000000e+03
2.963000000000000000e+03
3.062000000000000000e+03
3.107000000000000000e+03
3.515000000000000000e+03
3.378000000000000000e+03
3.027000000000000000e+03
3.036000000000000000e+03
3.087000000000000000e+03
3.031000000000000000e+03
3.092000000000000000e+03
3.043000000000000000e+03
3.072000000000000000e+03
3.039000000000000000e+03
3.106000000000000000e+03
3.060000000000000000e+03
3.139000000000000000e+03
3.128000000000000000e+03
3.107000000000000000e+03
3.177000000000000000e+03
3.169000000000000000e+03
3.175000000000000000e+03
3.177000000000000000e+03
3.175000000000000000e+03
3.191000000000000000e+03
3.155000000000000000e+03
3.251000000000000000e+03
3.178000000000000000e+03
3.243000000000000000e+03
3.271000000000000000e+03
3.247000000000000000e+03
3.331000000000000000e+03
3.284000000000000000e+03
3.347000000000000000e+03
3.299000000000000000e+03
3.227000000000000000e+03
3.403000000000000000e+03
3.356000000000000000e+03
3.295000000000000000e+03
3.458000000000000000e+03
3.391000000000000000e+03
3.471000000000000000e+03
3.449000000000000000e+03
3.499000000000000000e+03
3.509000000000000000e+03
3.459000000000000000e+03
3.519000000000000000e+03
3.475000000000000000e+03
3.579000000000000000e+03
3.575000000000000000e+03
3.547000000000000000e+03
3.639000000000000000e+03
3.618000000000000000e+03
3.631000000000000000e+03
3.511000000000000000e+03
3.638000000000000000e+03
3.623000000000000000e+03
3.668000000000000000e+03
3.674000000000000000e+03
3.687000000000000000e+03
3.748000000000000000e+03
3.794000000000000000e+03
3.720000000000000000e+03
3.808000000000000000e+03
3.799000000000000000e+03
3.808000000000000000e+03
3.760000000000000000e+03
3.885000000000000000e+03
3.900000000000000000e+03
3.866000000000000000e+03
3.873000000000000000e+03
3.900000000000000000e+03
3.894000000000000000e+03
3.953000000000000000e+03
3.896000000000000000e+03
4.014000000000000000e+03
3.961000000000000000e+03
4.089000000000000000e+03
4.038000000000000000e+03
4.013000000000000000e+03
4.008000000000000000e+03
4.170000000000000000e+03
4.166000000000000000e+03
4.013000000000000000e+03
4.062000000000000000e+03
4.073000000000000000e+03
4.044000000000000000e+03
4.021000000000000000e+03
4.106000000000000000e+03
4.108000000000000000e+03
4.102000000000000000e+03
4.077000000000000000e+03
4.138000000000000000e+03
4.069000000000000000e+03
4.160000000000000000e+03
4.152000000000000000e+03
4.178000000000000000e+03
4.141000000000000000e+03
4.162000000000000000e+03
4.225000000000000000e+03
4.200000000000000000e+03
4.192000000000000000e+03
4.247000000000000000e+03
4.253000000000000000e+03
4.162000000000000000e+03
4.244000000000000000e+03
4.180000000000000000e+03
4.211000000000000000e+03
4.210000000000000000e+03
4.249000000000000000e+03
4.233000000000000000e+03
4.329000000000000000e+03
4.275000000000000000e+03
4.320000000000000000e+03
4.242000000000000000e+03
4.278000000000000000e+03
4.246000000000000000e+03
4.363000000000000000e+03
4.296000000000000000e+03
4.233000000000000000e+03
4.292000000000000000e+03
4.353000000000000000e+03
4.339000000000000000e+03
4.313000000000000000e+03
4.379000000000000000e+03
4.312000000000000000e+03
4.334000000000000000e+03
4.299000000000000000e+03
4.338000000000000000e+03
4.351000000000000000e+03
4.360000000000000000e+03
4.321000000000000000e+03
4.251000000000000000e+03
4.341000000000000000e+03
4.351000000000000000e+03
4.373000000000000000e+03
4.455000000000000000e+03
4.327000000000000000e+03
4.358000000000000000e+03
4.346000000000000000e+03
4.422000000000000000e+03
4.375000000000000000e+03
4.346000000000000000e+03
4.389000000000000000e+03
4.393000000000000000e+03
4.353000000000000000e+03
4.371000000000000000e+03
4.357000000000000000e+03
4.379000000000000000e+03
4.379000000000000000e+03
4.346000000000000000e+03
4.374000000000000000e+03
4.339000000000000000e+03
4.379000000000000000e+03
4.330000000000000000e+03
4.372000000000000000e+03
4.389000000000000000e+03
4.442000000000000000e+03
4.358000000000000000e+03
4.401000000000000000e+03
4.368000000000000000e+03
4.414000000000000000e+03
4.421000000000000000e+03
4.377000000000000000e+03
4.399000000000000000e+03
4.416000000000000000e+03
4.397000000000000000e+03
4.330000000000000000e+03
4.462000000000000000e+03
4.487000000000000000e+03
4.424000000000000000e+03
4.466000000000000000e+03
4.465000000000000000e+03
4.388000000000000000e+03
4.414000000000000000e+03
4.440000000000000000e+03
4.437000000000000000e+03
4.434000000000000000e+03
4.524000000000000000e+03
4.488000000000000000e+03
4.473000000000000000e+03
4.390000000000000000e+03
4.425000000000000000e+03
4.436000000000000000e+03
4.552000000000000000e+03
4.514000000000000000e+03
4.413000000000000000e+03
4.470000000000000000e+03
4.520000000000000000e+03
4.437000000000000000e+03
4.433000000000000000e+03
4.450000000000000000e+03
4.552000000000000000e+03
4.544000000000000000e+03
4.546000000000000000e+03
4.503000000000000000e+03
4.537000000000000000e+03
4.488000000000000000e+03
4.532000000000000000e+03
4.572000000000000000e+03
4.579000000000000000e+03
4.658000000000000000e+03
4.629000000000000000e+03
4.580000000000000000e+03
4.573000000000000000e+03
4.667000000000000000e+03
4.605000000000000000e+03
4.631000000000000000e+03
4.564000000000000000e+03
4.666000000000000000e+03
4.726000000000000000e+03
4.474000000000000000e+03
4.571000000000000000e+03
4.665000000000000000e+03
4.608000000000000000e+03
4.637000000000000000e+03
4.628000000000000000e+03
4.707000000000000000e+03
4.666000000000000000e+03
4.605000000000000000e+03
4.563000000000000000e+03
4.652000000000000000e+03
4.666000000000000000e+03
4.608000000000000000e+03
4.691000000000000000e+03
4.630000000000000000e+03
4.645000000000000000e+03
4.649000000000000000e+03
4.665000000000000000e+03
4.711000000000000000e+03
4.661000000000000000e+03
4.683000000000000000e+03
4.735000000000000000e+03
4.646000000000000000e+03
4.758000000000000000e+03
4.742000000000000000e+03
4.791000000000000000e+03
4.722000000000000000e+03
4.792000000000000000e+03
4.764000000000000000e+03
4.820000000000000000e+03
4.779000000000000000e+03
4.732000000000000000e+03
4.797000000000000000e+03
4.821000000000000000e+03
4.840000000000000000e+03
4.706000000000000000e+03
4.748000000000000000e+03
4.699000000000000000e+03
4.770000000000000000e+03
4.801000000000000000e+03
4.773000000000000000e+03
4.736000000000000000e+03
4.799000000000000000e+03
4.813000000000000000e+03
4.774000000000000000e+03
4.871000000000000000e+03
4.809000000000000000e+03
4.843000000000000000e+03
4.826000000000000000e+03
4.712000000000000000e+03
4.783000000000000000e+03
4.819000000000000000e+03
4.887000000000000000e+03
4.856000000000000000e+03
4.816000000000000000e+03
4.811000000000000000e+03
4.791000000000000000e+03
4.770000000000000000e+03
4.741000000000000000e+03
4.856000000000000000e+03
4.783000000000000000e+03
4.726000000000000000e+03
4.816000000000000000e+03
4.806000000000000000e+03
4.808000000000000000e+03
4.806000000000000000e+03
4.765000000000000000e+03
4.888000000000000000e+03
4.744000000000000000e+03
4.748000000000000000e+03
4.740000000000000000e+03
4.758000000000000000e+03
4.800000000000000000e+03
4.741000000000000000e+03
4.737000000000000000e+03
4.720000000000000000e+03
4.781000000000000000e+03
4.813000000000000000e+03
4.691000000000000000e+03
4.686000000000000000e+03
4.709000000000000000e+03
4.723000000000000000e+03
4.747000000000000000e+03
4.763000000000000000e+03
4.664000000000000000e+03
4.779000000000000000e+03
4.702000000000000000e+03
4.699000000000000000e+03
4.654000000000000000e+03
4.685000000000000000e+03
4.674000000000000000e+03
4.696000000000000000e+03
4.626000000000000000e+03
4.533000000000000000e+03
4.703000000000000000e+03
4.661000000000000000e+03
4.704000000000000000e+03
4.588000000000000000e+03
4.647000000000000000e+03
4.714000000000000000e+03
4.667000000000000000e+03
4.673000000000000000e+03
4.660000000000000000e+03
4.607000000000000000e+03
4.492000000000000000e+03
4.566000000000000000e+03
4.595000000000000000e+03
4.652000000000000000e+03
4.614000000000000000e+03
4.504000000000000000e+03
4.564000000000000000e+03
4.511000000000000000e+03
4.552000000000000000e+03
4.573000000000000000e+03
4.457000000000000000e+03
4.537000000000000000e+03
4.526000000000000000e+03
4.500000000000000000e+03
4.515000000000000000e+03
4.470000000000000000e+03
4.458000000000000000e+03
4.480000000000000000e+03
4.429000000000000000e+03
4.454000000000000000e+03
4.425000000000000000e+03
4.389000000000000000e+03
4.448000000000000000e+03
4.398000000000000000e+03
4.417000000000000000e+03
4.435000000000000000e+03
4.379000000000000000e+03
4.389000000000000000e+03
4.272000000000000000e+03
4.358000000000000000e+03
4.390000000000000000e+03
4.371000000000000000e+03
4.354000000000000000e+03
4.369000000000000000e+03
4.313000000000000000e+03
4.324000000000000000e+03
4.327000000000000000e+03
4.336000000000000000e+03
4.299000000000000000e+03
4.211000000000000000e+03
4.317000000000000000e+03
4.178000000000000000e+03
4.292000000000000000e+03
4.187000000000000000e+03
4.223000000000000000e+03
4.134000000000000000e+03
4.241000000000000000e+03
4.168000000000000000e+03
4.223000000000000000e+03
4.231000000000000000e+03
4.164000000000000000e+03
4.279000000000000000e+03
4.157000000000000000e+03
4.167000000000000000e+03
4.134000000000000000e+03
4.144000000000000000e+03
4.167000000000000000e+03
4.215000000000000000e+03
4.118000000000000000e+03
4.109000000000000000e+03
4.124000000000000000e+03
4.046000000000000000e+03
4.158000000000000000e+03
4.104000000000000000e+03
4.098000000000000000e+03
4.136000000000000000e+03
4.085000000000000000e+03
4.101000000000000000e+03
4.028000000000000000e+03
4.113000000000000000e+03
4.104000000000000000e+03
4.046000000000000000e+03
4.218000000000000000e+03
4.028000000000000000e+03
4.110000000000000000e+03
4.065000000000000000e+03
4.024000000000000000e+03
4.112000000000000000e+03
4.037000000000000000e+03
4.041000000000000000e+03
4.087000000000000000e+03
4.041000000000000000e+03
3.969000000000000000e+03
4.042000000000000000e+03
3.979000000000000000e+03
4.038000000000000000e+03
3.991000000000000000e+03
3.986000000000000000e+03
3.989000000000000000e+03
3.994000000000000000e+03
3.937000000000000000e+03
3.979000000000000000e+03
4.028000000000000000e+03
3.994000000000000000e+03
3.913000000000000000e+03
4.119000000000000000e+03
3.903000000000000000e+03
3.904000000000000000e+03
4.020000000000000000e+03
3.946000000000000000e+03
3.934000000000000000e+03
3.939000000000000000e+03
3.897000000000000000e+03
3.904000000000000000e+03
3.869000000000000000e+03
3.857000000000000000e+03
3.818000000000000000e+03
3.831000000000000000e+03
3.884000000000000000e+03
3.826000000000000000e+03
3.802000000000000000e+03
3.920000000000000000e+03
3.899000000000000000e+03
3.820000000000000000e+03
3.801000000000000000e+03
3.825000000000000000e+03
3.828000000000000000e+03
3.818000000000000000e+03
3.836000000000000000e+03
3.826000000000000000e+03
3.834000000000000000e+03
3.780000000000000000e+03
3.857000000000000000e+03
3.733000000000000000e+03
3.769000000000000000e+03
3.804000000000000000e+03
3.741000000000000000e+03
3.783000000000000000e+03
3.743000000000000000e+03
3.743000000000000000e+03
3.681000000000000000e+03
3.702000000000000000e+03
3.715000000000000000e+03
3.774000000000000000e+03
3.663000000000000000e+03
3.678000000000000000e+03
3.749000000000000000e+03
3.731000000000000000e+03
3.737000000000000000e+03
3.659000000000000000e+03
3.717000000000000000e+03
3.686000000000000000e+03
3.598000000000000000e+03
3.654000000000000000e+03
3.619000000000000000e+03
3.631000000000000000e+03
3.669000000000000000e+03
3.629000000000000000e+03
3.625000000000000000e+03
3.635000000000000000e+03
3.614000000000000000e+03
3.523000000000000000e+03
3.583000000000000000e+03
3.606000000000000000e+03
3.595000000000000000e+03
3.533000000000000000e+03
3.611000000000000000e+03
3.587000000000000000e+03
3.532000000000000000e+03
3.579000000000000000e+03
3.542000000000000000e+03
3.510000000000000000e+03
3.567000000000000000e+03
3.564000000000000000e+03
3.486000000000000000e+03
3.481000000000000000e+03
3.541000000000000000e+03
3.407000000000000000e+03
3.652000000000000000e+03
3.457000000000000000e+03
3.555000000000000000e+03
3.502000000000000000e+03
3.431000000000000000e+03
3.429000000000000000e+03
3.418000000000000000e+03
3.358000000000000000e+03
3.377000000000000000e+03
3.390000000000000000e+03
3.407000000000000000e+03
3.369000000000000000e+03
3.388000000000000000e+03
3.359000000000000000e+03
3.321000000000000000e+03
3.347000000000000000e+03
3.351000000000000000e+03
3.308000000000000000e+03
3.230000000000000000e+03
3.259000000000000000e+03
3.331000000000000000e+03
3.239000000000000000e+03
3.285000000000000000e+03
3.197000000000000000e+03
3.251000000000000000e+03
3.234000000000000000e+03
3.243000000000000000e+03
3.203000000000000000e+03
3.175000000000000000e+03
3.215000000000000000e+03
3.213000000000000000e+03
3.186000000000000000e+03
3.250000000000000000e+03
3.151000000000000000e+03
3.147000000000000000e+03
3.186000000000000000e+03
3.089000000000000000e+03
3.088000000000000000e+03
3.098000000000000000e+03
3.151000000000000000e+03
3.052000000000000000e+03
3.082000000000000000e+03
3.012000000000000000e+03
3.117000000000000000e+03
3.002000000000000000e+03
3.012000000000000000e+03
3.001000000000000000e+03
3.032000000000000000e+03
2.942000000000000000e+03
3.001000000000000000e+03
3.037000000000000000e+03
2.922000000000000000e+03
2.941000000000000000e+03
2.929000000000000000e+03
2.954000000000000000e+03
2.867000000000000000e+03
2.924000000000000000e+03
2.811000000000000000e+03
2.855000000000000000e+03
2.884000000000000000e+03
2.914000000000000000e+03
2.905000000000000000e+03
2.823000000000000000e+03
2.851000000000000000e+03
2.825000000000000000e+03
2.760000000000000000e+03
2.762000000000000000e+03
2.702000000000000000e+03
2.814000000000000000e+03
2.855000000000000000e+03
2.769000000000000000e+03
2.800000000000000000e+03
2.648000000000000000e+03
2.692000000000000000e+03
2.734000000000000000e+03
2.710000000000000000e+03
2.665000000000000000e+03
2.652000000000000000e+03
2.664000000000000000e+03
2.704000000000000000e+03
2.632000000000000000e+03
2.667000000000000000e+03
2.636000000000000000e+03
2.576000000000000000e+03
2.668000000000000000e+03
2.573000000000000000e+03
2.662000000000000000e+03
2.616000000000000000e+03
2.585000000000000000e+03
2.596000000000000000e+03
2.595000000000000000e+03
2.596000000000000000e+03
2.569000000000000000e+03
2.566000000000000000e+03
2.628000000000000000e+03
2.555000000000000000e+03
2.509000000000000000e+03
2.567000000000000000e+03
2.500000000000000000e+03
2.568000000000000000e+03
2.474000000000000000e+03
