1.538000000000000000e+03
1.585000000000000000e+03
1.558000000000000000e+03
1.553000000000000000e+03
1.526000000000000000e+03
1.588000000000000000e+03
1.570000000000000000e+03
1.593000000000000000e+03
1.539000000000000000e+03
1.613000000000000000e+03
1.565000000000000000e+03
1.640000000000000000e+03
1.598000000000000000e+03
1.599000000000000000e+03
1.646000000000000000e+03
1.603000000000000000e+03
1.621000000000000000e+03
1.661000000000000000e+03
1.626000000000000000e+03
1.633000000000000000e+03
1.627000000000000000e+03
1.643000000000000000e+03
1.639000000000000000e+03
1.624000000000000000e+03
1.687000000000000000e+03
1.682000000000000000e+03
1.674000000000000000e+03
1.650000000000000000e+03
1.644000000000000000e+03
1.699000000000000000e+03
1.749000000000000000e+03
1.681000000000000000e+03
1.673000000000000000e+03
1.729000000000000000e+03
1.707000000000000000e+03
1.711000000000000000e+03
1.722000000000000000e+03
1.726000000000000000e+03
1.743000000000000000e+03
1.715000000000000000e+03
1.734000000000000000e+03
1.757000000000000000e+03
1.761000000000000000e+03
1.747000000000000000e+03
1.715000000000000000e+03
1.785000000000000000e+03
1.755000000000000000e+03
1.771000000000000000e+03
1.762000000000000000e+03
1.787000000000000000e+03
1.790000000000000000e+03
1.767000000000000000e+03
1.786000000000000000e+03
1.825000000000000000e+03
1.795000000000000000e+03
1.800000000000000000e+03
1.823000000000000000e+03
1.873000000000000000e+03
1.774000000000000000e+03
1.799000000000000000e+03
1.825000000000000000e+03
1.775000000000000000e+03
1.822000000000000000e+03
1.817000000000000000e+03
1.839000000000000000e+03
1.843000000000000000e+03
1.823000000000000000e+03
1.841000000000000000e+03
1.871000000000000000e+03
1.851000000000000000e+03
1.847000000000000000e+03
1.855000000000000000e+03
1.839000000000000000e+03
1.858000000000000000e+03
1.859000000000000000e+03
1.850000000000000000e+03
1.858000000000000000e+03
1.858000000000000000e+03
1.912000000000000000e+03
1.930000000000000000e+03
1.877000000000000000e+03
1.904000000000000000e+03
1.904000000000000000e+03
1.944000000000000000e+03
1.872000000000000000e+03
1.938000000000000000e+03
1.848000000000000000e+03
1.917000000000000000e+03
1.876000000000000000e+03
1.916000000000000000e+03
1.929000000000000000e+03
1.940000000000000000e+03
1.922000000000000000e+03
1.985000000000000000e+03
1.960000000000000000e+03
1.974000000000000000e+03
2.001000000000000000e+03
1.996000000000000000e+03
1.959000000000000000e+03
1.965000000000000000e+03
2.001000000000000000e+03
1.974000000000000000e+03
2.028000000000000000e+03
1.978000000000000000e+03
2.023000000000000000e+03
2.042000000000000000e+03
2.049000000000000000e+03
2.096000000000000000e+03
1.993000000000000000e+03
2.094000000000000000e+03
2.057000000000000000e+03
2.098000000000000000e+03
2.068000000000000000e+03
2.122000000000000000e+03
2.129000000000000000e+03
2.094000000000000000e+03
2.105000000000000000e+03
2.112000000000000000e+03
2.148000000000000000e+03
2.130000000000000000e+03
2.129000000000000000e+03
2.202000000000000000e+03
2.193000000000000000e+03
2.137000000000000000e+03
2.144000000000000000e+03
2.215000000000000000e+03
2.220000000000000000e+03
2.231000000000000000e+03
2.242000000000000000e+03
2.296000000000000000e+03
2.258000000000000000e+03
2.304000000000000000e+03
2.351000000000000000e+03
2.296000000000000000e+03
2.321000000000000000e+03
2.349000000000000000e+03
2.325000000000000000e+03
2.370000000000000000e+03
2.392000000000000000e+03
2.339000000000000000e+03
2.279000000000000000e+03
2.322000000000000000e+03
2.360000000000000000e+03
2.376000000000000000e+03
2.467000000000000000e+03
2.426000000000000000e+03
2.445000000000000000e+03
2.441000000000000000e+03
2.484000000000000000e+03
2.478000000000000000e+03
2.461000000000000000e+03
2.495000000000000000e+03
2.502000000000000000e+03
2.516000000000000000e+03
2.484000000000000000e+03
2.495000000000000000e+03
2.499000000000000000e+03
2.592000000000000000e+03
2.592000000000000000e+03
2.545000000000000000e+03
2.530000000000000000e+03
2.562000000000000000e+03
2.536000000000000000e+03
2.613000000000000000e+03
2.666000000000000000e+03
2.640000000000000000e+03
2.640000000000000000e+03
2.601000000000000000e+03
2.663000000000000000e+03
2.692000000000000000e+03
2.632000000000000000e+03
2.697000000000000000e+03
2.674000000000000000e+03
2.651000000000000000e+03
2.648000000000000000e+03
2.784000000000000000e+03
2.695000000000000000e+03
2.705000000000000000e+03
2.719000000000000000e+03
2.648000000000000000e+03
2.749000000000000000e+03
2.743000000000000000e+03
2.703000000000000000e+03
2.694000000000000000e+03
2.709000000000000000e+03
2.806000000000000000e+03
3.191000000000000000e+03
3.306000000000000000e+03
2.988000000000000000e+03
2.798000000000000000e+03
2.829000000000000000e+03
2.839000000000000000e+03
2.816000000000000000e+03
2.845000000000000000e+03
2.824000000000000000e+03
2.835000000000000000e+03
2.871000000000000000e+03
2.861000000000000000e+03
2.855000000000000000e+03
2.820000000000000000e+03
2.882000000000000000e+03
2.891000000000000000e+03
2.894000000000000000e+03
2.962000000000000000e+03
2.920000000000000000e+03
2.940000000000000000e+03
2.894000000000000000e+03
3.012000000000000000e+03
3.005000000000000000e+03
2.932000000000000000e+03
2.985000000000000000e+03
3.029000000000000000e+03
3.013000000000000000e+03
3.038000000000000000e+03
3.036000000000000000e+03
3.059000000000000000e+03
3.046000000000000000e+03
3.043000000000000000e+03
3.157000000000000000e+03
3.169000000000000000e+03
3.155000000000000000e+03
3.113000000000000000e+03
3.159000000000000000e+03
3.163000000000000000e+03
3.218000000000000000e+03
3.198000000000000000e+03
3.203000000000000000e+03
3.187000000000000000e+03
3.239000000000000000e+03
3.236000000000000000e+03
3.304000000000000000e+03
3.266000000000000000e+03
3.259000000000000000e+03
3.338000000000000000e+03
3.337000000000000000e+03
3.341000000000000000e+03
3.316000000000000000e+03
3.447000000000000000e+03
3.428000000000000000e+03
3.431000000000000000e+03
3.367000000000000000e+03
3.373000000000000000e+03
3.447000000000000000e+03
3.509000000000000000e+03
3.451000000000000000e+03
3.535000000000000000e+03
3.443000000000000000e+03
3.439000000000000000e+03
3.603000000000000000e+03
3.518000000000000000e+03
3.522000000000000000e+03
3.563000000000000000e+03
3.546000000000000000e+03
3.578000000000000000e+03
3.552000000000000000e+03
3.601000000000000000e+03
3.535000000000000000e+03
3.712000000000000000e+03
3.708000000000000000e+03
3.717000000000000000e+03
3.710000000000000000e+03
3.711000000000000000e+03
3.697000000000000000e+03
3.761000000000000000e+03
3.819000000000000000e+03
3.745000000000000000e+03
3.735000000000000000e+03
3.731000000000000000e+03
3.751000000000000000e+03
3.755000000000000000e+03
3.775000000000000000e+03
3.731000000000000000e+03
3.811000000000000000e+03
3.731000000000000000e+03
3.742000000000000000e+03
3.806000000000000000e+03
4.127000000000000000e+03
3.823000000000000000e+03
3.751000000000000000e+03
3.828000000000000000e+03
3.825000000000000000e+03
3.883000000000000000e+03
3.871000000000000000e+03
3.890000000000000000e+03
3.861000000000000000e+03
3.790000000000000000e+03
3.834000000000000000e+03
3.875000000000000000e+03
3.860000000000000000e+03
3.918000000000000000e+03
3.841000000000000000e+03
3.988000000000000000e+03
3.850000000000000000e+03
3.901000000000000000e+03
3.948000000000000000e+03
3.914000000000000000e+03
3.973000000000000000e+03
3.984000000000000000e+03
3.870000000000000000e+03
4.040000000000000000e+03
3.917000000000000000e+03
3.982000000000000000e+03
3.972000000000000000e+03
3.925000000000000000e+03
4.025000000000000000e+03
4.006000000000000000e+03
3.973000000000000000e+03
3.973000000000000000e+03
3.967000000000000000e+03
3.979000000000000000e+03
4.036000000000000000e+03
4.050000000000000000e+03
3.971000000000000000e+03
3.995000000000000000e+03
4.027000000000000000e+03
4.065000000000000000e+03
4.100000000000000000e+03
4.074000000000000000e+03
3.963000000000000000e+03
4.019000000000000000e+03
3.967000000000000000e+03
3.997000000000000000e+03
4.040000000000000000e+03
4.106000000000000000e+03
3.974000000000000000e+03
4.046000000000000000e+03
4.067000000000000000e+03
4.061000000000000000e+03
4.084000000000000000e+03
4.089000000000000000e+03
4.104000000000000000e+03
4.066000000000000000e+03
3.947000000000000000e+03
4.020000000000000000e+03
4.066000000000000000e+03
4.052000000000000000e+03
4.065000000000000000e+03
4.090000000000000000e+03
4.044000000000000000e+03
4.081000000000000000e+03
4.088000000000000000e+03
4.111000000000000000e+03
4.184000000000000000e+03
3.972000000000000000e+03
4.011000000000000000e+03
4.044000000000000000e+03
4.086000000000000000e+03
4.104000000000000000e+03
4.065000000000000000e+03
4.091000000000000000e+03
4.041000000000000000e+03
4.161000000000000000e+03
4.101000000000000000e+03
4.134000000000000000e+03
4.087000000000000000e+03
4.078000000000000000e+03
4.091000000000000000e+03
4.051000000000000000e+03
4.149000000000000000e+03
4.086000000000000000e+03
4.144000000000000000e+03
4.039000000000000000e+03
4.155000000000000000e+03
4.123000000000000000e+03
4.089000000000000000e+03
4.052000000000000000e+03
4.135000000000000000e+03
4.154000000000000000e+03
4.135000000000000000e+03
4.187000000000000000e+03
4.205000000000000000e+03
4.238000000000000000e+03
4.204000000000000000e+03
4.179000000000000000e+03
4.114000000000000000e+03
4.162000000000000000e+03
4.193000000000000000e+03
4.236000000000000000e+03
4.155000000000000000e+03
4.261000000000000000e+03
4.301000000000000000e+03
4.195000000000000000e+03
4.237000000000000000e+03
4.223000000000000000e+03
4.222000000000000000e+03
4.310000000000000000e+03
4.215000000000000000e+03
4.254000000000000000e+03
4.270000000000000000e+03
4.241000000000000000e+03
4.329000000000000000e+03
4.230000000000000000e+03
4.300000000000000000e+03
4.313000000000000000e+03
4.326000000000000000e+03
4.218000000000000000e+03
4.328000000000000000e+03
4.313000000000000000e+03
4.250000000000000000e+03
4.325000000000000000e+03
4.244000000000000000e+03
4.344000000000000000e+03
4.270000000000000000e+03
4.336000000000000000e+03
4.230000000000000000e+03
4.308000000000000000e+03
4.428000000000000000e+03
4.284000000000000000e+03
4.324000000000000000e+03
4.337000000000000000e+03
4.277000000000000000e+03
4.288000000000000000e+03
4.372000000000000000e+03
4.340000000000000000e+03
4.282000000000000000e+03
4.322000000000000000e+03
4.341000000000000000e+03
4.397000000000000000e+03
4.356000000000000000e+03
4.440000000000000000e+03
4.444000000000000000e+03
4.403000000000000000e+03
4.366000000000000000e+03
4.397000000000000000e+03
4.373000000000000000e+03
4.365000000000000000e+03
4.414000000000000000e+03
4.368000000000000000e+03
4.478000000000000000e+03
4.467000000000000000e+03
4.543000000000000000e+03
4.461000000000000000e+03
4.308000000000000000e+03
4.420000000000000000e+03
4.399000000000000000e+03
4.394000000000000000e+03
4.511000000000000000e+03
4.416000000000000000e+03
4.401000000000000000e+03
4.498000000000000000e+03
4.473000000000000000e+03
4.391000000000000000e+03
4.492000000000000000e+03
4.478000000000000000e+03
4.568000000000000000e+03
4.387000000000000000e+03
4.438000000000000000e+03
4.533000000000000000e+03
4.381000000000000000e+03
4.440000000000000000e+03
4.499000000000000000e+03
4.456000000000000000e+03
4.427000000000000000e+03
4.402000000000000000e+03
4.500000000000000000e+03
4.435000000000000000e+03
4.408000000000000000e+03
4.443000000000000000e+03
4.452000000000000000e+03
4.408000000000000000e+03
4.474000000000000000e+03
4.428000000000000000e+03
4.463000000000000000e+03
4.452000000000000000e+03
4.437000000000000000e+03
4.385000000000000000e+03
4.460000000000000000e+03
4.418000000000000000e+03
4.440000000000000000e+03
4.455000000000000000e+03
4.378000000000000000e+03
4.493000000000000000e+03
4.409000000000000000e+03
4.408000000000000000e+03
4.402000000000000000e+03
4.433000000000000000e+03
4.379000000000000000e+03
4.310000000000000000e+03
4.344000000000000000e+03
4.308000000000000000e+03
4.374000000000000000e+03
4.427000000000000000e+03
4.316000000000000000e+03
4.337000000000000000e+03
4.368000000000000000e+03
4.285000000000000000e+03
4.298000000000000000e+03
4.264000000000000000e+03
4.290000000000000000e+03
4.312000000000000000e+03
4.322000000000000000e+03
4.313000000000000000e+03
4.353000000000000000e+03
4.329000000000000000e+03
4.309000000000000000e+03
4.304000000000000000e+03
4.291000000000000000e+03
4.255000000000000000e+03
4.299000000000000000e+03
4.246000000000000000e+03
4.281000000000000000e+03
4.343000000000000000e+03
4.267000000000000000e+03
4.282000000000000000e+03
4.256000000000000000e+03
4.170000000000000000e+03
4.218000000000000000e+03
4.163000000000000000e+03
4.100000000000000000e+03
4.177000000000000000e+03
4.177000000000000000e+03
4.129000000000000000e+03
4.262000000000000000e+03
4.116000000000000000e+03
4.138000000000000000e+03
4.103000000000000000e+03
4.158000000000000000e+03
4.144000000000000000e+03
4.089000000000000000e+03
4.112000000000000000e+03
4.095000000000000000e+03
4.141000000000000000e+03
4.124000000000000000e+03
4.127000000000000000e+03
4.052000000000000000e+03
4.070000000000000000e+03
4.011000000000000000e+03
4.096000000000000000e+03
4.027000000000000000e+03
3.952000000000000000e+03
4.025000000000000000e+03
3.950000000000000000e+03
4.056000000000000000e+03
3.994000000000000000e+03
3.980000000000000000e+03
4.310000000000000000e+03
4.076000000000000000e+03
3.933000000000000000e+03
4.025000000000000000e+03
3.997000000000000000e+03
4.057000000000000000e+03
3.948000000000000000e+03
3.918000000000000000e+03
4.103000000000000000e+03
3.887000000000000000e+03
3.986000000000000000e+03
3.869000000000000000e+03
3.972000000000000000e+03
3.906000000000000000e+03
3.882000000000000000e+03
3.913000000000000000e+03
3.822000000000000000e+03
3.845000000000000000e+03
3.841000000000000000e+03
3.837000000000000000e+03
3.879000000000000000e+03
3.776000000000000000e+03
3.806000000000000000e+03
3.830000000000000000e+03
3.811000000000000000e+03
3.815000000000000000e+03
3.849000000000000000e+03
3.809000000000000000e+03
3.769000000000000000e+03
3.835000000000000000e+03
3.871000000000000000e+03
3.818000000000000000e+03
3.806000000000000000e+03
3.763000000000000000e+03
3.738000000000000000e+03
3.743000000000000000e+03
3.737000000000000000e+03
3.857000000000000000e+03
3.798000000000000000e+03
3.752000000000000000e+03
3.763000000000000000e+03
3.763000000000000000e+03
3.738000000000000000e+03
3.741000000000000000e+03
3.653000000000000000e+03
3.718000000000000000e+03
3.742000000000000000e+03
3.628000000000000000e+03
3.727000000000000000e+03
3.742000000000000000e+03
3.652000000000000000e+03
3.701000000000000000e+03
3.684000000000000000e+03
3.670000000000000000e+03
3.717000000000000000e+03
3.764000000000000000e+03
3.659000000000000000e+03
3.652000000000000000e+03
3.632000000000000000e+03
3.710000000000000000e+03
3.632000000000000000e+03
3.670000000000000000e+03
3.676000000000000000e+03
3.561000000000000000e+03
3.569000000000000000e+03
3.648000000000000000e+03
3.613000000000000000e+03
3.628000000000000000e+03
3.566000000000000000e+03
3.635000000000000000e+03
3.637000000000000000e+03
3.599000000000000000e+03
3.596000000000000000e+03
3.617000000000000000e+03
3.586000000000000000e+03
3.571000000000000000e+03
3.563000000000000000e+03
3.521000000000000000e+03
3.566000000000000000e+03
3.605000000000000000e+03
3.674000000000000000e+03
3.578000000000000000e+03
3.530000000000000000e+03
3.489000000000000000e+03
3.495000000000000000e+03
3.565000000000000000e+03
3.516000000000000000e+03
3.532000000000000000e+03
3.539000000000000000e+03
3.510000000000000000e+03
3.543000000000000000e+03
3.481000000000000000e+03
3.421000000000000000e+03
3.522000000000000000e+03
3.485000000000000000e+03
3.455000000000000000e+03
3.430000000000000000e+03
3.414000000000000000e+03
3.469000000000000000e+03
3.463000000000000000e+03
3.318000000000000000e+03
3.473000000000000000e+03
3.529000000000000000e+03
3.419000000000000000e+03
3.407000000000000000e+03
3.428000000000000000e+03
3.434000000000000000e+03
3.398000000000000000e+03
3.382000000000000000e+03
3.302000000000000000e+03
3.344000000000000000e+03
3.413000000000000000e+03
3.349000000000000000e+03
3.368000000000000000e+03
3.332000000000000000e+03
3.353000000000000000e+03
3.406000000000000000e+03
3.298000000000000000e+03
3.332000000000000000e+03
3.352000000000000000e+03
3.306000000000000000e+03
3.301000000000000000e+03
3.297000000000000000e+03
3.308000000000000000e+03
3.265000000000000000e+03
3.264000000000000000e+03
3.258000000000000000e+03
3.263000000000000000e+03
4.272000000000000000e+03
3.274000000000000000e+03
3.264000000000000000e+03
3.301000000000000000e+03
3.151000000000000000e+03
3.237000000000000000e+03
3.180000000000000000e+03
3.200000000000000000e+03
3.235000000000000000e+03
3.162000000000000000e+03
3.199000000000000000e+03
3.144000000000000000e+03
3.144000000000000000e+03
3.174000000000000000e+03
3.149000000000000000e+03
3.067000000000000000e+03
3.137000000000000000e+03
3.180000000000000000e+03
3.161000000000000000e+03
3.167000000000000000e+03
3.087000000000000000e+03
3.131000000000000000e+03
3.116000000000000000e+03
3.022000000000000000e+03
3.055000000000000000e+03
3.051000000000000000e+03
2.995000000000000000e+03
3.052000000000000000e+03
2.977000000000000000e+03
3.067000000000000000e+03
3.098000000000000000e+03
3.018000000000000000e+03
3.028000000000000000e+03
2.970000000000000000e+03
2.999000000000000000e+03
2.968000000000000000e+03
3.729000000000000000e+03
2.960000000000000000e+03
2.937000000000000000e+03
2.903000000000000000e+03
2.884000000000000000e+03
2.787000000000000000e+03
2.900000000000000000e+03
2.878000000000000000e+03
2.843000000000000000e+03
2.888000000000000000e+03
2.826000000000000000e+03
2.808000000000000000e+03
2.793000000000000000e+03
2.754000000000000000e+03
2.756000000000000000e+03
2.809000000000000000e+03
2.753000000000000000e+03
2.786000000000000000e+03
2.833000000000000000e+03
2.764000000000000000e+03
2.687000000000000000e+03
2.714000000000000000e+03
2.669000000000000000e+03
2.719000000000000000e+03
2.689000000000000000e+03
2.643000000000000000e+03
2.628000000000000000e+03
2.631000000000000000e+03
2.603000000000000000e+03
2.667000000000000000e+03
2.635000000000000000e+03
2.592000000000000000e+03
2.630000000000000000e+03
2.603000000000000000e+03
2.599000000000000000e+03
2.583000000000000000e+03
2.568000000000000000e+03
2.573000000000000000e+03
2.654000000000000000e+03
2.527000000000000000e+03
2.547000000000000000e+03
2.524000000000000000e+03
2.462000000000000000e+03
2.533000000000000000e+03
2.499000000000000000e+03
2.498000000000000000e+03
2.528000000000000000e+03
2.473000000000000000e+03
2.462000000000000000e+03
2.470000000000000000e+03
2.433000000000000000e+03
2.437000000000000000e+03
3.230000000000000000e+03
2.389000000000000000e+03
2.417000000000000000e+03
2.418000000000000000e+03
2.446000000000000000e+03
2.420000000000000000e+03
2.450000000000000000e+03
2.538000000000000000e+03
2.388000000000000000e+03
2.405000000000000000e+03
2.360000000000000000e+03
2.349000000000000000e+03
2.401000000000000000e+03
2.388000000000000000e+03
