1.571000000000000000e+03
1.579000000000000000e+03
1.644000000000000000e+03
1.607000000000000000e+03
1.637000000000000000e+03
1.671000000000000000e+03
1.610000000000000000e+03
1.604000000000000000e+03
1.663000000000000000e+03
1.779000000000000000e+03
1.690000000000000000e+03
1.676000000000000000e+03
1.648000000000000000e+03
1.710000000000000000e+03
1.666000000000000000e+03
1.736000000000000000e+03
1.681000000000000000e+03
1.704000000000000000e+03
1.705000000000000000e+03
1.729000000000000000e+03
1.700000000000000000e+03
1.691000000000000000e+03
1.736000000000000000e+03
1.754000000000000000e+03
1.718000000000000000e+03
1.724000000000000000e+03
1.738000000000000000e+03
1.749000000000000000e+03
1.764000000000000000e+03
1.780000000000000000e+03
1.769000000000000000e+03
1.773000000000000000e+03
1.791000000000000000e+03
1.793000000000000000e+03
1.785000000000000000e+03
1.782000000000000000e+03
1.790000000000000000e+03
1.778000000000000000e+03
1.795000000000000000e+03
1.775000000000000000e+03
1.845000000000000000e+03
1.841000000000000000e+03
1.784000000000000000e+03
1.875000000000000000e+03
1.847000000000000000e+03
1.875000000000000000e+03
1.859000000000000000e+03
1.860000000000000000e+03
1.842000000000000000e+03
1.878000000000000000e+03
1.839000000000000000e+03
1.859000000000000000e+03
1.888000000000000000e+03
1.928000000000000000e+03
1.900000000000000000e+03
1.890000000000000000e+03
1.890000000000000000e+03
1.928000000000000000e+03
1.936000000000000000e+03
1.920000000000000000e+03
1.889000000000000000e+03
1.909000000000000000e+03
1.957000000000000000e+03
1.893000000000000000e+03
1.917000000000000000e+03
1.923000000000000000e+03
1.927000000000000000e+03
1.974000000000000000e+03
1.987000000000000000e+03
1.983000000000000000e+03
1.970000000000000000e+03
1.951000000000000000e+03
1.944000000000000000e+03
2.007000000000000000e+03
1.958000000000000000e+03
1.940000000000000000e+03
2.019000000000000000e+03
2.009000000000000000e+03
1.991000000000000000e+03
1.972000000000000000e+03
1.992000000000000000e+03
1.950000000000000000e+03
1.999000000000000000e+03
2.011000000000000000e+03
2.045000000000000000e+03
2.065000000000000000e+03
2.005000000000000000e+03
2.027000000000000000e+03
2.087000000000000000e+03
2.027000000000000000e+03
1.999000000000000000e+03
2.031000000000000000e+03
2.006000000000000000e+03
2.123000000000000000e+03
2.111000000000000000e+03
2.119000000000000000e+03
2.063000000000000000e+03
2.112000000000000000e+03
2.087000000000000000e+03
2.082000000000000000e+03
2.123000000000000000e+03
2.119000000000000000e+03
2.196000000000000000e+03
2.083000000000000000e+03
2.192000000000000000e+03
2.203000000000000000e+03
2.090000000000000000e+03
2.148000000000000000e+03
2.175000000000000000e+03
2.180000000000000000e+03
2.166000000000000000e+03
2.181000000000000000e+03
2.212000000000000000e+03
2.174000000000000000e+03
2.241000000000000000e+03
2.308000000000000000e+03
2.294000000000000000e+03
2.280000000000000000e+03
2.272000000000000000e+03
2.270000000000000000e+03
2.296000000000000000e+03
2.248000000000000000e+03
2.345000000000000000e+03
2.364000000000000000e+03
2.329000000000000000e+03
2.365000000000000000e+03
2.372000000000000000e+03
2.386000000000000000e+03
2.397000000000000000e+03
2.427000000000000000e+03
2.462000000000000000e+03
2.448000000000000000e+03
2.424000000000000000e+03
2.466000000000000000e+03
2.463000000000000000e+03
2.469000000000000000e+03
2.492000000000000000e+03
2.432000000000000000e+03
2.476000000000000000e+03
2.518000000000000000e+03
2.483000000000000000e+03
2.541000000000000000e+03
2.553000000000000000e+03
2.612000000000000000e+03
2.596000000000000000e+03
2.518000000000000000e+03
2.659000000000000000e+03
2.614000000000000000e+03
2.577000000000000000e+03
2.685000000000000000e+03
2.612000000000000000e+03
2.670000000000000000e+03
2.644000000000000000e+03
2.610000000000000000e+03
2.726000000000000000e+03
2.713000000000000000e+03
2.689000000000000000e+03
2.717000000000000000e+03
2.756000000000000000e+03
2.689000000000000000e+03
2.707000000000000000e+03
2.747000000000000000e+03
2.770000000000000000e+03
2.772000000000000000e+03
2.770000000000000000e+03
2.726000000000000000e+03
2.858000000000000000e+03
2.792000000000000000e+03
2.821000000000000000e+03
2.845000000000000000e+03
2.817000000000000000e+03
2.825000000000000000e+03
2.816000000000000000e+03
2.859000000000000000e+03
2.799000000000000000e+03
2.835000000000000000e+03
2.862000000000000000e+03
2.844000000000000000e+03
2.898000000000000000e+03
2.887000000000000000e+03
2.926000000000000000e+03
3.036000000000000000e+03
2.925000000000000000e+03
2.913000000000000000e+03
2.974000000000000000e+03
3.457000000000000000e+03
3.377000000000000000e+03
3.111000000000000000e+03
3.018000000000000000e+03
3.004000000000000000e+03
3.074000000000000000e+03
2.959000000000000000e+03
3.019000000000000000e+03
3.016000000000000000e+03
3.021000000000000000e+03
3.017000000000000000e+03
3.058000000000000000e+03
3.022000000000000000e+03
3.097000000000000000e+03
3.014000000000000000e+03
3.038000000000000000e+03
3.092000000000000000e+03
3.153000000000000000e+03
3.095000000000000000e+03
3.128000000000000000e+03
3.184000000000000000e+03
3.144000000000000000e+03
3.074000000000000000e+03
3.202000000000000000e+03
3.205000000000000000e+03
3.164000000000000000e+03
3.200000000000000000e+03
3.265000000000000000e+03
3.233000000000000000e+03
3.275000000000000000e+03
3.240000000000000000e+03
3.301000000000000000e+03
3.199000000000000000e+03
3.283000000000000000e+03
3.263000000000000000e+03
3.373000000000000000e+03
3.354000000000000000e+03
3.302000000000000000e+03
3.387000000000000000e+03
3.371000000000000000e+03
3.327000000000000000e+03
3.416000000000000000e+03
3.441000000000000000e+03
3.491000000000000000e+03
3.483000000000000000e+03
3.506000000000000000e+03
3.476000000000000000e+03
3.574000000000000000e+03
3.423000000000000000e+03
3.546000000000000000e+03
3.541000000000000000e+03
3.628000000000000000e+03
3.584000000000000000e+03
3.559000000000000000e+03
3.592000000000000000e+03
3.647000000000000000e+03
3.729000000000000000e+03
3.628000000000000000e+03
3.711000000000000000e+03
3.713000000000000000e+03
3.754000000000000000e+03
3.706000000000000000e+03
3.744000000000000000e+03
3.758000000000000000e+03
3.750000000000000000e+03
3.796000000000000000e+03
3.841000000000000000e+03
3.820000000000000000e+03
3.856000000000000000e+03
3.893000000000000000e+03
3.873000000000000000e+03
3.959000000000000000e+03
4.012000000000000000e+03
3.993000000000000000e+03
3.990000000000000000e+03
3.970000000000000000e+03
4.022000000000000000e+03
4.053000000000000000e+03
4.118000000000000000e+03
4.029000000000000000e+03
4.005000000000000000e+03
4.028000000000000000e+03
3.978000000000000000e+03
4.041000000000000000e+03
4.022000000000000000e+03
4.039000000000000000e+03
4.044000000000000000e+03
4.053000000000000000e+03
4.050000000000000000e+03
4.053000000000000000e+03
4.074000000000000000e+03
4.140000000000000000e+03
4.178000000000000000e+03
4.053000000000000000e+03
4.110000000000000000e+03
4.148000000000000000e+03
4.217000000000000000e+03
4.117000000000000000e+03
4.122000000000000000e+03
4.156000000000000000e+03
4.144000000000000000e+03
4.231000000000000000e+03
4.162000000000000000e+03
4.201000000000000000e+03
4.249000000000000000e+03
4.196000000000000000e+03
4.226000000000000000e+03
4.248000000000000000e+03
4.178000000000000000e+03
4.227000000000000000e+03
4.240000000000000000e+03
4.273000000000000000e+03
4.253000000000000000e+03
4.341000000000000000e+03
4.251000000000000000e+03
4.292000000000000000e+03
4.254000000000000000e+03
4.246000000000000000e+03
4.262000000000000000e+03
4.299000000000000000e+03
4.297000000000000000e+03
4.264000000000000000e+03
4.313000000000000000e+03
4.356000000000000000e+03
4.231000000000000000e+03
4.394000000000000000e+03
4.344000000000000000e+03
4.354000000000000000e+03
4.300000000000000000e+03
4.262000000000000000e+03
4.273000000000000000e+03
4.289000000000000000e+03
4.277000000000000000e+03
4.380000000000000000e+03
4.329000000000000000e+03
4.358000000000000000e+03
4.306000000000000000e+03
4.379000000000000000e+03
4.304000000000000000e+03
4.322000000000000000e+03
4.236000000000000000e+03
4.353000000000000000e+03
4.383000000000000000e+03
4.413000000000000000e+03
4.261000000000000000e+03
4.385000000000000000e+03
4.274000000000000000e+03
4.403000000000000000e+03
4.430000000000000000e+03
4.310000000000000000e+03
4.262000000000000000e+03
4.313000000000000000e+03
4.399000000000000000e+03
4.301000000000000000e+03
4.272000000000000000e+03
4.345000000000000000e+03
4.331000000000000000e+03
4.294000000000000000e+03
4.402000000000000000e+03
4.293000000000000000e+03
4.343000000000000000e+03
4.371000000000000000e+03
4.325000000000000000e+03
4.376000000000000000e+03
4.366000000000000000e+03
4.322000000000000000e+03
4.346000000000000000e+03
4.366000000000000000e+03
4.312000000000000000e+03
4.316000000000000000e+03
4.476000000000000000e+03
4.321000000000000000e+03
4.340000000000000000e+03
4.365000000000000000e+03
4.556000000000000000e+03
4.445000000000000000e+03
4.387000000000000000e+03
4.400000000000000000e+03
4.423000000000000000e+03
4.388000000000000000e+03
4.454000000000000000e+03
4.371000000000000000e+03
4.421000000000000000e+03
4.419000000000000000e+03
4.509000000000000000e+03
4.357000000000000000e+03
4.451000000000000000e+03
4.479000000000000000e+03
4.442000000000000000e+03
4.510000000000000000e+03
4.458000000000000000e+03
4.399000000000000000e+03
4.523000000000000000e+03
4.469000000000000000e+03
4.568000000000000000e+03
4.508000000000000000e+03
4.535000000000000000e+03
4.539000000000000000e+03
4.618000000000000000e+03
4.532000000000000000e+03
4.617000000000000000e+03
4.562000000000000000e+03
4.683000000000000000e+03
4.541000000000000000e+03
4.677000000000000000e+03
4.546000000000000000e+03
4.525000000000000000e+03
4.523000000000000000e+03
4.558000000000000000e+03
4.567000000000000000e+03
4.481000000000000000e+03
4.642000000000000000e+03
4.623000000000000000e+03
4.592000000000000000e+03
4.559000000000000000e+03
4.618000000000000000e+03
4.580000000000000000e+03
4.643000000000000000e+03
4.584000000000000000e+03
4.643000000000000000e+03
4.544000000000000000e+03
4.608000000000000000e+03
4.687000000000000000e+03
4.549000000000000000e+03
4.575000000000000000e+03
4.597000000000000000e+03
4.704000000000000000e+03
4.679000000000000000e+03
4.707000000000000000e+03
4.650000000000000000e+03
4.730000000000000000e+03
4.741000000000000000e+03
4.718000000000000000e+03
4.779000000000000000e+03
4.717000000000000000e+03
4.756000000000000000e+03
4.638000000000000000e+03
4.713000000000000000e+03
4.903000000000000000e+03
4.718000000000000000e+03
4.708000000000000000e+03
4.720000000000000000e+03
4.750000000000000000e+03
4.659000000000000000e+03
4.660000000000000000e+03
4.817000000000000000e+03
4.780000000000000000e+03
4.796000000000000000e+03
4.663000000000000000e+03
4.736000000000000000e+03
4.758000000000000000e+03
4.668000000000000000e+03
4.776000000000000000e+03
4.702000000000000000e+03
4.773000000000000000e+03
4.841000000000000000e+03
4.792000000000000000e+03
4.688000000000000000e+03
4.873000000000000000e+03
4.798000000000000000e+03
4.815000000000000000e+03
4.744000000000000000e+03
4.760000000000000000e+03
4.771000000000000000e+03
4.733000000000000000e+03
4.791000000000000000e+03
4.836000000000000000e+03
4.712000000000000000e+03
4.687000000000000000e+03
4.727000000000000000e+03
4.738000000000000000e+03
4.744000000000000000e+03
4.712000000000000000e+03
4.678000000000000000e+03
4.691000000000000000e+03
4.741000000000000000e+03
4.809000000000000000e+03
4.844000000000000000e+03
4.640000000000000000e+03
4.715000000000000000e+03
4.774000000000000000e+03
4.747000000000000000e+03
4.736000000000000000e+03
4.696000000000000000e+03
4.722000000000000000e+03
4.680000000000000000e+03
4.619000000000000000e+03
4.677000000000000000e+03
4.756000000000000000e+03
4.641000000000000000e+03
4.661000000000000000e+03
4.671000000000000000e+03
4.718000000000000000e+03
4.737000000000000000e+03
4.787000000000000000e+03
4.611000000000000000e+03
4.662000000000000000e+03
4.688000000000000000e+03
4.666000000000000000e+03
4.670000000000000000e+03
4.582000000000000000e+03
4.632000000000000000e+03
4.617000000000000000e+03
4.581000000000000000e+03
4.552000000000000000e+03
4.556000000000000000e+03
4.637000000000000000e+03
4.571000000000000000e+03
4.607000000000000000e+03
4.536000000000000000e+03
4.628000000000000000e+03
4.623000000000000000e+03
4.546000000000000000e+03
4.559000000000000000e+03
4.521000000000000000e+03
4.528000000000000000e+03
4.563000000000000000e+03
4.544000000000000000e+03
4.498000000000000000e+03
4.515000000000000000e+03
4.400000000000000000e+03
4.423000000000000000e+03
4.588000000000000000e+03
4.437000000000000000e+03
4.406000000000000000e+03
4.437000000000000000e+03
4.482000000000000000e+03
4.452000000000000000e+03
4.439000000000000000e+03
4.437000000000000000e+03
4.427000000000000000e+03
4.389000000000000000e+03
4.437000000000000000e+03
4.391000000000000000e+03
4.378000000000000000e+03
4.358000000000000000e+03
4.383000000000000000e+03
4.315000000000000000e+03
4.466000000000000000e+03
4.377000000000000000e+03
4.344000000000000000e+03
4.282000000000000000e+03
4.314000000000000000e+03
4.329000000000000000e+03
4.354000000000000000e+03
4.361000000000000000e+03
4.297000000000000000e+03
4.269000000000000000e+03
4.223000000000000000e+03
4.208000000000000000e+03
4.215000000000000000e+03
4.214000000000000000e+03
4.307000000000000000e+03
4.231000000000000000e+03
4.228000000000000000e+03
4.183000000000000000e+03
4.249000000000000000e+03
4.318000000000000000e+03
4.219000000000000000e+03
4.112000000000000000e+03
4.151000000000000000e+03
4.175000000000000000e+03
4.144000000000000000e+03
4.106000000000000000e+03
4.141000000000000000e+03
4.139000000000000000e+03
4.083000000000000000e+03
4.160000000000000000e+03
4.105000000000000000e+03
4.130000000000000000e+03
4.126000000000000000e+03
4.083000000000000000e+03
4.056000000000000000e+03
4.110000000000000000e+03
3.976000000000000000e+03
4.128000000000000000e+03
4.071000000000000000e+03
4.104000000000000000e+03
3.980000000000000000e+03
4.084000000000000000e+03
4.024000000000000000e+03
4.034000000000000000e+03
3.981000000000000000e+03
4.076000000000000000e+03
4.037000000000000000e+03
4.029000000000000000e+03
4.008000000000000000e+03
4.042000000000000000e+03
4.016000000000000000e+03
3.998000000000000000e+03
3.950000000000000000e+03
4.044000000000000000e+03
4.037000000000000000e+03
4.000000000000000000e+03
4.009000000000000000e+03
4.000000000000000000e+03
4.012000000000000000e+03
3.918000000000000000e+03
3.881000000000000000e+03
3.891000000000000000e+03
4.065000000000000000e+03
3.957000000000000000e+03
3.932000000000000000e+03
3.950000000000000000e+03
3.974000000000000000e+03
3.847000000000000000e+03
3.915000000000000000e+03
3.924000000000000000e+03
3.996000000000000000e+03
3.885000000000000000e+03
3.954000000000000000e+03
3.867000000000000000e+03
3.884000000000000000e+03
3.921000000000000000e+03
3.782000000000000000e+03
3.857000000000000000e+03
3.786000000000000000e+03
3.832000000000000000e+03
3.786000000000000000e+03
3.800000000000000000e+03
3.803000000000000000e+03
3.793000000000000000e+03
3.785000000000000000e+03
3.789000000000000000e+03
3.813000000000000000e+03
3.799000000000000000e+03
3.851000000000000000e+03
3.782000000000000000e+03
3.850000000000000000e+03
3.798000000000000000e+03
3.766000000000000000e+03
3.810000000000000000e+03
3.673000000000000000e+03
3.713000000000000000e+03
3.720000000000000000e+03
3.756000000000000000e+03
3.793000000000000000e+03
3.719000000000000000e+03
3.738000000000000000e+03
3.748000000000000000e+03
3.733000000000000000e+03
3.683000000000000000e+03
3.683000000000000000e+03
3.744000000000000000e+03
3.736000000000000000e+03
3.695000000000000000e+03
3.626000000000000000e+03
3.678000000000000000e+03
3.773000000000000000e+03
3.704000000000000000e+03
3.606000000000000000e+03
3.645000000000000000e+03
3.645000000000000000e+03
3.639000000000000000e+03
3.612000000000000000e+03
3.616000000000000000e+03
3.630000000000000000e+03
3.602000000000000000e+03
3.598000000000000000e+03
3.713000000000000000e+03
3.525000000000000000e+03
3.652000000000000000e+03
3.633000000000000000e+03
3.624000000000000000e+03
3.515000000000000000e+03
3.547000000000000000e+03
3.544000000000000000e+03
3.559000000000000000e+03
3.504000000000000000e+03
3.567000000000000000e+03
3.543000000000000000e+03
3.493000000000000000e+03
3.562000000000000000e+03
3.493000000000000000e+03
3.486000000000000000e+03
3.527000000000000000e+03
3.507000000000000000e+03
3.512000000000000000e+03
3.503000000000000000e+03
3.512000000000000000e+03
3.451000000000000000e+03
3.414000000000000000e+03
3.353000000000000000e+03
3.358000000000000000e+03
3.456000000000000000e+03
3.379000000000000000e+03
3.349000000000000000e+03
3.370000000000000000e+03
3.400000000000000000e+03
3.429000000000000000e+03
3.382000000000000000e+03
3.295000000000000000e+03
3.365000000000000000e+03
3.365000000000000000e+03
3.251000000000000000e+03
3.297000000000000000e+03
3.299000000000000000e+03
3.378000000000000000e+03
3.303000000000000000e+03
3.326000000000000000e+03
3.206000000000000000e+03
3.171000000000000000e+03
3.297000000000000000e+03
3.162000000000000000e+03
3.176000000000000000e+03
3.209000000000000000e+03
3.183000000000000000e+03
3.146000000000000000e+03
3.132000000000000000e+03
3.172000000000000000e+03
3.110000000000000000e+03
3.142000000000000000e+03
3.141000000000000000e+03
3.005000000000000000e+03
3.224000000000000000e+03
3.064000000000000000e+03
3.065000000000000000e+03
3.146000000000000000e+03
3.062000000000000000e+03
3.029000000000000000e+03
3.044000000000000000e+03
3.074000000000000000e+03
3.072000000000000000e+03
3.008000000000000000e+03
3.015000000000000000e+03
2.937000000000000000e+03
2.980000000000000000e+03
3.001000000000000000e+03
2.976000000000000000e+03
2.947000000000000000e+03
2.951000000000000000e+03
2.948000000000000000e+03
2.858000000000000000e+03
2.908000000000000000e+03
2.903000000000000000e+03
2.839000000000000000e+03
2.865000000000000000e+03
2.861000000000000000e+03
2.929000000000000000e+03
2.850000000000000000e+03
2.858000000000000000e+03
2.807000000000000000e+03
2.767000000000000000e+03
2.807000000000000000e+03
2.789000000000000000e+03
2.744000000000000000e+03
2.762000000000000000e+03
2.754000000000000000e+03
2.747000000000000000e+03
2.778000000000000000e+03
2.748000000000000000e+03
2.656000000000000000e+03
2.664000000000000000e+03
2.727000000000000000e+03
2.768000000000000000e+03
2.744000000000000000e+03
2.736000000000000000e+03
2.617000000000000000e+03
2.667000000000000000e+03
2.648000000000000000e+03
2.649000000000000000e+03
2.645000000000000000e+03
2.618000000000000000e+03
2.591000000000000000e+03
2.568000000000000000e+03
2.587000000000000000e+03
2.651000000000000000e+03
2.540000000000000000e+03
2.527000000000000000e+03
2.545000000000000000e+03
2.575000000000000000e+03
2.618000000000000000e+03
2.556000000000000000e+03
2.607000000000000000e+03
2.535000000000000000e+03
2.539000000000000000e+03
2.576000000000000000e+03
2.564000000000000000e+03
2.463000000000000000e+03
2.463000000000000000e+03
