1.792000000000000000e+03
1.731000000000000000e+03
1.774000000000000000e+03
1.753000000000000000e+03
1.773000000000000000e+03
1.841000000000000000e+03
1.811000000000000000e+03
1.765000000000000000e+03
1.770000000000000000e+03
1.843000000000000000e+03
1.826000000000000000e+03
1.771000000000000000e+03
1.839000000000000000e+03
1.841000000000000000e+03
1.871000000000000000e+03
1.889000000000000000e+03
1.834000000000000000e+03
1.862000000000000000e+03
1.907000000000000000e+03
1.854000000000000000e+03
1.919000000000000000e+03
1.929000000000000000e+03
1.888000000000000000e+03
1.882000000000000000e+03
1.944000000000000000e+03
1.935000000000000000e+03
1.958000000000000000e+03
1.925000000000000000e+03
1.877000000000000000e+03
1.928000000000000000e+03
1.931000000000000000e+03
1.929000000000000000e+03
1.950000000000000000e+03
1.966000000000000000e+03
1.945000000000000000e+03
1.943000000000000000e+03
1.958000000000000000e+03
2.013000000000000000e+03
1.997000000000000000e+03
2.050000000000000000e+03
2.003000000000000000e+03
1.992000000000000000e+03
2.011000000000000000e+03
2.039000000000000000e+03
1.989000000000000000e+03
2.019000000000000000e+03
2.045000000000000000e+03
2.054000000000000000e+03
2.038000000000000000e+03
2.050000000000000000e+03
2.062000000000000000e+03
2.071000000000000000e+03
2.096000000000000000e+03
2.064000000000000000e+03
2.052000000000000000e+03
2.052000000000000000e+03
2.054000000000000000e+03
2.105000000000000000e+03
2.085000000000000000e+03
2.116000000000000000e+03
2.017000000000000000e+03
2.112000000000000000e+03
2.154000000000000000e+03
2.131000000000000000e+03
2.169000000000000000e+03
2.110000000000000000e+03
2.148000000000000000e+03
2.141000000000000000e+03
2.134000000000000000e+03
2.178000000000000000e+03
2.205000000000000000e+03
2.164000000000000000e+03
2.203000000000000000e+03
2.228000000000000000e+03
2.213000000000000000e+03
2.226000000000000000e+03
2.176000000000000000e+03
2.178000000000000000e+03
2.225000000000000000e+03
2.227000000000000000e+03
2.213000000000000000e+03
2.224000000000000000e+03
2.261000000000000000e+03
2.203000000000000000e+03
2.275000000000000000e+03
2.279000000000000000e+03
2.272000000000000000e+03
2.278000000000000000e+03
2.299000000000000000e+03
2.282000000000000000e+03
2.303000000000000000e+03
2.288000000000000000e+03
2.344000000000000000e+03
2.366000000000000000e+03
2.361000000000000000e+03
2.254000000000000000e+03
2.345000000000000000e+03
2.401000000000000000e+03
2.365000000000000000e+03
2.355000000000000000e+03
2.424000000000000000e+03
2.418000000000000000e+03
2.402000000000000000e+03
2.402000000000000000e+03
2.406000000000000000e+03
2.400000000000000000e+03
2.449000000000000000e+03
2.448000000000000000e+03
2.416000000000000000e+03
2.453000000000000000e+03
2.476000000000000000e+03
2.407000000000000000e+03
2.460000000000000000e+03
2.504000000000000000e+03
2.514000000000000000e+03
2.532000000000000000e+03
2.487000000000000000e+03
2.521000000000000000e+03
2.533000000000000000e+03
2.545000000000000000e+03
2.576000000000000000e+03
2.583000000000000000e+03
2.615000000000000000e+03
2.662000000000000000e+03
2.627000000000000000e+03
2.664000000000000000e+03
2.731000000000000000e+03
2.626000000000000000e+03
2.689000000000000000e+03
2.674000000000000000e+03
2.717000000000000000e+03
2.739000000000000000e+03
2.769000000000000000e+03
2.710000000000000000e+03
2.817000000000000000e+03
2.782000000000000000e+03
2.814000000000000000e+03
2.766000000000000000e+03
2.841000000000000000e+03
2.883000000000000000e+03
2.793000000000000000e+03
2.865000000000000000e+03
2.841000000000000000e+03
2.883000000000000000e+03
2.867000000000000000e+03
2.898000000000000000e+03
2.831000000000000000e+03
2.899000000000000000e+03
2.971000000000000000e+03
2.947000000000000000e+03
2.960000000000000000e+03
2.983000000000000000e+03
3.038000000000000000e+03
2.954000000000000000e+03
2.994000000000000000e+03
2.980000000000000000e+03
3.034000000000000000e+03
3.036000000000000000e+03
3.053000000000000000e+03
3.000000000000000000e+03
3.073000000000000000e+03
3.048000000000000000e+03
3.109000000000000000e+03
3.167000000000000000e+03
3.088000000000000000e+03
3.103000000000000000e+03
3.137000000000000000e+03
3.102000000000000000e+03
3.067000000000000000e+03
3.137000000000000000e+03
3.131000000000000000e+03
3.179000000000000000e+03
3.217000000000000000e+03
3.203000000000000000e+03
3.203000000000000000e+03
3.186000000000000000e+03
3.243000000000000000e+03
3.258000000000000000e+03
3.255000000000000000e+03
3.210000000000000000e+03
3.225000000000000000e+03
3.278000000000000000e+03
3.385000000000000000e+03
3.687000000000000000e+03
3.813000000000000000e+03
3.479000000000000000e+03
3.344000000000000000e+03
3.363000000000000000e+03
3.471000000000000000e+03
3.347000000000000000e+03
3.355000000000000000e+03
3.361000000000000000e+03
3.358000000000000000e+03
3.379000000000000000e+03
3.419000000000000000e+03
3.422000000000000000e+03
3.439000000000000000e+03
3.445000000000000000e+03
3.478000000000000000e+03
3.439000000000000000e+03
3.504000000000000000e+03
3.490000000000000000e+03
3.450000000000000000e+03
3.532000000000000000e+03
3.487000000000000000e+03
3.564000000000000000e+03
3.513000000000000000e+03
3.577000000000000000e+03
3.532000000000000000e+03
3.631000000000000000e+03
3.645000000000000000e+03
3.643000000000000000e+03
3.651000000000000000e+03
3.725000000000000000e+03
3.643000000000000000e+03
3.639000000000000000e+03
3.727000000000000000e+03
3.722000000000000000e+03
3.703000000000000000e+03
3.739000000000000000e+03
3.751000000000000000e+03
3.735000000000000000e+03
3.781000000000000000e+03
3.846000000000000000e+03
3.911000000000000000e+03
3.854000000000000000e+03
3.867000000000000000e+03
3.870000000000000000e+03
3.929000000000000000e+03
3.951000000000000000e+03
3.933000000000000000e+03
3.915000000000000000e+03
3.941000000000000000e+03
3.998000000000000000e+03
4.015000000000000000e+03
4.011000000000000000e+03
3.994000000000000000e+03
4.035000000000000000e+03
4.057000000000000000e+03
3.974000000000000000e+03
4.151000000000000000e+03
4.113000000000000000e+03
4.099000000000000000e+03
4.091000000000000000e+03
4.181000000000000000e+03
4.211000000000000000e+03
4.095000000000000000e+03
4.163000000000000000e+03
4.242000000000000000e+03
4.295000000000000000e+03
4.278000000000000000e+03
4.266000000000000000e+03
4.314000000000000000e+03
4.352000000000000000e+03
4.302000000000000000e+03
4.396000000000000000e+03
4.456000000000000000e+03
4.340000000000000000e+03
4.297000000000000000e+03
4.420000000000000000e+03
4.464000000000000000e+03
4.440000000000000000e+03
4.464000000000000000e+03
4.418000000000000000e+03
4.457000000000000000e+03
4.432000000000000000e+03
4.496000000000000000e+03
4.489000000000000000e+03
4.452000000000000000e+03
4.470000000000000000e+03
4.541000000000000000e+03
4.568000000000000000e+03
4.470000000000000000e+03
4.460000000000000000e+03
4.436000000000000000e+03
4.611000000000000000e+03
4.525000000000000000e+03
4.649000000000000000e+03
4.536000000000000000e+03
4.564000000000000000e+03
4.566000000000000000e+03
4.551000000000000000e+03
4.615000000000000000e+03
4.608000000000000000e+03
4.648000000000000000e+03
4.596000000000000000e+03
4.615000000000000000e+03
4.599000000000000000e+03
4.549000000000000000e+03
4.669000000000000000e+03
4.724000000000000000e+03
4.634000000000000000e+03
4.711000000000000000e+03
4.671000000000000000e+03
4.595000000000000000e+03
4.597000000000000000e+03
4.716000000000000000e+03
4.638000000000000000e+03
4.658000000000000000e+03
4.755000000000000000e+03
4.710000000000000000e+03
4.720000000000000000e+03
4.717000000000000000e+03
4.733000000000000000e+03
4.643000000000000000e+03
4.760000000000000000e+03
4.781000000000000000e+03
4.751000000000000000e+03
4.687000000000000000e+03
4.782000000000000000e+03
4.804000000000000000e+03
4.799000000000000000e+03
4.714000000000000000e+03
4.754000000000000000e+03
4.733000000000000000e+03
4.817000000000000000e+03
4.751000000000000000e+03
4.813000000000000000e+03
4.833000000000000000e+03
4.787000000000000000e+03
4.807000000000000000e+03
4.790000000000000000e+03
4.714000000000000000e+03
4.818000000000000000e+03
4.754000000000000000e+03
4.831000000000000000e+03
4.757000000000000000e+03
4.776000000000000000e+03
4.817000000000000000e+03
4.729000000000000000e+03
4.635000000000000000e+03
4.871000000000000000e+03
4.865000000000000000e+03
4.811000000000000000e+03
4.714000000000000000e+03
4.774000000000000000e+03
4.791000000000000000e+03
4.815000000000000000e+03
4.831000000000000000e+03
4.785000000000000000e+03
4.837000000000000000e+03
4.827000000000000000e+03
4.779000000000000000e+03
4.827000000000000000e+03
4.791000000000000000e+03
4.815000000000000000e+03
4.826000000000000000e+03
4.822000000000000000e+03
4.806000000000000000e+03
4.871000000000000000e+03
4.890000000000000000e+03
4.856000000000000000e+03
4.732000000000000000e+03
4.828000000000000000e+03
4.862000000000000000e+03
4.852000000000000000e+03
4.936000000000000000e+03
4.788000000000000000e+03
4.900000000000000000e+03
4.853000000000000000e+03
4.893000000000000000e+03
4.820000000000000000e+03
4.941000000000000000e+03
4.897000000000000000e+03
4.982000000000000000e+03
4.863000000000000000e+03
4.953000000000000000e+03
4.878000000000000000e+03
4.947000000000000000e+03
4.969000000000000000e+03
4.922000000000000000e+03
4.954000000000000000e+03
4.916000000000000000e+03
5.291000000000000000e+03
4.962000000000000000e+03
4.985000000000000000e+03
4.984000000000000000e+03
4.965000000000000000e+03
4.950000000000000000e+03
4.965000000000000000e+03
4.934000000000000000e+03
5.065000000000000000e+03
5.054000000000000000e+03
5.033000000000000000e+03
4.927000000000000000e+03
5.024000000000000000e+03
5.038000000000000000e+03
5.033000000000000000e+03
4.986000000000000000e+03
4.975000000000000000e+03
5.113000000000000000e+03
5.040000000000000000e+03
4.982000000000000000e+03
5.029000000000000000e+03
5.098000000000000000e+03
4.975000000000000000e+03
5.204000000000000000e+03
5.089000000000000000e+03
5.063000000000000000e+03
5.153000000000000000e+03
5.015000000000000000e+03
5.148000000000000000e+03
5.103000000000000000e+03
5.026000000000000000e+03
5.082000000000000000e+03
5.046000000000000000e+03
5.036000000000000000e+03
5.039000000000000000e+03
5.108000000000000000e+03
5.104000000000000000e+03
5.056000000000000000e+03
5.101000000000000000e+03
5.130000000000000000e+03
5.097000000000000000e+03
5.093000000000000000e+03
5.128000000000000000e+03
5.066000000000000000e+03
5.076000000000000000e+03
5.098000000000000000e+03
5.127000000000000000e+03
5.172000000000000000e+03
5.153000000000000000e+03
5.185000000000000000e+03
5.152000000000000000e+03
5.195000000000000000e+03
5.157000000000000000e+03
5.283000000000000000e+03
5.199000000000000000e+03
5.196000000000000000e+03
5.110000000000000000e+03
5.286000000000000000e+03
5.227000000000000000e+03
5.146000000000000000e+03
5.245000000000000000e+03
5.240000000000000000e+03
5.209000000000000000e+03
5.227000000000000000e+03
5.273000000000000000e+03
5.271000000000000000e+03
5.257000000000000000e+03
5.182000000000000000e+03
5.142000000000000000e+03
5.206000000000000000e+03
5.227000000000000000e+03
5.206000000000000000e+03
5.145000000000000000e+03
5.133000000000000000e+03
5.196000000000000000e+03
5.214000000000000000e+03
5.285000000000000000e+03
5.226000000000000000e+03
5.102000000000000000e+03
5.177000000000000000e+03
5.173000000000000000e+03
5.227000000000000000e+03
5.208000000000000000e+03
5.185000000000000000e+03
5.146000000000000000e+03
5.194000000000000000e+03
5.166000000000000000e+03
5.128000000000000000e+03
5.258000000000000000e+03
5.220000000000000000e+03
5.236000000000000000e+03
5.104000000000000000e+03
5.169000000000000000e+03
5.033000000000000000e+03
5.125000000000000000e+03
5.121000000000000000e+03
5.100000000000000000e+03
5.247000000000000000e+03
5.131000000000000000e+03
5.139000000000000000e+03
5.102000000000000000e+03
5.169000000000000000e+03
5.062000000000000000e+03
5.099000000000000000e+03
5.103000000000000000e+03
5.136000000000000000e+03
5.143000000000000000e+03
5.072000000000000000e+03
5.042000000000000000e+03
4.990000000000000000e+03
5.101000000000000000e+03
5.147000000000000000e+03
5.149000000000000000e+03
5.164000000000000000e+03
5.144000000000000000e+03
5.034000000000000000e+03
5.107000000000000000e+03
5.010000000000000000e+03
5.104000000000000000e+03
4.993000000000000000e+03
5.000000000000000000e+03
4.963000000000000000e+03
5.025000000000000000e+03
5.036000000000000000e+03
5.003000000000000000e+03
5.004000000000000000e+03
4.938000000000000000e+03
4.974000000000000000e+03
4.960000000000000000e+03
4.974000000000000000e+03
4.989000000000000000e+03
4.904000000000000000e+03
4.929000000000000000e+03
4.860000000000000000e+03
4.913000000000000000e+03
4.843000000000000000e+03
4.916000000000000000e+03
4.907000000000000000e+03
4.848000000000000000e+03
4.875000000000000000e+03
4.862000000000000000e+03
4.852000000000000000e+03
4.818000000000000000e+03
4.881000000000000000e+03
4.830000000000000000e+03
4.861000000000000000e+03
4.805000000000000000e+03
4.888000000000000000e+03
4.786000000000000000e+03
4.769000000000000000e+03
4.751000000000000000e+03
4.779000000000000000e+03
4.724000000000000000e+03
4.812000000000000000e+03
4.714000000000000000e+03
4.718000000000000000e+03
4.723000000000000000e+03
4.796000000000000000e+03
4.717000000000000000e+03
4.789000000000000000e+03
4.604000000000000000e+03
4.666000000000000000e+03
4.785000000000000000e+03
4.691000000000000000e+03
4.662000000000000000e+03
4.640000000000000000e+03
4.604000000000000000e+03
4.611000000000000000e+03
4.706000000000000000e+03
4.577000000000000000e+03
4.597000000000000000e+03
4.604000000000000000e+03
4.578000000000000000e+03
4.616000000000000000e+03
4.590000000000000000e+03
4.478000000000000000e+03
4.592000000000000000e+03
4.557000000000000000e+03
4.541000000000000000e+03
4.537000000000000000e+03
4.512000000000000000e+03
4.501000000000000000e+03
4.554000000000000000e+03
4.542000000000000000e+03
4.503000000000000000e+03
4.561000000000000000e+03
4.467000000000000000e+03
4.521000000000000000e+03
4.553000000000000000e+03
4.458000000000000000e+03
4.486000000000000000e+03
4.490000000000000000e+03
4.578000000000000000e+03
4.431000000000000000e+03
4.396000000000000000e+03
4.440000000000000000e+03
4.476000000000000000e+03
4.441000000000000000e+03
4.483000000000000000e+03
4.377000000000000000e+03
4.412000000000000000e+03
4.404000000000000000e+03
4.407000000000000000e+03
4.370000000000000000e+03
4.418000000000000000e+03
4.524000000000000000e+03
4.432000000000000000e+03
4.411000000000000000e+03
4.381000000000000000e+03
4.440000000000000000e+03
4.389000000000000000e+03
4.397000000000000000e+03
4.346000000000000000e+03
4.291000000000000000e+03
4.328000000000000000e+03
4.363000000000000000e+03
4.354000000000000000e+03
4.361000000000000000e+03
4.399000000000000000e+03
4.341000000000000000e+03
4.302000000000000000e+03
4.344000000000000000e+03
4.255000000000000000e+03
4.270000000000000000e+03
4.282000000000000000e+03
4.184000000000000000e+03
4.289000000000000000e+03
4.310000000000000000e+03
4.217000000000000000e+03
4.240000000000000000e+03
4.217000000000000000e+03
4.190000000000000000e+03
4.220000000000000000e+03
4.219000000000000000e+03
4.193000000000000000e+03
4.178000000000000000e+03
4.101000000000000000e+03
4.124000000000000000e+03
4.274000000000000000e+03
4.158000000000000000e+03
4.188000000000000000e+03
4.203000000000000000e+03
4.164000000000000000e+03
4.176000000000000000e+03
4.201000000000000000e+03
4.089000000000000000e+03
4.171000000000000000e+03
4.165000000000000000e+03
4.152000000000000000e+03
4.122000000000000000e+03
4.158000000000000000e+03
4.110000000000000000e+03
4.071000000000000000e+03
4.012000000000000000e+03
4.113000000000000000e+03
4.073000000000000000e+03
4.085000000000000000e+03
4.058000000000000000e+03
4.069000000000000000e+03
4.079000000000000000e+03
4.135000000000000000e+03
4.051000000000000000e+03
4.060000000000000000e+03
3.990000000000000000e+03
4.046000000000000000e+03
3.991000000000000000e+03
4.150000000000000000e+03
3.997000000000000000e+03
3.956000000000000000e+03
4.024000000000000000e+03
3.999000000000000000e+03
3.948000000000000000e+03
3.922000000000000000e+03
3.924000000000000000e+03
3.909000000000000000e+03
3.923000000000000000e+03
3.925000000000000000e+03
3.909000000000000000e+03
3.936000000000000000e+03
3.951000000000000000e+03
3.963000000000000000e+03
3.910000000000000000e+03
3.862000000000000000e+03
3.845000000000000000e+03
3.834000000000000000e+03
3.774000000000000000e+03
3.821000000000000000e+03
3.813000000000000000e+03
3.847000000000000000e+03
3.880000000000000000e+03
3.805000000000000000e+03
3.946000000000000000e+03
3.834000000000000000e+03
3.806000000000000000e+03
3.781000000000000000e+03
3.794000000000000000e+03
3.733000000000000000e+03
3.704000000000000000e+03
3.725000000000000000e+03
3.723000000000000000e+03
3.772000000000000000e+03
3.779000000000000000e+03
3.741000000000000000e+03
3.727000000000000000e+03
3.615000000000000000e+03
3.757000000000000000e+03
3.674000000000000000e+03
3.702000000000000000e+03
3.663000000000000000e+03
3.595000000000000000e+03
3.631000000000000000e+03
3.577000000000000000e+03
3.597000000000000000e+03
3.471000000000000000e+03
3.562000000000000000e+03
3.499000000000000000e+03
3.490000000000000000e+03
3.519000000000000000e+03
3.502000000000000000e+03
3.472000000000000000e+03
3.466000000000000000e+03
3.392000000000000000e+03
3.527000000000000000e+03
3.428000000000000000e+03
3.596000000000000000e+03
3.384000000000000000e+03
3.460000000000000000e+03
3.410000000000000000e+03
3.408000000000000000e+03
3.364000000000000000e+03
3.416000000000000000e+03
3.373000000000000000e+03
3.369000000000000000e+03
3.276000000000000000e+03
3.325000000000000000e+03
3.409000000000000000e+03
3.270000000000000000e+03
3.323000000000000000e+03
3.309000000000000000e+03
3.243000000000000000e+03
3.319000000000000000e+03
3.216000000000000000e+03
3.211000000000000000e+03
3.186000000000000000e+03
3.203000000000000000e+03
3.202000000000000000e+03
3.237000000000000000e+03
3.139000000000000000e+03
3.125000000000000000e+03
3.110000000000000000e+03
3.136000000000000000e+03
3.082000000000000000e+03
3.151000000000000000e+03
3.063000000000000000e+03
3.061000000000000000e+03
3.092000000000000000e+03
3.069000000000000000e+03
3.031000000000000000e+03
3.079000000000000000e+03
2.995000000000000000e+03
2.965000000000000000e+03
3.006000000000000000e+03
2.995000000000000000e+03
2.935000000000000000e+03
2.970000000000000000e+03
2.927000000000000000e+03
3.000000000000000000e+03
2.934000000000000000e+03
2.918000000000000000e+03
2.876000000000000000e+03
2.931000000000000000e+03
2.888000000000000000e+03
2.936000000000000000e+03
2.881000000000000000e+03
2.929000000000000000e+03
2.883000000000000000e+03
2.916000000000000000e+03
2.765000000000000000e+03
2.827000000000000000e+03
2.814000000000000000e+03
2.862000000000000000e+03
2.833000000000000000e+03
2.830000000000000000e+03
2.846000000000000000e+03
2.769000000000000000e+03
2.764000000000000000e+03
2.743000000000000000e+03
2.825000000000000000e+03
2.808000000000000000e+03
2.810000000000000000e+03
2.757000000000000000e+03
2.743000000000000000e+03
