1.456000000000000000e+03
1.444000000000000000e+03
1.410000000000000000e+03
1.419000000000000000e+03
1.458000000000000000e+03
1.472000000000000000e+03
1.469000000000000000e+03
1.465000000000000000e+03
1.507000000000000000e+03
1.500000000000000000e+03
1.572000000000000000e+03
1.479000000000000000e+03
1.535000000000000000e+03
1.471000000000000000e+03
1.516000000000000000e+03
1.496000000000000000e+03
1.527000000000000000e+03
1.538000000000000000e+03
1.522000000000000000e+03
1.553000000000000000e+03
1.565000000000000000e+03
1.539000000000000000e+03
1.541000000000000000e+03
1.533000000000000000e+03
1.559000000000000000e+03
1.590000000000000000e+03
1.630000000000000000e+03
1.558000000000000000e+03
1.538000000000000000e+03
1.551000000000000000e+03
1.549000000000000000e+03
1.536000000000000000e+03
1.581000000000000000e+03
1.613000000000000000e+03
1.575000000000000000e+03
1.626000000000000000e+03
1.645000000000000000e+03
1.667000000000000000e+03
1.574000000000000000e+03
1.626000000000000000e+03
1.628000000000000000e+03
1.606000000000000000e+03
1.623000000000000000e+03
1.621000000000000000e+03
1.620000000000000000e+03
1.657000000000000000e+03
1.641000000000000000e+03
1.602000000000000000e+03
1.675000000000000000e+03
1.669000000000000000e+03
1.679000000000000000e+03
1.686000000000000000e+03
1.640000000000000000e+03
1.618000000000000000e+03
1.646000000000000000e+03
1.694000000000000000e+03
1.657000000000000000e+03
1.668000000000000000e+03
1.692000000000000000e+03
1.685000000000000000e+03
1.693000000000000000e+03
1.686000000000000000e+03
1.729000000000000000e+03
1.676000000000000000e+03
1.683000000000000000e+03
1.706000000000000000e+03
1.725000000000000000e+03
1.711000000000000000e+03
1.688000000000000000e+03
1.750000000000000000e+03
1.745000000000000000e+03
1.774000000000000000e+03
1.699000000000000000e+03
1.781000000000000000e+03
1.728000000000000000e+03
1.711000000000000000e+03
1.708000000000000000e+03
1.767000000000000000e+03
1.726000000000000000e+03
1.757000000000000000e+03
1.770000000000000000e+03
1.780000000000000000e+03
1.746000000000000000e+03
1.789000000000000000e+03
1.774000000000000000e+03
1.820000000000000000e+03
1.776000000000000000e+03
1.812000000000000000e+03
1.799000000000000000e+03
1.788000000000000000e+03
1.797000000000000000e+03
1.813000000000000000e+03
1.780000000000000000e+03
1.854000000000000000e+03
1.836000000000000000e+03
1.794000000000000000e+03
1.823000000000000000e+03
1.812000000000000000e+03
1.836000000000000000e+03
1.836000000000000000e+03
1.836000000000000000e+03
1.879000000000000000e+03
1.796000000000000000e+03
1.905000000000000000e+03
1.837000000000000000e+03
1.861000000000000000e+03
1.930000000000000000e+03
1.880000000000000000e+03
1.935000000000000000e+03
1.907000000000000000e+03
1.995000000000000000e+03
1.900000000000000000e+03
1.904000000000000000e+03
1.971000000000000000e+03
1.859000000000000000e+03
1.966000000000000000e+03
1.937000000000000000e+03
1.976000000000000000e+03
1.979000000000000000e+03
1.970000000000000000e+03
1.989000000000000000e+03
2.007000000000000000e+03
1.993000000000000000e+03
2.030000000000000000e+03
2.000000000000000000e+03
2.002000000000000000e+03
2.042000000000000000e+03
2.095000000000000000e+03
2.040000000000000000e+03
2.096000000000000000e+03
2.065000000000000000e+03
2.153000000000000000e+03
2.099000000000000000e+03
2.089000000000000000e+03
2.209000000000000000e+03
2.143000000000000000e+03
2.134000000000000000e+03
2.134000000000000000e+03
2.203000000000000000e+03
2.138000000000000000e+03
2.187000000000000000e+03
2.229000000000000000e+03
2.209000000000000000e+03
2.151000000000000000e+03
2.216000000000000000e+03
2.243000000000000000e+03
2.259000000000000000e+03
2.262000000000000000e+03
2.274000000000000000e+03
2.276000000000000000e+03
2.283000000000000000e+03
2.327000000000000000e+03
2.320000000000000000e+03
2.332000000000000000e+03
2.276000000000000000e+03
2.290000000000000000e+03
2.302000000000000000e+03
2.356000000000000000e+03
2.356000000000000000e+03
2.412000000000000000e+03
2.340000000000000000e+03
2.357000000000000000e+03
2.405000000000000000e+03
2.448000000000000000e+03
2.420000000000000000e+03
2.377000000000000000e+03
2.470000000000000000e+03
2.394000000000000000e+03
2.457000000000000000e+03
2.453000000000000000e+03
2.494000000000000000e+03
2.421000000000000000e+03
2.476000000000000000e+03
2.487000000000000000e+03
2.454000000000000000e+03
2.532000000000000000e+03
2.547000000000000000e+03
2.537000000000000000e+03
2.527000000000000000e+03
2.524000000000000000e+03
2.520000000000000000e+03
2.526000000000000000e+03
2.495000000000000000e+03
2.535000000000000000e+03
2.593000000000000000e+03
2.536000000000000000e+03
2.621000000000000000e+03
2.803000000000000000e+03
3.087000000000000000e+03
2.810000000000000000e+03
2.529000000000000000e+03
2.606000000000000000e+03
2.635000000000000000e+03
2.555000000000000000e+03
2.604000000000000000e+03
2.606000000000000000e+03
2.681000000000000000e+03
2.635000000000000000e+03
2.630000000000000000e+03
2.692000000000000000e+03
2.676000000000000000e+03
2.682000000000000000e+03
2.654000000000000000e+03
2.664000000000000000e+03
2.669000000000000000e+03
2.693000000000000000e+03
2.717000000000000000e+03
2.793000000000000000e+03
2.801000000000000000e+03
2.803000000000000000e+03
2.782000000000000000e+03
2.751000000000000000e+03
2.755000000000000000e+03
2.774000000000000000e+03
2.778000000000000000e+03
2.833000000000000000e+03
2.847000000000000000e+03
2.834000000000000000e+03
2.877000000000000000e+03
2.844000000000000000e+03
2.859000000000000000e+03
2.939000000000000000e+03
2.988000000000000000e+03
2.926000000000000000e+03
2.948000000000000000e+03
2.927000000000000000e+03
3.003000000000000000e+03
2.973000000000000000e+03
3.052000000000000000e+03
3.045000000000000000e+03
2.975000000000000000e+03
3.034000000000000000e+03
2.983000000000000000e+03
3.081000000000000000e+03
3.038000000000000000e+03
3.078000000000000000e+03
3.105000000000000000e+03
3.102000000000000000e+03
3.111000000000000000e+03
3.104000000000000000e+03
3.164000000000000000e+03
3.171000000000000000e+03
3.157000000000000000e+03
3.106000000000000000e+03
3.244000000000000000e+03
3.237000000000000000e+03
3.230000000000000000e+03
3.251000000000000000e+03
3.272000000000000000e+03
3.325000000000000000e+03
3.363000000000000000e+03
3.240000000000000000e+03
3.307000000000000000e+03
3.420000000000000000e+03
3.342000000000000000e+03
3.327000000000000000e+03
3.417000000000000000e+03
3.426000000000000000e+03
3.377000000000000000e+03
3.436000000000000000e+03
3.539000000000000000e+03
3.503000000000000000e+03
3.417000000000000000e+03
3.407000000000000000e+03
3.452000000000000000e+03
3.522000000000000000e+03
3.487000000000000000e+03
3.478000000000000000e+03
3.531000000000000000e+03
3.556000000000000000e+03
3.544000000000000000e+03
3.542000000000000000e+03
3.540000000000000000e+03
3.523000000000000000e+03
3.564000000000000000e+03
3.616000000000000000e+03
3.600000000000000000e+03
3.616000000000000000e+03
3.575000000000000000e+03
3.533000000000000000e+03
3.568000000000000000e+03
3.553000000000000000e+03
3.568000000000000000e+03
3.638000000000000000e+03
3.662000000000000000e+03
3.652000000000000000e+03
3.630000000000000000e+03
3.652000000000000000e+03
3.632000000000000000e+03
3.609000000000000000e+03
3.609000000000000000e+03
3.692000000000000000e+03
3.664000000000000000e+03
3.637000000000000000e+03
3.671000000000000000e+03
3.647000000000000000e+03
3.756000000000000000e+03
3.720000000000000000e+03
3.691000000000000000e+03
3.707000000000000000e+03
3.727000000000000000e+03
3.720000000000000000e+03
4.028000000000000000e+03
3.767000000000000000e+03
3.738000000000000000e+03
3.707000000000000000e+03
3.685000000000000000e+03
3.813000000000000000e+03
3.750000000000000000e+03
3.740000000000000000e+03
3.802000000000000000e+03
3.803000000000000000e+03
3.743000000000000000e+03
3.833000000000000000e+03
3.761000000000000000e+03
3.773000000000000000e+03
3.758000000000000000e+03
3.734000000000000000e+03
3.827000000000000000e+03
3.822000000000000000e+03
3.810000000000000000e+03
3.768000000000000000e+03
3.761000000000000000e+03
3.822000000000000000e+03
3.896000000000000000e+03
3.741000000000000000e+03
3.817000000000000000e+03
3.779000000000000000e+03
3.801000000000000000e+03
3.800000000000000000e+03
3.795000000000000000e+03
3.775000000000000000e+03
3.810000000000000000e+03
3.778000000000000000e+03
3.816000000000000000e+03
3.707000000000000000e+03
3.738000000000000000e+03
3.768000000000000000e+03
3.741000000000000000e+03
3.784000000000000000e+03
3.774000000000000000e+03
3.808000000000000000e+03
3.857000000000000000e+03
3.798000000000000000e+03
3.833000000000000000e+03
3.744000000000000000e+03
3.793000000000000000e+03
3.771000000000000000e+03
3.765000000000000000e+03
3.774000000000000000e+03
3.821000000000000000e+03
3.787000000000000000e+03
3.826000000000000000e+03
3.867000000000000000e+03
3.776000000000000000e+03
3.794000000000000000e+03
3.751000000000000000e+03
3.865000000000000000e+03
3.727000000000000000e+03
3.784000000000000000e+03
3.877000000000000000e+03
3.814000000000000000e+03
3.867000000000000000e+03
3.899000000000000000e+03
3.845000000000000000e+03
3.950000000000000000e+03
3.816000000000000000e+03
3.799000000000000000e+03
3.839000000000000000e+03
3.894000000000000000e+03
3.784000000000000000e+03
3.853000000000000000e+03
3.890000000000000000e+03
3.866000000000000000e+03
3.932000000000000000e+03
3.868000000000000000e+03
3.846000000000000000e+03
3.881000000000000000e+03
3.892000000000000000e+03
3.913000000000000000e+03
3.876000000000000000e+03
3.948000000000000000e+03
3.939000000000000000e+03
3.836000000000000000e+03
3.895000000000000000e+03
3.897000000000000000e+03
3.901000000000000000e+03
3.879000000000000000e+03
3.893000000000000000e+03
3.931000000000000000e+03
3.922000000000000000e+03
4.010000000000000000e+03
3.955000000000000000e+03
4.022000000000000000e+03
3.911000000000000000e+03
3.952000000000000000e+03
3.920000000000000000e+03
4.030000000000000000e+03
4.025000000000000000e+03
3.935000000000000000e+03
4.041000000000000000e+03
4.012000000000000000e+03
3.949000000000000000e+03
3.878000000000000000e+03
4.202000000000000000e+03
3.978000000000000000e+03
4.025000000000000000e+03
4.038000000000000000e+03
3.973000000000000000e+03
3.985000000000000000e+03
3.996000000000000000e+03
3.907000000000000000e+03
4.061000000000000000e+03
4.106000000000000000e+03
3.979000000000000000e+03
4.036000000000000000e+03
4.023000000000000000e+03
4.203000000000000000e+03
3.997000000000000000e+03
4.003000000000000000e+03
4.080000000000000000e+03
4.002000000000000000e+03
4.118000000000000000e+03
4.110000000000000000e+03
4.118000000000000000e+03
4.036000000000000000e+03
4.041000000000000000e+03
4.092000000000000000e+03
4.053000000000000000e+03
4.140000000000000000e+03
4.061000000000000000e+03
4.111000000000000000e+03
4.145000000000000000e+03
4.167000000000000000e+03
4.253000000000000000e+03
4.190000000000000000e+03
4.107000000000000000e+03
4.103000000000000000e+03
4.155000000000000000e+03
4.183000000000000000e+03
4.124000000000000000e+03
4.135000000000000000e+03
4.107000000000000000e+03
4.094000000000000000e+03
4.171000000000000000e+03
4.136000000000000000e+03
4.075000000000000000e+03
4.110000000000000000e+03
4.117000000000000000e+03
4.014000000000000000e+03
4.117000000000000000e+03
4.075000000000000000e+03
4.085000000000000000e+03
4.107000000000000000e+03
4.116000000000000000e+03
4.139000000000000000e+03
4.119000000000000000e+03
4.154000000000000000e+03
4.107000000000000000e+03
4.089000000000000000e+03
4.091000000000000000e+03
4.203000000000000000e+03
4.129000000000000000e+03
4.131000000000000000e+03
4.199000000000000000e+03
4.122000000000000000e+03
4.103000000000000000e+03
4.015000000000000000e+03
4.131000000000000000e+03
4.143000000000000000e+03
4.144000000000000000e+03
4.155000000000000000e+03
4.166000000000000000e+03
4.130000000000000000e+03
4.090000000000000000e+03
4.052000000000000000e+03
4.082000000000000000e+03
4.028000000000000000e+03
4.148000000000000000e+03
3.997000000000000000e+03
4.188000000000000000e+03
4.040000000000000000e+03
4.068000000000000000e+03
4.036000000000000000e+03
4.026000000000000000e+03
3.956000000000000000e+03
4.056000000000000000e+03
4.044000000000000000e+03
4.008000000000000000e+03
4.024000000000000000e+03
4.005000000000000000e+03
4.016000000000000000e+03
4.040000000000000000e+03
3.985000000000000000e+03
3.952000000000000000e+03
4.011000000000000000e+03
3.901000000000000000e+03
3.937000000000000000e+03
3.958000000000000000e+03
3.964000000000000000e+03
3.970000000000000000e+03
3.943000000000000000e+03
3.991000000000000000e+03
3.905000000000000000e+03
4.025000000000000000e+03
3.952000000000000000e+03
3.902000000000000000e+03
3.890000000000000000e+03
3.895000000000000000e+03
3.879000000000000000e+03
3.885000000000000000e+03
3.844000000000000000e+03
3.852000000000000000e+03
3.838000000000000000e+03
3.899000000000000000e+03
3.834000000000000000e+03
3.917000000000000000e+03
3.776000000000000000e+03
3.900000000000000000e+03
3.846000000000000000e+03
3.776000000000000000e+03
3.862000000000000000e+03
3.768000000000000000e+03
3.685000000000000000e+03
3.837000000000000000e+03
3.777000000000000000e+03
3.781000000000000000e+03
3.797000000000000000e+03
3.803000000000000000e+03
3.751000000000000000e+03
3.774000000000000000e+03
3.730000000000000000e+03
3.702000000000000000e+03
3.814000000000000000e+03
3.766000000000000000e+03
3.720000000000000000e+03
3.661000000000000000e+03
3.693000000000000000e+03
3.669000000000000000e+03
3.661000000000000000e+03
3.708000000000000000e+03
3.699000000000000000e+03
3.706000000000000000e+03
3.639000000000000000e+03
3.686000000000000000e+03
3.641000000000000000e+03
3.642000000000000000e+03
3.633000000000000000e+03
3.615000000000000000e+03
3.588000000000000000e+03
3.611000000000000000e+03
3.593000000000000000e+03
3.590000000000000000e+03
3.571000000000000000e+03
3.569000000000000000e+03
3.627000000000000000e+03
3.522000000000000000e+03
3.540000000000000000e+03
3.534000000000000000e+03
3.547000000000000000e+03
3.535000000000000000e+03
3.568000000000000000e+03
3.501000000000000000e+03
3.477000000000000000e+03
3.522000000000000000e+03
3.526000000000000000e+03
3.461000000000000000e+03
3.471000000000000000e+03
3.482000000000000000e+03
3.476000000000000000e+03
3.501000000000000000e+03
3.559000000000000000e+03
3.530000000000000000e+03
3.421000000000000000e+03
3.428000000000000000e+03
3.494000000000000000e+03
3.611000000000000000e+03
3.477000000000000000e+03
3.486000000000000000e+03
3.489000000000000000e+03
3.421000000000000000e+03
3.491000000000000000e+03
3.458000000000000000e+03
3.400000000000000000e+03
3.403000000000000000e+03
3.430000000000000000e+03
3.419000000000000000e+03
3.425000000000000000e+03
3.452000000000000000e+03
3.406000000000000000e+03
3.476000000000000000e+03
3.394000000000000000e+03
3.346000000000000000e+03
3.457000000000000000e+03
3.489000000000000000e+03
3.524000000000000000e+03
3.513000000000000000e+03
3.396000000000000000e+03
3.370000000000000000e+03
3.358000000000000000e+03
3.433000000000000000e+03
3.498000000000000000e+03
3.388000000000000000e+03
3.292000000000000000e+03
3.376000000000000000e+03
3.326000000000000000e+03
3.384000000000000000e+03
3.365000000000000000e+03
3.329000000000000000e+03
3.332000000000000000e+03
3.324000000000000000e+03
3.261000000000000000e+03
3.398000000000000000e+03
3.351000000000000000e+03
3.276000000000000000e+03
3.321000000000000000e+03
3.270000000000000000e+03
3.253000000000000000e+03
3.319000000000000000e+03
3.280000000000000000e+03
3.270000000000000000e+03
3.481000000000000000e+03
3.299000000000000000e+03
3.211000000000000000e+03
3.268000000000000000e+03
3.225000000000000000e+03
3.298000000000000000e+03
3.243000000000000000e+03
3.254000000000000000e+03
3.177000000000000000e+03
3.138000000000000000e+03
3.141000000000000000e+03
3.243000000000000000e+03
3.192000000000000000e+03
3.154000000000000000e+03
3.180000000000000000e+03
3.214000000000000000e+03
3.271000000000000000e+03
3.152000000000000000e+03
3.201000000000000000e+03
3.157000000000000000e+03
3.085000000000000000e+03
3.215000000000000000e+03
3.217000000000000000e+03
3.186000000000000000e+03
3.182000000000000000e+03
3.115000000000000000e+03
3.166000000000000000e+03
3.146000000000000000e+03
3.120000000000000000e+03
3.132000000000000000e+03
3.103000000000000000e+03
3.064000000000000000e+03
3.125000000000000000e+03
3.097000000000000000e+03
3.073000000000000000e+03
3.099000000000000000e+03
3.105000000000000000e+03
3.066000000000000000e+03
3.058000000000000000e+03
3.034000000000000000e+03
3.007000000000000000e+03
3.022000000000000000e+03
2.985000000000000000e+03
2.973000000000000000e+03
3.060000000000000000e+03
3.039000000000000000e+03
3.013000000000000000e+03
3.078000000000000000e+03
3.002000000000000000e+03
2.940000000000000000e+03
3.014000000000000000e+03
2.983000000000000000e+03
3.057000000000000000e+03
2.901000000000000000e+03
2.872000000000000000e+03
2.917000000000000000e+03
2.938000000000000000e+03
3.014000000000000000e+03
2.935000000000000000e+03
2.892000000000000000e+03
2.922000000000000000e+03
2.925000000000000000e+03
2.885000000000000000e+03
2.951000000000000000e+03
2.872000000000000000e+03
2.873000000000000000e+03
2.810000000000000000e+03
2.810000000000000000e+03
2.815000000000000000e+03
2.849000000000000000e+03
2.814000000000000000e+03
2.793000000000000000e+03
2.836000000000000000e+03
2.763000000000000000e+03
2.782000000000000000e+03
2.773000000000000000e+03
2.775000000000000000e+03
2.768000000000000000e+03
2.695000000000000000e+03
2.684000000000000000e+03
2.798000000000000000e+03
2.746000000000000000e+03
2.701000000000000000e+03
2.794000000000000000e+03
2.649000000000000000e+03
2.660000000000000000e+03
2.740000000000000000e+03
2.719000000000000000e+03
2.768000000000000000e+03
2.611000000000000000e+03
2.641000000000000000e+03
2.653000000000000000e+03
2.562000000000000000e+03
2.589000000000000000e+03
2.543000000000000000e+03
2.555000000000000000e+03
2.599000000000000000e+03
2.556000000000000000e+03
2.539000000000000000e+03
2.594000000000000000e+03
2.606000000000000000e+03
2.627000000000000000e+03
2.505000000000000000e+03
2.474000000000000000e+03
2.532000000000000000e+03
2.468000000000000000e+03
2.515000000000000000e+03
2.450000000000000000e+03
2.457000000000000000e+03
2.549000000000000000e+03
2.477000000000000000e+03
2.410000000000000000e+03
2.433000000000000000e+03
2.414000000000000000e+03
2.398000000000000000e+03
2.423000000000000000e+03
2.412000000000000000e+03
2.363000000000000000e+03
2.313000000000000000e+03
2.420000000000000000e+03
2.443000000000000000e+03
2.325000000000000000e+03
2.351000000000000000e+03
2.331000000000000000e+03
2.380000000000000000e+03
2.314000000000000000e+03
2.375000000000000000e+03
2.342000000000000000e+03
2.271000000000000000e+03
2.288000000000000000e+03
2.333000000000000000e+03
2.259000000000000000e+03
2.293000000000000000e+03
2.251000000000000000e+03
2.281000000000000000e+03
2.367000000000000000e+03
2.226000000000000000e+03
2.247000000000000000e+03
2.234000000000000000e+03
2.211000000000000000e+03
2.271000000000000000e+03
2.257000000000000000e+03
2.247000000000000000e+03
2.201000000000000000e+03
