1.654000000000000000e+03
1.679000000000000000e+03
1.742000000000000000e+03
1.744000000000000000e+03
1.733000000000000000e+03
1.744000000000000000e+03
1.727000000000000000e+03
1.765000000000000000e+03
1.752000000000000000e+03
1.742000000000000000e+03
1.753000000000000000e+03
1.770000000000000000e+03
1.803000000000000000e+03
1.796000000000000000e+03
1.768000000000000000e+03
1.822000000000000000e+03
1.853000000000000000e+03
1.887000000000000000e+03
1.861000000000000000e+03
1.828000000000000000e+03
1.785000000000000000e+03
1.803000000000000000e+03
1.834000000000000000e+03
1.826000000000000000e+03
1.884000000000000000e+03
1.851000000000000000e+03
1.870000000000000000e+03
1.817000000000000000e+03
1.908000000000000000e+03
1.908000000000000000e+03
1.886000000000000000e+03
1.904000000000000000e+03
1.906000000000000000e+03
1.905000000000000000e+03
1.893000000000000000e+03
1.936000000000000000e+03
1.876000000000000000e+03
2.001000000000000000e+03
1.943000000000000000e+03
1.951000000000000000e+03
1.920000000000000000e+03
1.937000000000000000e+03
1.947000000000000000e+03
1.958000000000000000e+03
1.946000000000000000e+03
1.921000000000000000e+03
2.202000000000000000e+03
1.907000000000000000e+03
1.988000000000000000e+03
1.905000000000000000e+03
1.959000000000000000e+03
1.977000000000000000e+03
2.019000000000000000e+03
1.984000000000000000e+03
1.978000000000000000e+03
2.006000000000000000e+03
1.983000000000000000e+03
2.011000000000000000e+03
2.012000000000000000e+03
2.001000000000000000e+03
2.044000000000000000e+03
2.151000000000000000e+03
2.007000000000000000e+03
2.044000000000000000e+03
2.071000000000000000e+03
2.108000000000000000e+03
2.058000000000000000e+03
2.079000000000000000e+03
2.105000000000000000e+03
2.107000000000000000e+03
2.093000000000000000e+03
2.040000000000000000e+03
2.139000000000000000e+03
2.094000000000000000e+03
2.110000000000000000e+03
2.131000000000000000e+03
2.100000000000000000e+03
2.122000000000000000e+03
2.136000000000000000e+03
2.137000000000000000e+03
2.155000000000000000e+03
2.188000000000000000e+03
2.089000000000000000e+03
2.136000000000000000e+03
2.170000000000000000e+03
2.158000000000000000e+03
2.176000000000000000e+03
2.206000000000000000e+03
2.201000000000000000e+03
2.160000000000000000e+03
2.173000000000000000e+03
2.236000000000000000e+03
2.244000000000000000e+03
2.183000000000000000e+03
2.184000000000000000e+03
2.262000000000000000e+03
2.236000000000000000e+03
2.264000000000000000e+03
2.275000000000000000e+03
2.297000000000000000e+03
2.276000000000000000e+03
2.300000000000000000e+03
2.280000000000000000e+03
2.243000000000000000e+03
2.306000000000000000e+03
2.308000000000000000e+03
2.356000000000000000e+03
2.364000000000000000e+03
2.355000000000000000e+03
2.385000000000000000e+03
2.369000000000000000e+03
2.456000000000000000e+03
2.352000000000000000e+03
2.399000000000000000e+03
2.439000000000000000e+03
2.478000000000000000e+03
2.464000000000000000e+03
2.420000000000000000e+03
2.458000000000000000e+03
2.435000000000000000e+03
2.529000000000000000e+03
2.457000000000000000e+03
2.456000000000000000e+03
2.525000000000000000e+03
2.531000000000000000e+03
2.535000000000000000e+03
2.578000000000000000e+03
2.476000000000000000e+03
2.543000000000000000e+03
2.567000000000000000e+03
2.635000000000000000e+03
2.632000000000000000e+03
2.600000000000000000e+03
2.667000000000000000e+03
2.658000000000000000e+03
2.674000000000000000e+03
2.672000000000000000e+03
2.677000000000000000e+03
2.714000000000000000e+03
2.728000000000000000e+03
2.724000000000000000e+03
2.713000000000000000e+03
2.735000000000000000e+03
2.741000000000000000e+03
2.845000000000000000e+03
2.785000000000000000e+03
2.783000000000000000e+03
2.830000000000000000e+03
2.803000000000000000e+03
2.807000000000000000e+03
2.826000000000000000e+03
2.826000000000000000e+03
2.868000000000000000e+03
2.858000000000000000e+03
2.870000000000000000e+03
2.892000000000000000e+03
2.897000000000000000e+03
2.909000000000000000e+03
2.936000000000000000e+03
2.964000000000000000e+03
2.964000000000000000e+03
2.983000000000000000e+03
2.942000000000000000e+03
2.941000000000000000e+03
2.980000000000000000e+03
3.037000000000000000e+03
2.939000000000000000e+03
3.076000000000000000e+03
2.943000000000000000e+03
3.001000000000000000e+03
3.034000000000000000e+03
2.971000000000000000e+03
3.084000000000000000e+03
3.066000000000000000e+03
3.063000000000000000e+03
3.097000000000000000e+03
3.075000000000000000e+03
3.124000000000000000e+03
3.080000000000000000e+03
3.134000000000000000e+03
3.159000000000000000e+03
3.178000000000000000e+03
3.112000000000000000e+03
3.328000000000000000e+03
3.649000000000000000e+03
3.511000000000000000e+03
3.264000000000000000e+03
3.204000000000000000e+03
3.137000000000000000e+03
3.255000000000000000e+03
3.234000000000000000e+03
3.237000000000000000e+03
3.268000000000000000e+03
3.218000000000000000e+03
3.255000000000000000e+03
3.293000000000000000e+03
3.246000000000000000e+03
3.296000000000000000e+03
3.320000000000000000e+03
3.278000000000000000e+03
3.330000000000000000e+03
3.296000000000000000e+03
3.341000000000000000e+03
3.329000000000000000e+03
3.473000000000000000e+03
3.365000000000000000e+03
3.308000000000000000e+03
3.478000000000000000e+03
3.414000000000000000e+03
3.458000000000000000e+03
3.482000000000000000e+03
3.461000000000000000e+03
3.449000000000000000e+03
3.484000000000000000e+03
3.541000000000000000e+03
3.556000000000000000e+03
3.558000000000000000e+03
3.582000000000000000e+03
3.589000000000000000e+03
3.578000000000000000e+03
3.608000000000000000e+03
3.588000000000000000e+03
3.601000000000000000e+03
3.679000000000000000e+03
3.697000000000000000e+03
3.764000000000000000e+03
3.696000000000000000e+03
3.691000000000000000e+03
3.678000000000000000e+03
3.762000000000000000e+03
3.809000000000000000e+03
3.757000000000000000e+03
3.751000000000000000e+03
3.808000000000000000e+03
3.844000000000000000e+03
3.882000000000000000e+03
3.870000000000000000e+03
3.894000000000000000e+03
3.949000000000000000e+03
3.864000000000000000e+03
4.017000000000000000e+03
3.952000000000000000e+03
3.949000000000000000e+03
3.947000000000000000e+03
3.981000000000000000e+03
3.986000000000000000e+03
4.004000000000000000e+03
3.999000000000000000e+03
4.102000000000000000e+03
4.098000000000000000e+03
4.128000000000000000e+03
4.089000000000000000e+03
4.118000000000000000e+03
4.093000000000000000e+03
4.200000000000000000e+03
4.180000000000000000e+03
4.299000000000000000e+03
4.312000000000000000e+03
4.103000000000000000e+03
4.208000000000000000e+03
4.309000000000000000e+03
4.354000000000000000e+03
4.393000000000000000e+03
4.283000000000000000e+03
4.237000000000000000e+03
4.311000000000000000e+03
4.260000000000000000e+03
4.263000000000000000e+03
4.319000000000000000e+03
4.262000000000000000e+03
4.326000000000000000e+03
4.324000000000000000e+03
4.330000000000000000e+03
4.403000000000000000e+03
4.345000000000000000e+03
4.357000000000000000e+03
4.333000000000000000e+03
4.392000000000000000e+03
4.423000000000000000e+03
4.430000000000000000e+03
4.479000000000000000e+03
4.391000000000000000e+03
4.421000000000000000e+03
4.443000000000000000e+03
4.444000000000000000e+03
4.479000000000000000e+03
4.414000000000000000e+03
4.462000000000000000e+03
4.515000000000000000e+03
4.452000000000000000e+03
4.506000000000000000e+03
4.532000000000000000e+03
4.460000000000000000e+03
4.502000000000000000e+03
4.521000000000000000e+03
4.509000000000000000e+03
4.505000000000000000e+03
4.552000000000000000e+03
4.541000000000000000e+03
4.615000000000000000e+03
4.534000000000000000e+03
4.527000000000000000e+03
4.668000000000000000e+03
4.594000000000000000e+03
4.566000000000000000e+03
4.556000000000000000e+03
4.582000000000000000e+03
4.532000000000000000e+03
4.584000000000000000e+03
4.609000000000000000e+03
4.660000000000000000e+03
4.593000000000000000e+03
4.560000000000000000e+03
4.540000000000000000e+03
4.626000000000000000e+03
4.605000000000000000e+03
4.611000000000000000e+03
4.613000000000000000e+03
4.600000000000000000e+03
4.649000000000000000e+03
4.563000000000000000e+03
4.598000000000000000e+03
4.614000000000000000e+03
4.617000000000000000e+03
4.626000000000000000e+03
4.623000000000000000e+03
4.617000000000000000e+03
4.597000000000000000e+03
4.590000000000000000e+03
4.664000000000000000e+03
4.638000000000000000e+03
4.607000000000000000e+03
4.611000000000000000e+03
4.689000000000000000e+03
4.629000000000000000e+03
4.660000000000000000e+03
4.599000000000000000e+03
4.646000000000000000e+03
4.635000000000000000e+03
4.690000000000000000e+03
4.624000000000000000e+03
4.595000000000000000e+03
4.568000000000000000e+03
4.699000000000000000e+03
4.613000000000000000e+03
4.648000000000000000e+03
4.678000000000000000e+03
4.728000000000000000e+03
4.634000000000000000e+03
4.655000000000000000e+03
4.616000000000000000e+03
4.640000000000000000e+03
4.685000000000000000e+03
4.701000000000000000e+03
4.699000000000000000e+03
4.668000000000000000e+03
4.645000000000000000e+03
4.687000000000000000e+03
4.646000000000000000e+03
4.655000000000000000e+03
4.784000000000000000e+03
4.682000000000000000e+03
4.634000000000000000e+03
4.740000000000000000e+03
4.715000000000000000e+03
4.797000000000000000e+03
4.712000000000000000e+03
4.832000000000000000e+03
4.705000000000000000e+03
4.786000000000000000e+03
4.731000000000000000e+03
4.748000000000000000e+03
4.785000000000000000e+03
4.738000000000000000e+03
4.740000000000000000e+03
4.754000000000000000e+03
4.797000000000000000e+03
4.762000000000000000e+03
4.852000000000000000e+03
4.729000000000000000e+03
4.757000000000000000e+03
4.834000000000000000e+03
4.841000000000000000e+03
4.876000000000000000e+03
4.814000000000000000e+03
4.906000000000000000e+03
4.901000000000000000e+03
4.887000000000000000e+03
4.829000000000000000e+03
4.889000000000000000e+03
4.865000000000000000e+03
4.842000000000000000e+03
4.874000000000000000e+03
4.867000000000000000e+03
4.871000000000000000e+03
4.878000000000000000e+03
4.856000000000000000e+03
4.909000000000000000e+03
4.859000000000000000e+03
4.903000000000000000e+03
4.980000000000000000e+03
4.877000000000000000e+03
4.962000000000000000e+03
4.811000000000000000e+03
4.835000000000000000e+03
4.880000000000000000e+03
4.970000000000000000e+03
4.941000000000000000e+03
4.859000000000000000e+03
4.859000000000000000e+03
5.000000000000000000e+03
4.921000000000000000e+03
4.971000000000000000e+03
4.978000000000000000e+03
4.935000000000000000e+03
4.893000000000000000e+03
4.847000000000000000e+03
5.026000000000000000e+03
4.945000000000000000e+03
4.939000000000000000e+03
4.955000000000000000e+03
4.990000000000000000e+03
4.941000000000000000e+03
4.999000000000000000e+03
4.866000000000000000e+03
5.046000000000000000e+03
4.917000000000000000e+03
5.019000000000000000e+03
5.002000000000000000e+03
4.997000000000000000e+03
4.980000000000000000e+03
4.999000000000000000e+03
5.019000000000000000e+03
5.080000000000000000e+03
5.003000000000000000e+03
5.068000000000000000e+03
5.042000000000000000e+03
5.055000000000000000e+03
5.033000000000000000e+03
4.978000000000000000e+03
5.037000000000000000e+03
5.029000000000000000e+03
5.011000000000000000e+03
4.995000000000000000e+03
4.993000000000000000e+03
5.055000000000000000e+03
5.006000000000000000e+03
5.095000000000000000e+03
5.035000000000000000e+03
5.031000000000000000e+03
5.030000000000000000e+03
4.989000000000000000e+03
5.167000000000000000e+03
5.107000000000000000e+03
5.043000000000000000e+03
5.108000000000000000e+03
5.067000000000000000e+03
4.999000000000000000e+03
5.055000000000000000e+03
5.103000000000000000e+03
5.000000000000000000e+03
4.974000000000000000e+03
4.947000000000000000e+03
4.998000000000000000e+03
5.023000000000000000e+03
5.093000000000000000e+03
5.100000000000000000e+03
4.971000000000000000e+03
4.861000000000000000e+03
5.010000000000000000e+03
4.967000000000000000e+03
4.940000000000000000e+03
4.974000000000000000e+03
4.855000000000000000e+03
4.952000000000000000e+03
4.959000000000000000e+03
4.965000000000000000e+03
4.948000000000000000e+03
4.907000000000000000e+03
5.033000000000000000e+03
4.903000000000000000e+03
5.067000000000000000e+03
4.885000000000000000e+03
4.827000000000000000e+03
4.943000000000000000e+03
4.906000000000000000e+03
4.886000000000000000e+03
4.931000000000000000e+03
4.951000000000000000e+03
4.938000000000000000e+03
4.853000000000000000e+03
4.728000000000000000e+03
4.870000000000000000e+03
4.943000000000000000e+03
4.869000000000000000e+03
4.886000000000000000e+03
4.792000000000000000e+03
4.716000000000000000e+03
4.898000000000000000e+03
4.775000000000000000e+03
4.876000000000000000e+03
4.760000000000000000e+03
4.784000000000000000e+03
4.760000000000000000e+03
4.842000000000000000e+03
4.772000000000000000e+03
4.736000000000000000e+03
4.716000000000000000e+03
4.720000000000000000e+03
4.776000000000000000e+03
4.657000000000000000e+03
4.697000000000000000e+03
4.620000000000000000e+03
4.717000000000000000e+03
4.672000000000000000e+03
4.598000000000000000e+03
4.614000000000000000e+03
4.617000000000000000e+03
4.630000000000000000e+03
4.656000000000000000e+03
4.648000000000000000e+03
4.621000000000000000e+03
4.563000000000000000e+03
4.681000000000000000e+03
4.561000000000000000e+03
4.580000000000000000e+03
4.614000000000000000e+03
4.530000000000000000e+03
4.535000000000000000e+03
4.631000000000000000e+03
4.569000000000000000e+03
4.544000000000000000e+03
4.524000000000000000e+03
4.502000000000000000e+03
4.495000000000000000e+03
4.542000000000000000e+03
4.516000000000000000e+03
4.472000000000000000e+03
4.488000000000000000e+03
4.471000000000000000e+03
4.489000000000000000e+03
4.517000000000000000e+03
4.429000000000000000e+03
4.436000000000000000e+03
4.550000000000000000e+03
4.450000000000000000e+03
4.534000000000000000e+03
4.442000000000000000e+03
4.408000000000000000e+03
4.336000000000000000e+03
4.309000000000000000e+03
4.377000000000000000e+03
4.521000000000000000e+03
4.357000000000000000e+03
4.425000000000000000e+03
4.335000000000000000e+03
4.246000000000000000e+03
4.322000000000000000e+03
4.366000000000000000e+03
4.318000000000000000e+03
4.343000000000000000e+03
4.337000000000000000e+03
4.305000000000000000e+03
4.328000000000000000e+03
4.281000000000000000e+03
4.275000000000000000e+03
4.262000000000000000e+03
4.331000000000000000e+03
4.172000000000000000e+03
4.239000000000000000e+03
4.278000000000000000e+03
4.317000000000000000e+03
4.194000000000000000e+03
4.225000000000000000e+03
4.166000000000000000e+03
4.152000000000000000e+03
4.239000000000000000e+03
4.296000000000000000e+03
4.210000000000000000e+03
4.273000000000000000e+03
4.268000000000000000e+03
4.287000000000000000e+03
4.204000000000000000e+03
4.205000000000000000e+03
4.130000000000000000e+03
4.180000000000000000e+03
4.211000000000000000e+03
4.164000000000000000e+03
4.155000000000000000e+03
4.189000000000000000e+03
4.180000000000000000e+03
4.098000000000000000e+03
4.189000000000000000e+03
4.235000000000000000e+03
4.118000000000000000e+03
4.128000000000000000e+03
4.113000000000000000e+03
4.095000000000000000e+03
4.138000000000000000e+03
4.156000000000000000e+03
4.140000000000000000e+03
4.042000000000000000e+03
4.087000000000000000e+03
4.001000000000000000e+03
4.024000000000000000e+03
4.016000000000000000e+03
4.061000000000000000e+03
4.003000000000000000e+03
4.066000000000000000e+03
4.016000000000000000e+03
4.024000000000000000e+03
4.022000000000000000e+03
4.019000000000000000e+03
3.976000000000000000e+03
4.008000000000000000e+03
3.972000000000000000e+03
4.005000000000000000e+03
3.994000000000000000e+03
3.928000000000000000e+03
3.940000000000000000e+03
4.013000000000000000e+03
3.942000000000000000e+03
3.888000000000000000e+03
3.928000000000000000e+03
3.929000000000000000e+03
3.959000000000000000e+03
3.897000000000000000e+03
3.861000000000000000e+03
3.909000000000000000e+03
3.974000000000000000e+03
3.938000000000000000e+03
3.887000000000000000e+03
3.858000000000000000e+03
3.915000000000000000e+03
3.860000000000000000e+03
3.889000000000000000e+03
3.906000000000000000e+03
3.800000000000000000e+03
3.754000000000000000e+03
3.813000000000000000e+03
3.855000000000000000e+03
3.808000000000000000e+03
3.828000000000000000e+03
3.820000000000000000e+03
3.799000000000000000e+03
3.778000000000000000e+03
3.837000000000000000e+03
3.768000000000000000e+03
3.813000000000000000e+03
3.807000000000000000e+03
3.780000000000000000e+03
3.727000000000000000e+03
3.693000000000000000e+03
3.718000000000000000e+03
3.734000000000000000e+03
3.716000000000000000e+03
3.794000000000000000e+03
3.731000000000000000e+03
3.724000000000000000e+03
3.649000000000000000e+03
3.753000000000000000e+03
3.693000000000000000e+03
3.694000000000000000e+03
3.608000000000000000e+03
3.627000000000000000e+03
3.562000000000000000e+03
3.575000000000000000e+03
3.600000000000000000e+03
3.693000000000000000e+03
3.555000000000000000e+03
3.605000000000000000e+03
3.631000000000000000e+03
3.524000000000000000e+03
3.575000000000000000e+03
3.563000000000000000e+03
3.519000000000000000e+03
3.539000000000000000e+03
3.537000000000000000e+03
3.522000000000000000e+03
3.594000000000000000e+03
3.466000000000000000e+03
3.471000000000000000e+03
3.470000000000000000e+03
3.521000000000000000e+03
3.465000000000000000e+03
3.376000000000000000e+03
3.331000000000000000e+03
3.452000000000000000e+03
3.387000000000000000e+03
3.415000000000000000e+03
3.381000000000000000e+03
3.363000000000000000e+03
3.468000000000000000e+03
3.351000000000000000e+03
3.571000000000000000e+03
3.306000000000000000e+03
3.327000000000000000e+03
3.264000000000000000e+03
3.266000000000000000e+03
3.291000000000000000e+03
3.216000000000000000e+03
3.294000000000000000e+03
3.205000000000000000e+03
3.233000000000000000e+03
3.295000000000000000e+03
3.248000000000000000e+03
3.217000000000000000e+03
3.206000000000000000e+03
3.158000000000000000e+03
3.191000000000000000e+03
3.141000000000000000e+03
3.162000000000000000e+03
3.060000000000000000e+03
3.165000000000000000e+03
3.114000000000000000e+03
3.058000000000000000e+03
3.073000000000000000e+03
3.073000000000000000e+03
3.034000000000000000e+03
3.077000000000000000e+03
3.008000000000000000e+03
3.082000000000000000e+03
2.998000000000000000e+03
3.005000000000000000e+03
2.938000000000000000e+03
2.973000000000000000e+03
2.980000000000000000e+03
2.908000000000000000e+03
2.983000000000000000e+03
2.924000000000000000e+03
2.951000000000000000e+03
2.937000000000000000e+03
2.885000000000000000e+03
2.930000000000000000e+03
2.861000000000000000e+03
2.919000000000000000e+03
2.851000000000000000e+03
2.874000000000000000e+03
2.897000000000000000e+03
2.910000000000000000e+03
2.839000000000000000e+03
3.151000000000000000e+03
2.840000000000000000e+03
2.786000000000000000e+03
2.765000000000000000e+03
2.791000000000000000e+03
2.795000000000000000e+03
2.828000000000000000e+03
2.809000000000000000e+03
2.710000000000000000e+03
2.794000000000000000e+03
2.758000000000000000e+03
2.709000000000000000e+03
2.642000000000000000e+03
2.709000000000000000e+03
2.705000000000000000e+03
2.772000000000000000e+03
2.771000000000000000e+03
2.732000000000000000e+03
2.634000000000000000e+03
2.647000000000000000e+03
2.648000000000000000e+03
2.679000000000000000e+03
2.613000000000000000e+03
2.605000000000000000e+03
