1.575000000000000000e+03
1.516000000000000000e+03
1.499000000000000000e+03
1.514000000000000000e+03
1.522000000000000000e+03
1.550000000000000000e+03
1.545000000000000000e+03
1.575000000000000000e+03
1.508000000000000000e+03
1.556000000000000000e+03
1.545000000000000000e+03
1.546000000000000000e+03
1.567000000000000000e+03
1.568000000000000000e+03
1.569000000000000000e+03
1.550000000000000000e+03
1.597000000000000000e+03
1.614000000000000000e+03
1.636000000000000000e+03
1.546000000000000000e+03
1.596000000000000000e+03
1.623000000000000000e+03
1.588000000000000000e+03
1.608000000000000000e+03
1.637000000000000000e+03
1.652000000000000000e+03
1.635000000000000000e+03
1.677000000000000000e+03
1.649000000000000000e+03
1.630000000000000000e+03
1.648000000000000000e+03
1.643000000000000000e+03
1.662000000000000000e+03
1.687000000000000000e+03
1.748000000000000000e+03
1.696000000000000000e+03
1.642000000000000000e+03
1.684000000000000000e+03
1.719000000000000000e+03
1.648000000000000000e+03
1.721000000000000000e+03
1.713000000000000000e+03
1.737000000000000000e+03
1.698000000000000000e+03
1.768000000000000000e+03
1.722000000000000000e+03
1.726000000000000000e+03
1.739000000000000000e+03
1.761000000000000000e+03
1.700000000000000000e+03
1.744000000000000000e+03
1.757000000000000000e+03
1.762000000000000000e+03
1.750000000000000000e+03
1.768000000000000000e+03
1.765000000000000000e+03
1.806000000000000000e+03
1.809000000000000000e+03
1.797000000000000000e+03
1.769000000000000000e+03
1.814000000000000000e+03
1.784000000000000000e+03
1.810000000000000000e+03
1.770000000000000000e+03
1.811000000000000000e+03
1.788000000000000000e+03
1.836000000000000000e+03
1.793000000000000000e+03
1.797000000000000000e+03
1.831000000000000000e+03
1.836000000000000000e+03
1.840000000000000000e+03
1.843000000000000000e+03
1.822000000000000000e+03
1.835000000000000000e+03
1.792000000000000000e+03
1.876000000000000000e+03
1.874000000000000000e+03
1.849000000000000000e+03
1.867000000000000000e+03
1.896000000000000000e+03
1.920000000000000000e+03
1.913000000000000000e+03
1.902000000000000000e+03
1.858000000000000000e+03
1.872000000000000000e+03
1.973000000000000000e+03
1.883000000000000000e+03
1.865000000000000000e+03
1.897000000000000000e+03
1.888000000000000000e+03
1.962000000000000000e+03
1.883000000000000000e+03
1.902000000000000000e+03
1.950000000000000000e+03
1.932000000000000000e+03
1.945000000000000000e+03
1.938000000000000000e+03
1.949000000000000000e+03
1.965000000000000000e+03
1.997000000000000000e+03
1.974000000000000000e+03
1.992000000000000000e+03
1.975000000000000000e+03
1.994000000000000000e+03
1.995000000000000000e+03
2.024000000000000000e+03
1.936000000000000000e+03
2.018000000000000000e+03
2.041000000000000000e+03
2.027000000000000000e+03
2.060000000000000000e+03
2.065000000000000000e+03
2.041000000000000000e+03
2.090000000000000000e+03
2.126000000000000000e+03
2.116000000000000000e+03
2.086000000000000000e+03
2.115000000000000000e+03
2.105000000000000000e+03
2.117000000000000000e+03
2.101000000000000000e+03
2.104000000000000000e+03
2.155000000000000000e+03
2.163000000000000000e+03
2.182000000000000000e+03
2.178000000000000000e+03
2.148000000000000000e+03
2.218000000000000000e+03
2.203000000000000000e+03
2.204000000000000000e+03
2.197000000000000000e+03
2.216000000000000000e+03
2.241000000000000000e+03
2.299000000000000000e+03
2.220000000000000000e+03
2.338000000000000000e+03
2.249000000000000000e+03
2.330000000000000000e+03
2.367000000000000000e+03
2.340000000000000000e+03
2.305000000000000000e+03
2.286000000000000000e+03
2.324000000000000000e+03
2.383000000000000000e+03
2.380000000000000000e+03
2.386000000000000000e+03
2.460000000000000000e+03
2.516000000000000000e+03
2.442000000000000000e+03
2.433000000000000000e+03
2.441000000000000000e+03
2.449000000000000000e+03
2.496000000000000000e+03
2.449000000000000000e+03
2.522000000000000000e+03
2.494000000000000000e+03
2.470000000000000000e+03
2.548000000000000000e+03
2.522000000000000000e+03
2.485000000000000000e+03
2.497000000000000000e+03
2.500000000000000000e+03
2.604000000000000000e+03
2.505000000000000000e+03
2.543000000000000000e+03
2.534000000000000000e+03
2.560000000000000000e+03
2.552000000000000000e+03
2.630000000000000000e+03
2.579000000000000000e+03
2.585000000000000000e+03
2.617000000000000000e+03
2.648000000000000000e+03
2.644000000000000000e+03
2.587000000000000000e+03
2.786000000000000000e+03
2.658000000000000000e+03
2.660000000000000000e+03
2.672000000000000000e+03
2.699000000000000000e+03
2.673000000000000000e+03
2.693000000000000000e+03
2.760000000000000000e+03
2.780000000000000000e+03
2.783000000000000000e+03
2.942000000000000000e+03
3.211000000000000000e+03
3.004000000000000000e+03
2.768000000000000000e+03
2.751000000000000000e+03
2.737000000000000000e+03
2.803000000000000000e+03
2.820000000000000000e+03
2.792000000000000000e+03
2.823000000000000000e+03
2.850000000000000000e+03
2.806000000000000000e+03
2.792000000000000000e+03
2.793000000000000000e+03
2.818000000000000000e+03
2.857000000000000000e+03
2.816000000000000000e+03
2.821000000000000000e+03
2.906000000000000000e+03
2.848000000000000000e+03
2.811000000000000000e+03
2.872000000000000000e+03
2.891000000000000000e+03
2.844000000000000000e+03
2.936000000000000000e+03
2.966000000000000000e+03
2.936000000000000000e+03
2.967000000000000000e+03
3.005000000000000000e+03
3.004000000000000000e+03
2.945000000000000000e+03
2.937000000000000000e+03
3.039000000000000000e+03
3.006000000000000000e+03
3.041000000000000000e+03
3.114000000000000000e+03
3.051000000000000000e+03
3.062000000000000000e+03
3.132000000000000000e+03
3.162000000000000000e+03
3.132000000000000000e+03
3.171000000000000000e+03
3.124000000000000000e+03
3.177000000000000000e+03
3.192000000000000000e+03
3.232000000000000000e+03
3.194000000000000000e+03
3.256000000000000000e+03
3.235000000000000000e+03
3.297000000000000000e+03
3.293000000000000000e+03
3.340000000000000000e+03
3.369000000000000000e+03
3.295000000000000000e+03
3.311000000000000000e+03
3.331000000000000000e+03
3.321000000000000000e+03
3.379000000000000000e+03
3.414000000000000000e+03
3.411000000000000000e+03
3.486000000000000000e+03
3.386000000000000000e+03
3.530000000000000000e+03
3.481000000000000000e+03
3.491000000000000000e+03
3.493000000000000000e+03
3.553000000000000000e+03
3.536000000000000000e+03
3.495000000000000000e+03
3.514000000000000000e+03
3.551000000000000000e+03
3.546000000000000000e+03
3.605000000000000000e+03
3.711000000000000000e+03
3.652000000000000000e+03
3.631000000000000000e+03
3.600000000000000000e+03
3.710000000000000000e+03
3.747000000000000000e+03
3.760000000000000000e+03
3.678000000000000000e+03
3.669000000000000000e+03
3.736000000000000000e+03
3.671000000000000000e+03
3.737000000000000000e+03
3.685000000000000000e+03
3.814000000000000000e+03
3.708000000000000000e+03
3.755000000000000000e+03
3.714000000000000000e+03
3.790000000000000000e+03
3.753000000000000000e+03
3.729000000000000000e+03
3.746000000000000000e+03
3.716000000000000000e+03
4.033000000000000000e+03
3.791000000000000000e+03
3.746000000000000000e+03
3.825000000000000000e+03
3.808000000000000000e+03
3.806000000000000000e+03
3.838000000000000000e+03
3.761000000000000000e+03
3.866000000000000000e+03
3.885000000000000000e+03
3.872000000000000000e+03
3.964000000000000000e+03
3.878000000000000000e+03
3.776000000000000000e+03
3.834000000000000000e+03
3.820000000000000000e+03
3.809000000000000000e+03
3.917000000000000000e+03
3.828000000000000000e+03
3.784000000000000000e+03
3.812000000000000000e+03
3.946000000000000000e+03
4.018000000000000000e+03
3.889000000000000000e+03
3.997000000000000000e+03
3.928000000000000000e+03
3.857000000000000000e+03
4.012000000000000000e+03
3.902000000000000000e+03
3.970000000000000000e+03
3.949000000000000000e+03
3.895000000000000000e+03
3.924000000000000000e+03
3.936000000000000000e+03
4.053000000000000000e+03
3.927000000000000000e+03
3.935000000000000000e+03
4.012000000000000000e+03
3.968000000000000000e+03
3.950000000000000000e+03
4.019000000000000000e+03
3.998000000000000000e+03
3.944000000000000000e+03
4.016000000000000000e+03
3.949000000000000000e+03
4.027000000000000000e+03
3.941000000000000000e+03
3.964000000000000000e+03
4.033000000000000000e+03
3.931000000000000000e+03
3.935000000000000000e+03
3.967000000000000000e+03
4.036000000000000000e+03
3.990000000000000000e+03
3.970000000000000000e+03
3.962000000000000000e+03
4.014000000000000000e+03
3.953000000000000000e+03
3.973000000000000000e+03
3.980000000000000000e+03
3.969000000000000000e+03
3.977000000000000000e+03
4.027000000000000000e+03
3.962000000000000000e+03
3.996000000000000000e+03
4.015000000000000000e+03
4.031000000000000000e+03
3.999000000000000000e+03
3.936000000000000000e+03
3.953000000000000000e+03
4.071000000000000000e+03
4.014000000000000000e+03
3.958000000000000000e+03
4.021000000000000000e+03
4.022000000000000000e+03
4.026000000000000000e+03
3.997000000000000000e+03
4.001000000000000000e+03
4.023000000000000000e+03
4.064000000000000000e+03
4.084000000000000000e+03
3.990000000000000000e+03
3.982000000000000000e+03
4.118000000000000000e+03
4.057000000000000000e+03
4.036000000000000000e+03
4.048000000000000000e+03
4.053000000000000000e+03
4.077000000000000000e+03
4.099000000000000000e+03
4.109000000000000000e+03
4.109000000000000000e+03
4.095000000000000000e+03
4.098000000000000000e+03
4.115000000000000000e+03
4.083000000000000000e+03
4.099000000000000000e+03
4.150000000000000000e+03
4.085000000000000000e+03
4.082000000000000000e+03
4.139000000000000000e+03
4.155000000000000000e+03
4.208000000000000000e+03
4.671000000000000000e+03
4.164000000000000000e+03
4.131000000000000000e+03
4.182000000000000000e+03
4.197000000000000000e+03
4.130000000000000000e+03
4.168000000000000000e+03
4.234000000000000000e+03
4.185000000000000000e+03
4.174000000000000000e+03
4.220000000000000000e+03
4.137000000000000000e+03
4.232000000000000000e+03
4.254000000000000000e+03
4.205000000000000000e+03
4.221000000000000000e+03
4.186000000000000000e+03
4.237000000000000000e+03
4.253000000000000000e+03
4.175000000000000000e+03
4.235000000000000000e+03
4.272000000000000000e+03
4.239000000000000000e+03
4.207000000000000000e+03
4.227000000000000000e+03
4.211000000000000000e+03
4.284000000000000000e+03
4.199000000000000000e+03
4.254000000000000000e+03
4.322000000000000000e+03
4.342000000000000000e+03
4.257000000000000000e+03
4.219000000000000000e+03
4.248000000000000000e+03
4.272000000000000000e+03
4.312000000000000000e+03
4.258000000000000000e+03
4.259000000000000000e+03
4.409000000000000000e+03
4.388000000000000000e+03
4.357000000000000000e+03
4.356000000000000000e+03
4.422000000000000000e+03
4.383000000000000000e+03
4.348000000000000000e+03
4.394000000000000000e+03
4.344000000000000000e+03
4.364000000000000000e+03
4.422000000000000000e+03
4.296000000000000000e+03
4.328000000000000000e+03
4.357000000000000000e+03
4.360000000000000000e+03
4.357000000000000000e+03
4.348000000000000000e+03
4.357000000000000000e+03
4.415000000000000000e+03
4.372000000000000000e+03
4.370000000000000000e+03
4.424000000000000000e+03
4.375000000000000000e+03
4.303000000000000000e+03
4.412000000000000000e+03
4.317000000000000000e+03
4.340000000000000000e+03
4.454000000000000000e+03
4.426000000000000000e+03
4.449000000000000000e+03
4.442000000000000000e+03
4.433000000000000000e+03
4.336000000000000000e+03
4.421000000000000000e+03
4.350000000000000000e+03
4.353000000000000000e+03
4.390000000000000000e+03
4.453000000000000000e+03
4.411000000000000000e+03
4.317000000000000000e+03
4.419000000000000000e+03
4.424000000000000000e+03
4.371000000000000000e+03
4.283000000000000000e+03
4.395000000000000000e+03
4.382000000000000000e+03
4.348000000000000000e+03
4.343000000000000000e+03
4.298000000000000000e+03
4.323000000000000000e+03
4.361000000000000000e+03
4.297000000000000000e+03
4.322000000000000000e+03
4.280000000000000000e+03
4.311000000000000000e+03
4.347000000000000000e+03
4.298000000000000000e+03
4.320000000000000000e+03
4.281000000000000000e+03
4.307000000000000000e+03
4.286000000000000000e+03
4.252000000000000000e+03
4.245000000000000000e+03
4.242000000000000000e+03
4.254000000000000000e+03
4.229000000000000000e+03
4.301000000000000000e+03
4.266000000000000000e+03
4.181000000000000000e+03
4.213000000000000000e+03
4.199000000000000000e+03
4.278000000000000000e+03
4.201000000000000000e+03
4.198000000000000000e+03
4.262000000000000000e+03
4.175000000000000000e+03
4.188000000000000000e+03
4.235000000000000000e+03
4.224000000000000000e+03
4.156000000000000000e+03
4.243000000000000000e+03
4.213000000000000000e+03
4.227000000000000000e+03
4.177000000000000000e+03
4.093000000000000000e+03
4.070000000000000000e+03
4.126000000000000000e+03
4.171000000000000000e+03
4.179000000000000000e+03
4.087000000000000000e+03
4.077000000000000000e+03
4.097000000000000000e+03
4.054000000000000000e+03
4.059000000000000000e+03
4.067000000000000000e+03
4.062000000000000000e+03
4.090000000000000000e+03
4.001000000000000000e+03
4.011000000000000000e+03
4.051000000000000000e+03
3.961000000000000000e+03
3.988000000000000000e+03
4.079000000000000000e+03
4.002000000000000000e+03
3.927000000000000000e+03
3.999000000000000000e+03
3.956000000000000000e+03
3.971000000000000000e+03
3.921000000000000000e+03
3.918000000000000000e+03
3.934000000000000000e+03
3.924000000000000000e+03
3.990000000000000000e+03
3.870000000000000000e+03
3.876000000000000000e+03
3.956000000000000000e+03
3.892000000000000000e+03
3.909000000000000000e+03
3.852000000000000000e+03
3.884000000000000000e+03
3.864000000000000000e+03
3.937000000000000000e+03
3.870000000000000000e+03
3.836000000000000000e+03
3.833000000000000000e+03
3.796000000000000000e+03
3.819000000000000000e+03
3.841000000000000000e+03
3.817000000000000000e+03
3.819000000000000000e+03
3.793000000000000000e+03
3.730000000000000000e+03
3.803000000000000000e+03
3.835000000000000000e+03
3.795000000000000000e+03
3.774000000000000000e+03
3.704000000000000000e+03
3.642000000000000000e+03
3.759000000000000000e+03
3.803000000000000000e+03
3.765000000000000000e+03
3.724000000000000000e+03
3.673000000000000000e+03
3.698000000000000000e+03
3.743000000000000000e+03
3.686000000000000000e+03
3.808000000000000000e+03
3.698000000000000000e+03
3.709000000000000000e+03
3.702000000000000000e+03
3.665000000000000000e+03
3.677000000000000000e+03
3.664000000000000000e+03
3.683000000000000000e+03
3.737000000000000000e+03
3.614000000000000000e+03
3.714000000000000000e+03
3.633000000000000000e+03
3.718000000000000000e+03
3.558000000000000000e+03
3.668000000000000000e+03
3.693000000000000000e+03
3.695000000000000000e+03
3.596000000000000000e+03
3.629000000000000000e+03
3.621000000000000000e+03
3.663000000000000000e+03
3.583000000000000000e+03
3.628000000000000000e+03
3.643000000000000000e+03
3.574000000000000000e+03
3.551000000000000000e+03
3.622000000000000000e+03
3.628000000000000000e+03
3.570000000000000000e+03
3.604000000000000000e+03
3.582000000000000000e+03
3.581000000000000000e+03
3.536000000000000000e+03
3.544000000000000000e+03
3.596000000000000000e+03
3.573000000000000000e+03
3.522000000000000000e+03
3.509000000000000000e+03
3.476000000000000000e+03
3.533000000000000000e+03
3.423000000000000000e+03
3.492000000000000000e+03
3.562000000000000000e+03
3.525000000000000000e+03
3.490000000000000000e+03
3.490000000000000000e+03
3.481000000000000000e+03
3.477000000000000000e+03
3.478000000000000000e+03
3.504000000000000000e+03
3.517000000000000000e+03
3.443000000000000000e+03
3.371000000000000000e+03
3.512000000000000000e+03
3.460000000000000000e+03
3.494000000000000000e+03
3.402000000000000000e+03
3.387000000000000000e+03
3.425000000000000000e+03
3.397000000000000000e+03
3.369000000000000000e+03
3.444000000000000000e+03
3.363000000000000000e+03
3.354000000000000000e+03
3.398000000000000000e+03
3.431000000000000000e+03
3.449000000000000000e+03
3.407000000000000000e+03
3.373000000000000000e+03
3.332000000000000000e+03
3.294000000000000000e+03
3.359000000000000000e+03
3.402000000000000000e+03
3.355000000000000000e+03
3.384000000000000000e+03
3.356000000000000000e+03
3.291000000000000000e+03
3.292000000000000000e+03
3.315000000000000000e+03
3.276000000000000000e+03
3.309000000000000000e+03
3.266000000000000000e+03
3.256000000000000000e+03
3.315000000000000000e+03
3.308000000000000000e+03
3.330000000000000000e+03
3.288000000000000000e+03
3.272000000000000000e+03
3.231000000000000000e+03
3.253000000000000000e+03
3.224000000000000000e+03
3.221000000000000000e+03
3.265000000000000000e+03
3.274000000000000000e+03
3.178000000000000000e+03
3.204000000000000000e+03
3.146000000000000000e+03
3.219000000000000000e+03
3.176000000000000000e+03
3.221000000000000000e+03
3.212000000000000000e+03
3.152000000000000000e+03
3.158000000000000000e+03
3.156000000000000000e+03
3.179000000000000000e+03
3.136000000000000000e+03
3.057000000000000000e+03
3.140000000000000000e+03
3.124000000000000000e+03
3.130000000000000000e+03
3.129000000000000000e+03
3.083000000000000000e+03
3.061000000000000000e+03
3.077000000000000000e+03
2.973000000000000000e+03
3.018000000000000000e+03
2.999000000000000000e+03
3.079000000000000000e+03
2.999000000000000000e+03
2.958000000000000000e+03
2.992000000000000000e+03
2.950000000000000000e+03
2.986000000000000000e+03
2.995000000000000000e+03
3.008000000000000000e+03
2.977000000000000000e+03
2.920000000000000000e+03
2.921000000000000000e+03
2.890000000000000000e+03
2.892000000000000000e+03
2.902000000000000000e+03
2.892000000000000000e+03
2.871000000000000000e+03
2.873000000000000000e+03
2.809000000000000000e+03
2.861000000000000000e+03
2.825000000000000000e+03
2.779000000000000000e+03
2.811000000000000000e+03
2.783000000000000000e+03
2.858000000000000000e+03
2.835000000000000000e+03
2.783000000000000000e+03
2.774000000000000000e+03
2.754000000000000000e+03
2.712000000000000000e+03
3.263000000000000000e+03
2.719000000000000000e+03
2.716000000000000000e+03
2.680000000000000000e+03
2.669000000000000000e+03
2.727000000000000000e+03
2.698000000000000000e+03
2.620000000000000000e+03
2.636000000000000000e+03
2.655000000000000000e+03
2.563000000000000000e+03
2.596000000000000000e+03
2.609000000000000000e+03
2.609000000000000000e+03
2.550000000000000000e+03
2.539000000000000000e+03
2.549000000000000000e+03
2.590000000000000000e+03
2.543000000000000000e+03
2.552000000000000000e+03
2.534000000000000000e+03
2.503000000000000000e+03
2.569000000000000000e+03
2.551000000000000000e+03
2.484000000000000000e+03
2.453000000000000000e+03
2.439000000000000000e+03
2.507000000000000000e+03
2.482000000000000000e+03
2.525000000000000000e+03
2.503000000000000000e+03
2.475000000000000000e+03
2.426000000000000000e+03
2.368000000000000000e+03
2.459000000000000000e+03
2.434000000000000000e+03
2.335000000000000000e+03
2.373000000000000000e+03
2.388000000000000000e+03
2.334000000000000000e+03
2.349000000000000000e+03
2.390000000000000000e+03
2.347000000000000000e+03
2.417000000000000000e+03
2.341000000000000000e+03
2.322000000000000000e+03
2.277000000000000000e+03
2.367000000000000000e+03
2.346000000000000000e+03
2.326000000000000000e+03
2.257000000000000000e+03
