1.711000000000000000e+03
1.648000000000000000e+03
1.642000000000000000e+03
1.708000000000000000e+03
1.669000000000000000e+03
1.647000000000000000e+03
1.677000000000000000e+03
1.761000000000000000e+03
1.693000000000000000e+03
1.707000000000000000e+03
1.743000000000000000e+03
1.706000000000000000e+03
1.735000000000000000e+03
1.787000000000000000e+03
1.771000000000000000e+03
1.723000000000000000e+03
1.797000000000000000e+03
1.750000000000000000e+03
1.803000000000000000e+03
1.782000000000000000e+03
1.786000000000000000e+03
1.826000000000000000e+03
1.792000000000000000e+03
1.787000000000000000e+03
1.829000000000000000e+03
1.804000000000000000e+03
1.812000000000000000e+03
1.816000000000000000e+03
1.859000000000000000e+03
1.922000000000000000e+03
1.828000000000000000e+03
1.889000000000000000e+03
1.884000000000000000e+03
1.854000000000000000e+03
1.865000000000000000e+03
1.860000000000000000e+03
1.879000000000000000e+03
1.981000000000000000e+03
1.888000000000000000e+03
1.879000000000000000e+03
1.933000000000000000e+03
1.890000000000000000e+03
1.878000000000000000e+03
1.905000000000000000e+03
1.927000000000000000e+03
1.923000000000000000e+03
1.868000000000000000e+03
1.936000000000000000e+03
1.939000000000000000e+03
1.902000000000000000e+03
1.863000000000000000e+03
1.936000000000000000e+03
1.981000000000000000e+03
1.927000000000000000e+03
1.993000000000000000e+03
1.958000000000000000e+03
1.961000000000000000e+03
1.966000000000000000e+03
1.987000000000000000e+03
1.987000000000000000e+03
2.025000000000000000e+03
2.055000000000000000e+03
1.993000000000000000e+03
1.982000000000000000e+03
1.959000000000000000e+03
1.983000000000000000e+03
2.035000000000000000e+03
2.058000000000000000e+03
1.989000000000000000e+03
2.075000000000000000e+03
1.998000000000000000e+03
2.026000000000000000e+03
2.052000000000000000e+03
2.026000000000000000e+03
2.051000000000000000e+03
2.044000000000000000e+03
2.069000000000000000e+03
2.053000000000000000e+03
2.096000000000000000e+03
2.087000000000000000e+03
2.096000000000000000e+03
2.038000000000000000e+03
2.070000000000000000e+03
2.072000000000000000e+03
2.094000000000000000e+03
2.180000000000000000e+03
2.112000000000000000e+03
2.080000000000000000e+03
2.085000000000000000e+03
2.132000000000000000e+03
2.116000000000000000e+03
2.125000000000000000e+03
2.109000000000000000e+03
2.138000000000000000e+03
2.181000000000000000e+03
2.172000000000000000e+03
2.127000000000000000e+03
2.126000000000000000e+03
2.221000000000000000e+03
2.143000000000000000e+03
2.173000000000000000e+03
2.191000000000000000e+03
2.229000000000000000e+03
2.222000000000000000e+03
2.231000000000000000e+03
2.206000000000000000e+03
2.215000000000000000e+03
2.254000000000000000e+03
2.285000000000000000e+03
2.254000000000000000e+03
2.209000000000000000e+03
2.290000000000000000e+03
2.353000000000000000e+03
2.327000000000000000e+03
2.313000000000000000e+03
2.310000000000000000e+03
2.381000000000000000e+03
2.303000000000000000e+03
2.363000000000000000e+03
2.383000000000000000e+03
2.448000000000000000e+03
2.335000000000000000e+03
2.490000000000000000e+03
2.362000000000000000e+03
2.355000000000000000e+03
2.480000000000000000e+03
2.458000000000000000e+03
2.449000000000000000e+03
2.469000000000000000e+03
2.494000000000000000e+03
2.524000000000000000e+03
2.505000000000000000e+03
2.511000000000000000e+03
2.510000000000000000e+03
2.576000000000000000e+03
2.585000000000000000e+03
2.535000000000000000e+03
2.674000000000000000e+03
2.557000000000000000e+03
2.593000000000000000e+03
2.671000000000000000e+03
2.607000000000000000e+03
2.673000000000000000e+03
2.631000000000000000e+03
2.635000000000000000e+03
2.730000000000000000e+03
2.687000000000000000e+03
2.702000000000000000e+03
2.699000000000000000e+03
2.683000000000000000e+03
2.769000000000000000e+03
2.734000000000000000e+03
2.789000000000000000e+03
2.775000000000000000e+03
2.811000000000000000e+03
2.758000000000000000e+03
2.821000000000000000e+03
2.803000000000000000e+03
2.807000000000000000e+03
2.842000000000000000e+03
2.793000000000000000e+03
2.891000000000000000e+03
2.823000000000000000e+03
2.895000000000000000e+03
2.841000000000000000e+03
2.907000000000000000e+03
2.939000000000000000e+03
2.851000000000000000e+03
2.923000000000000000e+03
2.891000000000000000e+03
2.890000000000000000e+03
2.939000000000000000e+03
2.962000000000000000e+03
2.922000000000000000e+03
2.947000000000000000e+03
2.948000000000000000e+03
2.987000000000000000e+03
2.985000000000000000e+03
3.000000000000000000e+03
3.011000000000000000e+03
3.024000000000000000e+03
3.134000000000000000e+03
3.051000000000000000e+03
3.104000000000000000e+03
3.343000000000000000e+03
3.517000000000000000e+03
3.268000000000000000e+03
3.059000000000000000e+03
3.097000000000000000e+03
3.074000000000000000e+03
3.119000000000000000e+03
3.125000000000000000e+03
3.110000000000000000e+03
3.123000000000000000e+03
3.069000000000000000e+03
3.139000000000000000e+03
3.111000000000000000e+03
3.148000000000000000e+03
3.186000000000000000e+03
3.143000000000000000e+03
3.187000000000000000e+03
3.198000000000000000e+03
3.225000000000000000e+03
3.260000000000000000e+03
3.170000000000000000e+03
3.226000000000000000e+03
3.253000000000000000e+03
3.274000000000000000e+03
3.341000000000000000e+03
3.245000000000000000e+03
3.360000000000000000e+03
3.386000000000000000e+03
3.329000000000000000e+03
3.418000000000000000e+03
3.451000000000000000e+03
3.341000000000000000e+03
3.408000000000000000e+03
3.422000000000000000e+03
3.529000000000000000e+03
3.410000000000000000e+03
3.426000000000000000e+03
3.501000000000000000e+03
3.441000000000000000e+03
3.575000000000000000e+03
3.485000000000000000e+03
3.521000000000000000e+03
3.602000000000000000e+03
3.515000000000000000e+03
3.594000000000000000e+03
3.571000000000000000e+03
3.702000000000000000e+03
3.596000000000000000e+03
3.642000000000000000e+03
3.740000000000000000e+03
3.682000000000000000e+03
3.605000000000000000e+03
3.689000000000000000e+03
3.708000000000000000e+03
3.744000000000000000e+03
3.825000000000000000e+03
3.714000000000000000e+03
3.867000000000000000e+03
3.872000000000000000e+03
3.908000000000000000e+03
3.926000000000000000e+03
3.877000000000000000e+03
3.838000000000000000e+03
3.844000000000000000e+03
3.885000000000000000e+03
3.936000000000000000e+03
3.886000000000000000e+03
3.984000000000000000e+03
3.900000000000000000e+03
3.951000000000000000e+03
3.944000000000000000e+03
3.985000000000000000e+03
4.120000000000000000e+03
4.165000000000000000e+03
4.086000000000000000e+03
4.097000000000000000e+03
4.011000000000000000e+03
4.164000000000000000e+03
4.226000000000000000e+03
4.184000000000000000e+03
4.110000000000000000e+03
4.091000000000000000e+03
4.144000000000000000e+03
4.133000000000000000e+03
4.140000000000000000e+03
4.181000000000000000e+03
4.171000000000000000e+03
4.193000000000000000e+03
4.222000000000000000e+03
4.185000000000000000e+03
4.154000000000000000e+03
4.187000000000000000e+03
4.150000000000000000e+03
4.209000000000000000e+03
4.227000000000000000e+03
4.229000000000000000e+03
4.283000000000000000e+03
4.180000000000000000e+03
4.207000000000000000e+03
4.250000000000000000e+03
4.270000000000000000e+03
4.347000000000000000e+03
4.237000000000000000e+03
4.291000000000000000e+03
4.296000000000000000e+03
4.228000000000000000e+03
4.295000000000000000e+03
4.355000000000000000e+03
4.318000000000000000e+03
4.352000000000000000e+03
4.269000000000000000e+03
4.322000000000000000e+03
4.290000000000000000e+03
4.312000000000000000e+03
4.324000000000000000e+03
4.387000000000000000e+03
4.364000000000000000e+03
4.433000000000000000e+03
4.393000000000000000e+03
4.356000000000000000e+03
4.375000000000000000e+03
4.377000000000000000e+03
4.415000000000000000e+03
4.391000000000000000e+03
4.392000000000000000e+03
4.374000000000000000e+03
4.395000000000000000e+03
4.358000000000000000e+03
4.394000000000000000e+03
4.436000000000000000e+03
4.493000000000000000e+03
4.398000000000000000e+03
4.440000000000000000e+03
4.376000000000000000e+03
4.441000000000000000e+03
4.446000000000000000e+03
4.429000000000000000e+03
4.336000000000000000e+03
4.389000000000000000e+03
4.430000000000000000e+03
4.496000000000000000e+03
4.470000000000000000e+03
4.456000000000000000e+03
4.394000000000000000e+03
4.469000000000000000e+03
4.468000000000000000e+03
4.400000000000000000e+03
4.441000000000000000e+03
4.436000000000000000e+03
4.451000000000000000e+03
4.484000000000000000e+03
4.436000000000000000e+03
4.346000000000000000e+03
4.429000000000000000e+03
4.511000000000000000e+03
4.464000000000000000e+03
4.480000000000000000e+03
4.448000000000000000e+03
4.555000000000000000e+03
4.502000000000000000e+03
4.445000000000000000e+03
4.473000000000000000e+03
4.509000000000000000e+03
4.407000000000000000e+03
4.440000000000000000e+03
4.638000000000000000e+03
4.434000000000000000e+03
4.443000000000000000e+03
4.487000000000000000e+03
4.500000000000000000e+03
4.552000000000000000e+03
4.476000000000000000e+03
4.518000000000000000e+03
4.551000000000000000e+03
4.536000000000000000e+03
4.469000000000000000e+03
4.504000000000000000e+03
4.589000000000000000e+03
4.539000000000000000e+03
4.532000000000000000e+03
4.582000000000000000e+03
4.528000000000000000e+03
4.575000000000000000e+03
4.586000000000000000e+03
4.541000000000000000e+03
4.585000000000000000e+03
4.624000000000000000e+03
4.563000000000000000e+03
4.589000000000000000e+03
4.575000000000000000e+03
4.610000000000000000e+03
4.620000000000000000e+03
4.671000000000000000e+03
4.642000000000000000e+03
4.639000000000000000e+03
4.648000000000000000e+03
4.701000000000000000e+03
4.618000000000000000e+03
4.688000000000000000e+03
4.678000000000000000e+03
4.664000000000000000e+03
4.687000000000000000e+03
4.740000000000000000e+03
4.600000000000000000e+03
4.752000000000000000e+03
4.701000000000000000e+03
4.711000000000000000e+03
4.676000000000000000e+03
4.664000000000000000e+03
4.677000000000000000e+03
4.666000000000000000e+03
4.719000000000000000e+03
4.749000000000000000e+03
4.688000000000000000e+03
4.707000000000000000e+03
4.656000000000000000e+03
4.719000000000000000e+03
4.711000000000000000e+03
4.737000000000000000e+03
4.699000000000000000e+03
4.668000000000000000e+03
4.743000000000000000e+03
4.754000000000000000e+03
4.695000000000000000e+03
4.802000000000000000e+03
4.773000000000000000e+03
4.787000000000000000e+03
4.773000000000000000e+03
4.894000000000000000e+03
4.720000000000000000e+03
4.799000000000000000e+03
4.826000000000000000e+03
4.763000000000000000e+03
4.852000000000000000e+03
4.772000000000000000e+03
4.806000000000000000e+03
4.820000000000000000e+03
4.834000000000000000e+03
4.781000000000000000e+03
4.804000000000000000e+03
4.905000000000000000e+03
4.805000000000000000e+03
4.844000000000000000e+03
4.863000000000000000e+03
4.857000000000000000e+03
4.783000000000000000e+03
4.843000000000000000e+03
4.776000000000000000e+03
4.899000000000000000e+03
4.866000000000000000e+03
4.882000000000000000e+03
4.771000000000000000e+03
4.916000000000000000e+03
4.787000000000000000e+03
4.788000000000000000e+03
4.900000000000000000e+03
4.902000000000000000e+03
4.804000000000000000e+03
4.855000000000000000e+03
4.965000000000000000e+03
4.857000000000000000e+03
4.880000000000000000e+03
4.888000000000000000e+03
4.883000000000000000e+03
4.931000000000000000e+03
4.882000000000000000e+03
4.841000000000000000e+03
4.812000000000000000e+03
4.826000000000000000e+03
4.863000000000000000e+03
4.876000000000000000e+03
4.814000000000000000e+03
4.816000000000000000e+03
4.772000000000000000e+03
4.855000000000000000e+03
4.825000000000000000e+03
4.868000000000000000e+03
4.824000000000000000e+03
4.793000000000000000e+03
4.819000000000000000e+03
4.775000000000000000e+03
4.836000000000000000e+03
4.836000000000000000e+03
4.911000000000000000e+03
4.778000000000000000e+03
4.746000000000000000e+03
4.800000000000000000e+03
4.837000000000000000e+03
4.746000000000000000e+03
4.880000000000000000e+03
4.824000000000000000e+03
4.828000000000000000e+03
4.811000000000000000e+03
4.745000000000000000e+03
4.756000000000000000e+03
4.776000000000000000e+03
4.688000000000000000e+03
4.759000000000000000e+03
4.743000000000000000e+03
4.768000000000000000e+03
4.729000000000000000e+03
4.796000000000000000e+03
4.787000000000000000e+03
4.763000000000000000e+03
4.740000000000000000e+03
4.723000000000000000e+03
4.756000000000000000e+03
4.719000000000000000e+03
4.679000000000000000e+03
4.701000000000000000e+03
4.698000000000000000e+03
4.728000000000000000e+03
4.691000000000000000e+03
4.615000000000000000e+03
4.647000000000000000e+03
4.616000000000000000e+03
4.632000000000000000e+03
4.671000000000000000e+03
4.582000000000000000e+03
4.623000000000000000e+03
4.520000000000000000e+03
4.605000000000000000e+03
4.603000000000000000e+03
4.644000000000000000e+03
4.534000000000000000e+03
4.581000000000000000e+03
4.523000000000000000e+03
4.566000000000000000e+03
4.569000000000000000e+03
4.512000000000000000e+03
4.470000000000000000e+03
4.454000000000000000e+03
4.544000000000000000e+03
4.534000000000000000e+03
4.460000000000000000e+03
4.433000000000000000e+03
4.477000000000000000e+03
4.488000000000000000e+03
4.481000000000000000e+03
4.497000000000000000e+03
4.487000000000000000e+03
4.466000000000000000e+03
4.417000000000000000e+03
4.310000000000000000e+03
4.402000000000000000e+03
4.366000000000000000e+03
4.416000000000000000e+03
4.354000000000000000e+03
4.357000000000000000e+03
4.409000000000000000e+03
4.348000000000000000e+03
4.445000000000000000e+03
4.376000000000000000e+03
4.302000000000000000e+03
4.342000000000000000e+03
4.249000000000000000e+03
4.287000000000000000e+03
4.297000000000000000e+03
4.300000000000000000e+03
4.220000000000000000e+03
4.271000000000000000e+03
4.266000000000000000e+03
4.259000000000000000e+03
4.181000000000000000e+03
4.212000000000000000e+03
4.295000000000000000e+03
4.212000000000000000e+03
4.170000000000000000e+03
4.226000000000000000e+03
4.217000000000000000e+03
4.235000000000000000e+03
4.213000000000000000e+03
4.192000000000000000e+03
4.265000000000000000e+03
4.231000000000000000e+03
4.147000000000000000e+03
4.179000000000000000e+03
4.112000000000000000e+03
4.130000000000000000e+03
4.094000000000000000e+03
4.162000000000000000e+03
4.118000000000000000e+03
4.160000000000000000e+03
4.153000000000000000e+03
4.125000000000000000e+03
4.136000000000000000e+03
4.092000000000000000e+03
4.133000000000000000e+03
4.086000000000000000e+03
4.067000000000000000e+03
4.181000000000000000e+03
4.061000000000000000e+03
4.150000000000000000e+03
4.088000000000000000e+03
4.063000000000000000e+03
3.970000000000000000e+03
4.142000000000000000e+03
4.060000000000000000e+03
4.052000000000000000e+03
4.026000000000000000e+03
4.072000000000000000e+03
4.088000000000000000e+03
4.069000000000000000e+03
4.029000000000000000e+03
4.069000000000000000e+03
4.024000000000000000e+03
4.008000000000000000e+03
3.918000000000000000e+03
4.050000000000000000e+03
4.002000000000000000e+03
3.957000000000000000e+03
4.013000000000000000e+03
3.992000000000000000e+03
3.968000000000000000e+03
3.989000000000000000e+03
3.958000000000000000e+03
3.950000000000000000e+03
3.916000000000000000e+03
3.917000000000000000e+03
3.930000000000000000e+03
4.005000000000000000e+03
3.948000000000000000e+03
3.969000000000000000e+03
3.994000000000000000e+03
3.945000000000000000e+03
3.918000000000000000e+03
3.821000000000000000e+03
3.903000000000000000e+03
3.864000000000000000e+03
3.903000000000000000e+03
3.936000000000000000e+03
3.935000000000000000e+03
3.854000000000000000e+03
3.837000000000000000e+03
3.838000000000000000e+03
3.836000000000000000e+03
3.843000000000000000e+03
3.845000000000000000e+03
3.831000000000000000e+03
3.801000000000000000e+03
3.848000000000000000e+03
3.818000000000000000e+03
3.738000000000000000e+03
3.802000000000000000e+03
3.767000000000000000e+03
3.768000000000000000e+03
3.733000000000000000e+03
3.649000000000000000e+03
3.833000000000000000e+03
3.727000000000000000e+03
3.716000000000000000e+03
3.699000000000000000e+03
3.735000000000000000e+03
3.675000000000000000e+03
3.731000000000000000e+03
3.704000000000000000e+03
3.791000000000000000e+03
3.710000000000000000e+03
3.694000000000000000e+03
3.706000000000000000e+03
3.761000000000000000e+03
3.666000000000000000e+03
3.732000000000000000e+03
3.681000000000000000e+03
3.616000000000000000e+03
3.643000000000000000e+03
3.624000000000000000e+03
3.617000000000000000e+03
3.594000000000000000e+03
3.676000000000000000e+03
3.598000000000000000e+03
3.588000000000000000e+03
3.594000000000000000e+03
3.572000000000000000e+03
3.588000000000000000e+03
3.585000000000000000e+03
3.564000000000000000e+03
3.564000000000000000e+03
3.589000000000000000e+03
3.508000000000000000e+03
3.579000000000000000e+03
3.565000000000000000e+03
3.541000000000000000e+03
3.474000000000000000e+03
3.488000000000000000e+03
3.463000000000000000e+03
3.443000000000000000e+03
3.523000000000000000e+03
3.425000000000000000e+03
3.428000000000000000e+03
3.395000000000000000e+03
3.406000000000000000e+03
3.382000000000000000e+03
3.418000000000000000e+03
3.425000000000000000e+03
3.399000000000000000e+03
3.393000000000000000e+03
3.392000000000000000e+03
3.396000000000000000e+03
3.354000000000000000e+03
3.326000000000000000e+03
3.307000000000000000e+03
3.265000000000000000e+03
3.368000000000000000e+03
3.348000000000000000e+03
3.313000000000000000e+03
3.278000000000000000e+03
3.210000000000000000e+03
3.312000000000000000e+03
3.297000000000000000e+03
3.214000000000000000e+03
3.204000000000000000e+03
3.205000000000000000e+03
3.164000000000000000e+03
3.155000000000000000e+03
3.141000000000000000e+03
3.205000000000000000e+03
3.234000000000000000e+03
3.132000000000000000e+03
3.123000000000000000e+03
3.130000000000000000e+03
3.170000000000000000e+03
3.132000000000000000e+03
3.061000000000000000e+03
3.099000000000000000e+03
3.077000000000000000e+03
3.049000000000000000e+03
3.041000000000000000e+03
3.034000000000000000e+03
3.106000000000000000e+03
3.055000000000000000e+03
2.979000000000000000e+03
2.987000000000000000e+03
2.992000000000000000e+03
2.997000000000000000e+03
2.926000000000000000e+03
2.907000000000000000e+03
2.891000000000000000e+03
2.809000000000000000e+03
2.947000000000000000e+03
2.953000000000000000e+03
2.887000000000000000e+03
2.926000000000000000e+03
2.826000000000000000e+03
2.823000000000000000e+03
2.783000000000000000e+03
2.787000000000000000e+03
2.740000000000000000e+03
2.853000000000000000e+03
2.815000000000000000e+03
2.818000000000000000e+03
2.771000000000000000e+03
2.745000000000000000e+03
2.859000000000000000e+03
2.750000000000000000e+03
2.849000000000000000e+03
2.791000000000000000e+03
2.758000000000000000e+03
2.718000000000000000e+03
2.729000000000000000e+03
2.735000000000000000e+03
2.686000000000000000e+03
2.697000000000000000e+03
2.661000000000000000e+03
2.746000000000000000e+03
2.723000000000000000e+03
2.629000000000000000e+03
2.691000000000000000e+03
2.626000000000000000e+03
2.581000000000000000e+03
2.635000000000000000e+03
2.618000000000000000e+03
2.602000000000000000e+03
2.621000000000000000e+03
2.598000000000000000e+03
2.583000000000000000e+03
2.629000000000000000e+03
2.616000000000000000e+03
2.575000000000000000e+03
2.628000000000000000e+03
2.502000000000000000e+03
