1.720000000000000000e+03
1.794000000000000000e+03
1.787000000000000000e+03
1.816000000000000000e+03
1.796000000000000000e+03
1.836000000000000000e+03
1.796000000000000000e+03
1.806000000000000000e+03
1.813000000000000000e+03
1.820000000000000000e+03
1.840000000000000000e+03
1.856000000000000000e+03
1.865000000000000000e+03
1.854000000000000000e+03
1.860000000000000000e+03
1.860000000000000000e+03
1.813000000000000000e+03
1.890000000000000000e+03
1.889000000000000000e+03
1.924000000000000000e+03
1.901000000000000000e+03
1.911000000000000000e+03
1.904000000000000000e+03
1.918000000000000000e+03
1.964000000000000000e+03
1.939000000000000000e+03
1.927000000000000000e+03
1.960000000000000000e+03
1.932000000000000000e+03
1.980000000000000000e+03
1.979000000000000000e+03
1.967000000000000000e+03
1.957000000000000000e+03
1.965000000000000000e+03
2.016000000000000000e+03
1.978000000000000000e+03
1.994000000000000000e+03
1.970000000000000000e+03
1.995000000000000000e+03
1.981000000000000000e+03
2.025000000000000000e+03
2.029000000000000000e+03
2.052000000000000000e+03
2.019000000000000000e+03
2.062000000000000000e+03
2.026000000000000000e+03
1.987000000000000000e+03
2.081000000000000000e+03
2.035000000000000000e+03
2.056000000000000000e+03
2.121000000000000000e+03
2.087000000000000000e+03
2.087000000000000000e+03
2.106000000000000000e+03
2.164000000000000000e+03
2.103000000000000000e+03
2.062000000000000000e+03
2.110000000000000000e+03
2.077000000000000000e+03
2.077000000000000000e+03
2.115000000000000000e+03
2.132000000000000000e+03
2.112000000000000000e+03
2.107000000000000000e+03
2.158000000000000000e+03
2.106000000000000000e+03
2.173000000000000000e+03
2.253000000000000000e+03
2.154000000000000000e+03
2.176000000000000000e+03
2.200000000000000000e+03
2.190000000000000000e+03
2.198000000000000000e+03
2.228000000000000000e+03
2.205000000000000000e+03
2.252000000000000000e+03
2.216000000000000000e+03
2.209000000000000000e+03
2.241000000000000000e+03
2.251000000000000000e+03
2.241000000000000000e+03
2.244000000000000000e+03
2.186000000000000000e+03
2.263000000000000000e+03
2.262000000000000000e+03
2.262000000000000000e+03
2.280000000000000000e+03
2.285000000000000000e+03
2.294000000000000000e+03
2.329000000000000000e+03
2.256000000000000000e+03
2.364000000000000000e+03
2.279000000000000000e+03
2.333000000000000000e+03
2.363000000000000000e+03
2.284000000000000000e+03
2.328000000000000000e+03
2.334000000000000000e+03
2.331000000000000000e+03
2.330000000000000000e+03
2.417000000000000000e+03
2.404000000000000000e+03
2.432000000000000000e+03
2.443000000000000000e+03
2.416000000000000000e+03
2.386000000000000000e+03
2.472000000000000000e+03
2.489000000000000000e+03
2.466000000000000000e+03
2.453000000000000000e+03
2.508000000000000000e+03
2.469000000000000000e+03
2.483000000000000000e+03
2.469000000000000000e+03
2.531000000000000000e+03
2.532000000000000000e+03
2.542000000000000000e+03
2.575000000000000000e+03
2.502000000000000000e+03
2.594000000000000000e+03
2.544000000000000000e+03
2.569000000000000000e+03
2.623000000000000000e+03
2.588000000000000000e+03
2.676000000000000000e+03
2.633000000000000000e+03
2.659000000000000000e+03
2.695000000000000000e+03
2.709000000000000000e+03
2.748000000000000000e+03
2.726000000000000000e+03
2.742000000000000000e+03
2.758000000000000000e+03
2.735000000000000000e+03
2.708000000000000000e+03
2.757000000000000000e+03
2.745000000000000000e+03
2.852000000000000000e+03
2.839000000000000000e+03
2.797000000000000000e+03
2.811000000000000000e+03
2.850000000000000000e+03
2.873000000000000000e+03
2.878000000000000000e+03
2.859000000000000000e+03
2.958000000000000000e+03
2.908000000000000000e+03
2.903000000000000000e+03
2.925000000000000000e+03
2.959000000000000000e+03
2.993000000000000000e+03
3.205000000000000000e+03
3.067000000000000000e+03
2.967000000000000000e+03
3.014000000000000000e+03
3.070000000000000000e+03
3.058000000000000000e+03
3.031000000000000000e+03
3.178000000000000000e+03
3.037000000000000000e+03
3.073000000000000000e+03
3.040000000000000000e+03
3.098000000000000000e+03
3.073000000000000000e+03
3.078000000000000000e+03
3.130000000000000000e+03
3.120000000000000000e+03
3.148000000000000000e+03
3.087000000000000000e+03
3.096000000000000000e+03
3.205000000000000000e+03
3.164000000000000000e+03
3.160000000000000000e+03
3.203000000000000000e+03
3.156000000000000000e+03
3.222000000000000000e+03
3.213000000000000000e+03
3.244000000000000000e+03
3.254000000000000000e+03
3.292000000000000000e+03
3.197000000000000000e+03
3.327000000000000000e+03
3.368000000000000000e+03
3.756000000000000000e+03
3.761000000000000000e+03
3.450000000000000000e+03
3.415000000000000000e+03
3.396000000000000000e+03
3.356000000000000000e+03
3.358000000000000000e+03
3.297000000000000000e+03
3.387000000000000000e+03
3.385000000000000000e+03
3.349000000000000000e+03
3.340000000000000000e+03
3.399000000000000000e+03
3.450000000000000000e+03
3.439000000000000000e+03
3.431000000000000000e+03
3.497000000000000000e+03
3.490000000000000000e+03
3.509000000000000000e+03
3.470000000000000000e+03
3.519000000000000000e+03
3.554000000000000000e+03
3.800000000000000000e+03
3.551000000000000000e+03
3.561000000000000000e+03
3.619000000000000000e+03
3.637000000000000000e+03
3.608000000000000000e+03
3.615000000000000000e+03
3.670000000000000000e+03
3.667000000000000000e+03
3.674000000000000000e+03
3.648000000000000000e+03
3.711000000000000000e+03
3.704000000000000000e+03
3.770000000000000000e+03
3.752000000000000000e+03
3.744000000000000000e+03
3.819000000000000000e+03
3.852000000000000000e+03
3.796000000000000000e+03
3.877000000000000000e+03
3.837000000000000000e+03
3.854000000000000000e+03
3.892000000000000000e+03
3.873000000000000000e+03
3.887000000000000000e+03
3.915000000000000000e+03
4.017000000000000000e+03
3.985000000000000000e+03
4.003000000000000000e+03
4.003000000000000000e+03
4.066000000000000000e+03
4.095000000000000000e+03
4.026000000000000000e+03
4.030000000000000000e+03
4.082000000000000000e+03
4.073000000000000000e+03
4.094000000000000000e+03
4.161000000000000000e+03
4.164000000000000000e+03
4.153000000000000000e+03
4.162000000000000000e+03
4.196000000000000000e+03
4.150000000000000000e+03
4.217000000000000000e+03
4.246000000000000000e+03
4.272000000000000000e+03
4.304000000000000000e+03
4.373000000000000000e+03
4.278000000000000000e+03
4.268000000000000000e+03
4.425000000000000000e+03
4.468000000000000000e+03
4.322000000000000000e+03
4.401000000000000000e+03
4.372000000000000000e+03
4.511000000000000000e+03
4.557000000000000000e+03
4.393000000000000000e+03
4.354000000000000000e+03
4.476000000000000000e+03
4.383000000000000000e+03
4.563000000000000000e+03
4.518000000000000000e+03
4.468000000000000000e+03
4.385000000000000000e+03
4.611000000000000000e+03
4.519000000000000000e+03
4.512000000000000000e+03
4.557000000000000000e+03
4.594000000000000000e+03
4.543000000000000000e+03
4.542000000000000000e+03
4.536000000000000000e+03
4.634000000000000000e+03
4.621000000000000000e+03
4.550000000000000000e+03
4.573000000000000000e+03
4.600000000000000000e+03
4.608000000000000000e+03
4.686000000000000000e+03
4.648000000000000000e+03
4.618000000000000000e+03
4.640000000000000000e+03
4.625000000000000000e+03
4.585000000000000000e+03
4.624000000000000000e+03
4.681000000000000000e+03
4.564000000000000000e+03
4.651000000000000000e+03
4.663000000000000000e+03
4.640000000000000000e+03
4.691000000000000000e+03
4.708000000000000000e+03
4.778000000000000000e+03
4.722000000000000000e+03
4.708000000000000000e+03
4.759000000000000000e+03
4.797000000000000000e+03
4.761000000000000000e+03
4.729000000000000000e+03
4.696000000000000000e+03
4.775000000000000000e+03
4.710000000000000000e+03
4.755000000000000000e+03
4.774000000000000000e+03
4.857000000000000000e+03
4.758000000000000000e+03
4.801000000000000000e+03
4.819000000000000000e+03
4.780000000000000000e+03
4.806000000000000000e+03
4.765000000000000000e+03
4.867000000000000000e+03
4.750000000000000000e+03
4.793000000000000000e+03
4.800000000000000000e+03
4.802000000000000000e+03
4.794000000000000000e+03
4.677000000000000000e+03
4.763000000000000000e+03
4.781000000000000000e+03
4.893000000000000000e+03
4.825000000000000000e+03
4.839000000000000000e+03
4.859000000000000000e+03
4.774000000000000000e+03
4.755000000000000000e+03
4.830000000000000000e+03
4.830000000000000000e+03
4.766000000000000000e+03
4.908000000000000000e+03
4.803000000000000000e+03
4.768000000000000000e+03
4.820000000000000000e+03
4.732000000000000000e+03
4.897000000000000000e+03
4.834000000000000000e+03
4.800000000000000000e+03
4.784000000000000000e+03
4.800000000000000000e+03
4.843000000000000000e+03
4.861000000000000000e+03
4.813000000000000000e+03
4.881000000000000000e+03
4.793000000000000000e+03
4.855000000000000000e+03
4.847000000000000000e+03
4.819000000000000000e+03
4.859000000000000000e+03
4.887000000000000000e+03
4.806000000000000000e+03
4.835000000000000000e+03
4.870000000000000000e+03
4.847000000000000000e+03
4.906000000000000000e+03
4.949000000000000000e+03
4.835000000000000000e+03
4.857000000000000000e+03
4.862000000000000000e+03
4.972000000000000000e+03
4.867000000000000000e+03
4.963000000000000000e+03
4.923000000000000000e+03
5.044000000000000000e+03
4.892000000000000000e+03
4.983000000000000000e+03
4.950000000000000000e+03
5.062000000000000000e+03
5.001000000000000000e+03
4.952000000000000000e+03
4.954000000000000000e+03
4.977000000000000000e+03
5.000000000000000000e+03
4.982000000000000000e+03
4.953000000000000000e+03
4.977000000000000000e+03
4.950000000000000000e+03
4.968000000000000000e+03
5.057000000000000000e+03
5.079000000000000000e+03
5.026000000000000000e+03
5.009000000000000000e+03
5.093000000000000000e+03
4.983000000000000000e+03
5.118000000000000000e+03
4.993000000000000000e+03
5.023000000000000000e+03
5.058000000000000000e+03
5.126000000000000000e+03
5.008000000000000000e+03
5.098000000000000000e+03
5.103000000000000000e+03
5.097000000000000000e+03
5.060000000000000000e+03
5.104000000000000000e+03
5.088000000000000000e+03
5.062000000000000000e+03
5.099000000000000000e+03
5.093000000000000000e+03
5.092000000000000000e+03
5.117000000000000000e+03
5.092000000000000000e+03
5.063000000000000000e+03
5.095000000000000000e+03
5.096000000000000000e+03
5.018000000000000000e+03
5.089000000000000000e+03
5.150000000000000000e+03
5.210000000000000000e+03
5.096000000000000000e+03
5.140000000000000000e+03
5.122000000000000000e+03
5.129000000000000000e+03
5.101000000000000000e+03
5.125000000000000000e+03
5.108000000000000000e+03
5.141000000000000000e+03
5.203000000000000000e+03
5.155000000000000000e+03
5.314000000000000000e+03
5.264000000000000000e+03
5.194000000000000000e+03
5.198000000000000000e+03
5.170000000000000000e+03
5.177000000000000000e+03
5.220000000000000000e+03
5.181000000000000000e+03
5.169000000000000000e+03
5.128000000000000000e+03
5.254000000000000000e+03
5.244000000000000000e+03
5.242000000000000000e+03
5.247000000000000000e+03
5.145000000000000000e+03
5.201000000000000000e+03
5.212000000000000000e+03
5.176000000000000000e+03
5.251000000000000000e+03
5.198000000000000000e+03
5.274000000000000000e+03
5.200000000000000000e+03
5.216000000000000000e+03
5.094000000000000000e+03
5.244000000000000000e+03
5.241000000000000000e+03
5.325000000000000000e+03
5.189000000000000000e+03
5.220000000000000000e+03
5.220000000000000000e+03
5.243000000000000000e+03
5.251000000000000000e+03
5.158000000000000000e+03
5.253000000000000000e+03
5.204000000000000000e+03
5.223000000000000000e+03
5.194000000000000000e+03
5.293000000000000000e+03
5.295000000000000000e+03
5.200000000000000000e+03
5.195000000000000000e+03
5.296000000000000000e+03
5.179000000000000000e+03
5.231000000000000000e+03
5.241000000000000000e+03
5.202000000000000000e+03
5.312000000000000000e+03
5.214000000000000000e+03
5.139000000000000000e+03
5.171000000000000000e+03
5.076000000000000000e+03
5.105000000000000000e+03
5.081000000000000000e+03
5.011000000000000000e+03
5.178000000000000000e+03
5.113000000000000000e+03
5.071000000000000000e+03
5.103000000000000000e+03
5.187000000000000000e+03
5.176000000000000000e+03
5.023000000000000000e+03
5.090000000000000000e+03
5.090000000000000000e+03
5.055000000000000000e+03
5.061000000000000000e+03
5.058000000000000000e+03
5.104000000000000000e+03
5.149000000000000000e+03
5.038000000000000000e+03
4.998000000000000000e+03
5.004000000000000000e+03
5.033000000000000000e+03
5.031000000000000000e+03
5.044000000000000000e+03
5.017000000000000000e+03
5.024000000000000000e+03
4.978000000000000000e+03
4.999000000000000000e+03
4.928000000000000000e+03
4.931000000000000000e+03
4.925000000000000000e+03
4.900000000000000000e+03
4.927000000000000000e+03
4.861000000000000000e+03
4.971000000000000000e+03
4.907000000000000000e+03
4.840000000000000000e+03
4.938000000000000000e+03
4.875000000000000000e+03
4.782000000000000000e+03
4.787000000000000000e+03
4.900000000000000000e+03
4.852000000000000000e+03
4.834000000000000000e+03
4.829000000000000000e+03
4.827000000000000000e+03
4.768000000000000000e+03
4.869000000000000000e+03
4.792000000000000000e+03
4.774000000000000000e+03
4.782000000000000000e+03
4.749000000000000000e+03
4.770000000000000000e+03
4.801000000000000000e+03
4.693000000000000000e+03
4.712000000000000000e+03
4.690000000000000000e+03
4.677000000000000000e+03
4.774000000000000000e+03
4.610000000000000000e+03
4.653000000000000000e+03
4.637000000000000000e+03
4.719000000000000000e+03
4.665000000000000000e+03
4.744000000000000000e+03
4.583000000000000000e+03
4.690000000000000000e+03
4.551000000000000000e+03
4.626000000000000000e+03
4.604000000000000000e+03
4.663000000000000000e+03
4.605000000000000000e+03
4.594000000000000000e+03
4.592000000000000000e+03
4.656000000000000000e+03
4.599000000000000000e+03
4.662000000000000000e+03
4.617000000000000000e+03
4.585000000000000000e+03
4.568000000000000000e+03
4.602000000000000000e+03
4.584000000000000000e+03
4.510000000000000000e+03
4.491000000000000000e+03
4.557000000000000000e+03
4.480000000000000000e+03
4.473000000000000000e+03
4.605000000000000000e+03
4.506000000000000000e+03
4.514000000000000000e+03
4.533000000000000000e+03
4.519000000000000000e+03
4.498000000000000000e+03
4.536000000000000000e+03
4.456000000000000000e+03
4.510000000000000000e+03
4.394000000000000000e+03
4.385000000000000000e+03
4.457000000000000000e+03
4.437000000000000000e+03
4.393000000000000000e+03
4.376000000000000000e+03
4.455000000000000000e+03
4.491000000000000000e+03
4.395000000000000000e+03
4.394000000000000000e+03
4.416000000000000000e+03
4.442000000000000000e+03
4.390000000000000000e+03
4.378000000000000000e+03
4.369000000000000000e+03
4.424000000000000000e+03
4.392000000000000000e+03
4.356000000000000000e+03
4.373000000000000000e+03
4.362000000000000000e+03
4.328000000000000000e+03
4.320000000000000000e+03
4.353000000000000000e+03
4.331000000000000000e+03
4.349000000000000000e+03
4.332000000000000000e+03
4.353000000000000000e+03
4.255000000000000000e+03
4.266000000000000000e+03
4.243000000000000000e+03
4.292000000000000000e+03
4.342000000000000000e+03
4.255000000000000000e+03
4.240000000000000000e+03
4.215000000000000000e+03
4.260000000000000000e+03
4.233000000000000000e+03
4.122000000000000000e+03
4.257000000000000000e+03
4.215000000000000000e+03
4.209000000000000000e+03
4.234000000000000000e+03
4.220000000000000000e+03
4.183000000000000000e+03
4.191000000000000000e+03
4.179000000000000000e+03
4.172000000000000000e+03
4.277000000000000000e+03
4.199000000000000000e+03
4.190000000000000000e+03
4.070000000000000000e+03
4.117000000000000000e+03
4.126000000000000000e+03
4.075000000000000000e+03
4.157000000000000000e+03
4.209000000000000000e+03
4.118000000000000000e+03
4.165000000000000000e+03
4.138000000000000000e+03
4.058000000000000000e+03
4.054000000000000000e+03
4.008000000000000000e+03
4.039000000000000000e+03
4.064000000000000000e+03
4.100000000000000000e+03
4.069000000000000000e+03
4.061000000000000000e+03
4.095000000000000000e+03
4.041000000000000000e+03
3.997000000000000000e+03
4.011000000000000000e+03
4.078000000000000000e+03
4.031000000000000000e+03
3.959000000000000000e+03
3.975000000000000000e+03
3.966000000000000000e+03
3.957000000000000000e+03
4.026000000000000000e+03
3.934000000000000000e+03
3.907000000000000000e+03
3.916000000000000000e+03
3.931000000000000000e+03
3.913000000000000000e+03
3.841000000000000000e+03
3.870000000000000000e+03
3.880000000000000000e+03
3.886000000000000000e+03
3.906000000000000000e+03
3.863000000000000000e+03
3.817000000000000000e+03
3.796000000000000000e+03
3.861000000000000000e+03
3.801000000000000000e+03
3.790000000000000000e+03
3.851000000000000000e+03
3.825000000000000000e+03
3.791000000000000000e+03
3.735000000000000000e+03
3.713000000000000000e+03
3.711000000000000000e+03
3.770000000000000000e+03
3.807000000000000000e+03
3.806000000000000000e+03
3.727000000000000000e+03
3.799000000000000000e+03
3.733000000000000000e+03
3.747000000000000000e+03
3.629000000000000000e+03
3.603000000000000000e+03
3.630000000000000000e+03
3.650000000000000000e+03
3.666000000000000000e+03
3.647000000000000000e+03
3.654000000000000000e+03
3.616000000000000000e+03
3.544000000000000000e+03
3.592000000000000000e+03
3.526000000000000000e+03
3.561000000000000000e+03
3.524000000000000000e+03
3.488000000000000000e+03
3.501000000000000000e+03
3.512000000000000000e+03
3.550000000000000000e+03
3.513000000000000000e+03
3.405000000000000000e+03
3.434000000000000000e+03
3.448000000000000000e+03
3.449000000000000000e+03
3.418000000000000000e+03
3.410000000000000000e+03
3.445000000000000000e+03
3.584000000000000000e+03
3.298000000000000000e+03
3.408000000000000000e+03
3.417000000000000000e+03
3.363000000000000000e+03
3.308000000000000000e+03
3.312000000000000000e+03
3.296000000000000000e+03
3.331000000000000000e+03
3.271000000000000000e+03
3.329000000000000000e+03
3.277000000000000000e+03
3.260000000000000000e+03
3.278000000000000000e+03
3.219000000000000000e+03
3.239000000000000000e+03
3.275000000000000000e+03
3.177000000000000000e+03
3.189000000000000000e+03
3.158000000000000000e+03
3.090000000000000000e+03
3.147000000000000000e+03
3.091000000000000000e+03
3.103000000000000000e+03
3.101000000000000000e+03
3.100000000000000000e+03
3.090000000000000000e+03
3.122000000000000000e+03
3.034000000000000000e+03
3.070000000000000000e+03
3.037000000000000000e+03
2.961000000000000000e+03
3.093000000000000000e+03
2.993000000000000000e+03
2.965000000000000000e+03
3.015000000000000000e+03
2.955000000000000000e+03
2.982000000000000000e+03
2.930000000000000000e+03
2.911000000000000000e+03
2.978000000000000000e+03
2.954000000000000000e+03
2.917000000000000000e+03
2.864000000000000000e+03
2.899000000000000000e+03
2.868000000000000000e+03
2.896000000000000000e+03
2.947000000000000000e+03
2.836000000000000000e+03
2.906000000000000000e+03
2.828000000000000000e+03
2.821000000000000000e+03
2.871000000000000000e+03
2.825000000000000000e+03
2.804000000000000000e+03
2.849000000000000000e+03
2.783000000000000000e+03
2.774000000000000000e+03
2.827000000000000000e+03
2.869000000000000000e+03
2.762000000000000000e+03
2.811000000000000000e+03
2.700000000000000000e+03
