1.408000000000000000e+03
1.441000000000000000e+03
1.410000000000000000e+03
1.374000000000000000e+03
1.424000000000000000e+03
1.393000000000000000e+03
1.347000000000000000e+03
1.377000000000000000e+03
1.461000000000000000e+03
1.389000000000000000e+03
1.439000000000000000e+03
1.430000000000000000e+03
1.431000000000000000e+03
1.446000000000000000e+03
1.434000000000000000e+03
1.458000000000000000e+03
1.424000000000000000e+03
1.466000000000000000e+03
1.452000000000000000e+03
1.437000000000000000e+03
1.445000000000000000e+03
1.477000000000000000e+03
1.513000000000000000e+03
1.469000000000000000e+03
1.526000000000000000e+03
1.534000000000000000e+03
1.539000000000000000e+03
1.511000000000000000e+03
1.527000000000000000e+03
1.520000000000000000e+03
1.537000000000000000e+03
1.515000000000000000e+03
1.498000000000000000e+03
1.571000000000000000e+03
1.557000000000000000e+03
1.530000000000000000e+03
1.582000000000000000e+03
1.541000000000000000e+03
1.575000000000000000e+03
1.591000000000000000e+03
1.564000000000000000e+03
1.560000000000000000e+03
1.622000000000000000e+03
1.599000000000000000e+03
1.698000000000000000e+03
1.604000000000000000e+03
1.573000000000000000e+03
1.572000000000000000e+03
1.602000000000000000e+03
1.584000000000000000e+03
1.633000000000000000e+03
1.610000000000000000e+03
1.640000000000000000e+03
1.641000000000000000e+03
1.649000000000000000e+03
1.630000000000000000e+03
1.633000000000000000e+03
1.652000000000000000e+03
1.570000000000000000e+03
1.667000000000000000e+03
1.649000000000000000e+03
1.675000000000000000e+03
1.665000000000000000e+03
1.597000000000000000e+03
1.771000000000000000e+03
1.666000000000000000e+03
1.718000000000000000e+03
1.642000000000000000e+03
1.682000000000000000e+03
1.651000000000000000e+03
1.693000000000000000e+03
1.676000000000000000e+03
1.712000000000000000e+03
1.668000000000000000e+03
1.695000000000000000e+03
1.682000000000000000e+03
1.665000000000000000e+03
1.680000000000000000e+03
1.680000000000000000e+03
1.711000000000000000e+03
1.709000000000000000e+03
1.694000000000000000e+03
1.720000000000000000e+03
1.720000000000000000e+03
1.778000000000000000e+03
1.714000000000000000e+03
1.704000000000000000e+03
1.736000000000000000e+03
1.728000000000000000e+03
1.696000000000000000e+03
1.713000000000000000e+03
1.801000000000000000e+03
1.765000000000000000e+03
1.776000000000000000e+03
1.801000000000000000e+03
1.759000000000000000e+03
1.735000000000000000e+03
1.798000000000000000e+03
1.776000000000000000e+03
1.799000000000000000e+03
1.763000000000000000e+03
1.786000000000000000e+03
1.768000000000000000e+03
1.812000000000000000e+03
1.862000000000000000e+03
1.798000000000000000e+03
1.845000000000000000e+03
1.781000000000000000e+03
1.833000000000000000e+03
1.840000000000000000e+03
1.832000000000000000e+03
1.838000000000000000e+03
1.899000000000000000e+03
1.895000000000000000e+03
1.877000000000000000e+03
1.873000000000000000e+03
1.905000000000000000e+03
1.923000000000000000e+03
1.930000000000000000e+03
1.915000000000000000e+03
1.907000000000000000e+03
1.974000000000000000e+03
1.902000000000000000e+03
1.936000000000000000e+03
1.954000000000000000e+03
1.986000000000000000e+03
1.961000000000000000e+03
1.985000000000000000e+03
1.961000000000000000e+03
1.988000000000000000e+03
2.016000000000000000e+03
2.099000000000000000e+03
2.030000000000000000e+03
2.018000000000000000e+03
1.992000000000000000e+03
2.037000000000000000e+03
2.031000000000000000e+03
2.104000000000000000e+03
2.129000000000000000e+03
2.117000000000000000e+03
2.146000000000000000e+03
2.079000000000000000e+03
2.085000000000000000e+03
2.107000000000000000e+03
2.111000000000000000e+03
2.153000000000000000e+03
2.178000000000000000e+03
2.166000000000000000e+03
2.182000000000000000e+03
2.203000000000000000e+03
2.227000000000000000e+03
2.204000000000000000e+03
2.217000000000000000e+03
2.273000000000000000e+03
2.247000000000000000e+03
2.250000000000000000e+03
2.241000000000000000e+03
2.230000000000000000e+03
2.343000000000000000e+03
2.334000000000000000e+03
2.284000000000000000e+03
2.315000000000000000e+03
2.337000000000000000e+03
2.326000000000000000e+03
2.325000000000000000e+03
2.364000000000000000e+03
2.286000000000000000e+03
2.331000000000000000e+03
2.356000000000000000e+03
2.354000000000000000e+03
2.333000000000000000e+03
2.325000000000000000e+03
2.415000000000000000e+03
2.388000000000000000e+03
2.369000000000000000e+03
2.375000000000000000e+03
2.407000000000000000e+03
2.439000000000000000e+03
2.405000000000000000e+03
2.423000000000000000e+03
2.426000000000000000e+03
2.475000000000000000e+03
2.458000000000000000e+03
2.498000000000000000e+03
2.514000000000000000e+03
2.465000000000000000e+03
2.406000000000000000e+03
2.536000000000000000e+03
2.864000000000000000e+03
2.864000000000000000e+03
2.543000000000000000e+03
2.501000000000000000e+03
2.480000000000000000e+03
2.596000000000000000e+03
2.528000000000000000e+03
2.546000000000000000e+03
2.530000000000000000e+03
2.496000000000000000e+03
2.625000000000000000e+03
2.564000000000000000e+03
2.568000000000000000e+03
2.601000000000000000e+03
2.556000000000000000e+03
2.602000000000000000e+03
2.637000000000000000e+03
2.593000000000000000e+03
2.626000000000000000e+03
2.644000000000000000e+03
2.620000000000000000e+03
2.635000000000000000e+03
2.682000000000000000e+03
2.745000000000000000e+03
2.712000000000000000e+03
2.689000000000000000e+03
2.682000000000000000e+03
2.760000000000000000e+03
2.727000000000000000e+03
2.737000000000000000e+03
2.687000000000000000e+03
2.732000000000000000e+03
2.788000000000000000e+03
2.730000000000000000e+03
2.803000000000000000e+03
2.806000000000000000e+03
2.825000000000000000e+03
2.860000000000000000e+03
2.892000000000000000e+03
2.802000000000000000e+03
2.901000000000000000e+03
2.846000000000000000e+03
2.880000000000000000e+03
2.956000000000000000e+03
2.953000000000000000e+03
2.895000000000000000e+03
2.920000000000000000e+03
3.000000000000000000e+03
2.941000000000000000e+03
3.027000000000000000e+03
2.974000000000000000e+03
3.052000000000000000e+03
3.084000000000000000e+03
3.058000000000000000e+03
3.034000000000000000e+03
3.096000000000000000e+03
3.025000000000000000e+03
3.101000000000000000e+03
3.173000000000000000e+03
3.113000000000000000e+03
3.152000000000000000e+03
3.203000000000000000e+03
3.122000000000000000e+03
3.151000000000000000e+03
3.226000000000000000e+03
3.268000000000000000e+03
3.190000000000000000e+03
3.241000000000000000e+03
3.143000000000000000e+03
3.228000000000000000e+03
3.261000000000000000e+03
3.284000000000000000e+03
3.339000000000000000e+03
3.423000000000000000e+03
3.360000000000000000e+03
3.234000000000000000e+03
3.380000000000000000e+03
3.463000000000000000e+03
3.427000000000000000e+03
3.381000000000000000e+03
3.328000000000000000e+03
3.369000000000000000e+03
3.395000000000000000e+03
3.434000000000000000e+03
3.379000000000000000e+03
3.360000000000000000e+03
3.462000000000000000e+03
3.446000000000000000e+03
3.464000000000000000e+03
3.439000000000000000e+03
3.433000000000000000e+03
3.457000000000000000e+03
3.489000000000000000e+03
3.421000000000000000e+03
3.442000000000000000e+03
3.527000000000000000e+03
3.554000000000000000e+03
3.482000000000000000e+03
3.575000000000000000e+03
3.413000000000000000e+03
3.447000000000000000e+03
3.484000000000000000e+03
3.473000000000000000e+03
3.539000000000000000e+03
3.626000000000000000e+03
3.514000000000000000e+03
3.545000000000000000e+03
3.554000000000000000e+03
3.559000000000000000e+03
3.557000000000000000e+03
3.545000000000000000e+03
3.454000000000000000e+03
3.568000000000000000e+03
3.542000000000000000e+03
3.678000000000000000e+03
3.614000000000000000e+03
3.580000000000000000e+03
3.588000000000000000e+03
3.616000000000000000e+03
3.593000000000000000e+03
3.644000000000000000e+03
3.573000000000000000e+03
3.552000000000000000e+03
3.644000000000000000e+03
3.655000000000000000e+03
3.652000000000000000e+03
3.603000000000000000e+03
3.625000000000000000e+03
3.652000000000000000e+03
3.650000000000000000e+03
3.600000000000000000e+03
3.658000000000000000e+03
3.635000000000000000e+03
3.620000000000000000e+03
3.620000000000000000e+03
3.609000000000000000e+03
3.649000000000000000e+03
3.663000000000000000e+03
3.680000000000000000e+03
3.644000000000000000e+03
3.646000000000000000e+03
3.575000000000000000e+03
3.595000000000000000e+03
3.605000000000000000e+03
3.601000000000000000e+03
3.576000000000000000e+03
3.631000000000000000e+03
3.626000000000000000e+03
3.643000000000000000e+03
3.615000000000000000e+03
3.601000000000000000e+03
3.579000000000000000e+03
3.625000000000000000e+03
3.682000000000000000e+03
3.654000000000000000e+03
3.670000000000000000e+03
3.615000000000000000e+03
3.550000000000000000e+03
3.549000000000000000e+03
3.776000000000000000e+03
3.656000000000000000e+03
3.643000000000000000e+03
3.636000000000000000e+03
3.647000000000000000e+03
3.580000000000000000e+03
3.645000000000000000e+03
3.755000000000000000e+03
3.660000000000000000e+03
3.695000000000000000e+03
3.677000000000000000e+03
3.655000000000000000e+03
3.591000000000000000e+03
3.752000000000000000e+03
3.651000000000000000e+03
3.627000000000000000e+03
3.686000000000000000e+03
3.675000000000000000e+03
3.765000000000000000e+03
3.655000000000000000e+03
3.634000000000000000e+03
3.704000000000000000e+03
3.711000000000000000e+03
3.679000000000000000e+03
3.694000000000000000e+03
3.708000000000000000e+03
3.704000000000000000e+03
3.774000000000000000e+03
3.695000000000000000e+03
3.684000000000000000e+03
3.749000000000000000e+03
3.705000000000000000e+03
3.736000000000000000e+03
3.662000000000000000e+03
3.713000000000000000e+03
3.774000000000000000e+03
3.790000000000000000e+03
3.777000000000000000e+03
3.785000000000000000e+03
3.774000000000000000e+03
3.741000000000000000e+03
3.720000000000000000e+03
3.746000000000000000e+03
3.747000000000000000e+03
3.804000000000000000e+03
3.835000000000000000e+03
3.804000000000000000e+03
3.804000000000000000e+03
3.759000000000000000e+03
3.797000000000000000e+03
3.783000000000000000e+03
3.888000000000000000e+03
3.720000000000000000e+03
3.803000000000000000e+03
3.747000000000000000e+03
3.826000000000000000e+03
3.841000000000000000e+03
3.860000000000000000e+03
3.775000000000000000e+03
3.791000000000000000e+03
3.893000000000000000e+03
3.806000000000000000e+03
3.873000000000000000e+03
3.831000000000000000e+03
3.827000000000000000e+03
3.871000000000000000e+03
3.864000000000000000e+03
3.790000000000000000e+03
3.779000000000000000e+03
3.811000000000000000e+03
3.890000000000000000e+03
3.816000000000000000e+03
3.884000000000000000e+03
3.818000000000000000e+03
3.850000000000000000e+03
3.800000000000000000e+03
3.881000000000000000e+03
3.933000000000000000e+03
3.832000000000000000e+03
4.017000000000000000e+03
3.964000000000000000e+03
3.974000000000000000e+03
3.894000000000000000e+03
3.968000000000000000e+03
3.922000000000000000e+03
3.924000000000000000e+03
3.973000000000000000e+03
3.952000000000000000e+03
3.936000000000000000e+03
3.965000000000000000e+03
3.952000000000000000e+03
3.867000000000000000e+03
3.912000000000000000e+03
3.984000000000000000e+03
3.903000000000000000e+03
3.905000000000000000e+03
3.907000000000000000e+03
3.880000000000000000e+03
3.932000000000000000e+03
3.990000000000000000e+03
3.927000000000000000e+03
3.898000000000000000e+03
3.972000000000000000e+03
3.972000000000000000e+03
3.984000000000000000e+03
3.939000000000000000e+03
3.969000000000000000e+03
3.961000000000000000e+03
3.988000000000000000e+03
3.960000000000000000e+03
3.894000000000000000e+03
3.950000000000000000e+03
3.987000000000000000e+03
3.953000000000000000e+03
3.892000000000000000e+03
3.936000000000000000e+03
3.993000000000000000e+03
3.947000000000000000e+03
3.947000000000000000e+03
3.921000000000000000e+03
3.885000000000000000e+03
3.975000000000000000e+03
3.990000000000000000e+03
3.846000000000000000e+03
3.962000000000000000e+03
3.922000000000000000e+03
3.867000000000000000e+03
3.901000000000000000e+03
3.905000000000000000e+03
3.940000000000000000e+03
3.893000000000000000e+03
3.867000000000000000e+03
3.866000000000000000e+03
3.858000000000000000e+03
3.904000000000000000e+03
3.839000000000000000e+03
3.895000000000000000e+03
3.864000000000000000e+03
3.801000000000000000e+03
3.816000000000000000e+03
3.863000000000000000e+03
3.899000000000000000e+03
3.832000000000000000e+03
3.859000000000000000e+03
3.925000000000000000e+03
3.866000000000000000e+03
3.875000000000000000e+03
3.776000000000000000e+03
3.871000000000000000e+03
3.818000000000000000e+03
3.845000000000000000e+03
3.807000000000000000e+03
3.768000000000000000e+03
3.787000000000000000e+03
3.792000000000000000e+03
3.786000000000000000e+03
3.719000000000000000e+03
3.785000000000000000e+03
3.739000000000000000e+03
3.784000000000000000e+03
3.741000000000000000e+03
3.711000000000000000e+03
3.679000000000000000e+03
3.759000000000000000e+03
3.740000000000000000e+03
3.763000000000000000e+03
3.703000000000000000e+03
3.651000000000000000e+03
3.715000000000000000e+03
3.689000000000000000e+03
3.694000000000000000e+03
3.667000000000000000e+03
3.646000000000000000e+03
3.690000000000000000e+03
3.602000000000000000e+03
3.704000000000000000e+03
3.642000000000000000e+03
3.625000000000000000e+03
3.584000000000000000e+03
3.697000000000000000e+03
3.596000000000000000e+03
3.628000000000000000e+03
3.547000000000000000e+03
3.588000000000000000e+03
3.595000000000000000e+03
3.573000000000000000e+03
3.480000000000000000e+03
3.603000000000000000e+03
3.545000000000000000e+03
3.639000000000000000e+03
3.527000000000000000e+03
3.473000000000000000e+03
3.487000000000000000e+03
3.463000000000000000e+03
3.435000000000000000e+03
3.490000000000000000e+03
3.487000000000000000e+03
3.462000000000000000e+03
3.519000000000000000e+03
3.482000000000000000e+03
3.441000000000000000e+03
3.474000000000000000e+03
3.464000000000000000e+03
3.442000000000000000e+03
3.452000000000000000e+03
3.427000000000000000e+03
3.481000000000000000e+03
3.412000000000000000e+03
3.416000000000000000e+03
3.441000000000000000e+03
3.354000000000000000e+03
3.331000000000000000e+03
3.397000000000000000e+03
3.344000000000000000e+03
3.415000000000000000e+03
3.405000000000000000e+03
3.410000000000000000e+03
3.335000000000000000e+03
3.373000000000000000e+03
3.354000000000000000e+03
3.462000000000000000e+03
3.385000000000000000e+03
3.395000000000000000e+03
3.286000000000000000e+03
3.328000000000000000e+03
3.353000000000000000e+03
3.283000000000000000e+03
3.291000000000000000e+03
3.244000000000000000e+03
3.328000000000000000e+03
3.371000000000000000e+03
3.322000000000000000e+03
3.323000000000000000e+03
3.276000000000000000e+03
3.328000000000000000e+03
3.314000000000000000e+03
3.316000000000000000e+03
3.314000000000000000e+03
3.245000000000000000e+03
3.276000000000000000e+03
3.336000000000000000e+03
3.324000000000000000e+03
3.248000000000000000e+03
3.294000000000000000e+03
3.401000000000000000e+03
3.225000000000000000e+03
3.308000000000000000e+03
3.325000000000000000e+03
3.260000000000000000e+03
3.247000000000000000e+03
3.271000000000000000e+03
3.268000000000000000e+03
3.267000000000000000e+03
3.252000000000000000e+03
3.267000000000000000e+03
3.175000000000000000e+03
3.237000000000000000e+03
3.203000000000000000e+03
3.200000000000000000e+03
3.182000000000000000e+03
3.162000000000000000e+03
3.123000000000000000e+03
3.235000000000000000e+03
3.224000000000000000e+03
3.164000000000000000e+03
3.140000000000000000e+03
3.115000000000000000e+03
3.115000000000000000e+03
3.141000000000000000e+03
3.149000000000000000e+03
3.173000000000000000e+03
3.162000000000000000e+03
3.099000000000000000e+03
3.206000000000000000e+03
3.146000000000000000e+03
3.139000000000000000e+03
3.193000000000000000e+03
3.098000000000000000e+03
3.092000000000000000e+03
3.065000000000000000e+03
3.114000000000000000e+03
3.130000000000000000e+03
3.133000000000000000e+03
3.117000000000000000e+03
3.067000000000000000e+03
3.080000000000000000e+03
3.097000000000000000e+03
3.031000000000000000e+03
3.087000000000000000e+03
3.086000000000000000e+03
3.108000000000000000e+03
3.063000000000000000e+03
3.018000000000000000e+03
3.006000000000000000e+03
3.017000000000000000e+03
3.036000000000000000e+03
3.047000000000000000e+03
3.045000000000000000e+03
2.957000000000000000e+03
3.026000000000000000e+03
3.005000000000000000e+03
2.971000000000000000e+03
3.035000000000000000e+03
3.030000000000000000e+03
3.009000000000000000e+03
3.038000000000000000e+03
2.927000000000000000e+03
2.975000000000000000e+03
2.936000000000000000e+03
2.943000000000000000e+03
2.920000000000000000e+03
2.978000000000000000e+03
2.907000000000000000e+03
2.956000000000000000e+03
2.999000000000000000e+03
2.888000000000000000e+03
2.884000000000000000e+03
2.946000000000000000e+03
2.925000000000000000e+03
2.902000000000000000e+03
2.901000000000000000e+03
2.877000000000000000e+03
2.860000000000000000e+03
2.859000000000000000e+03
2.820000000000000000e+03
2.846000000000000000e+03
2.847000000000000000e+03
2.880000000000000000e+03
2.815000000000000000e+03
2.777000000000000000e+03
2.817000000000000000e+03
2.851000000000000000e+03
2.797000000000000000e+03
2.766000000000000000e+03
2.847000000000000000e+03
2.770000000000000000e+03
2.751000000000000000e+03
2.727000000000000000e+03
2.741000000000000000e+03
2.751000000000000000e+03
2.720000000000000000e+03
2.694000000000000000e+03
2.734000000000000000e+03
2.666000000000000000e+03
2.699000000000000000e+03
2.764000000000000000e+03
2.700000000000000000e+03
2.684000000000000000e+03
2.668000000000000000e+03
2.663000000000000000e+03
2.637000000000000000e+03
2.628000000000000000e+03
2.676000000000000000e+03
2.673000000000000000e+03
2.610000000000000000e+03
2.614000000000000000e+03
2.617000000000000000e+03
2.640000000000000000e+03
2.563000000000000000e+03
2.621000000000000000e+03
2.577000000000000000e+03
2.579000000000000000e+03
2.557000000000000000e+03
2.587000000000000000e+03
2.547000000000000000e+03
2.498000000000000000e+03
2.514000000000000000e+03
2.518000000000000000e+03
2.583000000000000000e+03
2.450000000000000000e+03
2.477000000000000000e+03
2.384000000000000000e+03
2.413000000000000000e+03
2.458000000000000000e+03
2.488000000000000000e+03
2.455000000000000000e+03
2.397000000000000000e+03
2.439000000000000000e+03
2.437000000000000000e+03
2.420000000000000000e+03
2.378000000000000000e+03
2.343000000000000000e+03
2.415000000000000000e+03
2.350000000000000000e+03
2.329000000000000000e+03
2.361000000000000000e+03
2.314000000000000000e+03
2.303000000000000000e+03
2.333000000000000000e+03
2.370000000000000000e+03
2.326000000000000000e+03
2.328000000000000000e+03
2.287000000000000000e+03
2.258000000000000000e+03
2.305000000000000000e+03
2.305000000000000000e+03
2.309000000000000000e+03
2.271000000000000000e+03
2.244000000000000000e+03
2.250000000000000000e+03
2.259000000000000000e+03
2.254000000000000000e+03
2.278000000000000000e+03
2.221000000000000000e+03
2.253000000000000000e+03
2.235000000000000000e+03
2.281000000000000000e+03
2.233000000000000000e+03
2.218000000000000000e+03
2.211000000000000000e+03
2.219000000000000000e+03
2.139000000000000000e+03
2.215000000000000000e+03
2.189000000000000000e+03
2.178000000000000000e+03
2.170000000000000000e+03
2.134000000000000000e+03
2.126000000000000000e+03
