1.630000000000000000e+03
1.638000000000000000e+03
1.721000000000000000e+03
1.635000000000000000e+03
1.648000000000000000e+03
1.636000000000000000e+03
1.672000000000000000e+03
1.646000000000000000e+03
1.635000000000000000e+03
1.684000000000000000e+03
1.716000000000000000e+03
1.725000000000000000e+03
1.729000000000000000e+03
1.739000000000000000e+03
1.692000000000000000e+03
1.753000000000000000e+03
1.670000000000000000e+03
1.702000000000000000e+03
1.731000000000000000e+03
1.697000000000000000e+03
1.730000000000000000e+03
1.773000000000000000e+03
1.752000000000000000e+03
1.754000000000000000e+03
1.778000000000000000e+03
1.745000000000000000e+03
1.803000000000000000e+03
1.780000000000000000e+03
1.805000000000000000e+03
1.732000000000000000e+03
1.783000000000000000e+03
1.846000000000000000e+03
1.797000000000000000e+03
1.815000000000000000e+03
1.789000000000000000e+03
1.802000000000000000e+03
1.785000000000000000e+03
1.823000000000000000e+03
1.846000000000000000e+03
1.798000000000000000e+03
1.829000000000000000e+03
1.843000000000000000e+03
1.855000000000000000e+03
1.881000000000000000e+03
1.861000000000000000e+03
1.890000000000000000e+03
1.843000000000000000e+03
1.890000000000000000e+03
1.835000000000000000e+03
1.874000000000000000e+03
1.876000000000000000e+03
1.891000000000000000e+03
1.901000000000000000e+03
1.890000000000000000e+03
1.900000000000000000e+03
1.917000000000000000e+03
1.907000000000000000e+03
1.974000000000000000e+03
1.933000000000000000e+03
1.957000000000000000e+03
2.067000000000000000e+03
1.903000000000000000e+03
1.949000000000000000e+03
1.962000000000000000e+03
1.930000000000000000e+03
1.959000000000000000e+03
1.982000000000000000e+03
1.986000000000000000e+03
2.009000000000000000e+03
1.960000000000000000e+03
1.987000000000000000e+03
1.957000000000000000e+03
1.973000000000000000e+03
2.003000000000000000e+03
1.960000000000000000e+03
1.946000000000000000e+03
2.015000000000000000e+03
1.970000000000000000e+03
2.019000000000000000e+03
2.028000000000000000e+03
2.032000000000000000e+03
2.047000000000000000e+03
2.045000000000000000e+03
2.058000000000000000e+03
2.073000000000000000e+03
2.109000000000000000e+03
2.058000000000000000e+03
2.079000000000000000e+03
2.072000000000000000e+03
2.035000000000000000e+03
2.099000000000000000e+03
2.073000000000000000e+03
2.078000000000000000e+03
2.089000000000000000e+03
2.110000000000000000e+03
2.090000000000000000e+03
2.143000000000000000e+03
2.088000000000000000e+03
2.110000000000000000e+03
2.088000000000000000e+03
2.089000000000000000e+03
2.142000000000000000e+03
2.157000000000000000e+03
2.141000000000000000e+03
2.185000000000000000e+03
2.210000000000000000e+03
2.201000000000000000e+03
2.207000000000000000e+03
2.219000000000000000e+03
2.231000000000000000e+03
2.233000000000000000e+03
2.234000000000000000e+03
2.283000000000000000e+03
2.238000000000000000e+03
2.270000000000000000e+03
2.283000000000000000e+03
2.308000000000000000e+03
2.291000000000000000e+03
2.353000000000000000e+03
2.325000000000000000e+03
2.346000000000000000e+03
2.313000000000000000e+03
2.318000000000000000e+03
2.363000000000000000e+03
2.374000000000000000e+03
2.368000000000000000e+03
2.362000000000000000e+03
2.376000000000000000e+03
2.414000000000000000e+03
2.420000000000000000e+03
2.397000000000000000e+03
2.424000000000000000e+03
2.452000000000000000e+03
2.597000000000000000e+03
2.444000000000000000e+03
2.450000000000000000e+03
2.476000000000000000e+03
2.480000000000000000e+03
2.531000000000000000e+03
2.521000000000000000e+03
2.572000000000000000e+03
2.548000000000000000e+03
2.589000000000000000e+03
2.602000000000000000e+03
2.578000000000000000e+03
2.576000000000000000e+03
2.612000000000000000e+03
2.659000000000000000e+03
2.604000000000000000e+03
2.713000000000000000e+03
2.676000000000000000e+03
2.685000000000000000e+03
2.694000000000000000e+03
2.689000000000000000e+03
2.726000000000000000e+03
2.788000000000000000e+03
2.750000000000000000e+03
2.733000000000000000e+03
2.746000000000000000e+03
2.781000000000000000e+03
2.732000000000000000e+03
2.725000000000000000e+03
2.782000000000000000e+03
2.800000000000000000e+03
2.795000000000000000e+03
2.769000000000000000e+03
2.859000000000000000e+03
2.833000000000000000e+03
2.840000000000000000e+03
2.838000000000000000e+03
2.822000000000000000e+03
2.891000000000000000e+03
2.854000000000000000e+03
2.845000000000000000e+03
2.901000000000000000e+03
2.953000000000000000e+03
2.859000000000000000e+03
2.956000000000000000e+03
2.951000000000000000e+03
2.918000000000000000e+03
2.915000000000000000e+03
2.974000000000000000e+03
2.944000000000000000e+03
2.990000000000000000e+03
3.160000000000000000e+03
3.519000000000000000e+03
3.376000000000000000e+03
3.009000000000000000e+03
2.980000000000000000e+03
3.012000000000000000e+03
3.071000000000000000e+03
2.960000000000000000e+03
3.058000000000000000e+03
3.048000000000000000e+03
3.089000000000000000e+03
3.123000000000000000e+03
3.072000000000000000e+03
3.172000000000000000e+03
3.141000000000000000e+03
3.138000000000000000e+03
3.146000000000000000e+03
3.133000000000000000e+03
3.089000000000000000e+03
3.154000000000000000e+03
3.156000000000000000e+03
3.109000000000000000e+03
3.127000000000000000e+03
3.223000000000000000e+03
3.240000000000000000e+03
3.240000000000000000e+03
3.227000000000000000e+03
3.215000000000000000e+03
3.262000000000000000e+03
3.268000000000000000e+03
3.280000000000000000e+03
3.282000000000000000e+03
3.291000000000000000e+03
3.321000000000000000e+03
3.337000000000000000e+03
3.357000000000000000e+03
3.437000000000000000e+03
3.434000000000000000e+03
3.382000000000000000e+03
3.379000000000000000e+03
3.399000000000000000e+03
3.451000000000000000e+03
3.445000000000000000e+03
3.505000000000000000e+03
3.442000000000000000e+03
3.486000000000000000e+03
3.491000000000000000e+03
3.614000000000000000e+03
3.474000000000000000e+03
3.600000000000000000e+03
3.581000000000000000e+03
3.626000000000000000e+03
3.648000000000000000e+03
3.628000000000000000e+03
3.649000000000000000e+03
3.703000000000000000e+03
3.721000000000000000e+03
3.693000000000000000e+03
3.749000000000000000e+03
3.763000000000000000e+03
3.795000000000000000e+03
3.707000000000000000e+03
3.818000000000000000e+03
3.854000000000000000e+03
3.851000000000000000e+03
3.906000000000000000e+03
3.878000000000000000e+03
3.849000000000000000e+03
3.892000000000000000e+03
3.947000000000000000e+03
3.916000000000000000e+03
3.860000000000000000e+03
3.986000000000000000e+03
4.061000000000000000e+03
4.035000000000000000e+03
4.004000000000000000e+03
3.976000000000000000e+03
4.000000000000000000e+03
4.075000000000000000e+03
4.018000000000000000e+03
4.000000000000000000e+03
4.049000000000000000e+03
4.032000000000000000e+03
4.006000000000000000e+03
4.065000000000000000e+03
4.048000000000000000e+03
4.058000000000000000e+03
4.128000000000000000e+03
4.033000000000000000e+03
4.082000000000000000e+03
4.077000000000000000e+03
4.156000000000000000e+03
4.048000000000000000e+03
4.142000000000000000e+03
4.076000000000000000e+03
4.107000000000000000e+03
4.157000000000000000e+03
4.085000000000000000e+03
4.101000000000000000e+03
4.161000000000000000e+03
4.146000000000000000e+03
4.234000000000000000e+03
4.230000000000000000e+03
4.182000000000000000e+03
4.143000000000000000e+03
4.217000000000000000e+03
4.192000000000000000e+03
4.240000000000000000e+03
4.184000000000000000e+03
4.250000000000000000e+03
4.323000000000000000e+03
4.221000000000000000e+03
4.253000000000000000e+03
4.169000000000000000e+03
4.260000000000000000e+03
4.251000000000000000e+03
4.234000000000000000e+03
4.243000000000000000e+03
4.218000000000000000e+03
4.273000000000000000e+03
4.343000000000000000e+03
4.296000000000000000e+03
4.303000000000000000e+03
4.341000000000000000e+03
4.318000000000000000e+03
4.322000000000000000e+03
4.320000000000000000e+03
4.315000000000000000e+03
4.323000000000000000e+03
4.316000000000000000e+03
4.385000000000000000e+03
4.296000000000000000e+03
4.343000000000000000e+03
4.342000000000000000e+03
4.341000000000000000e+03
4.351000000000000000e+03
4.364000000000000000e+03
4.351000000000000000e+03
4.389000000000000000e+03
4.379000000000000000e+03
4.347000000000000000e+03
4.380000000000000000e+03
4.419000000000000000e+03
4.370000000000000000e+03
4.398000000000000000e+03
4.347000000000000000e+03
4.389000000000000000e+03
4.430000000000000000e+03
4.397000000000000000e+03
4.360000000000000000e+03
4.419000000000000000e+03
4.366000000000000000e+03
4.400000000000000000e+03
4.375000000000000000e+03
4.421000000000000000e+03
4.294000000000000000e+03
4.332000000000000000e+03
4.313000000000000000e+03
4.371000000000000000e+03
4.386000000000000000e+03
4.509000000000000000e+03
4.332000000000000000e+03
4.314000000000000000e+03
4.419000000000000000e+03
4.408000000000000000e+03
4.454000000000000000e+03
4.360000000000000000e+03
4.384000000000000000e+03
4.411000000000000000e+03
4.381000000000000000e+03
4.404000000000000000e+03
4.309000000000000000e+03
4.360000000000000000e+03
4.386000000000000000e+03
4.430000000000000000e+03
4.396000000000000000e+03
4.463000000000000000e+03
4.421000000000000000e+03
4.472000000000000000e+03
4.449000000000000000e+03
4.452000000000000000e+03
4.391000000000000000e+03
4.535000000000000000e+03
4.444000000000000000e+03
4.414000000000000000e+03
4.521000000000000000e+03
4.435000000000000000e+03
4.479000000000000000e+03
4.521000000000000000e+03
4.428000000000000000e+03
4.542000000000000000e+03
4.518000000000000000e+03
4.451000000000000000e+03
4.446000000000000000e+03
4.612000000000000000e+03
4.492000000000000000e+03
4.452000000000000000e+03
4.559000000000000000e+03
4.553000000000000000e+03
4.537000000000000000e+03
4.584000000000000000e+03
4.521000000000000000e+03
4.539000000000000000e+03
4.607000000000000000e+03
4.631000000000000000e+03
4.608000000000000000e+03
4.515000000000000000e+03
4.679000000000000000e+03
4.687000000000000000e+03
4.650000000000000000e+03
4.545000000000000000e+03
4.575000000000000000e+03
4.590000000000000000e+03
4.675000000000000000e+03
4.588000000000000000e+03
4.635000000000000000e+03
4.674000000000000000e+03
4.608000000000000000e+03
4.686000000000000000e+03
4.597000000000000000e+03
4.623000000000000000e+03
4.689000000000000000e+03
4.705000000000000000e+03
4.513000000000000000e+03
4.663000000000000000e+03
4.710000000000000000e+03
4.671000000000000000e+03
4.707000000000000000e+03
4.698000000000000000e+03
4.631000000000000000e+03
4.652000000000000000e+03
4.786000000000000000e+03
4.755000000000000000e+03
4.724000000000000000e+03
4.731000000000000000e+03
4.757000000000000000e+03
4.708000000000000000e+03
4.714000000000000000e+03
4.689000000000000000e+03
4.751000000000000000e+03
4.694000000000000000e+03
4.712000000000000000e+03
4.792000000000000000e+03
4.711000000000000000e+03
4.826000000000000000e+03
4.756000000000000000e+03
4.773000000000000000e+03
4.792000000000000000e+03
4.758000000000000000e+03
4.693000000000000000e+03
4.781000000000000000e+03
4.814000000000000000e+03
4.909000000000000000e+03
4.788000000000000000e+03
4.738000000000000000e+03
4.746000000000000000e+03
4.801000000000000000e+03
4.790000000000000000e+03
4.757000000000000000e+03
4.741000000000000000e+03
4.788000000000000000e+03
4.846000000000000000e+03
4.724000000000000000e+03
4.922000000000000000e+03
4.754000000000000000e+03
4.749000000000000000e+03
4.741000000000000000e+03
4.749000000000000000e+03
4.841000000000000000e+03
4.836000000000000000e+03
4.774000000000000000e+03
4.883000000000000000e+03
4.751000000000000000e+03
4.743000000000000000e+03
4.685000000000000000e+03
4.745000000000000000e+03
4.726000000000000000e+03
4.783000000000000000e+03
4.738000000000000000e+03
4.771000000000000000e+03
4.866000000000000000e+03
4.756000000000000000e+03
4.782000000000000000e+03
4.776000000000000000e+03
4.758000000000000000e+03
4.769000000000000000e+03
4.813000000000000000e+03
4.797000000000000000e+03
4.692000000000000000e+03
4.736000000000000000e+03
4.643000000000000000e+03
4.846000000000000000e+03
4.730000000000000000e+03
4.769000000000000000e+03
4.729000000000000000e+03
4.711000000000000000e+03
4.721000000000000000e+03
4.601000000000000000e+03
4.635000000000000000e+03
4.747000000000000000e+03
4.695000000000000000e+03
4.658000000000000000e+03
4.591000000000000000e+03
4.722000000000000000e+03
4.650000000000000000e+03
4.698000000000000000e+03
4.729000000000000000e+03
4.671000000000000000e+03
4.613000000000000000e+03
4.648000000000000000e+03
4.605000000000000000e+03
4.635000000000000000e+03
4.602000000000000000e+03
4.630000000000000000e+03
4.512000000000000000e+03
4.782000000000000000e+03
4.515000000000000000e+03
4.669000000000000000e+03
4.564000000000000000e+03
4.521000000000000000e+03
4.521000000000000000e+03
4.526000000000000000e+03
4.527000000000000000e+03
4.569000000000000000e+03
4.570000000000000000e+03
4.491000000000000000e+03
4.476000000000000000e+03
4.406000000000000000e+03
4.486000000000000000e+03
4.437000000000000000e+03
4.419000000000000000e+03
4.480000000000000000e+03
4.453000000000000000e+03
4.493000000000000000e+03
4.423000000000000000e+03
4.419000000000000000e+03
4.405000000000000000e+03
4.370000000000000000e+03
4.394000000000000000e+03
4.374000000000000000e+03
4.363000000000000000e+03
4.342000000000000000e+03
4.388000000000000000e+03
4.384000000000000000e+03
4.524000000000000000e+03
4.366000000000000000e+03
4.285000000000000000e+03
4.288000000000000000e+03
4.260000000000000000e+03
4.300000000000000000e+03
4.328000000000000000e+03
4.255000000000000000e+03
4.321000000000000000e+03
4.229000000000000000e+03
4.261000000000000000e+03
4.357000000000000000e+03
4.254000000000000000e+03
4.251000000000000000e+03
4.219000000000000000e+03
4.314000000000000000e+03
4.151000000000000000e+03
4.169000000000000000e+03
4.147000000000000000e+03
4.094000000000000000e+03
4.112000000000000000e+03
4.115000000000000000e+03
4.163000000000000000e+03
4.055000000000000000e+03
4.144000000000000000e+03
4.148000000000000000e+03
4.254000000000000000e+03
4.098000000000000000e+03
4.143000000000000000e+03
4.097000000000000000e+03
4.153000000000000000e+03
4.112000000000000000e+03
4.093000000000000000e+03
4.139000000000000000e+03
4.070000000000000000e+03
4.091000000000000000e+03
4.061000000000000000e+03
4.111000000000000000e+03
4.111000000000000000e+03
4.009000000000000000e+03
4.098000000000000000e+03
3.967000000000000000e+03
4.023000000000000000e+03
4.014000000000000000e+03
4.086000000000000000e+03
4.028000000000000000e+03
3.982000000000000000e+03
4.046000000000000000e+03
4.040000000000000000e+03
4.021000000000000000e+03
4.065000000000000000e+03
4.081000000000000000e+03
4.040000000000000000e+03
3.961000000000000000e+03
4.043000000000000000e+03
4.002000000000000000e+03
3.974000000000000000e+03
4.005000000000000000e+03
4.038000000000000000e+03
4.031000000000000000e+03
3.897000000000000000e+03
3.988000000000000000e+03
3.971000000000000000e+03
3.969000000000000000e+03
3.902000000000000000e+03
3.902000000000000000e+03
3.833000000000000000e+03
3.918000000000000000e+03
3.875000000000000000e+03
3.912000000000000000e+03
4.029000000000000000e+03
3.934000000000000000e+03
3.909000000000000000e+03
3.954000000000000000e+03
3.872000000000000000e+03
3.899000000000000000e+03
3.848000000000000000e+03
3.847000000000000000e+03
3.861000000000000000e+03
3.840000000000000000e+03
3.862000000000000000e+03
3.844000000000000000e+03
3.850000000000000000e+03
3.803000000000000000e+03
3.836000000000000000e+03
3.784000000000000000e+03
3.872000000000000000e+03
3.808000000000000000e+03
3.810000000000000000e+03
3.777000000000000000e+03
3.821000000000000000e+03
3.752000000000000000e+03
3.784000000000000000e+03
3.833000000000000000e+03
3.787000000000000000e+03
3.762000000000000000e+03
3.708000000000000000e+03
3.737000000000000000e+03
3.787000000000000000e+03
3.691000000000000000e+03
3.733000000000000000e+03
3.672000000000000000e+03
3.691000000000000000e+03
3.743000000000000000e+03
3.715000000000000000e+03
3.638000000000000000e+03
3.688000000000000000e+03
3.638000000000000000e+03
3.690000000000000000e+03
3.647000000000000000e+03
3.609000000000000000e+03
3.657000000000000000e+03
3.696000000000000000e+03
3.620000000000000000e+03
3.651000000000000000e+03
3.606000000000000000e+03
3.599000000000000000e+03
3.656000000000000000e+03
3.632000000000000000e+03
3.627000000000000000e+03
3.633000000000000000e+03
3.639000000000000000e+03
3.593000000000000000e+03
3.589000000000000000e+03
3.527000000000000000e+03
3.591000000000000000e+03
3.570000000000000000e+03
3.491000000000000000e+03
3.607000000000000000e+03
3.570000000000000000e+03
3.506000000000000000e+03
3.560000000000000000e+03
3.483000000000000000e+03
3.543000000000000000e+03
3.560000000000000000e+03
3.505000000000000000e+03
3.473000000000000000e+03
3.471000000000000000e+03
3.478000000000000000e+03
3.425000000000000000e+03
3.458000000000000000e+03
3.454000000000000000e+03
3.402000000000000000e+03
3.497000000000000000e+03
3.374000000000000000e+03
3.372000000000000000e+03
3.429000000000000000e+03
3.436000000000000000e+03
3.350000000000000000e+03
3.349000000000000000e+03
3.340000000000000000e+03
3.335000000000000000e+03
3.325000000000000000e+03
3.356000000000000000e+03
3.270000000000000000e+03
3.352000000000000000e+03
3.255000000000000000e+03
3.270000000000000000e+03
3.232000000000000000e+03
3.216000000000000000e+03
3.264000000000000000e+03
3.226000000000000000e+03
3.256000000000000000e+03
3.245000000000000000e+03
3.196000000000000000e+03
3.201000000000000000e+03
3.184000000000000000e+03
3.217000000000000000e+03
3.135000000000000000e+03
3.097000000000000000e+03
3.126000000000000000e+03
3.125000000000000000e+03
3.234000000000000000e+03
3.111000000000000000e+03
3.083000000000000000e+03
3.061000000000000000e+03
3.067000000000000000e+03
3.129000000000000000e+03
3.054000000000000000e+03
3.070000000000000000e+03
3.094000000000000000e+03
3.046000000000000000e+03
2.955000000000000000e+03
3.001000000000000000e+03
3.025000000000000000e+03
3.040000000000000000e+03
3.000000000000000000e+03
2.938000000000000000e+03
2.874000000000000000e+03
2.867000000000000000e+03
2.904000000000000000e+03
2.953000000000000000e+03
2.925000000000000000e+03
2.904000000000000000e+03
2.863000000000000000e+03
2.892000000000000000e+03
2.814000000000000000e+03
2.878000000000000000e+03
2.868000000000000000e+03
2.790000000000000000e+03
2.832000000000000000e+03
2.824000000000000000e+03
2.800000000000000000e+03
2.777000000000000000e+03
2.781000000000000000e+03
2.817000000000000000e+03
2.796000000000000000e+03
2.801000000000000000e+03
2.783000000000000000e+03
2.722000000000000000e+03
2.722000000000000000e+03
2.724000000000000000e+03
2.691000000000000000e+03
2.659000000000000000e+03
2.688000000000000000e+03
2.680000000000000000e+03
2.705000000000000000e+03
2.626000000000000000e+03
2.631000000000000000e+03
2.629000000000000000e+03
2.617000000000000000e+03
2.630000000000000000e+03
2.596000000000000000e+03
2.618000000000000000e+03
2.599000000000000000e+03
2.627000000000000000e+03
2.573000000000000000e+03
2.572000000000000000e+03
2.613000000000000000e+03
2.559000000000000000e+03
2.594000000000000000e+03
2.506000000000000000e+03
2.553000000000000000e+03
2.590000000000000000e+03
2.551000000000000000e+03
2.552000000000000000e+03
2.489000000000000000e+03
