1.747000000000000000e+03
1.804000000000000000e+03
1.717000000000000000e+03
1.766000000000000000e+03
1.840000000000000000e+03
1.767000000000000000e+03
1.761000000000000000e+03
1.795000000000000000e+03
1.793000000000000000e+03
1.821000000000000000e+03
1.850000000000000000e+03
1.806000000000000000e+03
1.786000000000000000e+03
1.870000000000000000e+03
1.803000000000000000e+03
1.832000000000000000e+03
1.844000000000000000e+03
1.833000000000000000e+03
1.868000000000000000e+03
1.890000000000000000e+03
1.873000000000000000e+03
1.889000000000000000e+03
1.915000000000000000e+03
1.885000000000000000e+03
1.896000000000000000e+03
1.947000000000000000e+03
1.926000000000000000e+03
1.890000000000000000e+03
1.914000000000000000e+03
1.909000000000000000e+03
1.886000000000000000e+03
1.928000000000000000e+03
1.969000000000000000e+03
1.960000000000000000e+03
1.958000000000000000e+03
1.992000000000000000e+03
1.973000000000000000e+03
2.003000000000000000e+03
1.981000000000000000e+03
1.985000000000000000e+03
1.996000000000000000e+03
2.050000000000000000e+03
1.991000000000000000e+03
1.955000000000000000e+03
1.967000000000000000e+03
2.025000000000000000e+03
2.041000000000000000e+03
2.007000000000000000e+03
2.039000000000000000e+03
2.006000000000000000e+03
2.003000000000000000e+03
2.034000000000000000e+03
2.051000000000000000e+03
2.030000000000000000e+03
2.044000000000000000e+03
2.130000000000000000e+03
2.041000000000000000e+03
2.046000000000000000e+03
2.061000000000000000e+03
2.200000000000000000e+03
2.117000000000000000e+03
2.107000000000000000e+03
2.064000000000000000e+03
2.075000000000000000e+03
2.069000000000000000e+03
2.179000000000000000e+03
2.138000000000000000e+03
2.173000000000000000e+03
2.183000000000000000e+03
2.126000000000000000e+03
2.135000000000000000e+03
2.133000000000000000e+03
2.130000000000000000e+03
2.211000000000000000e+03
2.224000000000000000e+03
2.154000000000000000e+03
2.222000000000000000e+03
2.212000000000000000e+03
2.203000000000000000e+03
2.257000000000000000e+03
2.233000000000000000e+03
2.165000000000000000e+03
2.180000000000000000e+03
2.187000000000000000e+03
2.278000000000000000e+03
2.186000000000000000e+03
2.215000000000000000e+03
2.273000000000000000e+03
2.270000000000000000e+03
2.269000000000000000e+03
2.321000000000000000e+03
2.275000000000000000e+03
2.355000000000000000e+03
2.357000000000000000e+03
2.270000000000000000e+03
2.247000000000000000e+03
2.339000000000000000e+03
2.331000000000000000e+03
2.335000000000000000e+03
2.328000000000000000e+03
2.366000000000000000e+03
2.358000000000000000e+03
2.339000000000000000e+03
2.410000000000000000e+03
2.368000000000000000e+03
2.365000000000000000e+03
2.348000000000000000e+03
2.419000000000000000e+03
2.417000000000000000e+03
2.437000000000000000e+03
2.430000000000000000e+03
2.425000000000000000e+03
2.495000000000000000e+03
2.419000000000000000e+03
2.483000000000000000e+03
2.489000000000000000e+03
2.535000000000000000e+03
2.523000000000000000e+03
2.587000000000000000e+03
2.538000000000000000e+03
2.567000000000000000e+03
2.583000000000000000e+03
2.562000000000000000e+03
2.651000000000000000e+03
2.672000000000000000e+03
2.647000000000000000e+03
2.582000000000000000e+03
2.648000000000000000e+03
2.698000000000000000e+03
2.641000000000000000e+03
2.614000000000000000e+03
2.693000000000000000e+03
2.701000000000000000e+03
2.732000000000000000e+03
2.767000000000000000e+03
2.728000000000000000e+03
2.786000000000000000e+03
2.791000000000000000e+03
2.768000000000000000e+03
2.826000000000000000e+03
2.833000000000000000e+03
2.892000000000000000e+03
2.818000000000000000e+03
2.765000000000000000e+03
2.889000000000000000e+03
2.874000000000000000e+03
2.869000000000000000e+03
2.848000000000000000e+03
2.898000000000000000e+03
2.918000000000000000e+03
2.892000000000000000e+03
2.971000000000000000e+03
2.937000000000000000e+03
2.957000000000000000e+03
2.949000000000000000e+03
3.004000000000000000e+03
2.991000000000000000e+03
3.027000000000000000e+03
3.027000000000000000e+03
3.055000000000000000e+03
3.044000000000000000e+03
3.050000000000000000e+03
2.963000000000000000e+03
3.091000000000000000e+03
3.039000000000000000e+03
3.121000000000000000e+03
3.160000000000000000e+03
3.162000000000000000e+03
3.147000000000000000e+03
3.086000000000000000e+03
3.127000000000000000e+03
3.165000000000000000e+03
3.129000000000000000e+03
3.238000000000000000e+03
3.168000000000000000e+03
3.134000000000000000e+03
3.218000000000000000e+03
3.150000000000000000e+03
3.236000000000000000e+03
3.240000000000000000e+03
3.277000000000000000e+03
3.268000000000000000e+03
3.284000000000000000e+03
3.665000000000000000e+03
3.824000000000000000e+03
3.455000000000000000e+03
3.320000000000000000e+03
3.292000000000000000e+03
3.307000000000000000e+03
3.340000000000000000e+03
3.282000000000000000e+03
3.320000000000000000e+03
3.361000000000000000e+03
3.286000000000000000e+03
3.357000000000000000e+03
3.377000000000000000e+03
3.384000000000000000e+03
3.339000000000000000e+03
3.480000000000000000e+03
3.495000000000000000e+03
3.414000000000000000e+03
3.381000000000000000e+03
3.554000000000000000e+03
3.405000000000000000e+03
3.486000000000000000e+03
3.528000000000000000e+03
3.534000000000000000e+03
3.493000000000000000e+03
3.582000000000000000e+03
3.577000000000000000e+03
3.569000000000000000e+03
3.505000000000000000e+03
3.638000000000000000e+03
3.617000000000000000e+03
3.658000000000000000e+03
3.699000000000000000e+03
3.606000000000000000e+03
3.712000000000000000e+03
3.734000000000000000e+03
3.732000000000000000e+03
3.658000000000000000e+03
3.765000000000000000e+03
3.784000000000000000e+03
3.765000000000000000e+03
3.821000000000000000e+03
3.789000000000000000e+03
3.831000000000000000e+03
3.852000000000000000e+03
3.879000000000000000e+03
3.894000000000000000e+03
3.899000000000000000e+03
3.930000000000000000e+03
3.928000000000000000e+03
3.910000000000000000e+03
3.956000000000000000e+03
4.014000000000000000e+03
4.056000000000000000e+03
3.989000000000000000e+03
4.060000000000000000e+03
4.061000000000000000e+03
4.057000000000000000e+03
4.117000000000000000e+03
4.094000000000000000e+03
4.128000000000000000e+03
4.098000000000000000e+03
4.103000000000000000e+03
4.174000000000000000e+03
4.141000000000000000e+03
4.169000000000000000e+03
4.180000000000000000e+03
4.191000000000000000e+03
4.177000000000000000e+03
4.219000000000000000e+03
4.227000000000000000e+03
4.260000000000000000e+03
4.323000000000000000e+03
4.414000000000000000e+03
4.335000000000000000e+03
4.330000000000000000e+03
4.313000000000000000e+03
4.458000000000000000e+03
4.453000000000000000e+03
4.431000000000000000e+03
4.281000000000000000e+03
4.427000000000000000e+03
4.385000000000000000e+03
4.459000000000000000e+03
4.450000000000000000e+03
4.490000000000000000e+03
4.434000000000000000e+03
4.386000000000000000e+03
4.451000000000000000e+03
4.468000000000000000e+03
4.584000000000000000e+03
4.496000000000000000e+03
4.508000000000000000e+03
4.410000000000000000e+03
4.540000000000000000e+03
4.420000000000000000e+03
4.529000000000000000e+03
4.620000000000000000e+03
4.565000000000000000e+03
4.513000000000000000e+03
4.513000000000000000e+03
4.523000000000000000e+03
4.552000000000000000e+03
4.519000000000000000e+03
4.599000000000000000e+03
4.626000000000000000e+03
4.579000000000000000e+03
4.669000000000000000e+03
4.662000000000000000e+03
4.506000000000000000e+03
4.640000000000000000e+03
4.659000000000000000e+03
4.687000000000000000e+03
4.564000000000000000e+03
4.684000000000000000e+03
4.724000000000000000e+03
4.747000000000000000e+03
4.623000000000000000e+03
4.661000000000000000e+03
4.640000000000000000e+03
4.664000000000000000e+03
4.691000000000000000e+03
4.667000000000000000e+03
4.714000000000000000e+03
4.709000000000000000e+03
4.717000000000000000e+03
4.742000000000000000e+03
4.714000000000000000e+03
4.725000000000000000e+03
4.702000000000000000e+03
4.755000000000000000e+03
4.777000000000000000e+03
4.740000000000000000e+03
4.778000000000000000e+03
4.728000000000000000e+03
4.699000000000000000e+03
4.790000000000000000e+03
4.788000000000000000e+03
4.704000000000000000e+03
4.737000000000000000e+03
4.811000000000000000e+03
4.792000000000000000e+03
4.725000000000000000e+03
4.697000000000000000e+03
4.715000000000000000e+03
4.738000000000000000e+03
4.761000000000000000e+03
4.759000000000000000e+03
4.795000000000000000e+03
4.731000000000000000e+03
4.773000000000000000e+03
4.686000000000000000e+03
4.790000000000000000e+03
4.827000000000000000e+03
4.787000000000000000e+03
4.822000000000000000e+03
4.669000000000000000e+03
4.728000000000000000e+03
4.771000000000000000e+03
4.758000000000000000e+03
4.776000000000000000e+03
4.766000000000000000e+03
4.777000000000000000e+03
4.795000000000000000e+03
4.736000000000000000e+03
4.769000000000000000e+03
4.788000000000000000e+03
4.770000000000000000e+03
4.743000000000000000e+03
4.732000000000000000e+03
4.815000000000000000e+03
4.821000000000000000e+03
4.784000000000000000e+03
4.855000000000000000e+03
4.809000000000000000e+03
4.858000000000000000e+03
4.794000000000000000e+03
4.868000000000000000e+03
4.974000000000000000e+03
4.802000000000000000e+03
4.865000000000000000e+03
4.808000000000000000e+03
4.893000000000000000e+03
4.889000000000000000e+03
4.893000000000000000e+03
4.854000000000000000e+03
4.888000000000000000e+03
4.895000000000000000e+03
4.990000000000000000e+03
4.995000000000000000e+03
4.921000000000000000e+03
4.861000000000000000e+03
4.898000000000000000e+03
4.977000000000000000e+03
4.978000000000000000e+03
5.014000000000000000e+03
4.911000000000000000e+03
4.929000000000000000e+03
4.954000000000000000e+03
4.989000000000000000e+03
4.980000000000000000e+03
4.927000000000000000e+03
4.938000000000000000e+03
4.985000000000000000e+03
4.898000000000000000e+03
5.008000000000000000e+03
5.022000000000000000e+03
4.920000000000000000e+03
4.974000000000000000e+03
5.064000000000000000e+03
5.041000000000000000e+03
4.981000000000000000e+03
5.044000000000000000e+03
4.964000000000000000e+03
4.925000000000000000e+03
5.022000000000000000e+03
4.970000000000000000e+03
4.992000000000000000e+03
5.024000000000000000e+03
5.039000000000000000e+03
4.977000000000000000e+03
5.012000000000000000e+03
5.005000000000000000e+03
5.036000000000000000e+03
5.062000000000000000e+03
5.010000000000000000e+03
5.048000000000000000e+03
5.031000000000000000e+03
4.988000000000000000e+03
5.129000000000000000e+03
5.104000000000000000e+03
5.101000000000000000e+03
5.038000000000000000e+03
5.085000000000000000e+03
5.102000000000000000e+03
5.116000000000000000e+03
5.151000000000000000e+03
5.121000000000000000e+03
5.159000000000000000e+03
5.137000000000000000e+03
5.104000000000000000e+03
5.110000000000000000e+03
5.174000000000000000e+03
5.199000000000000000e+03
5.198000000000000000e+03
5.200000000000000000e+03
5.112000000000000000e+03
5.124000000000000000e+03
5.103000000000000000e+03
5.149000000000000000e+03
5.185000000000000000e+03
5.292000000000000000e+03
5.137000000000000000e+03
5.114000000000000000e+03
5.150000000000000000e+03
5.074000000000000000e+03
5.164000000000000000e+03
5.167000000000000000e+03
5.152000000000000000e+03
5.065000000000000000e+03
5.188000000000000000e+03
5.152000000000000000e+03
5.207000000000000000e+03
5.216000000000000000e+03
5.150000000000000000e+03
5.100000000000000000e+03
5.141000000000000000e+03
5.207000000000000000e+03
5.160000000000000000e+03
5.180000000000000000e+03
5.224000000000000000e+03
5.183000000000000000e+03
5.115000000000000000e+03
5.148000000000000000e+03
5.157000000000000000e+03
5.101000000000000000e+03
5.067000000000000000e+03
5.163000000000000000e+03
5.136000000000000000e+03
5.186000000000000000e+03
5.122000000000000000e+03
5.131000000000000000e+03
5.150000000000000000e+03
5.189000000000000000e+03
5.161000000000000000e+03
5.097000000000000000e+03
5.110000000000000000e+03
5.125000000000000000e+03
5.150000000000000000e+03
5.115000000000000000e+03
5.142000000000000000e+03
5.116000000000000000e+03
4.951000000000000000e+03
5.113000000000000000e+03
5.147000000000000000e+03
5.084000000000000000e+03
5.109000000000000000e+03
5.035000000000000000e+03
5.011000000000000000e+03
4.963000000000000000e+03
5.033000000000000000e+03
5.083000000000000000e+03
5.043000000000000000e+03
5.030000000000000000e+03
4.998000000000000000e+03
4.982000000000000000e+03
4.954000000000000000e+03
5.047000000000000000e+03
4.988000000000000000e+03
4.960000000000000000e+03
5.045000000000000000e+03
4.981000000000000000e+03
5.014000000000000000e+03
4.960000000000000000e+03
4.917000000000000000e+03
4.907000000000000000e+03
4.839000000000000000e+03
4.917000000000000000e+03
4.865000000000000000e+03
4.899000000000000000e+03
4.926000000000000000e+03
4.839000000000000000e+03
4.899000000000000000e+03
4.818000000000000000e+03
4.875000000000000000e+03
4.909000000000000000e+03
4.902000000000000000e+03
4.787000000000000000e+03
4.784000000000000000e+03
4.815000000000000000e+03
4.742000000000000000e+03
4.877000000000000000e+03
4.811000000000000000e+03
4.837000000000000000e+03
4.874000000000000000e+03
4.789000000000000000e+03
4.803000000000000000e+03
4.791000000000000000e+03
4.698000000000000000e+03
4.781000000000000000e+03
4.743000000000000000e+03
4.798000000000000000e+03
4.707000000000000000e+03
4.717000000000000000e+03
4.634000000000000000e+03
4.694000000000000000e+03
4.713000000000000000e+03
4.650000000000000000e+03
4.723000000000000000e+03
4.729000000000000000e+03
4.668000000000000000e+03
4.722000000000000000e+03
4.653000000000000000e+03
4.623000000000000000e+03
4.610000000000000000e+03
4.700000000000000000e+03
4.597000000000000000e+03
4.618000000000000000e+03
4.622000000000000000e+03
4.616000000000000000e+03
4.568000000000000000e+03
4.542000000000000000e+03
4.536000000000000000e+03
4.569000000000000000e+03
4.496000000000000000e+03
4.564000000000000000e+03
4.512000000000000000e+03
4.568000000000000000e+03
4.462000000000000000e+03
4.469000000000000000e+03
4.509000000000000000e+03
4.552000000000000000e+03
4.424000000000000000e+03
4.453000000000000000e+03
4.482000000000000000e+03
4.567000000000000000e+03
4.444000000000000000e+03
4.484000000000000000e+03
4.555000000000000000e+03
4.465000000000000000e+03
4.447000000000000000e+03
4.469000000000000000e+03
4.476000000000000000e+03
4.470000000000000000e+03
4.474000000000000000e+03
4.315000000000000000e+03
4.515000000000000000e+03
4.461000000000000000e+03
4.397000000000000000e+03
4.376000000000000000e+03
4.338000000000000000e+03
4.330000000000000000e+03
4.383000000000000000e+03
4.427000000000000000e+03
4.336000000000000000e+03
4.377000000000000000e+03
4.448000000000000000e+03
4.407000000000000000e+03
4.379000000000000000e+03
4.357000000000000000e+03
4.299000000000000000e+03
4.304000000000000000e+03
4.302000000000000000e+03
4.307000000000000000e+03
4.314000000000000000e+03
4.310000000000000000e+03
4.285000000000000000e+03
4.281000000000000000e+03
4.307000000000000000e+03
5.020000000000000000e+03
4.253000000000000000e+03
4.339000000000000000e+03
4.234000000000000000e+03
4.315000000000000000e+03
4.196000000000000000e+03
4.203000000000000000e+03
4.190000000000000000e+03
4.148000000000000000e+03
4.263000000000000000e+03
4.269000000000000000e+03
4.226000000000000000e+03
4.176000000000000000e+03
4.169000000000000000e+03
4.098000000000000000e+03
4.222000000000000000e+03
4.209000000000000000e+03
4.133000000000000000e+03
4.115000000000000000e+03
4.293000000000000000e+03
4.168000000000000000e+03
4.214000000000000000e+03
4.131000000000000000e+03
4.134000000000000000e+03
4.090000000000000000e+03
4.084000000000000000e+03
4.064000000000000000e+03
4.178000000000000000e+03
4.033000000000000000e+03
4.060000000000000000e+03
4.061000000000000000e+03
4.089000000000000000e+03
4.089000000000000000e+03
4.082000000000000000e+03
4.085000000000000000e+03
4.103000000000000000e+03
4.039000000000000000e+03
4.050000000000000000e+03
3.989000000000000000e+03
4.014000000000000000e+03
3.999000000000000000e+03
3.971000000000000000e+03
4.008000000000000000e+03
4.047000000000000000e+03
4.001000000000000000e+03
4.019000000000000000e+03
3.974000000000000000e+03
4.017000000000000000e+03
3.970000000000000000e+03
3.887000000000000000e+03
4.030000000000000000e+03
3.885000000000000000e+03
3.934000000000000000e+03
3.836000000000000000e+03
3.914000000000000000e+03
3.864000000000000000e+03
3.926000000000000000e+03
3.912000000000000000e+03
3.837000000000000000e+03
3.916000000000000000e+03
3.896000000000000000e+03
3.865000000000000000e+03
3.869000000000000000e+03
3.858000000000000000e+03
3.800000000000000000e+03
3.829000000000000000e+03
3.830000000000000000e+03
3.779000000000000000e+03
3.813000000000000000e+03
3.812000000000000000e+03
3.791000000000000000e+03
3.744000000000000000e+03
3.742000000000000000e+03
3.738000000000000000e+03
3.780000000000000000e+03
3.731000000000000000e+03
3.692000000000000000e+03
3.725000000000000000e+03
3.644000000000000000e+03
3.677000000000000000e+03
3.658000000000000000e+03
3.665000000000000000e+03
3.670000000000000000e+03
3.728000000000000000e+03
3.622000000000000000e+03
3.649000000000000000e+03
3.618000000000000000e+03
3.612000000000000000e+03
3.616000000000000000e+03
3.637000000000000000e+03
3.542000000000000000e+03
3.561000000000000000e+03
3.549000000000000000e+03
3.584000000000000000e+03
3.578000000000000000e+03
3.493000000000000000e+03
3.511000000000000000e+03
3.563000000000000000e+03
3.424000000000000000e+03
3.500000000000000000e+03
3.523000000000000000e+03
3.359000000000000000e+03
3.426000000000000000e+03
3.428000000000000000e+03
3.409000000000000000e+03
3.431000000000000000e+03
3.402000000000000000e+03
3.372000000000000000e+03
3.336000000000000000e+03
3.359000000000000000e+03
3.342000000000000000e+03
3.405000000000000000e+03
3.308000000000000000e+03
3.289000000000000000e+03
3.355000000000000000e+03
3.341000000000000000e+03
3.203000000000000000e+03
3.253000000000000000e+03
3.274000000000000000e+03
3.266000000000000000e+03
3.235000000000000000e+03
3.162000000000000000e+03
3.190000000000000000e+03
3.220000000000000000e+03
3.169000000000000000e+03
3.142000000000000000e+03
3.108000000000000000e+03
3.084000000000000000e+03
3.113000000000000000e+03
3.158000000000000000e+03
3.052000000000000000e+03
3.108000000000000000e+03
3.057000000000000000e+03
3.087000000000000000e+03
3.060000000000000000e+03
3.060000000000000000e+03
3.125000000000000000e+03
3.011000000000000000e+03
3.002000000000000000e+03
3.013000000000000000e+03
2.985000000000000000e+03
3.026000000000000000e+03
3.011000000000000000e+03
2.996000000000000000e+03
2.927000000000000000e+03
2.839000000000000000e+03
2.989000000000000000e+03
2.910000000000000000e+03
2.940000000000000000e+03
2.875000000000000000e+03
2.843000000000000000e+03
2.923000000000000000e+03
2.952000000000000000e+03
2.853000000000000000e+03
2.850000000000000000e+03
2.895000000000000000e+03
2.886000000000000000e+03
2.840000000000000000e+03
2.907000000000000000e+03
2.865000000000000000e+03
2.791000000000000000e+03
2.857000000000000000e+03
2.813000000000000000e+03
2.786000000000000000e+03
2.771000000000000000e+03
2.803000000000000000e+03
2.747000000000000000e+03
2.767000000000000000e+03
2.744000000000000000e+03
2.791000000000000000e+03
2.707000000000000000e+03
2.766000000000000000e+03
2.722000000000000000e+03
