1.589000000000000000e+03
1.601000000000000000e+03
1.561000000000000000e+03
1.657000000000000000e+03
1.680000000000000000e+03
1.667000000000000000e+03
1.686000000000000000e+03
1.646000000000000000e+03
1.619000000000000000e+03
1.653000000000000000e+03
1.655000000000000000e+03
1.672000000000000000e+03
1.684000000000000000e+03
1.667000000000000000e+03
1.702000000000000000e+03
1.718000000000000000e+03
1.724000000000000000e+03
1.673000000000000000e+03
1.726000000000000000e+03
1.685000000000000000e+03
1.744000000000000000e+03
1.709000000000000000e+03
1.746000000000000000e+03
1.713000000000000000e+03
1.742000000000000000e+03
1.752000000000000000e+03
1.747000000000000000e+03
1.760000000000000000e+03
1.830000000000000000e+03
1.776000000000000000e+03
1.752000000000000000e+03
1.755000000000000000e+03
1.825000000000000000e+03
1.820000000000000000e+03
1.777000000000000000e+03
1.821000000000000000e+03
1.783000000000000000e+03
1.814000000000000000e+03
1.825000000000000000e+03
1.818000000000000000e+03
1.859000000000000000e+03
1.794000000000000000e+03
1.840000000000000000e+03
1.890000000000000000e+03
1.812000000000000000e+03
1.819000000000000000e+03
1.868000000000000000e+03
1.897000000000000000e+03
1.897000000000000000e+03
1.885000000000000000e+03
1.922000000000000000e+03
1.857000000000000000e+03
1.866000000000000000e+03
1.891000000000000000e+03
1.890000000000000000e+03
1.917000000000000000e+03
1.859000000000000000e+03
1.888000000000000000e+03
1.910000000000000000e+03
1.917000000000000000e+03
1.950000000000000000e+03
1.922000000000000000e+03
1.944000000000000000e+03
1.896000000000000000e+03
1.931000000000000000e+03
1.968000000000000000e+03
1.929000000000000000e+03
1.924000000000000000e+03
1.985000000000000000e+03
1.902000000000000000e+03
1.992000000000000000e+03
1.990000000000000000e+03
1.956000000000000000e+03
1.974000000000000000e+03
1.976000000000000000e+03
1.921000000000000000e+03
1.996000000000000000e+03
2.069000000000000000e+03
2.029000000000000000e+03
1.985000000000000000e+03
2.051000000000000000e+03
2.037000000000000000e+03
2.034000000000000000e+03
1.998000000000000000e+03
2.035000000000000000e+03
2.023000000000000000e+03
2.047000000000000000e+03
2.000000000000000000e+03
2.048000000000000000e+03
2.075000000000000000e+03
2.095000000000000000e+03
2.062000000000000000e+03
2.028000000000000000e+03
2.065000000000000000e+03
2.103000000000000000e+03
2.071000000000000000e+03
2.112000000000000000e+03
2.136000000000000000e+03
2.146000000000000000e+03
2.079000000000000000e+03
2.070000000000000000e+03
2.105000000000000000e+03
2.145000000000000000e+03
2.120000000000000000e+03
2.083000000000000000e+03
2.137000000000000000e+03
2.150000000000000000e+03
2.178000000000000000e+03
2.204000000000000000e+03
2.162000000000000000e+03
2.194000000000000000e+03
2.180000000000000000e+03
2.225000000000000000e+03
2.245000000000000000e+03
2.260000000000000000e+03
2.273000000000000000e+03
2.256000000000000000e+03
2.263000000000000000e+03
2.283000000000000000e+03
2.252000000000000000e+03
2.291000000000000000e+03
2.324000000000000000e+03
2.343000000000000000e+03
2.358000000000000000e+03
2.352000000000000000e+03
2.398000000000000000e+03
2.348000000000000000e+03
2.402000000000000000e+03
2.393000000000000000e+03
2.340000000000000000e+03
2.420000000000000000e+03
2.404000000000000000e+03
2.433000000000000000e+03
2.491000000000000000e+03
2.445000000000000000e+03
2.480000000000000000e+03
2.444000000000000000e+03
2.451000000000000000e+03
2.482000000000000000e+03
2.571000000000000000e+03
2.585000000000000000e+03
2.517000000000000000e+03
2.523000000000000000e+03
2.577000000000000000e+03
2.554000000000000000e+03
2.555000000000000000e+03
2.566000000000000000e+03
2.606000000000000000e+03
2.614000000000000000e+03
2.693000000000000000e+03
2.695000000000000000e+03
2.661000000000000000e+03
2.692000000000000000e+03
2.677000000000000000e+03
2.682000000000000000e+03
2.759000000000000000e+03
2.710000000000000000e+03
2.752000000000000000e+03
2.727000000000000000e+03
2.692000000000000000e+03
2.743000000000000000e+03
2.740000000000000000e+03
2.780000000000000000e+03
2.782000000000000000e+03
2.808000000000000000e+03
2.786000000000000000e+03
2.796000000000000000e+03
2.808000000000000000e+03
2.804000000000000000e+03
2.801000000000000000e+03
2.904000000000000000e+03
2.889000000000000000e+03
2.824000000000000000e+03
2.825000000000000000e+03
2.859000000000000000e+03
2.916000000000000000e+03
2.839000000000000000e+03
2.908000000000000000e+03
2.910000000000000000e+03
2.914000000000000000e+03
2.912000000000000000e+03
2.927000000000000000e+03
2.929000000000000000e+03
2.928000000000000000e+03
3.080000000000000000e+03
3.401000000000000000e+03
3.359000000000000000e+03
3.075000000000000000e+03
2.996000000000000000e+03
3.000000000000000000e+03
2.986000000000000000e+03
3.023000000000000000e+03
2.987000000000000000e+03
2.977000000000000000e+03
2.969000000000000000e+03
3.020000000000000000e+03
3.023000000000000000e+03
3.038000000000000000e+03
3.098000000000000000e+03
3.087000000000000000e+03
3.053000000000000000e+03
3.026000000000000000e+03
3.092000000000000000e+03
3.144000000000000000e+03
3.071000000000000000e+03
3.143000000000000000e+03
3.148000000000000000e+03
3.193000000000000000e+03
3.108000000000000000e+03
3.179000000000000000e+03
3.451000000000000000e+03
3.196000000000000000e+03
3.259000000000000000e+03
3.216000000000000000e+03
3.231000000000000000e+03
3.246000000000000000e+03
3.292000000000000000e+03
3.247000000000000000e+03
3.340000000000000000e+03
3.314000000000000000e+03
3.352000000000000000e+03
3.356000000000000000e+03
3.407000000000000000e+03
3.369000000000000000e+03
3.388000000000000000e+03
3.385000000000000000e+03
3.372000000000000000e+03
3.371000000000000000e+03
3.494000000000000000e+03
3.496000000000000000e+03
3.547000000000000000e+03
3.533000000000000000e+03
3.502000000000000000e+03
3.600000000000000000e+03
3.621000000000000000e+03
3.546000000000000000e+03
3.579000000000000000e+03
3.577000000000000000e+03
3.605000000000000000e+03
3.719000000000000000e+03
3.604000000000000000e+03
3.610000000000000000e+03
3.751000000000000000e+03
3.727000000000000000e+03
3.703000000000000000e+03
3.656000000000000000e+03
3.728000000000000000e+03
3.771000000000000000e+03
3.738000000000000000e+03
3.775000000000000000e+03
3.837000000000000000e+03
3.841000000000000000e+03
3.907000000000000000e+03
3.784000000000000000e+03
3.774000000000000000e+03
3.851000000000000000e+03
3.902000000000000000e+03
4.039000000000000000e+03
4.048000000000000000e+03
3.892000000000000000e+03
3.890000000000000000e+03
3.904000000000000000e+03
4.114000000000000000e+03
4.000000000000000000e+03
4.028000000000000000e+03
4.009000000000000000e+03
3.965000000000000000e+03
4.020000000000000000e+03
4.073000000000000000e+03
4.037000000000000000e+03
4.007000000000000000e+03
4.058000000000000000e+03
4.029000000000000000e+03
4.054000000000000000e+03
4.278000000000000000e+03
4.187000000000000000e+03
4.072000000000000000e+03
4.090000000000000000e+03
4.088000000000000000e+03
4.089000000000000000e+03
4.146000000000000000e+03
4.157000000000000000e+03
4.101000000000000000e+03
4.201000000000000000e+03
4.166000000000000000e+03
4.100000000000000000e+03
4.158000000000000000e+03
4.171000000000000000e+03
4.163000000000000000e+03
4.221000000000000000e+03
4.213000000000000000e+03
4.197000000000000000e+03
4.134000000000000000e+03
4.263000000000000000e+03
4.279000000000000000e+03
4.194000000000000000e+03
4.218000000000000000e+03
4.257000000000000000e+03
4.143000000000000000e+03
4.279000000000000000e+03
4.301000000000000000e+03
4.216000000000000000e+03
4.230000000000000000e+03
4.306000000000000000e+03
4.218000000000000000e+03
4.235000000000000000e+03
4.312000000000000000e+03
4.264000000000000000e+03
4.373000000000000000e+03
4.345000000000000000e+03
4.295000000000000000e+03
4.276000000000000000e+03
4.237000000000000000e+03
4.339000000000000000e+03
4.382000000000000000e+03
4.379000000000000000e+03
4.369000000000000000e+03
4.367000000000000000e+03
4.295000000000000000e+03
4.381000000000000000e+03
4.330000000000000000e+03
4.346000000000000000e+03
4.363000000000000000e+03
4.334000000000000000e+03
4.414000000000000000e+03
4.293000000000000000e+03
4.353000000000000000e+03
4.327000000000000000e+03
4.400000000000000000e+03
4.436000000000000000e+03
4.327000000000000000e+03
4.295000000000000000e+03
4.263000000000000000e+03
4.381000000000000000e+03
4.345000000000000000e+03
4.391000000000000000e+03
4.338000000000000000e+03
4.343000000000000000e+03
4.291000000000000000e+03
4.439000000000000000e+03
4.363000000000000000e+03
4.425000000000000000e+03
4.283000000000000000e+03
4.267000000000000000e+03
4.375000000000000000e+03
4.346000000000000000e+03
4.354000000000000000e+03
4.311000000000000000e+03
4.483000000000000000e+03
4.375000000000000000e+03
4.377000000000000000e+03
4.377000000000000000e+03
4.327000000000000000e+03
4.334000000000000000e+03
4.366000000000000000e+03
4.403000000000000000e+03
4.306000000000000000e+03
4.450000000000000000e+03
4.409000000000000000e+03
4.336000000000000000e+03
4.390000000000000000e+03
4.532000000000000000e+03
4.504000000000000000e+03
4.318000000000000000e+03
4.372000000000000000e+03
4.396000000000000000e+03
4.500000000000000000e+03
4.388000000000000000e+03
4.452000000000000000e+03
4.432000000000000000e+03
4.485000000000000000e+03
4.441000000000000000e+03
4.436000000000000000e+03
4.505000000000000000e+03
4.465000000000000000e+03
4.526000000000000000e+03
4.503000000000000000e+03
4.481000000000000000e+03
4.499000000000000000e+03
4.530000000000000000e+03
4.485000000000000000e+03
4.518000000000000000e+03
4.479000000000000000e+03
4.495000000000000000e+03
4.553000000000000000e+03
4.606000000000000000e+03
4.564000000000000000e+03
4.562000000000000000e+03
4.507000000000000000e+03
4.547000000000000000e+03
4.597000000000000000e+03
4.552000000000000000e+03
4.588000000000000000e+03
4.590000000000000000e+03
4.611000000000000000e+03
4.630000000000000000e+03
4.588000000000000000e+03
4.548000000000000000e+03
4.592000000000000000e+03
4.566000000000000000e+03
4.513000000000000000e+03
4.660000000000000000e+03
4.608000000000000000e+03
4.549000000000000000e+03
4.541000000000000000e+03
4.706000000000000000e+03
4.672000000000000000e+03
4.625000000000000000e+03
4.590000000000000000e+03
4.578000000000000000e+03
4.588000000000000000e+03
4.653000000000000000e+03
4.595000000000000000e+03
4.644000000000000000e+03
4.689000000000000000e+03
4.729000000000000000e+03
4.655000000000000000e+03
4.686000000000000000e+03
4.736000000000000000e+03
4.767000000000000000e+03
4.663000000000000000e+03
4.687000000000000000e+03
4.660000000000000000e+03
4.708000000000000000e+03
4.710000000000000000e+03
4.734000000000000000e+03
4.775000000000000000e+03
4.785000000000000000e+03
4.816000000000000000e+03
4.757000000000000000e+03
4.748000000000000000e+03
4.691000000000000000e+03
4.747000000000000000e+03
4.749000000000000000e+03
4.658000000000000000e+03
4.748000000000000000e+03
4.759000000000000000e+03
4.790000000000000000e+03
4.791000000000000000e+03
4.669000000000000000e+03
4.760000000000000000e+03
4.767000000000000000e+03
4.828000000000000000e+03
4.783000000000000000e+03
4.719000000000000000e+03
4.792000000000000000e+03
4.763000000000000000e+03
4.720000000000000000e+03
4.731000000000000000e+03
4.754000000000000000e+03
4.733000000000000000e+03
4.751000000000000000e+03
4.724000000000000000e+03
4.790000000000000000e+03
4.725000000000000000e+03
4.747000000000000000e+03
4.718000000000000000e+03
4.717000000000000000e+03
4.805000000000000000e+03
4.735000000000000000e+03
4.758000000000000000e+03
4.841000000000000000e+03
4.650000000000000000e+03
4.750000000000000000e+03
4.723000000000000000e+03
4.761000000000000000e+03
4.754000000000000000e+03
4.776000000000000000e+03
4.709000000000000000e+03
4.662000000000000000e+03
4.779000000000000000e+03
4.769000000000000000e+03
4.713000000000000000e+03
4.699000000000000000e+03
4.680000000000000000e+03
4.735000000000000000e+03
4.699000000000000000e+03
4.743000000000000000e+03
4.642000000000000000e+03
4.637000000000000000e+03
4.635000000000000000e+03
4.663000000000000000e+03
4.623000000000000000e+03
5.157000000000000000e+03
4.631000000000000000e+03
4.662000000000000000e+03
4.643000000000000000e+03
4.554000000000000000e+03
4.607000000000000000e+03
4.555000000000000000e+03
4.616000000000000000e+03
4.522000000000000000e+03
4.568000000000000000e+03
4.598000000000000000e+03
4.663000000000000000e+03
4.492000000000000000e+03
4.572000000000000000e+03
4.465000000000000000e+03
4.608000000000000000e+03
4.563000000000000000e+03
4.437000000000000000e+03
4.492000000000000000e+03
4.495000000000000000e+03
4.468000000000000000e+03
4.534000000000000000e+03
4.527000000000000000e+03
4.504000000000000000e+03
4.506000000000000000e+03
4.481000000000000000e+03
4.484000000000000000e+03
4.431000000000000000e+03
4.473000000000000000e+03
4.421000000000000000e+03
4.387000000000000000e+03
4.437000000000000000e+03
4.494000000000000000e+03
4.422000000000000000e+03
4.326000000000000000e+03
4.419000000000000000e+03
4.370000000000000000e+03
4.441000000000000000e+03
4.440000000000000000e+03
4.420000000000000000e+03
4.386000000000000000e+03
4.316000000000000000e+03
4.326000000000000000e+03
4.317000000000000000e+03
4.292000000000000000e+03
4.329000000000000000e+03
4.324000000000000000e+03
4.328000000000000000e+03
4.286000000000000000e+03
4.297000000000000000e+03
4.194000000000000000e+03
4.273000000000000000e+03
4.249000000000000000e+03
4.276000000000000000e+03
4.159000000000000000e+03
4.245000000000000000e+03
4.298000000000000000e+03
4.158000000000000000e+03
4.148000000000000000e+03
4.203000000000000000e+03
4.214000000000000000e+03
4.125000000000000000e+03
4.137000000000000000e+03
4.165000000000000000e+03
4.206000000000000000e+03
4.172000000000000000e+03
4.166000000000000000e+03
4.135000000000000000e+03
4.146000000000000000e+03
4.121000000000000000e+03
4.093000000000000000e+03
4.105000000000000000e+03
4.110000000000000000e+03
4.064000000000000000e+03
4.011000000000000000e+03
4.079000000000000000e+03
4.106000000000000000e+03
4.065000000000000000e+03
4.068000000000000000e+03
4.142000000000000000e+03
4.087000000000000000e+03
4.069000000000000000e+03
4.095000000000000000e+03
4.008000000000000000e+03
4.089000000000000000e+03
4.090000000000000000e+03
4.058000000000000000e+03
3.995000000000000000e+03
4.116000000000000000e+03
3.947000000000000000e+03
3.996000000000000000e+03
4.005000000000000000e+03
3.999000000000000000e+03
4.045000000000000000e+03
4.003000000000000000e+03
4.141000000000000000e+03
3.979000000000000000e+03
3.994000000000000000e+03
3.974000000000000000e+03
4.011000000000000000e+03
3.950000000000000000e+03
3.971000000000000000e+03
3.929000000000000000e+03
3.885000000000000000e+03
3.866000000000000000e+03
3.881000000000000000e+03
3.939000000000000000e+03
3.982000000000000000e+03
3.966000000000000000e+03
3.953000000000000000e+03
3.899000000000000000e+03
3.963000000000000000e+03
3.965000000000000000e+03
3.880000000000000000e+03
3.835000000000000000e+03
3.910000000000000000e+03
3.846000000000000000e+03
3.855000000000000000e+03
3.836000000000000000e+03
3.854000000000000000e+03
3.829000000000000000e+03
3.836000000000000000e+03
3.819000000000000000e+03
3.872000000000000000e+03
3.800000000000000000e+03
3.842000000000000000e+03
3.824000000000000000e+03
3.826000000000000000e+03
3.740000000000000000e+03
3.801000000000000000e+03
3.800000000000000000e+03
3.828000000000000000e+03
3.748000000000000000e+03
3.753000000000000000e+03
3.826000000000000000e+03
3.828000000000000000e+03
3.733000000000000000e+03
3.724000000000000000e+03
3.779000000000000000e+03
3.697000000000000000e+03
3.701000000000000000e+03
3.766000000000000000e+03
3.757000000000000000e+03
3.690000000000000000e+03
3.707000000000000000e+03
3.767000000000000000e+03
3.677000000000000000e+03
3.627000000000000000e+03
3.660000000000000000e+03
3.706000000000000000e+03
3.746000000000000000e+03
3.659000000000000000e+03
3.603000000000000000e+03
3.609000000000000000e+03
3.657000000000000000e+03
3.636000000000000000e+03
3.610000000000000000e+03
3.674000000000000000e+03
3.650000000000000000e+03
3.555000000000000000e+03
3.561000000000000000e+03
3.600000000000000000e+03
3.664000000000000000e+03
3.589000000000000000e+03
3.598000000000000000e+03
3.562000000000000000e+03
3.548000000000000000e+03
3.544000000000000000e+03
3.563000000000000000e+03
3.500000000000000000e+03
3.488000000000000000e+03
3.517000000000000000e+03
3.508000000000000000e+03
3.463000000000000000e+03
3.436000000000000000e+03
3.537000000000000000e+03
3.443000000000000000e+03
3.528000000000000000e+03
3.507000000000000000e+03
3.477000000000000000e+03
3.471000000000000000e+03
3.394000000000000000e+03
3.416000000000000000e+03
3.458000000000000000e+03
3.502000000000000000e+03
3.430000000000000000e+03
3.381000000000000000e+03
3.393000000000000000e+03
3.388000000000000000e+03
3.404000000000000000e+03
3.444000000000000000e+03
3.427000000000000000e+03
3.355000000000000000e+03
3.284000000000000000e+03
3.344000000000000000e+03
3.348000000000000000e+03
3.318000000000000000e+03
3.431000000000000000e+03
3.252000000000000000e+03
3.321000000000000000e+03
3.237000000000000000e+03
3.300000000000000000e+03
3.254000000000000000e+03
3.261000000000000000e+03
3.214000000000000000e+03
3.322000000000000000e+03
3.224000000000000000e+03
3.173000000000000000e+03
3.259000000000000000e+03
3.165000000000000000e+03
3.200000000000000000e+03
3.213000000000000000e+03
3.139000000000000000e+03
3.151000000000000000e+03
3.178000000000000000e+03
3.056000000000000000e+03
3.103000000000000000e+03
3.046000000000000000e+03
3.059000000000000000e+03
3.068000000000000000e+03
3.141000000000000000e+03
3.042000000000000000e+03
3.036000000000000000e+03
3.030000000000000000e+03
3.032000000000000000e+03
2.998000000000000000e+03
2.961000000000000000e+03
3.025000000000000000e+03
2.944000000000000000e+03
2.944000000000000000e+03
3.012000000000000000e+03
2.943000000000000000e+03
3.018000000000000000e+03
2.952000000000000000e+03
2.993000000000000000e+03
2.873000000000000000e+03
2.906000000000000000e+03
2.921000000000000000e+03
2.873000000000000000e+03
2.819000000000000000e+03
2.950000000000000000e+03
2.809000000000000000e+03
2.826000000000000000e+03
2.802000000000000000e+03
2.802000000000000000e+03
2.772000000000000000e+03
2.883000000000000000e+03
2.793000000000000000e+03
2.797000000000000000e+03
2.852000000000000000e+03
2.800000000000000000e+03
2.723000000000000000e+03
2.682000000000000000e+03
2.723000000000000000e+03
2.732000000000000000e+03
2.725000000000000000e+03
2.663000000000000000e+03
2.681000000000000000e+03
2.734000000000000000e+03
2.665000000000000000e+03
2.623000000000000000e+03
2.675000000000000000e+03
2.659000000000000000e+03
2.621000000000000000e+03
2.687000000000000000e+03
2.586000000000000000e+03
2.591000000000000000e+03
2.610000000000000000e+03
2.675000000000000000e+03
2.550000000000000000e+03
2.573000000000000000e+03
2.587000000000000000e+03
2.556000000000000000e+03
2.535000000000000000e+03
2.536000000000000000e+03
2.543000000000000000e+03
2.511000000000000000e+03
2.573000000000000000e+03
2.575000000000000000e+03
2.540000000000000000e+03
2.579000000000000000e+03
2.523000000000000000e+03
