1.578000000000000000e+03
1.573000000000000000e+03
1.568000000000000000e+03
1.525000000000000000e+03
1.528000000000000000e+03
1.596000000000000000e+03
1.619000000000000000e+03
1.584000000000000000e+03
1.631000000000000000e+03
1.568000000000000000e+03
1.572000000000000000e+03
1.594000000000000000e+03
1.604000000000000000e+03
1.586000000000000000e+03
1.649000000000000000e+03
1.628000000000000000e+03
1.645000000000000000e+03
1.620000000000000000e+03
1.592000000000000000e+03
1.642000000000000000e+03
1.632000000000000000e+03
1.631000000000000000e+03
1.609000000000000000e+03
1.697000000000000000e+03
1.668000000000000000e+03
1.668000000000000000e+03
2.075000000000000000e+03
1.667000000000000000e+03
1.662000000000000000e+03
1.696000000000000000e+03
1.668000000000000000e+03
1.706000000000000000e+03
1.711000000000000000e+03
1.680000000000000000e+03
1.729000000000000000e+03
1.772000000000000000e+03
1.701000000000000000e+03
1.786000000000000000e+03
1.713000000000000000e+03
1.735000000000000000e+03
1.749000000000000000e+03
1.739000000000000000e+03
1.760000000000000000e+03
1.722000000000000000e+03
1.754000000000000000e+03
1.775000000000000000e+03
1.810000000000000000e+03
1.696000000000000000e+03
1.785000000000000000e+03
1.765000000000000000e+03
1.807000000000000000e+03
1.821000000000000000e+03
1.777000000000000000e+03
1.762000000000000000e+03
1.810000000000000000e+03
1.802000000000000000e+03
1.783000000000000000e+03
1.782000000000000000e+03
1.789000000000000000e+03
1.805000000000000000e+03
1.805000000000000000e+03
1.867000000000000000e+03
1.844000000000000000e+03
1.863000000000000000e+03
1.823000000000000000e+03
1.822000000000000000e+03
1.811000000000000000e+03
1.824000000000000000e+03
1.851000000000000000e+03
1.874000000000000000e+03
1.864000000000000000e+03
1.902000000000000000e+03
1.869000000000000000e+03
1.890000000000000000e+03
1.852000000000000000e+03
1.869000000000000000e+03
1.868000000000000000e+03
1.874000000000000000e+03
1.916000000000000000e+03
1.945000000000000000e+03
1.943000000000000000e+03
1.892000000000000000e+03
1.888000000000000000e+03
1.893000000000000000e+03
1.942000000000000000e+03
1.930000000000000000e+03
1.893000000000000000e+03
1.957000000000000000e+03
1.934000000000000000e+03
1.941000000000000000e+03
2.024000000000000000e+03
1.962000000000000000e+03
1.966000000000000000e+03
1.928000000000000000e+03
1.939000000000000000e+03
1.989000000000000000e+03
1.965000000000000000e+03
2.017000000000000000e+03
1.980000000000000000e+03
1.986000000000000000e+03
1.943000000000000000e+03
1.999000000000000000e+03
2.031000000000000000e+03
1.996000000000000000e+03
2.013000000000000000e+03
2.055000000000000000e+03
2.051000000000000000e+03
2.034000000000000000e+03
2.077000000000000000e+03
2.058000000000000000e+03
2.047000000000000000e+03
2.075000000000000000e+03
2.080000000000000000e+03
2.090000000000000000e+03
2.125000000000000000e+03
2.115000000000000000e+03
2.123000000000000000e+03
2.136000000000000000e+03
2.144000000000000000e+03
2.183000000000000000e+03
2.134000000000000000e+03
2.186000000000000000e+03
2.181000000000000000e+03
2.205000000000000000e+03
2.187000000000000000e+03
2.197000000000000000e+03
2.241000000000000000e+03
2.195000000000000000e+03
2.210000000000000000e+03
2.315000000000000000e+03
2.215000000000000000e+03
2.290000000000000000e+03
2.286000000000000000e+03
2.289000000000000000e+03
2.295000000000000000e+03
2.266000000000000000e+03
2.325000000000000000e+03
2.364000000000000000e+03
2.343000000000000000e+03
2.387000000000000000e+03
2.328000000000000000e+03
2.467000000000000000e+03
2.392000000000000000e+03
2.415000000000000000e+03
2.427000000000000000e+03
2.405000000000000000e+03
2.430000000000000000e+03
2.461000000000000000e+03
2.463000000000000000e+03
2.458000000000000000e+03
2.499000000000000000e+03
2.481000000000000000e+03
2.618000000000000000e+03
2.478000000000000000e+03
2.549000000000000000e+03
2.598000000000000000e+03
2.571000000000000000e+03
2.620000000000000000e+03
2.544000000000000000e+03
2.543000000000000000e+03
2.557000000000000000e+03
2.570000000000000000e+03
2.612000000000000000e+03
2.605000000000000000e+03
2.618000000000000000e+03
2.591000000000000000e+03
2.633000000000000000e+03
2.637000000000000000e+03
2.667000000000000000e+03
2.649000000000000000e+03
2.719000000000000000e+03
2.714000000000000000e+03
2.639000000000000000e+03
2.723000000000000000e+03
2.703000000000000000e+03
2.707000000000000000e+03
2.681000000000000000e+03
2.682000000000000000e+03
2.682000000000000000e+03
2.679000000000000000e+03
2.699000000000000000e+03
2.746000000000000000e+03
2.728000000000000000e+03
2.784000000000000000e+03
2.766000000000000000e+03
2.790000000000000000e+03
3.201000000000000000e+03
3.241000000000000000e+03
2.968000000000000000e+03
2.780000000000000000e+03
2.741000000000000000e+03
2.762000000000000000e+03
2.846000000000000000e+03
2.821000000000000000e+03
2.848000000000000000e+03
2.914000000000000000e+03
2.856000000000000000e+03
2.904000000000000000e+03
2.890000000000000000e+03
2.900000000000000000e+03
2.860000000000000000e+03
2.864000000000000000e+03
2.857000000000000000e+03
2.897000000000000000e+03
2.972000000000000000e+03
2.941000000000000000e+03
2.920000000000000000e+03
2.971000000000000000e+03
2.970000000000000000e+03
3.013000000000000000e+03
2.990000000000000000e+03
3.040000000000000000e+03
3.007000000000000000e+03
2.997000000000000000e+03
3.067000000000000000e+03
3.085000000000000000e+03
3.108000000000000000e+03
3.118000000000000000e+03
3.095000000000000000e+03
3.095000000000000000e+03
3.099000000000000000e+03
3.116000000000000000e+03
3.140000000000000000e+03
3.218000000000000000e+03
3.199000000000000000e+03
3.159000000000000000e+03
3.225000000000000000e+03
3.289000000000000000e+03
3.237000000000000000e+03
3.246000000000000000e+03
3.303000000000000000e+03
3.310000000000000000e+03
3.330000000000000000e+03
3.338000000000000000e+03
3.344000000000000000e+03
3.363000000000000000e+03
3.317000000000000000e+03
3.364000000000000000e+03
3.385000000000000000e+03
3.413000000000000000e+03
3.398000000000000000e+03
3.438000000000000000e+03
3.476000000000000000e+03
3.434000000000000000e+03
3.538000000000000000e+03
3.560000000000000000e+03
3.525000000000000000e+03
3.509000000000000000e+03
3.533000000000000000e+03
3.573000000000000000e+03
3.585000000000000000e+03
3.619000000000000000e+03
3.563000000000000000e+03
3.659000000000000000e+03
3.670000000000000000e+03
3.619000000000000000e+03
3.698000000000000000e+03
3.743000000000000000e+03
3.778000000000000000e+03
3.805000000000000000e+03
3.731000000000000000e+03
3.724000000000000000e+03
3.714000000000000000e+03
3.897000000000000000e+03
3.806000000000000000e+03
3.739000000000000000e+03
3.796000000000000000e+03
3.745000000000000000e+03
3.822000000000000000e+03
3.825000000000000000e+03
3.798000000000000000e+03
3.708000000000000000e+03
3.847000000000000000e+03
3.880000000000000000e+03
3.798000000000000000e+03
3.853000000000000000e+03
3.828000000000000000e+03
3.854000000000000000e+03
3.777000000000000000e+03
3.877000000000000000e+03
3.834000000000000000e+03
3.884000000000000000e+03
3.829000000000000000e+03
3.851000000000000000e+03
3.826000000000000000e+03
3.885000000000000000e+03
3.892000000000000000e+03
3.895000000000000000e+03
3.899000000000000000e+03
3.921000000000000000e+03
3.911000000000000000e+03
3.900000000000000000e+03
3.899000000000000000e+03
3.910000000000000000e+03
3.894000000000000000e+03
3.890000000000000000e+03
3.989000000000000000e+03
3.922000000000000000e+03
3.905000000000000000e+03
4.016000000000000000e+03
3.960000000000000000e+03
3.966000000000000000e+03
3.981000000000000000e+03
4.018000000000000000e+03
3.952000000000000000e+03
3.944000000000000000e+03
3.993000000000000000e+03
4.050000000000000000e+03
4.012000000000000000e+03
4.032000000000000000e+03
4.048000000000000000e+03
3.963000000000000000e+03
4.024000000000000000e+03
4.036000000000000000e+03
4.037000000000000000e+03
4.144000000000000000e+03
3.951000000000000000e+03
4.009000000000000000e+03
4.053000000000000000e+03
4.106000000000000000e+03
4.052000000000000000e+03
3.971000000000000000e+03
4.135000000000000000e+03
4.018000000000000000e+03
3.952000000000000000e+03
4.080000000000000000e+03
4.091000000000000000e+03
4.110000000000000000e+03
4.077000000000000000e+03
4.036000000000000000e+03
4.025000000000000000e+03
4.011000000000000000e+03
4.081000000000000000e+03
4.006000000000000000e+03
4.116000000000000000e+03
4.002000000000000000e+03
4.118000000000000000e+03
3.995000000000000000e+03
4.185000000000000000e+03
4.032000000000000000e+03
4.076000000000000000e+03
4.137000000000000000e+03
4.082000000000000000e+03
4.054000000000000000e+03
4.008000000000000000e+03
4.069000000000000000e+03
4.138000000000000000e+03
4.052000000000000000e+03
4.136000000000000000e+03
3.977000000000000000e+03
4.147000000000000000e+03
4.168000000000000000e+03
4.100000000000000000e+03
4.149000000000000000e+03
4.007000000000000000e+03
4.218000000000000000e+03
4.133000000000000000e+03
4.045000000000000000e+03
4.175000000000000000e+03
4.142000000000000000e+03
4.128000000000000000e+03
4.038000000000000000e+03
4.110000000000000000e+03
4.150000000000000000e+03
4.173000000000000000e+03
4.145000000000000000e+03
4.112000000000000000e+03
4.160000000000000000e+03
4.228000000000000000e+03
4.107000000000000000e+03
4.178000000000000000e+03
4.185000000000000000e+03
4.160000000000000000e+03
4.241000000000000000e+03
4.195000000000000000e+03
4.216000000000000000e+03
4.194000000000000000e+03
4.248000000000000000e+03
4.210000000000000000e+03
4.218000000000000000e+03
4.193000000000000000e+03
4.224000000000000000e+03
4.332000000000000000e+03
4.289000000000000000e+03
4.261000000000000000e+03
4.303000000000000000e+03
4.284000000000000000e+03
4.292000000000000000e+03
4.350000000000000000e+03
4.354000000000000000e+03
4.306000000000000000e+03
4.381000000000000000e+03
4.309000000000000000e+03
4.301000000000000000e+03
4.281000000000000000e+03
4.244000000000000000e+03
4.395000000000000000e+03
4.366000000000000000e+03
4.338000000000000000e+03
4.303000000000000000e+03
4.341000000000000000e+03
4.399000000000000000e+03
4.352000000000000000e+03
4.336000000000000000e+03
4.278000000000000000e+03
4.258000000000000000e+03
4.295000000000000000e+03
4.329000000000000000e+03
4.300000000000000000e+03
4.425000000000000000e+03
4.401000000000000000e+03
4.387000000000000000e+03
4.330000000000000000e+03
4.280000000000000000e+03
4.330000000000000000e+03
4.343000000000000000e+03
4.462000000000000000e+03
4.456000000000000000e+03
4.365000000000000000e+03
4.404000000000000000e+03
4.455000000000000000e+03
4.421000000000000000e+03
4.401000000000000000e+03
4.422000000000000000e+03
4.389000000000000000e+03
4.355000000000000000e+03
4.418000000000000000e+03
4.474000000000000000e+03
4.432000000000000000e+03
4.487000000000000000e+03
4.475000000000000000e+03
4.392000000000000000e+03
4.409000000000000000e+03
4.384000000000000000e+03
4.554000000000000000e+03
4.531000000000000000e+03
4.480000000000000000e+03
4.463000000000000000e+03
4.548000000000000000e+03
4.489000000000000000e+03
4.487000000000000000e+03
4.533000000000000000e+03
4.470000000000000000e+03
4.529000000000000000e+03
4.490000000000000000e+03
4.534000000000000000e+03
4.511000000000000000e+03
4.476000000000000000e+03
4.531000000000000000e+03
4.493000000000000000e+03
4.472000000000000000e+03
4.462000000000000000e+03
4.520000000000000000e+03
4.571000000000000000e+03
4.434000000000000000e+03
4.444000000000000000e+03
4.444000000000000000e+03
4.468000000000000000e+03
4.463000000000000000e+03
4.453000000000000000e+03
4.488000000000000000e+03
4.516000000000000000e+03
4.441000000000000000e+03
4.503000000000000000e+03
4.430000000000000000e+03
4.453000000000000000e+03
4.441000000000000000e+03
4.467000000000000000e+03
4.343000000000000000e+03
4.388000000000000000e+03
4.458000000000000000e+03
4.403000000000000000e+03
4.403000000000000000e+03
4.450000000000000000e+03
4.361000000000000000e+03
4.432000000000000000e+03
4.419000000000000000e+03
4.378000000000000000e+03
4.388000000000000000e+03
4.466000000000000000e+03
4.393000000000000000e+03
4.343000000000000000e+03
4.433000000000000000e+03
4.369000000000000000e+03
4.389000000000000000e+03
4.382000000000000000e+03
4.326000000000000000e+03
4.327000000000000000e+03
4.350000000000000000e+03
4.367000000000000000e+03
4.345000000000000000e+03
4.336000000000000000e+03
4.427000000000000000e+03
4.365000000000000000e+03
4.379000000000000000e+03
4.350000000000000000e+03
4.389000000000000000e+03
4.291000000000000000e+03
4.323000000000000000e+03
4.271000000000000000e+03
4.284000000000000000e+03
4.303000000000000000e+03
4.258000000000000000e+03
4.303000000000000000e+03
4.282000000000000000e+03
4.240000000000000000e+03
4.159000000000000000e+03
4.196000000000000000e+03
4.082000000000000000e+03
4.209000000000000000e+03
4.213000000000000000e+03
4.199000000000000000e+03
4.121000000000000000e+03
4.192000000000000000e+03
4.155000000000000000e+03
4.187000000000000000e+03
4.191000000000000000e+03
4.191000000000000000e+03
4.129000000000000000e+03
4.071000000000000000e+03
4.130000000000000000e+03
4.031000000000000000e+03
4.095000000000000000e+03
4.122000000000000000e+03
4.075000000000000000e+03
4.048000000000000000e+03
4.142000000000000000e+03
4.166000000000000000e+03
4.088000000000000000e+03
4.075000000000000000e+03
4.029000000000000000e+03
4.104000000000000000e+03
4.052000000000000000e+03
3.980000000000000000e+03
3.982000000000000000e+03
4.026000000000000000e+03
3.956000000000000000e+03
3.988000000000000000e+03
3.989000000000000000e+03
4.008000000000000000e+03
3.928000000000000000e+03
3.961000000000000000e+03
4.000000000000000000e+03
3.954000000000000000e+03
3.897000000000000000e+03
3.993000000000000000e+03
3.898000000000000000e+03
3.941000000000000000e+03
3.928000000000000000e+03
3.882000000000000000e+03
3.898000000000000000e+03
3.893000000000000000e+03
3.863000000000000000e+03
3.933000000000000000e+03
3.929000000000000000e+03
3.885000000000000000e+03
3.850000000000000000e+03
3.898000000000000000e+03
3.926000000000000000e+03
3.855000000000000000e+03
3.839000000000000000e+03
3.877000000000000000e+03
3.816000000000000000e+03
3.845000000000000000e+03
3.846000000000000000e+03
3.847000000000000000e+03
3.799000000000000000e+03
3.781000000000000000e+03
3.846000000000000000e+03
3.793000000000000000e+03
3.803000000000000000e+03
3.755000000000000000e+03
3.775000000000000000e+03
3.832000000000000000e+03
3.842000000000000000e+03
3.714000000000000000e+03
3.778000000000000000e+03
3.782000000000000000e+03
3.700000000000000000e+03
3.784000000000000000e+03
3.744000000000000000e+03
3.729000000000000000e+03
3.753000000000000000e+03
3.645000000000000000e+03
3.685000000000000000e+03
3.709000000000000000e+03
3.727000000000000000e+03
3.706000000000000000e+03
3.695000000000000000e+03
3.714000000000000000e+03
3.666000000000000000e+03
3.699000000000000000e+03
3.676000000000000000e+03
3.703000000000000000e+03
3.677000000000000000e+03
3.644000000000000000e+03
3.735000000000000000e+03
3.713000000000000000e+03
3.623000000000000000e+03
3.646000000000000000e+03
3.652000000000000000e+03
3.634000000000000000e+03
3.651000000000000000e+03
3.651000000000000000e+03
3.613000000000000000e+03
3.652000000000000000e+03
3.601000000000000000e+03
3.615000000000000000e+03
3.590000000000000000e+03
3.623000000000000000e+03
3.629000000000000000e+03
3.522000000000000000e+03
3.574000000000000000e+03
3.565000000000000000e+03
3.599000000000000000e+03
3.575000000000000000e+03
3.625000000000000000e+03
3.596000000000000000e+03
3.551000000000000000e+03
3.531000000000000000e+03
3.531000000000000000e+03
3.527000000000000000e+03
3.501000000000000000e+03
3.447000000000000000e+03
3.538000000000000000e+03
3.530000000000000000e+03
3.494000000000000000e+03
3.506000000000000000e+03
3.522000000000000000e+03
3.548000000000000000e+03
3.505000000000000000e+03
3.508000000000000000e+03
3.460000000000000000e+03
3.512000000000000000e+03
3.464000000000000000e+03
3.450000000000000000e+03
3.469000000000000000e+03
3.489000000000000000e+03
3.448000000000000000e+03
3.461000000000000000e+03
3.441000000000000000e+03
3.398000000000000000e+03
3.406000000000000000e+03
3.413000000000000000e+03
3.374000000000000000e+03
3.434000000000000000e+03
3.361000000000000000e+03
3.396000000000000000e+03
3.386000000000000000e+03
3.328000000000000000e+03
3.329000000000000000e+03
3.299000000000000000e+03
3.353000000000000000e+03
3.344000000000000000e+03
3.364000000000000000e+03
3.331000000000000000e+03
3.343000000000000000e+03
3.295000000000000000e+03
3.336000000000000000e+03
3.312000000000000000e+03
3.234000000000000000e+03
3.298000000000000000e+03
3.334000000000000000e+03
3.261000000000000000e+03
3.292000000000000000e+03
3.284000000000000000e+03
3.288000000000000000e+03
3.361000000000000000e+03
3.282000000000000000e+03
3.217000000000000000e+03
3.168000000000000000e+03
3.300000000000000000e+03
3.178000000000000000e+03
3.193000000000000000e+03
3.203000000000000000e+03
3.120000000000000000e+03
3.133000000000000000e+03
3.177000000000000000e+03
3.187000000000000000e+03
3.126000000000000000e+03
3.153000000000000000e+03
3.099000000000000000e+03
3.162000000000000000e+03
3.106000000000000000e+03
3.064000000000000000e+03
3.147000000000000000e+03
3.087000000000000000e+03
3.021000000000000000e+03
3.009000000000000000e+03
3.012000000000000000e+03
3.018000000000000000e+03
3.142000000000000000e+03
3.098000000000000000e+03
3.015000000000000000e+03
3.016000000000000000e+03
3.045000000000000000e+03
3.032000000000000000e+03
3.005000000000000000e+03
2.895000000000000000e+03
2.920000000000000000e+03
2.974000000000000000e+03
2.997000000000000000e+03
2.986000000000000000e+03
2.994000000000000000e+03
2.892000000000000000e+03
2.876000000000000000e+03
2.898000000000000000e+03
2.829000000000000000e+03
2.809000000000000000e+03
2.869000000000000000e+03
2.893000000000000000e+03
2.861000000000000000e+03
2.811000000000000000e+03
2.747000000000000000e+03
2.730000000000000000e+03
2.838000000000000000e+03
2.782000000000000000e+03
2.743000000000000000e+03
2.730000000000000000e+03
2.721000000000000000e+03
2.705000000000000000e+03
2.761000000000000000e+03
2.755000000000000000e+03
2.681000000000000000e+03
2.646000000000000000e+03
2.738000000000000000e+03
2.667000000000000000e+03
2.647000000000000000e+03
2.659000000000000000e+03
2.636000000000000000e+03
2.640000000000000000e+03
2.634000000000000000e+03
2.642000000000000000e+03
2.610000000000000000e+03
2.552000000000000000e+03
2.552000000000000000e+03
2.516000000000000000e+03
2.540000000000000000e+03
2.600000000000000000e+03
2.569000000000000000e+03
2.521000000000000000e+03
2.537000000000000000e+03
2.545000000000000000e+03
2.516000000000000000e+03
2.487000000000000000e+03
2.479000000000000000e+03
2.422000000000000000e+03
2.451000000000000000e+03
2.473000000000000000e+03
2.447000000000000000e+03
2.506000000000000000e+03
2.437000000000000000e+03
2.455000000000000000e+03
2.462000000000000000e+03
2.434000000000000000e+03
2.452000000000000000e+03
2.479000000000000000e+03
2.443000000000000000e+03
2.361000000000000000e+03
2.420000000000000000e+03
2.372000000000000000e+03
2.418000000000000000e+03
2.415000000000000000e+03
2.367000000000000000e+03
2.356000000000000000e+03
