1.741000000000000000e+03
1.722000000000000000e+03
1.760000000000000000e+03
1.774000000000000000e+03
1.787000000000000000e+03
1.762000000000000000e+03
1.780000000000000000e+03
1.816000000000000000e+03
1.789000000000000000e+03
1.743000000000000000e+03
1.840000000000000000e+03
1.800000000000000000e+03
1.828000000000000000e+03
1.855000000000000000e+03
1.795000000000000000e+03
1.816000000000000000e+03
1.800000000000000000e+03
1.828000000000000000e+03
1.859000000000000000e+03
1.831000000000000000e+03
1.885000000000000000e+03
1.905000000000000000e+03
1.904000000000000000e+03
1.843000000000000000e+03
1.839000000000000000e+03
1.858000000000000000e+03
1.934000000000000000e+03
1.900000000000000000e+03
1.931000000000000000e+03
1.890000000000000000e+03
1.941000000000000000e+03
1.936000000000000000e+03
1.949000000000000000e+03
1.915000000000000000e+03
1.980000000000000000e+03
1.906000000000000000e+03
1.952000000000000000e+03
1.987000000000000000e+03
1.974000000000000000e+03
1.980000000000000000e+03
1.952000000000000000e+03
1.985000000000000000e+03
2.035000000000000000e+03
1.988000000000000000e+03
1.953000000000000000e+03
2.053000000000000000e+03
2.054000000000000000e+03
1.990000000000000000e+03
2.021000000000000000e+03
2.058000000000000000e+03
2.011000000000000000e+03
2.084000000000000000e+03
2.061000000000000000e+03
2.047000000000000000e+03
2.049000000000000000e+03
2.115000000000000000e+03
2.272000000000000000e+03
2.055000000000000000e+03
2.039000000000000000e+03
2.099000000000000000e+03
2.042000000000000000e+03
2.104000000000000000e+03
2.027000000000000000e+03
2.115000000000000000e+03
2.095000000000000000e+03
2.096000000000000000e+03
2.105000000000000000e+03
2.135000000000000000e+03
2.139000000000000000e+03
2.127000000000000000e+03
2.117000000000000000e+03
2.102000000000000000e+03
2.170000000000000000e+03
2.171000000000000000e+03
2.147000000000000000e+03
2.194000000000000000e+03
2.152000000000000000e+03
2.117000000000000000e+03
2.174000000000000000e+03
2.166000000000000000e+03
2.165000000000000000e+03
2.189000000000000000e+03
2.294000000000000000e+03
2.233000000000000000e+03
2.157000000000000000e+03
2.227000000000000000e+03
2.218000000000000000e+03
2.197000000000000000e+03
2.295000000000000000e+03
2.266000000000000000e+03
2.226000000000000000e+03
2.381000000000000000e+03
2.222000000000000000e+03
2.238000000000000000e+03
2.257000000000000000e+03
2.248000000000000000e+03
2.411000000000000000e+03
2.272000000000000000e+03
2.308000000000000000e+03
2.319000000000000000e+03
2.373000000000000000e+03
2.311000000000000000e+03
2.317000000000000000e+03
2.388000000000000000e+03
2.394000000000000000e+03
2.379000000000000000e+03
2.362000000000000000e+03
2.387000000000000000e+03
2.377000000000000000e+03
2.448000000000000000e+03
2.431000000000000000e+03
2.436000000000000000e+03
2.422000000000000000e+03
2.439000000000000000e+03
2.445000000000000000e+03
2.459000000000000000e+03
2.485000000000000000e+03
2.472000000000000000e+03
2.482000000000000000e+03
2.523000000000000000e+03
2.507000000000000000e+03
2.598000000000000000e+03
2.536000000000000000e+03
2.544000000000000000e+03
2.566000000000000000e+03
2.602000000000000000e+03
2.588000000000000000e+03
2.620000000000000000e+03
2.629000000000000000e+03
2.669000000000000000e+03
2.692000000000000000e+03
2.660000000000000000e+03
2.645000000000000000e+03
2.746000000000000000e+03
2.739000000000000000e+03
2.689000000000000000e+03
2.697000000000000000e+03
2.786000000000000000e+03
2.729000000000000000e+03
2.799000000000000000e+03
2.810000000000000000e+03
2.783000000000000000e+03
2.804000000000000000e+03
2.815000000000000000e+03
2.803000000000000000e+03
2.836000000000000000e+03
2.858000000000000000e+03
2.816000000000000000e+03
2.907000000000000000e+03
2.867000000000000000e+03
2.873000000000000000e+03
2.992000000000000000e+03
2.896000000000000000e+03
2.919000000000000000e+03
2.918000000000000000e+03
2.959000000000000000e+03
2.948000000000000000e+03
2.976000000000000000e+03
2.926000000000000000e+03
2.992000000000000000e+03
3.034000000000000000e+03
3.012000000000000000e+03
3.013000000000000000e+03
3.048000000000000000e+03
3.052000000000000000e+03
3.068000000000000000e+03
3.064000000000000000e+03
3.059000000000000000e+03
3.036000000000000000e+03
3.072000000000000000e+03
3.216000000000000000e+03
3.113000000000000000e+03
3.123000000000000000e+03
3.080000000000000000e+03
3.165000000000000000e+03
3.205000000000000000e+03
3.135000000000000000e+03
3.178000000000000000e+03
3.217000000000000000e+03
3.210000000000000000e+03
3.162000000000000000e+03
3.214000000000000000e+03
3.285000000000000000e+03
3.531000000000000000e+03
3.705000000000000000e+03
3.424000000000000000e+03
3.232000000000000000e+03
3.131000000000000000e+03
3.243000000000000000e+03
3.267000000000000000e+03
3.252000000000000000e+03
3.296000000000000000e+03
3.335000000000000000e+03
3.295000000000000000e+03
3.263000000000000000e+03
3.388000000000000000e+03
3.325000000000000000e+03
3.371000000000000000e+03
3.383000000000000000e+03
3.367000000000000000e+03
3.385000000000000000e+03
3.471000000000000000e+03
3.486000000000000000e+03
3.435000000000000000e+03
3.462000000000000000e+03
3.415000000000000000e+03
3.434000000000000000e+03
3.492000000000000000e+03
3.479000000000000000e+03
3.504000000000000000e+03
3.539000000000000000e+03
3.556000000000000000e+03
3.628000000000000000e+03
3.571000000000000000e+03
3.564000000000000000e+03
3.599000000000000000e+03
3.612000000000000000e+03
3.616000000000000000e+03
3.587000000000000000e+03
3.688000000000000000e+03
3.667000000000000000e+03
3.725000000000000000e+03
3.700000000000000000e+03
3.727000000000000000e+03
3.737000000000000000e+03
3.698000000000000000e+03
3.755000000000000000e+03
3.784000000000000000e+03
3.858000000000000000e+03
3.906000000000000000e+03
3.816000000000000000e+03
3.823000000000000000e+03
3.865000000000000000e+03
3.944000000000000000e+03
3.920000000000000000e+03
3.953000000000000000e+03
3.967000000000000000e+03
3.963000000000000000e+03
4.029000000000000000e+03
3.940000000000000000e+03
3.971000000000000000e+03
4.050000000000000000e+03
4.071000000000000000e+03
4.051000000000000000e+03
4.033000000000000000e+03
4.139000000000000000e+03
4.109000000000000000e+03
4.130000000000000000e+03
4.171000000000000000e+03
4.207000000000000000e+03
4.147000000000000000e+03
4.199000000000000000e+03
4.204000000000000000e+03
4.274000000000000000e+03
4.242000000000000000e+03
4.227000000000000000e+03
4.318000000000000000e+03
4.404000000000000000e+03
4.252000000000000000e+03
4.257000000000000000e+03
4.314000000000000000e+03
4.396000000000000000e+03
4.433000000000000000e+03
4.328000000000000000e+03
4.283000000000000000e+03
4.345000000000000000e+03
4.373000000000000000e+03
4.279000000000000000e+03
4.409000000000000000e+03
4.423000000000000000e+03
4.459000000000000000e+03
4.495000000000000000e+03
4.350000000000000000e+03
4.467000000000000000e+03
4.479000000000000000e+03
4.414000000000000000e+03
4.499000000000000000e+03
4.504000000000000000e+03
4.483000000000000000e+03
4.454000000000000000e+03
4.504000000000000000e+03
4.478000000000000000e+03
4.549000000000000000e+03
4.567000000000000000e+03
4.480000000000000000e+03
4.532000000000000000e+03
4.500000000000000000e+03
4.550000000000000000e+03
4.471000000000000000e+03
4.508000000000000000e+03
4.512000000000000000e+03
4.561000000000000000e+03
4.548000000000000000e+03
4.546000000000000000e+03
4.613000000000000000e+03
4.552000000000000000e+03
4.658000000000000000e+03
4.648000000000000000e+03
4.512000000000000000e+03
4.670000000000000000e+03
4.597000000000000000e+03
4.620000000000000000e+03
4.709000000000000000e+03
4.677000000000000000e+03
4.673000000000000000e+03
4.670000000000000000e+03
4.680000000000000000e+03
4.655000000000000000e+03
4.718000000000000000e+03
4.695000000000000000e+03
4.588000000000000000e+03
4.685000000000000000e+03
4.682000000000000000e+03
4.764000000000000000e+03
4.626000000000000000e+03
4.685000000000000000e+03
4.630000000000000000e+03
4.641000000000000000e+03
4.616000000000000000e+03
4.744000000000000000e+03
4.742000000000000000e+03
4.821000000000000000e+03
4.719000000000000000e+03
4.697000000000000000e+03
4.628000000000000000e+03
4.737000000000000000e+03
4.670000000000000000e+03
4.698000000000000000e+03
4.715000000000000000e+03
4.744000000000000000e+03
4.755000000000000000e+03
4.776000000000000000e+03
4.744000000000000000e+03
4.738000000000000000e+03
4.660000000000000000e+03
4.759000000000000000e+03
4.720000000000000000e+03
4.737000000000000000e+03
4.736000000000000000e+03
4.709000000000000000e+03
4.803000000000000000e+03
4.741000000000000000e+03
4.735000000000000000e+03
4.768000000000000000e+03
4.766000000000000000e+03
4.686000000000000000e+03
4.658000000000000000e+03
4.826000000000000000e+03
4.824000000000000000e+03
4.757000000000000000e+03
4.736000000000000000e+03
4.761000000000000000e+03
4.748000000000000000e+03
4.712000000000000000e+03
4.786000000000000000e+03
4.856000000000000000e+03
4.767000000000000000e+03
4.821000000000000000e+03
4.713000000000000000e+03
4.756000000000000000e+03
4.741000000000000000e+03
4.806000000000000000e+03
4.822000000000000000e+03
4.742000000000000000e+03
4.824000000000000000e+03
4.762000000000000000e+03
4.772000000000000000e+03
4.812000000000000000e+03
4.817000000000000000e+03
4.857000000000000000e+03
4.845000000000000000e+03
4.880000000000000000e+03
4.864000000000000000e+03
4.918000000000000000e+03
4.818000000000000000e+03
4.839000000000000000e+03
4.908000000000000000e+03
4.869000000000000000e+03
4.912000000000000000e+03
4.881000000000000000e+03
4.858000000000000000e+03
4.960000000000000000e+03
4.855000000000000000e+03
4.876000000000000000e+03
4.943000000000000000e+03
4.837000000000000000e+03
4.977000000000000000e+03
4.990000000000000000e+03
4.912000000000000000e+03
5.046000000000000000e+03
5.011000000000000000e+03
4.963000000000000000e+03
4.965000000000000000e+03
4.981000000000000000e+03
4.977000000000000000e+03
4.999000000000000000e+03
4.958000000000000000e+03
5.070000000000000000e+03
4.970000000000000000e+03
4.983000000000000000e+03
4.954000000000000000e+03
5.009000000000000000e+03
4.953000000000000000e+03
5.029000000000000000e+03
4.951000000000000000e+03
5.044000000000000000e+03
4.946000000000000000e+03
5.023000000000000000e+03
5.019000000000000000e+03
5.002000000000000000e+03
5.001000000000000000e+03
4.993000000000000000e+03
5.063000000000000000e+03
5.002000000000000000e+03
5.060000000000000000e+03
5.055000000000000000e+03
5.042000000000000000e+03
5.026000000000000000e+03
5.129000000000000000e+03
5.108000000000000000e+03
5.062000000000000000e+03
5.024000000000000000e+03
5.065000000000000000e+03
5.047000000000000000e+03
5.024000000000000000e+03
5.132000000000000000e+03
5.089000000000000000e+03
5.138000000000000000e+03
5.126000000000000000e+03
5.025000000000000000e+03
5.093000000000000000e+03
4.975000000000000000e+03
5.141000000000000000e+03
5.053000000000000000e+03
5.210000000000000000e+03
5.147000000000000000e+03
5.115000000000000000e+03
5.118000000000000000e+03
5.130000000000000000e+03
5.140000000000000000e+03
5.110000000000000000e+03
5.119000000000000000e+03
5.133000000000000000e+03
5.092000000000000000e+03
5.116000000000000000e+03
5.096000000000000000e+03
5.131000000000000000e+03
5.070000000000000000e+03
5.208000000000000000e+03
5.200000000000000000e+03
5.089000000000000000e+03
5.106000000000000000e+03
5.113000000000000000e+03
5.104000000000000000e+03
5.052000000000000000e+03
5.123000000000000000e+03
5.184000000000000000e+03
5.106000000000000000e+03
5.121000000000000000e+03
5.093000000000000000e+03
5.050000000000000000e+03
5.097000000000000000e+03
4.992000000000000000e+03
5.079000000000000000e+03
5.066000000000000000e+03
5.133000000000000000e+03
5.111000000000000000e+03
5.036000000000000000e+03
5.046000000000000000e+03
5.032000000000000000e+03
5.119000000000000000e+03
5.114000000000000000e+03
5.109000000000000000e+03
5.032000000000000000e+03
5.077000000000000000e+03
5.015000000000000000e+03
5.045000000000000000e+03
4.951000000000000000e+03
5.080000000000000000e+03
5.014000000000000000e+03
5.007000000000000000e+03
5.023000000000000000e+03
5.135000000000000000e+03
5.113000000000000000e+03
5.021000000000000000e+03
4.914000000000000000e+03
4.955000000000000000e+03
5.010000000000000000e+03
4.874000000000000000e+03
4.938000000000000000e+03
4.956000000000000000e+03
4.970000000000000000e+03
4.961000000000000000e+03
4.973000000000000000e+03
4.849000000000000000e+03
4.925000000000000000e+03
4.940000000000000000e+03
4.835000000000000000e+03
4.910000000000000000e+03
4.834000000000000000e+03
4.871000000000000000e+03
4.848000000000000000e+03
4.886000000000000000e+03
4.864000000000000000e+03
4.869000000000000000e+03
4.846000000000000000e+03
4.936000000000000000e+03
4.849000000000000000e+03
4.796000000000000000e+03
4.842000000000000000e+03
4.784000000000000000e+03
4.808000000000000000e+03
4.791000000000000000e+03
4.697000000000000000e+03
4.753000000000000000e+03
4.752000000000000000e+03
4.744000000000000000e+03
4.727000000000000000e+03
4.734000000000000000e+03
4.766000000000000000e+03
4.705000000000000000e+03
4.745000000000000000e+03
4.702000000000000000e+03
4.684000000000000000e+03
4.700000000000000000e+03
4.626000000000000000e+03
4.735000000000000000e+03
4.613000000000000000e+03
4.541000000000000000e+03
4.677000000000000000e+03
4.556000000000000000e+03
4.642000000000000000e+03
4.515000000000000000e+03
4.539000000000000000e+03
4.587000000000000000e+03
4.564000000000000000e+03
4.620000000000000000e+03
4.555000000000000000e+03
4.498000000000000000e+03
4.566000000000000000e+03
4.500000000000000000e+03
4.573000000000000000e+03
4.634000000000000000e+03
4.501000000000000000e+03
4.476000000000000000e+03
4.444000000000000000e+03
4.519000000000000000e+03
4.449000000000000000e+03
4.475000000000000000e+03
4.504000000000000000e+03
4.532000000000000000e+03
4.467000000000000000e+03
4.442000000000000000e+03
4.482000000000000000e+03
4.465000000000000000e+03
4.425000000000000000e+03
4.455000000000000000e+03
4.469000000000000000e+03
4.469000000000000000e+03
4.427000000000000000e+03
4.330000000000000000e+03
4.366000000000000000e+03
4.335000000000000000e+03
4.443000000000000000e+03
4.451000000000000000e+03
4.420000000000000000e+03
4.497000000000000000e+03
4.278000000000000000e+03
4.362000000000000000e+03
4.330000000000000000e+03
4.329000000000000000e+03
4.338000000000000000e+03
4.344000000000000000e+03
4.369000000000000000e+03
4.341000000000000000e+03
4.339000000000000000e+03
4.349000000000000000e+03
4.284000000000000000e+03
4.258000000000000000e+03
4.303000000000000000e+03
4.366000000000000000e+03
4.290000000000000000e+03
4.349000000000000000e+03
4.272000000000000000e+03
4.298000000000000000e+03
4.240000000000000000e+03
4.217000000000000000e+03
4.322000000000000000e+03
4.204000000000000000e+03
4.241000000000000000e+03
4.317000000000000000e+03
4.274000000000000000e+03
4.268000000000000000e+03
4.292000000000000000e+03
4.231000000000000000e+03
4.322000000000000000e+03
4.293000000000000000e+03
4.204000000000000000e+03
4.212000000000000000e+03
4.159000000000000000e+03
4.216000000000000000e+03
4.130000000000000000e+03
4.144000000000000000e+03
4.121000000000000000e+03
4.178000000000000000e+03
4.137000000000000000e+03
4.132000000000000000e+03
4.108000000000000000e+03
4.118000000000000000e+03
4.097000000000000000e+03
4.123000000000000000e+03
4.128000000000000000e+03
4.108000000000000000e+03
4.092000000000000000e+03
4.102000000000000000e+03
4.138000000000000000e+03
4.077000000000000000e+03
4.037000000000000000e+03
4.105000000000000000e+03
4.017000000000000000e+03
4.076000000000000000e+03
3.951000000000000000e+03
4.038000000000000000e+03
4.083000000000000000e+03
4.079000000000000000e+03
4.057000000000000000e+03
4.018000000000000000e+03
3.960000000000000000e+03
4.051000000000000000e+03
4.131000000000000000e+03
3.978000000000000000e+03
4.052000000000000000e+03
4.000000000000000000e+03
4.039000000000000000e+03
3.970000000000000000e+03
3.964000000000000000e+03
3.968000000000000000e+03
3.909000000000000000e+03
3.971000000000000000e+03
3.933000000000000000e+03
3.944000000000000000e+03
3.905000000000000000e+03
3.967000000000000000e+03
3.918000000000000000e+03
3.911000000000000000e+03
3.868000000000000000e+03
3.874000000000000000e+03
3.882000000000000000e+03
3.852000000000000000e+03
3.830000000000000000e+03
3.868000000000000000e+03
3.897000000000000000e+03
3.773000000000000000e+03
3.892000000000000000e+03
3.857000000000000000e+03
3.792000000000000000e+03
3.819000000000000000e+03
3.758000000000000000e+03
3.912000000000000000e+03
3.818000000000000000e+03
3.777000000000000000e+03
3.791000000000000000e+03
3.728000000000000000e+03
3.705000000000000000e+03
3.765000000000000000e+03
3.747000000000000000e+03
3.787000000000000000e+03
3.697000000000000000e+03
3.670000000000000000e+03
3.727000000000000000e+03
3.638000000000000000e+03
3.715000000000000000e+03
3.590000000000000000e+03
3.657000000000000000e+03
3.610000000000000000e+03
3.661000000000000000e+03
3.555000000000000000e+03
3.564000000000000000e+03
3.542000000000000000e+03
3.529000000000000000e+03
3.639000000000000000e+03
3.582000000000000000e+03
3.496000000000000000e+03
3.580000000000000000e+03
3.487000000000000000e+03
3.574000000000000000e+03
3.484000000000000000e+03
3.544000000000000000e+03
3.520000000000000000e+03
3.418000000000000000e+03
3.472000000000000000e+03
3.456000000000000000e+03
3.400000000000000000e+03
3.373000000000000000e+03
3.452000000000000000e+03
3.409000000000000000e+03
3.425000000000000000e+03
3.349000000000000000e+03
3.327000000000000000e+03
3.316000000000000000e+03
3.359000000000000000e+03
3.311000000000000000e+03
3.343000000000000000e+03
3.334000000000000000e+03
3.285000000000000000e+03
3.271000000000000000e+03
3.291000000000000000e+03
3.246000000000000000e+03
3.296000000000000000e+03
3.199000000000000000e+03
3.191000000000000000e+03
3.155000000000000000e+03
3.180000000000000000e+03
3.192000000000000000e+03
3.142000000000000000e+03
3.231000000000000000e+03
3.167000000000000000e+03
3.137000000000000000e+03
3.161000000000000000e+03
3.108000000000000000e+03
3.147000000000000000e+03
3.179000000000000000e+03
3.110000000000000000e+03
3.107000000000000000e+03
3.124000000000000000e+03
3.014000000000000000e+03
3.043000000000000000e+03
3.040000000000000000e+03
2.963000000000000000e+03
3.073000000000000000e+03
3.076000000000000000e+03
2.939000000000000000e+03
2.924000000000000000e+03
2.915000000000000000e+03
2.943000000000000000e+03
3.060000000000000000e+03
2.947000000000000000e+03
2.968000000000000000e+03
2.875000000000000000e+03
2.942000000000000000e+03
2.812000000000000000e+03
2.867000000000000000e+03
2.864000000000000000e+03
2.846000000000000000e+03
2.876000000000000000e+03
2.832000000000000000e+03
2.886000000000000000e+03
2.829000000000000000e+03
2.768000000000000000e+03
2.753000000000000000e+03
2.792000000000000000e+03
2.800000000000000000e+03
2.806000000000000000e+03
2.776000000000000000e+03
2.778000000000000000e+03
2.773000000000000000e+03
2.772000000000000000e+03
2.725000000000000000e+03
2.813000000000000000e+03
2.728000000000000000e+03
2.806000000000000000e+03
2.741000000000000000e+03
2.779000000000000000e+03
2.722000000000000000e+03
2.700000000000000000e+03
