1.649000000000000000e+03
1.639000000000000000e+03
1.580000000000000000e+03
1.618000000000000000e+03
1.652000000000000000e+03
1.614000000000000000e+03
1.663000000000000000e+03
1.640000000000000000e+03
1.652000000000000000e+03
1.673000000000000000e+03
1.684000000000000000e+03
1.706000000000000000e+03
1.680000000000000000e+03
1.648000000000000000e+03
1.675000000000000000e+03
1.677000000000000000e+03
1.661000000000000000e+03
1.724000000000000000e+03
1.701000000000000000e+03
1.703000000000000000e+03
1.687000000000000000e+03
1.715000000000000000e+03
1.708000000000000000e+03
1.675000000000000000e+03
1.710000000000000000e+03
1.710000000000000000e+03
1.691000000000000000e+03
1.729000000000000000e+03
1.743000000000000000e+03
1.712000000000000000e+03
1.784000000000000000e+03
1.783000000000000000e+03
1.827000000000000000e+03
1.779000000000000000e+03
1.761000000000000000e+03
1.760000000000000000e+03
1.746000000000000000e+03
1.798000000000000000e+03
1.779000000000000000e+03
1.830000000000000000e+03
1.836000000000000000e+03
1.789000000000000000e+03
1.817000000000000000e+03
1.798000000000000000e+03
1.817000000000000000e+03
1.865000000000000000e+03
1.886000000000000000e+03
1.862000000000000000e+03
1.913000000000000000e+03
1.835000000000000000e+03
1.855000000000000000e+03
1.853000000000000000e+03
1.833000000000000000e+03
1.887000000000000000e+03
1.866000000000000000e+03
1.818000000000000000e+03
1.843000000000000000e+03
1.882000000000000000e+03
1.902000000000000000e+03
1.885000000000000000e+03
1.913000000000000000e+03
1.867000000000000000e+03
1.880000000000000000e+03
1.937000000000000000e+03
1.918000000000000000e+03
1.927000000000000000e+03
1.891000000000000000e+03
1.932000000000000000e+03
1.970000000000000000e+03
1.921000000000000000e+03
1.926000000000000000e+03
1.939000000000000000e+03
1.912000000000000000e+03
1.996000000000000000e+03
1.995000000000000000e+03
1.944000000000000000e+03
1.930000000000000000e+03
1.965000000000000000e+03
1.984000000000000000e+03
1.959000000000000000e+03
1.996000000000000000e+03
1.988000000000000000e+03
1.962000000000000000e+03
2.017000000000000000e+03
2.026000000000000000e+03
2.000000000000000000e+03
2.001000000000000000e+03
1.989000000000000000e+03
2.042000000000000000e+03
2.040000000000000000e+03
2.041000000000000000e+03
2.018000000000000000e+03
2.055000000000000000e+03
2.056000000000000000e+03
2.032000000000000000e+03
2.046000000000000000e+03
2.056000000000000000e+03
2.043000000000000000e+03
2.093000000000000000e+03
2.120000000000000000e+03
2.140000000000000000e+03
2.096000000000000000e+03
2.074000000000000000e+03
2.159000000000000000e+03
2.132000000000000000e+03
2.125000000000000000e+03
2.116000000000000000e+03
2.145000000000000000e+03
2.139000000000000000e+03
2.157000000000000000e+03
2.174000000000000000e+03
2.209000000000000000e+03
2.275000000000000000e+03
2.199000000000000000e+03
2.182000000000000000e+03
2.233000000000000000e+03
2.238000000000000000e+03
2.170000000000000000e+03
2.258000000000000000e+03
2.249000000000000000e+03
2.307000000000000000e+03
2.221000000000000000e+03
2.269000000000000000e+03
2.273000000000000000e+03
2.258000000000000000e+03
2.306000000000000000e+03
2.358000000000000000e+03
2.291000000000000000e+03
2.318000000000000000e+03
2.341000000000000000e+03
2.369000000000000000e+03
2.445000000000000000e+03
2.423000000000000000e+03
2.453000000000000000e+03
2.419000000000000000e+03
2.446000000000000000e+03
2.467000000000000000e+03
2.467000000000000000e+03
2.454000000000000000e+03
2.446000000000000000e+03
2.469000000000000000e+03
2.515000000000000000e+03
2.543000000000000000e+03
2.476000000000000000e+03
2.545000000000000000e+03
2.535000000000000000e+03
2.554000000000000000e+03
2.583000000000000000e+03
2.601000000000000000e+03
2.599000000000000000e+03
2.642000000000000000e+03
2.592000000000000000e+03
2.655000000000000000e+03
2.575000000000000000e+03
2.634000000000000000e+03
2.665000000000000000e+03
2.669000000000000000e+03
2.634000000000000000e+03
2.679000000000000000e+03
2.737000000000000000e+03
2.711000000000000000e+03
2.675000000000000000e+03
2.713000000000000000e+03
2.722000000000000000e+03
2.734000000000000000e+03
2.763000000000000000e+03
2.738000000000000000e+03
2.790000000000000000e+03
2.748000000000000000e+03
2.808000000000000000e+03
2.734000000000000000e+03
2.829000000000000000e+03
2.768000000000000000e+03
2.828000000000000000e+03
2.781000000000000000e+03
2.817000000000000000e+03
2.839000000000000000e+03
2.849000000000000000e+03
2.853000000000000000e+03
2.862000000000000000e+03
2.915000000000000000e+03
2.879000000000000000e+03
2.907000000000000000e+03
2.851000000000000000e+03
2.917000000000000000e+03
3.283000000000000000e+03
3.379000000000000000e+03
3.091000000000000000e+03
3.006000000000000000e+03
2.946000000000000000e+03
2.991000000000000000e+03
2.951000000000000000e+03
2.951000000000000000e+03
2.992000000000000000e+03
2.908000000000000000e+03
3.006000000000000000e+03
2.978000000000000000e+03
3.007000000000000000e+03
3.017000000000000000e+03
3.084000000000000000e+03
3.001000000000000000e+03
3.069000000000000000e+03
3.074000000000000000e+03
3.019000000000000000e+03
3.012000000000000000e+03
3.146000000000000000e+03
3.087000000000000000e+03
3.104000000000000000e+03
3.134000000000000000e+03
3.157000000000000000e+03
3.156000000000000000e+03
3.234000000000000000e+03
3.133000000000000000e+03
3.137000000000000000e+03
3.211000000000000000e+03
3.217000000000000000e+03
3.265000000000000000e+03
3.279000000000000000e+03
3.234000000000000000e+03
3.306000000000000000e+03
3.242000000000000000e+03
3.287000000000000000e+03
3.298000000000000000e+03
3.328000000000000000e+03
3.336000000000000000e+03
3.464000000000000000e+03
3.354000000000000000e+03
3.365000000000000000e+03
3.460000000000000000e+03
3.453000000000000000e+03
3.400000000000000000e+03
3.476000000000000000e+03
3.446000000000000000e+03
3.473000000000000000e+03
3.518000000000000000e+03
3.545000000000000000e+03
3.544000000000000000e+03
3.568000000000000000e+03
3.571000000000000000e+03
3.540000000000000000e+03
3.598000000000000000e+03
3.601000000000000000e+03
3.580000000000000000e+03
3.675000000000000000e+03
3.616000000000000000e+03
3.641000000000000000e+03
3.655000000000000000e+03
3.701000000000000000e+03
3.682000000000000000e+03
3.704000000000000000e+03
3.742000000000000000e+03
3.687000000000000000e+03
3.798000000000000000e+03
3.737000000000000000e+03
3.865000000000000000e+03
3.753000000000000000e+03
3.814000000000000000e+03
3.904000000000000000e+03
3.947000000000000000e+03
3.943000000000000000e+03
3.846000000000000000e+03
3.908000000000000000e+03
3.988000000000000000e+03
4.010000000000000000e+03
4.015000000000000000e+03
3.913000000000000000e+03
3.944000000000000000e+03
3.892000000000000000e+03
4.001000000000000000e+03
3.995000000000000000e+03
3.974000000000000000e+03
3.989000000000000000e+03
3.989000000000000000e+03
3.951000000000000000e+03
4.050000000000000000e+03
4.048000000000000000e+03
4.031000000000000000e+03
4.011000000000000000e+03
4.054000000000000000e+03
3.985000000000000000e+03
4.073000000000000000e+03
4.099000000000000000e+03
4.034000000000000000e+03
4.065000000000000000e+03
4.035000000000000000e+03
4.027000000000000000e+03
4.098000000000000000e+03
4.084000000000000000e+03
4.118000000000000000e+03
4.106000000000000000e+03
4.210000000000000000e+03
4.045000000000000000e+03
4.057000000000000000e+03
4.224000000000000000e+03
4.125000000000000000e+03
4.208000000000000000e+03
4.166000000000000000e+03
4.095000000000000000e+03
4.176000000000000000e+03
4.187000000000000000e+03
4.184000000000000000e+03
4.188000000000000000e+03
4.295000000000000000e+03
4.217000000000000000e+03
4.222000000000000000e+03
4.317000000000000000e+03
4.129000000000000000e+03
4.227000000000000000e+03
4.159000000000000000e+03
4.197000000000000000e+03
4.211000000000000000e+03
4.266000000000000000e+03
4.374000000000000000e+03
4.246000000000000000e+03
4.335000000000000000e+03
4.271000000000000000e+03
4.204000000000000000e+03
4.305000000000000000e+03
4.232000000000000000e+03
4.254000000000000000e+03
4.366000000000000000e+03
4.293000000000000000e+03
4.334000000000000000e+03
4.225000000000000000e+03
4.217000000000000000e+03
4.305000000000000000e+03
4.270000000000000000e+03
4.229000000000000000e+03
4.259000000000000000e+03
4.287000000000000000e+03
4.255000000000000000e+03
4.257000000000000000e+03
4.307000000000000000e+03
4.267000000000000000e+03
4.315000000000000000e+03
4.231000000000000000e+03
4.226000000000000000e+03
4.270000000000000000e+03
4.294000000000000000e+03
4.234000000000000000e+03
4.326000000000000000e+03
4.341000000000000000e+03
4.304000000000000000e+03
4.273000000000000000e+03
4.272000000000000000e+03
4.305000000000000000e+03
4.399000000000000000e+03
4.353000000000000000e+03
4.247000000000000000e+03
4.429000000000000000e+03
4.395000000000000000e+03
4.350000000000000000e+03
4.323000000000000000e+03
4.319000000000000000e+03
4.370000000000000000e+03
4.363000000000000000e+03
4.341000000000000000e+03
4.338000000000000000e+03
4.287000000000000000e+03
4.397000000000000000e+03
4.274000000000000000e+03
4.358000000000000000e+03
4.332000000000000000e+03
4.335000000000000000e+03
4.375000000000000000e+03
4.389000000000000000e+03
4.377000000000000000e+03
4.356000000000000000e+03
4.367000000000000000e+03
4.366000000000000000e+03
4.426000000000000000e+03
4.323000000000000000e+03
4.392000000000000000e+03
4.358000000000000000e+03
4.433000000000000000e+03
4.348000000000000000e+03
4.467000000000000000e+03
4.433000000000000000e+03
4.476000000000000000e+03
4.482000000000000000e+03
4.517000000000000000e+03
4.510000000000000000e+03
4.499000000000000000e+03
4.505000000000000000e+03
4.448000000000000000e+03
4.474000000000000000e+03
4.428000000000000000e+03
4.431000000000000000e+03
4.538000000000000000e+03
4.560000000000000000e+03
4.573000000000000000e+03
4.468000000000000000e+03
4.523000000000000000e+03
4.533000000000000000e+03
4.557000000000000000e+03
4.510000000000000000e+03
4.529000000000000000e+03
4.542000000000000000e+03
4.495000000000000000e+03
4.515000000000000000e+03
4.589000000000000000e+03
4.627000000000000000e+03
4.573000000000000000e+03
4.546000000000000000e+03
4.550000000000000000e+03
4.503000000000000000e+03
4.443000000000000000e+03
4.578000000000000000e+03
4.573000000000000000e+03
4.608000000000000000e+03
4.579000000000000000e+03
4.554000000000000000e+03
4.596000000000000000e+03
4.582000000000000000e+03
4.573000000000000000e+03
4.658000000000000000e+03
4.553000000000000000e+03
4.653000000000000000e+03
4.680000000000000000e+03
4.619000000000000000e+03
4.628000000000000000e+03
4.526000000000000000e+03
4.602000000000000000e+03
4.680000000000000000e+03
4.586000000000000000e+03
4.700000000000000000e+03
4.676000000000000000e+03
4.716000000000000000e+03
4.685000000000000000e+03
4.749000000000000000e+03
4.672000000000000000e+03
4.673000000000000000e+03
4.640000000000000000e+03
4.714000000000000000e+03
4.662000000000000000e+03
4.740000000000000000e+03
4.759000000000000000e+03
4.749000000000000000e+03
4.661000000000000000e+03
4.745000000000000000e+03
4.660000000000000000e+03
4.715000000000000000e+03
4.647000000000000000e+03
4.659000000000000000e+03
4.647000000000000000e+03
4.804000000000000000e+03
4.798000000000000000e+03
4.702000000000000000e+03
4.695000000000000000e+03
4.699000000000000000e+03
4.689000000000000000e+03
4.772000000000000000e+03
4.780000000000000000e+03
4.591000000000000000e+03
4.666000000000000000e+03
4.671000000000000000e+03
4.617000000000000000e+03
4.689000000000000000e+03
4.702000000000000000e+03
4.740000000000000000e+03
4.654000000000000000e+03
4.710000000000000000e+03
4.746000000000000000e+03
4.688000000000000000e+03
4.692000000000000000e+03
4.661000000000000000e+03
4.724000000000000000e+03
4.716000000000000000e+03
4.729000000000000000e+03
4.636000000000000000e+03
4.619000000000000000e+03
4.688000000000000000e+03
4.637000000000000000e+03
4.619000000000000000e+03
4.644000000000000000e+03
4.595000000000000000e+03
4.648000000000000000e+03
4.679000000000000000e+03
4.575000000000000000e+03
4.613000000000000000e+03
4.643000000000000000e+03
4.573000000000000000e+03
4.539000000000000000e+03
4.602000000000000000e+03
4.578000000000000000e+03
4.558000000000000000e+03
4.563000000000000000e+03
4.523000000000000000e+03
4.577000000000000000e+03
4.576000000000000000e+03
4.545000000000000000e+03
4.538000000000000000e+03
4.507000000000000000e+03
4.543000000000000000e+03
4.505000000000000000e+03
4.539000000000000000e+03
4.552000000000000000e+03
4.475000000000000000e+03
4.447000000000000000e+03
4.519000000000000000e+03
4.499000000000000000e+03
4.496000000000000000e+03
4.587000000000000000e+03
4.519000000000000000e+03
4.430000000000000000e+03
5.075000000000000000e+03
4.481000000000000000e+03
4.490000000000000000e+03
4.406000000000000000e+03
4.416000000000000000e+03
4.415000000000000000e+03
4.418000000000000000e+03
4.480000000000000000e+03
4.397000000000000000e+03
4.421000000000000000e+03
4.322000000000000000e+03
4.376000000000000000e+03
4.297000000000000000e+03
4.378000000000000000e+03
4.358000000000000000e+03
4.333000000000000000e+03
4.333000000000000000e+03
4.338000000000000000e+03
4.269000000000000000e+03
4.313000000000000000e+03
4.306000000000000000e+03
4.314000000000000000e+03
4.237000000000000000e+03
4.246000000000000000e+03
4.287000000000000000e+03
4.269000000000000000e+03
4.192000000000000000e+03
4.306000000000000000e+03
4.296000000000000000e+03
4.155000000000000000e+03
4.358000000000000000e+03
4.133000000000000000e+03
4.144000000000000000e+03
4.184000000000000000e+03
4.135000000000000000e+03
4.169000000000000000e+03
4.183000000000000000e+03
4.149000000000000000e+03
4.140000000000000000e+03
4.098000000000000000e+03
4.191000000000000000e+03
4.078000000000000000e+03
4.163000000000000000e+03
4.105000000000000000e+03
4.088000000000000000e+03
4.066000000000000000e+03
4.052000000000000000e+03
4.122000000000000000e+03
4.079000000000000000e+03
3.988000000000000000e+03
4.072000000000000000e+03
4.060000000000000000e+03
4.073000000000000000e+03
4.023000000000000000e+03
4.012000000000000000e+03
4.024000000000000000e+03
4.025000000000000000e+03
4.047000000000000000e+03
3.979000000000000000e+03
4.033000000000000000e+03
3.997000000000000000e+03
4.015000000000000000e+03
4.043000000000000000e+03
4.034000000000000000e+03
4.014000000000000000e+03
4.015000000000000000e+03
3.943000000000000000e+03
3.998000000000000000e+03
3.965000000000000000e+03
3.948000000000000000e+03
3.963000000000000000e+03
3.918000000000000000e+03
3.961000000000000000e+03
4.015000000000000000e+03
3.949000000000000000e+03
4.034000000000000000e+03
3.924000000000000000e+03
3.935000000000000000e+03
3.866000000000000000e+03
3.899000000000000000e+03
3.936000000000000000e+03
3.824000000000000000e+03
3.863000000000000000e+03
3.900000000000000000e+03
3.890000000000000000e+03
3.897000000000000000e+03
3.812000000000000000e+03
3.870000000000000000e+03
3.812000000000000000e+03
3.873000000000000000e+03
3.866000000000000000e+03
3.832000000000000000e+03
3.856000000000000000e+03
3.856000000000000000e+03
3.815000000000000000e+03
3.852000000000000000e+03
3.785000000000000000e+03
3.821000000000000000e+03
3.760000000000000000e+03
3.811000000000000000e+03
3.848000000000000000e+03
3.783000000000000000e+03
3.799000000000000000e+03
3.741000000000000000e+03
3.759000000000000000e+03
3.772000000000000000e+03
3.726000000000000000e+03
3.763000000000000000e+03
3.735000000000000000e+03
3.759000000000000000e+03
3.769000000000000000e+03
3.704000000000000000e+03
3.802000000000000000e+03
3.662000000000000000e+03
3.726000000000000000e+03
3.763000000000000000e+03
3.697000000000000000e+03
3.793000000000000000e+03
3.728000000000000000e+03
3.733000000000000000e+03
3.722000000000000000e+03
3.714000000000000000e+03
3.671000000000000000e+03
3.605000000000000000e+03
3.654000000000000000e+03
3.624000000000000000e+03
3.597000000000000000e+03
3.618000000000000000e+03
3.610000000000000000e+03
3.625000000000000000e+03
3.613000000000000000e+03
3.619000000000000000e+03
3.601000000000000000e+03
3.621000000000000000e+03
3.659000000000000000e+03
3.599000000000000000e+03
3.582000000000000000e+03
3.606000000000000000e+03
3.518000000000000000e+03
3.567000000000000000e+03
3.550000000000000000e+03
3.604000000000000000e+03
3.481000000000000000e+03
3.585000000000000000e+03
3.562000000000000000e+03
3.492000000000000000e+03
3.472000000000000000e+03
3.498000000000000000e+03
3.526000000000000000e+03
3.485000000000000000e+03
3.517000000000000000e+03
3.436000000000000000e+03
3.500000000000000000e+03
3.448000000000000000e+03
3.514000000000000000e+03
3.398000000000000000e+03
3.468000000000000000e+03
3.472000000000000000e+03
3.496000000000000000e+03
3.416000000000000000e+03
3.384000000000000000e+03
3.445000000000000000e+03
3.385000000000000000e+03
3.449000000000000000e+03
3.445000000000000000e+03
3.388000000000000000e+03
3.346000000000000000e+03
3.367000000000000000e+03
3.378000000000000000e+03
3.427000000000000000e+03
3.304000000000000000e+03
3.297000000000000000e+03
3.322000000000000000e+03
3.313000000000000000e+03
3.307000000000000000e+03
3.232000000000000000e+03
3.266000000000000000e+03
3.252000000000000000e+03
3.235000000000000000e+03
3.255000000000000000e+03
3.217000000000000000e+03
3.220000000000000000e+03
3.184000000000000000e+03
3.166000000000000000e+03
3.147000000000000000e+03
3.167000000000000000e+03
3.164000000000000000e+03
3.165000000000000000e+03
3.157000000000000000e+03
3.158000000000000000e+03
3.102000000000000000e+03
3.068000000000000000e+03
3.078000000000000000e+03
3.107000000000000000e+03
3.052000000000000000e+03
3.053000000000000000e+03
3.081000000000000000e+03
3.041000000000000000e+03
3.051000000000000000e+03
2.997000000000000000e+03
3.014000000000000000e+03
2.978000000000000000e+03
2.958000000000000000e+03
2.986000000000000000e+03
2.926000000000000000e+03
2.960000000000000000e+03
2.897000000000000000e+03
2.933000000000000000e+03
2.909000000000000000e+03
2.929000000000000000e+03
2.929000000000000000e+03
2.934000000000000000e+03
2.859000000000000000e+03
2.947000000000000000e+03
2.871000000000000000e+03
2.826000000000000000e+03
2.820000000000000000e+03
2.838000000000000000e+03
2.790000000000000000e+03
2.743000000000000000e+03
2.744000000000000000e+03
2.804000000000000000e+03
2.729000000000000000e+03
2.792000000000000000e+03
2.730000000000000000e+03
2.784000000000000000e+03
2.773000000000000000e+03
2.723000000000000000e+03
2.689000000000000000e+03
2.664000000000000000e+03
2.700000000000000000e+03
2.711000000000000000e+03
2.678000000000000000e+03
2.678000000000000000e+03
2.629000000000000000e+03
2.668000000000000000e+03
2.663000000000000000e+03
2.605000000000000000e+03
2.640000000000000000e+03
2.651000000000000000e+03
2.572000000000000000e+03
2.635000000000000000e+03
2.602000000000000000e+03
2.593000000000000000e+03
2.583000000000000000e+03
2.605000000000000000e+03
2.542000000000000000e+03
2.581000000000000000e+03
2.530000000000000000e+03
2.567000000000000000e+03
2.586000000000000000e+03
2.532000000000000000e+03
2.535000000000000000e+03
2.504000000000000000e+03
2.463000000000000000e+03
2.480000000000000000e+03
2.524000000000000000e+03
2.522000000000000000e+03
2.501000000000000000e+03
2.454000000000000000e+03
