1.491000000000000000e+03
1.522000000000000000e+03
1.538000000000000000e+03
1.527000000000000000e+03
1.464000000000000000e+03
1.527000000000000000e+03
1.557000000000000000e+03
1.544000000000000000e+03
1.539000000000000000e+03
1.521000000000000000e+03
1.578000000000000000e+03
1.582000000000000000e+03
1.565000000000000000e+03
1.554000000000000000e+03
1.579000000000000000e+03
1.572000000000000000e+03
1.580000000000000000e+03
1.575000000000000000e+03
1.549000000000000000e+03
1.590000000000000000e+03
1.573000000000000000e+03
1.617000000000000000e+03
1.646000000000000000e+03
1.623000000000000000e+03
1.620000000000000000e+03
1.586000000000000000e+03
1.618000000000000000e+03
1.625000000000000000e+03
1.662000000000000000e+03
1.745000000000000000e+03
1.625000000000000000e+03
1.672000000000000000e+03
1.682000000000000000e+03
1.665000000000000000e+03
1.710000000000000000e+03
1.643000000000000000e+03
1.696000000000000000e+03
1.736000000000000000e+03
1.666000000000000000e+03
1.628000000000000000e+03
1.707000000000000000e+03
1.693000000000000000e+03
1.700000000000000000e+03
1.721000000000000000e+03
1.708000000000000000e+03
1.714000000000000000e+03
1.735000000000000000e+03
1.713000000000000000e+03
1.670000000000000000e+03
1.776000000000000000e+03
1.732000000000000000e+03
1.883000000000000000e+03
1.710000000000000000e+03
1.749000000000000000e+03
1.753000000000000000e+03
1.732000000000000000e+03
1.790000000000000000e+03
1.780000000000000000e+03
1.770000000000000000e+03
1.779000000000000000e+03
1.776000000000000000e+03
1.753000000000000000e+03
1.772000000000000000e+03
1.777000000000000000e+03
1.778000000000000000e+03
1.784000000000000000e+03
1.779000000000000000e+03
1.789000000000000000e+03
1.830000000000000000e+03
1.836000000000000000e+03
1.828000000000000000e+03
1.810000000000000000e+03
1.858000000000000000e+03
1.817000000000000000e+03
1.829000000000000000e+03
1.785000000000000000e+03
1.885000000000000000e+03
1.848000000000000000e+03
1.927000000000000000e+03
1.831000000000000000e+03
1.883000000000000000e+03
1.850000000000000000e+03
1.832000000000000000e+03
1.886000000000000000e+03
1.854000000000000000e+03
1.855000000000000000e+03
1.876000000000000000e+03
1.845000000000000000e+03
1.889000000000000000e+03
1.901000000000000000e+03
1.890000000000000000e+03
1.877000000000000000e+03
1.971000000000000000e+03
1.891000000000000000e+03
1.878000000000000000e+03
1.944000000000000000e+03
1.934000000000000000e+03
1.911000000000000000e+03
1.894000000000000000e+03
2.020000000000000000e+03
1.957000000000000000e+03
1.928000000000000000e+03
1.895000000000000000e+03
1.997000000000000000e+03
2.020000000000000000e+03
1.975000000000000000e+03
2.000000000000000000e+03
2.127000000000000000e+03
1.974000000000000000e+03
2.033000000000000000e+03
2.035000000000000000e+03
2.053000000000000000e+03
2.015000000000000000e+03
2.053000000000000000e+03
2.083000000000000000e+03
2.026000000000000000e+03
2.095000000000000000e+03
2.039000000000000000e+03
2.102000000000000000e+03
2.118000000000000000e+03
2.096000000000000000e+03
2.095000000000000000e+03
2.102000000000000000e+03
2.113000000000000000e+03
2.152000000000000000e+03
2.140000000000000000e+03
2.154000000000000000e+03
2.192000000000000000e+03
2.166000000000000000e+03
2.141000000000000000e+03
2.212000000000000000e+03
2.237000000000000000e+03
2.241000000000000000e+03
2.229000000000000000e+03
2.235000000000000000e+03
2.205000000000000000e+03
2.211000000000000000e+03
2.291000000000000000e+03
2.267000000000000000e+03
2.279000000000000000e+03
2.318000000000000000e+03
2.291000000000000000e+03
2.371000000000000000e+03
2.303000000000000000e+03
2.334000000000000000e+03
2.376000000000000000e+03
2.379000000000000000e+03
2.355000000000000000e+03
2.338000000000000000e+03
2.392000000000000000e+03
2.404000000000000000e+03
2.447000000000000000e+03
2.487000000000000000e+03
2.413000000000000000e+03
2.477000000000000000e+03
2.352000000000000000e+03
2.471000000000000000e+03
2.523000000000000000e+03
2.518000000000000000e+03
2.563000000000000000e+03
2.473000000000000000e+03
2.494000000000000000e+03
2.491000000000000000e+03
2.549000000000000000e+03
2.494000000000000000e+03
2.546000000000000000e+03
2.513000000000000000e+03
2.598000000000000000e+03
2.542000000000000000e+03
2.600000000000000000e+03
2.557000000000000000e+03
2.602000000000000000e+03
2.600000000000000000e+03
2.676000000000000000e+03
2.585000000000000000e+03
2.683000000000000000e+03
2.616000000000000000e+03
2.589000000000000000e+03
2.629000000000000000e+03
2.622000000000000000e+03
2.674000000000000000e+03
2.705000000000000000e+03
2.622000000000000000e+03
2.607000000000000000e+03
2.713000000000000000e+03
2.728000000000000000e+03
2.822000000000000000e+03
3.161000000000000000e+03
3.110000000000000000e+03
2.807000000000000000e+03
2.716000000000000000e+03
2.764000000000000000e+03
2.706000000000000000e+03
2.741000000000000000e+03
2.803000000000000000e+03
2.692000000000000000e+03
2.708000000000000000e+03
2.796000000000000000e+03
2.755000000000000000e+03
2.790000000000000000e+03
2.732000000000000000e+03
2.804000000000000000e+03
2.796000000000000000e+03
2.866000000000000000e+03
2.841000000000000000e+03
2.873000000000000000e+03
2.868000000000000000e+03
2.944000000000000000e+03
2.897000000000000000e+03
2.850000000000000000e+03
2.887000000000000000e+03
2.904000000000000000e+03
2.940000000000000000e+03
2.946000000000000000e+03
2.884000000000000000e+03
3.015000000000000000e+03
2.913000000000000000e+03
2.997000000000000000e+03
2.977000000000000000e+03
3.029000000000000000e+03
3.038000000000000000e+03
3.026000000000000000e+03
3.090000000000000000e+03
3.070000000000000000e+03
3.087000000000000000e+03
3.057000000000000000e+03
3.141000000000000000e+03
3.096000000000000000e+03
3.112000000000000000e+03
3.151000000000000000e+03
3.166000000000000000e+03
3.111000000000000000e+03
3.204000000000000000e+03
3.248000000000000000e+03
3.190000000000000000e+03
3.248000000000000000e+03
3.259000000000000000e+03
3.229000000000000000e+03
3.301000000000000000e+03
3.348000000000000000e+03
3.297000000000000000e+03
3.359000000000000000e+03
3.342000000000000000e+03
3.395000000000000000e+03
3.345000000000000000e+03
3.379000000000000000e+03
3.410000000000000000e+03
3.440000000000000000e+03
3.438000000000000000e+03
3.402000000000000000e+03
3.430000000000000000e+03
3.516000000000000000e+03
3.469000000000000000e+03
3.477000000000000000e+03
3.512000000000000000e+03
3.612000000000000000e+03
3.537000000000000000e+03
3.531000000000000000e+03
3.611000000000000000e+03
3.668000000000000000e+03
3.680000000000000000e+03
3.663000000000000000e+03
3.654000000000000000e+03
3.646000000000000000e+03
3.732000000000000000e+03
3.676000000000000000e+03
3.610000000000000000e+03
3.661000000000000000e+03
3.704000000000000000e+03
3.684000000000000000e+03
3.653000000000000000e+03
3.653000000000000000e+03
3.687000000000000000e+03
3.672000000000000000e+03
3.740000000000000000e+03
3.710000000000000000e+03
3.831000000000000000e+03
3.718000000000000000e+03
3.688000000000000000e+03
3.700000000000000000e+03
3.709000000000000000e+03
3.706000000000000000e+03
3.776000000000000000e+03
3.781000000000000000e+03
3.697000000000000000e+03
3.795000000000000000e+03
3.805000000000000000e+03
3.928000000000000000e+03
3.798000000000000000e+03
3.754000000000000000e+03
3.807000000000000000e+03
3.807000000000000000e+03
3.856000000000000000e+03
3.804000000000000000e+03
3.868000000000000000e+03
3.834000000000000000e+03
3.814000000000000000e+03
3.784000000000000000e+03
3.857000000000000000e+03
3.857000000000000000e+03
3.845000000000000000e+03
3.849000000000000000e+03
3.932000000000000000e+03
3.882000000000000000e+03
3.886000000000000000e+03
3.898000000000000000e+03
3.903000000000000000e+03
3.961000000000000000e+03
3.876000000000000000e+03
3.909000000000000000e+03
3.921000000000000000e+03
3.926000000000000000e+03
3.970000000000000000e+03
3.888000000000000000e+03
3.911000000000000000e+03
3.922000000000000000e+03
3.892000000000000000e+03
3.956000000000000000e+03
3.901000000000000000e+03
3.903000000000000000e+03
3.841000000000000000e+03
4.004000000000000000e+03
3.916000000000000000e+03
3.931000000000000000e+03
3.926000000000000000e+03
3.910000000000000000e+03
3.953000000000000000e+03
3.969000000000000000e+03
4.027000000000000000e+03
3.972000000000000000e+03
3.976000000000000000e+03
3.947000000000000000e+03
3.978000000000000000e+03
3.987000000000000000e+03
3.965000000000000000e+03
3.932000000000000000e+03
3.958000000000000000e+03
3.960000000000000000e+03
4.027000000000000000e+03
3.990000000000000000e+03
3.977000000000000000e+03
3.952000000000000000e+03
3.945000000000000000e+03
4.027000000000000000e+03
3.992000000000000000e+03
3.971000000000000000e+03
3.912000000000000000e+03
3.975000000000000000e+03
3.971000000000000000e+03
3.969000000000000000e+03
3.970000000000000000e+03
4.033000000000000000e+03
4.059000000000000000e+03
3.986000000000000000e+03
4.038000000000000000e+03
3.956000000000000000e+03
3.998000000000000000e+03
3.991000000000000000e+03
4.076000000000000000e+03
3.972000000000000000e+03
4.024000000000000000e+03
4.005000000000000000e+03
4.007000000000000000e+03
3.992000000000000000e+03
4.072000000000000000e+03
4.057000000000000000e+03
4.031000000000000000e+03
3.986000000000000000e+03
4.049000000000000000e+03
3.980000000000000000e+03
4.054000000000000000e+03
4.018000000000000000e+03
4.024000000000000000e+03
4.098000000000000000e+03
4.080000000000000000e+03
4.069000000000000000e+03
4.108000000000000000e+03
4.076000000000000000e+03
4.128000000000000000e+03
4.061000000000000000e+03
4.147000000000000000e+03
4.033000000000000000e+03
4.145000000000000000e+03
4.096000000000000000e+03
4.150000000000000000e+03
4.210000000000000000e+03
4.126000000000000000e+03
4.194000000000000000e+03
4.133000000000000000e+03
4.165000000000000000e+03
4.172000000000000000e+03
4.141000000000000000e+03
4.184000000000000000e+03
4.170000000000000000e+03
4.198000000000000000e+03
4.193000000000000000e+03
4.187000000000000000e+03
4.205000000000000000e+03
4.236000000000000000e+03
4.200000000000000000e+03
4.175000000000000000e+03
4.139000000000000000e+03
4.215000000000000000e+03
4.196000000000000000e+03
4.241000000000000000e+03
4.167000000000000000e+03
4.206000000000000000e+03
4.175000000000000000e+03
4.212000000000000000e+03
4.207000000000000000e+03
4.194000000000000000e+03
4.205000000000000000e+03
4.194000000000000000e+03
4.324000000000000000e+03
4.223000000000000000e+03
4.213000000000000000e+03
4.266000000000000000e+03
4.172000000000000000e+03
4.260000000000000000e+03
4.231000000000000000e+03
4.366000000000000000e+03
4.228000000000000000e+03
4.349000000000000000e+03
4.257000000000000000e+03
4.223000000000000000e+03
4.285000000000000000e+03
4.313000000000000000e+03
4.319000000000000000e+03
4.342000000000000000e+03
4.259000000000000000e+03
4.323000000000000000e+03
4.319000000000000000e+03
4.295000000000000000e+03
4.300000000000000000e+03
4.539000000000000000e+03
4.326000000000000000e+03
4.334000000000000000e+03
4.338000000000000000e+03
4.325000000000000000e+03
4.270000000000000000e+03
4.368000000000000000e+03
4.408000000000000000e+03
4.301000000000000000e+03
4.363000000000000000e+03
4.328000000000000000e+03
4.348000000000000000e+03
4.320000000000000000e+03
4.366000000000000000e+03
4.366000000000000000e+03
4.448000000000000000e+03
4.316000000000000000e+03
4.304000000000000000e+03
4.308000000000000000e+03
4.373000000000000000e+03
4.252000000000000000e+03
4.344000000000000000e+03
4.213000000000000000e+03
4.384000000000000000e+03
4.331000000000000000e+03
4.297000000000000000e+03
4.325000000000000000e+03
4.286000000000000000e+03
4.236000000000000000e+03
4.391000000000000000e+03
4.359000000000000000e+03
4.359000000000000000e+03
4.256000000000000000e+03
4.329000000000000000e+03
4.303000000000000000e+03
4.319000000000000000e+03
4.326000000000000000e+03
4.248000000000000000e+03
4.306000000000000000e+03
4.323000000000000000e+03
4.251000000000000000e+03
4.253000000000000000e+03
4.204000000000000000e+03
4.292000000000000000e+03
4.239000000000000000e+03
4.207000000000000000e+03
4.275000000000000000e+03
4.269000000000000000e+03
4.236000000000000000e+03
4.347000000000000000e+03
4.291000000000000000e+03
4.210000000000000000e+03
4.278000000000000000e+03
4.196000000000000000e+03
4.214000000000000000e+03
4.218000000000000000e+03
4.156000000000000000e+03
4.209000000000000000e+03
4.188000000000000000e+03
4.260000000000000000e+03
4.185000000000000000e+03
4.241000000000000000e+03
4.175000000000000000e+03
4.216000000000000000e+03
4.129000000000000000e+03
4.163000000000000000e+03
4.130000000000000000e+03
4.126000000000000000e+03
4.104000000000000000e+03
4.210000000000000000e+03
4.086000000000000000e+03
4.124000000000000000e+03
4.132000000000000000e+03
4.129000000000000000e+03
4.076000000000000000e+03
4.136000000000000000e+03
4.120000000000000000e+03
4.061000000000000000e+03
4.123000000000000000e+03
4.077000000000000000e+03
4.072000000000000000e+03
4.052000000000000000e+03
4.083000000000000000e+03
3.967000000000000000e+03
3.963000000000000000e+03
3.981000000000000000e+03
3.961000000000000000e+03
3.975000000000000000e+03
3.950000000000000000e+03
3.995000000000000000e+03
4.027000000000000000e+03
3.967000000000000000e+03
3.974000000000000000e+03
3.908000000000000000e+03
3.882000000000000000e+03
3.863000000000000000e+03
3.895000000000000000e+03
3.877000000000000000e+03
3.857000000000000000e+03
3.948000000000000000e+03
3.922000000000000000e+03
3.882000000000000000e+03
3.842000000000000000e+03
3.926000000000000000e+03
3.860000000000000000e+03
3.857000000000000000e+03
3.793000000000000000e+03
3.840000000000000000e+03
3.829000000000000000e+03
3.769000000000000000e+03
3.818000000000000000e+03
3.791000000000000000e+03
3.785000000000000000e+03
3.791000000000000000e+03
3.787000000000000000e+03
3.729000000000000000e+03
3.795000000000000000e+03
3.778000000000000000e+03
3.750000000000000000e+03
3.782000000000000000e+03
3.754000000000000000e+03
3.686000000000000000e+03
3.708000000000000000e+03
3.724000000000000000e+03
3.757000000000000000e+03
3.697000000000000000e+03
3.753000000000000000e+03
3.728000000000000000e+03
3.712000000000000000e+03
3.698000000000000000e+03
3.674000000000000000e+03
3.722000000000000000e+03
3.689000000000000000e+03
3.668000000000000000e+03
3.716000000000000000e+03
3.620000000000000000e+03
3.620000000000000000e+03
3.610000000000000000e+03
3.560000000000000000e+03
3.688000000000000000e+03
3.640000000000000000e+03
3.624000000000000000e+03
3.629000000000000000e+03
3.661000000000000000e+03
3.657000000000000000e+03
3.616000000000000000e+03
3.624000000000000000e+03
3.582000000000000000e+03
3.623000000000000000e+03
3.586000000000000000e+03
3.556000000000000000e+03
3.509000000000000000e+03
3.713000000000000000e+03
3.587000000000000000e+03
3.588000000000000000e+03
3.612000000000000000e+03
3.566000000000000000e+03
3.582000000000000000e+03
3.579000000000000000e+03
3.525000000000000000e+03
3.689000000000000000e+03
3.548000000000000000e+03
3.556000000000000000e+03
3.578000000000000000e+03
3.587000000000000000e+03
3.583000000000000000e+03
3.529000000000000000e+03
3.501000000000000000e+03
3.465000000000000000e+03
3.503000000000000000e+03
3.490000000000000000e+03
3.518000000000000000e+03
3.510000000000000000e+03
3.466000000000000000e+03
3.435000000000000000e+03
3.537000000000000000e+03
3.456000000000000000e+03
3.425000000000000000e+03
3.421000000000000000e+03
3.563000000000000000e+03
3.430000000000000000e+03
3.572000000000000000e+03
3.446000000000000000e+03
3.482000000000000000e+03
3.454000000000000000e+03
3.476000000000000000e+03
3.413000000000000000e+03
3.465000000000000000e+03
3.473000000000000000e+03
3.425000000000000000e+03
3.389000000000000000e+03
3.379000000000000000e+03
3.391000000000000000e+03
3.383000000000000000e+03
3.355000000000000000e+03
3.326000000000000000e+03
3.390000000000000000e+03
3.302000000000000000e+03
3.407000000000000000e+03
3.430000000000000000e+03
3.412000000000000000e+03
3.416000000000000000e+03
3.320000000000000000e+03
3.342000000000000000e+03
3.364000000000000000e+03
3.353000000000000000e+03
3.325000000000000000e+03
3.317000000000000000e+03
3.364000000000000000e+03
3.296000000000000000e+03
3.302000000000000000e+03
3.346000000000000000e+03
3.298000000000000000e+03
3.236000000000000000e+03
3.268000000000000000e+03
3.252000000000000000e+03
3.220000000000000000e+03
3.368000000000000000e+03
3.256000000000000000e+03
3.196000000000000000e+03
3.213000000000000000e+03
3.225000000000000000e+03
3.257000000000000000e+03
3.257000000000000000e+03
3.204000000000000000e+03
3.242000000000000000e+03
3.150000000000000000e+03
3.087000000000000000e+03
3.235000000000000000e+03
3.173000000000000000e+03
3.221000000000000000e+03
3.249000000000000000e+03
3.191000000000000000e+03
3.174000000000000000e+03
3.110000000000000000e+03
3.202000000000000000e+03
3.139000000000000000e+03
3.115000000000000000e+03
3.025000000000000000e+03
3.076000000000000000e+03
3.132000000000000000e+03
3.094000000000000000e+03
3.059000000000000000e+03
3.075000000000000000e+03
3.097000000000000000e+03
3.009000000000000000e+03
3.129000000000000000e+03
3.027000000000000000e+03
2.979000000000000000e+03
3.030000000000000000e+03
2.978000000000000000e+03
2.970000000000000000e+03
2.974000000000000000e+03
2.986000000000000000e+03
2.944000000000000000e+03
2.984000000000000000e+03
2.868000000000000000e+03
2.896000000000000000e+03
2.957000000000000000e+03
2.925000000000000000e+03
2.881000000000000000e+03
2.853000000000000000e+03
2.925000000000000000e+03
2.883000000000000000e+03
2.918000000000000000e+03
2.842000000000000000e+03
2.866000000000000000e+03
2.810000000000000000e+03
2.814000000000000000e+03
2.776000000000000000e+03
2.800000000000000000e+03
2.776000000000000000e+03
2.792000000000000000e+03
2.784000000000000000e+03
2.785000000000000000e+03
2.701000000000000000e+03
2.761000000000000000e+03
2.724000000000000000e+03
2.760000000000000000e+03
2.674000000000000000e+03
2.751000000000000000e+03
2.675000000000000000e+03
2.653000000000000000e+03
2.701000000000000000e+03
2.665000000000000000e+03
2.643000000000000000e+03
2.591000000000000000e+03
2.631000000000000000e+03
2.643000000000000000e+03
2.642000000000000000e+03
2.606000000000000000e+03
2.630000000000000000e+03
2.571000000000000000e+03
2.567000000000000000e+03
2.597000000000000000e+03
2.584000000000000000e+03
2.572000000000000000e+03
2.554000000000000000e+03
2.523000000000000000e+03
2.610000000000000000e+03
2.544000000000000000e+03
2.517000000000000000e+03
2.537000000000000000e+03
2.487000000000000000e+03
2.464000000000000000e+03
2.473000000000000000e+03
2.455000000000000000e+03
2.446000000000000000e+03
2.455000000000000000e+03
2.417000000000000000e+03
2.402000000000000000e+03
2.423000000000000000e+03
2.409000000000000000e+03
2.430000000000000000e+03
2.362000000000000000e+03
2.368000000000000000e+03
2.427000000000000000e+03
2.350000000000000000e+03
2.356000000000000000e+03
2.337000000000000000e+03
2.341000000000000000e+03
2.339000000000000000e+03
2.372000000000000000e+03
2.357000000000000000e+03
2.342000000000000000e+03
2.363000000000000000e+03
2.359000000000000000e+03
2.364000000000000000e+03
2.307000000000000000e+03
2.300000000000000000e+03
2.210000000000000000e+03
