1.728000000000000000e+03
1.736000000000000000e+03
1.722000000000000000e+03
1.699000000000000000e+03
1.753000000000000000e+03
1.780000000000000000e+03
1.740000000000000000e+03
1.828000000000000000e+03
1.830000000000000000e+03
1.871000000000000000e+03
1.773000000000000000e+03
1.780000000000000000e+03
1.828000000000000000e+03
1.809000000000000000e+03
1.814000000000000000e+03
1.807000000000000000e+03
1.805000000000000000e+03
1.816000000000000000e+03
1.827000000000000000e+03
1.840000000000000000e+03
1.831000000000000000e+03
1.886000000000000000e+03
1.912000000000000000e+03
1.859000000000000000e+03
1.885000000000000000e+03
1.847000000000000000e+03
1.920000000000000000e+03
1.904000000000000000e+03
1.875000000000000000e+03
1.886000000000000000e+03
1.935000000000000000e+03
1.928000000000000000e+03
1.897000000000000000e+03
1.922000000000000000e+03
1.920000000000000000e+03
1.955000000000000000e+03
1.965000000000000000e+03
1.935000000000000000e+03
1.981000000000000000e+03
2.020000000000000000e+03
1.979000000000000000e+03
1.959000000000000000e+03
2.043000000000000000e+03
1.975000000000000000e+03
1.984000000000000000e+03
2.063000000000000000e+03
2.006000000000000000e+03
2.019000000000000000e+03
1.983000000000000000e+03
1.992000000000000000e+03
2.051000000000000000e+03
2.020000000000000000e+03
2.003000000000000000e+03
2.043000000000000000e+03
2.057000000000000000e+03
2.055000000000000000e+03
2.120000000000000000e+03
2.087000000000000000e+03
2.062000000000000000e+03
2.039000000000000000e+03
2.047000000000000000e+03
2.096000000000000000e+03
2.063000000000000000e+03
2.093000000000000000e+03
2.095000000000000000e+03
2.119000000000000000e+03
2.113000000000000000e+03
2.127000000000000000e+03
2.087000000000000000e+03
2.118000000000000000e+03
2.139000000000000000e+03
2.110000000000000000e+03
2.190000000000000000e+03
2.151000000000000000e+03
2.129000000000000000e+03
2.202000000000000000e+03
2.156000000000000000e+03
2.125000000000000000e+03
2.106000000000000000e+03
2.202000000000000000e+03
2.193000000000000000e+03
2.189000000000000000e+03
2.250000000000000000e+03
2.148000000000000000e+03
2.169000000000000000e+03
2.210000000000000000e+03
2.211000000000000000e+03
2.213000000000000000e+03
2.224000000000000000e+03
2.203000000000000000e+03
2.217000000000000000e+03
2.270000000000000000e+03
2.263000000000000000e+03
2.241000000000000000e+03
2.227000000000000000e+03
2.291000000000000000e+03
2.332000000000000000e+03
2.302000000000000000e+03
2.607000000000000000e+03
2.314000000000000000e+03
2.295000000000000000e+03
2.320000000000000000e+03
2.316000000000000000e+03
2.374000000000000000e+03
2.305000000000000000e+03
2.330000000000000000e+03
2.396000000000000000e+03
2.372000000000000000e+03
2.409000000000000000e+03
2.378000000000000000e+03
2.469000000000000000e+03
2.477000000000000000e+03
2.436000000000000000e+03
2.426000000000000000e+03
2.405000000000000000e+03
2.438000000000000000e+03
2.555000000000000000e+03
2.505000000000000000e+03
2.476000000000000000e+03
2.539000000000000000e+03
2.489000000000000000e+03
2.555000000000000000e+03
2.518000000000000000e+03
2.553000000000000000e+03
2.566000000000000000e+03
2.610000000000000000e+03
2.574000000000000000e+03
2.585000000000000000e+03
2.639000000000000000e+03
2.568000000000000000e+03
2.676000000000000000e+03
2.716000000000000000e+03
2.663000000000000000e+03
2.678000000000000000e+03
2.629000000000000000e+03
2.689000000000000000e+03
2.744000000000000000e+03
2.706000000000000000e+03
2.744000000000000000e+03
2.698000000000000000e+03
2.783000000000000000e+03
2.820000000000000000e+03
2.836000000000000000e+03
2.816000000000000000e+03
2.816000000000000000e+03
2.818000000000000000e+03
2.884000000000000000e+03
2.797000000000000000e+03
2.928000000000000000e+03
2.869000000000000000e+03
2.904000000000000000e+03
2.929000000000000000e+03
2.939000000000000000e+03
2.996000000000000000e+03
2.878000000000000000e+03
2.956000000000000000e+03
2.991000000000000000e+03
2.990000000000000000e+03
2.989000000000000000e+03
3.001000000000000000e+03
2.988000000000000000e+03
3.030000000000000000e+03
2.996000000000000000e+03
2.991000000000000000e+03
3.039000000000000000e+03
3.020000000000000000e+03
3.060000000000000000e+03
3.080000000000000000e+03
3.051000000000000000e+03
3.063000000000000000e+03
3.109000000000000000e+03
3.104000000000000000e+03
3.137000000000000000e+03
3.102000000000000000e+03
3.154000000000000000e+03
3.122000000000000000e+03
3.168000000000000000e+03
3.166000000000000000e+03
3.133000000000000000e+03
3.233000000000000000e+03
3.129000000000000000e+03
3.185000000000000000e+03
3.288000000000000000e+03
3.559000000000000000e+03
3.735000000000000000e+03
3.419000000000000000e+03
3.230000000000000000e+03
3.212000000000000000e+03
3.271000000000000000e+03
3.278000000000000000e+03
3.255000000000000000e+03
3.356000000000000000e+03
3.441000000000000000e+03
3.315000000000000000e+03
3.260000000000000000e+03
3.295000000000000000e+03
3.368000000000000000e+03
3.374000000000000000e+03
3.362000000000000000e+03
3.429000000000000000e+03
3.403000000000000000e+03
3.393000000000000000e+03
3.384000000000000000e+03
3.389000000000000000e+03
3.459000000000000000e+03
3.446000000000000000e+03
3.483000000000000000e+03
3.468000000000000000e+03
3.502000000000000000e+03
3.479000000000000000e+03
3.508000000000000000e+03
3.619000000000000000e+03
3.572000000000000000e+03
3.560000000000000000e+03
3.586000000000000000e+03
3.588000000000000000e+03
3.647000000000000000e+03
3.656000000000000000e+03
3.688000000000000000e+03
3.748000000000000000e+03
3.708000000000000000e+03
3.687000000000000000e+03
3.717000000000000000e+03
3.785000000000000000e+03
3.761000000000000000e+03
3.773000000000000000e+03
3.803000000000000000e+03
3.754000000000000000e+03
3.807000000000000000e+03
3.827000000000000000e+03
3.819000000000000000e+03
3.871000000000000000e+03
3.888000000000000000e+03
3.814000000000000000e+03
3.927000000000000000e+03
3.967000000000000000e+03
3.946000000000000000e+03
3.880000000000000000e+03
3.944000000000000000e+03
4.043000000000000000e+03
4.087000000000000000e+03
4.044000000000000000e+03
4.092000000000000000e+03
4.076000000000000000e+03
4.047000000000000000e+03
4.003000000000000000e+03
4.128000000000000000e+03
4.117000000000000000e+03
4.213000000000000000e+03
4.174000000000000000e+03
4.131000000000000000e+03
4.217000000000000000e+03
4.199000000000000000e+03
4.159000000000000000e+03
4.265000000000000000e+03
4.287000000000000000e+03
4.339000000000000000e+03
4.366000000000000000e+03
4.338000000000000000e+03
4.335000000000000000e+03
4.426000000000000000e+03
4.383000000000000000e+03
4.364000000000000000e+03
4.333000000000000000e+03
4.359000000000000000e+03
4.296000000000000000e+03
4.386000000000000000e+03
4.440000000000000000e+03
4.411000000000000000e+03
4.458000000000000000e+03
4.388000000000000000e+03
4.456000000000000000e+03
4.508000000000000000e+03
4.398000000000000000e+03
4.485000000000000000e+03
4.448000000000000000e+03
4.432000000000000000e+03
4.465000000000000000e+03
4.556000000000000000e+03
4.506000000000000000e+03
4.497000000000000000e+03
4.512000000000000000e+03
4.439000000000000000e+03
4.500000000000000000e+03
4.540000000000000000e+03
4.566000000000000000e+03
4.572000000000000000e+03
4.583000000000000000e+03
4.504000000000000000e+03
4.544000000000000000e+03
4.632000000000000000e+03
4.565000000000000000e+03
4.627000000000000000e+03
4.596000000000000000e+03
4.544000000000000000e+03
4.560000000000000000e+03
4.607000000000000000e+03
4.571000000000000000e+03
4.665000000000000000e+03
4.613000000000000000e+03
4.612000000000000000e+03
4.558000000000000000e+03
4.619000000000000000e+03
4.723000000000000000e+03
4.627000000000000000e+03
4.665000000000000000e+03
4.640000000000000000e+03
4.695000000000000000e+03
4.646000000000000000e+03
4.663000000000000000e+03
4.694000000000000000e+03
4.677000000000000000e+03
4.643000000000000000e+03
4.733000000000000000e+03
4.702000000000000000e+03
4.716000000000000000e+03
4.715000000000000000e+03
4.730000000000000000e+03
4.643000000000000000e+03
4.676000000000000000e+03
4.693000000000000000e+03
4.723000000000000000e+03
4.680000000000000000e+03
4.575000000000000000e+03
4.669000000000000000e+03
4.703000000000000000e+03
4.718000000000000000e+03
4.677000000000000000e+03
4.659000000000000000e+03
4.722000000000000000e+03
4.743000000000000000e+03
4.720000000000000000e+03
4.718000000000000000e+03
4.658000000000000000e+03
4.708000000000000000e+03
4.771000000000000000e+03
4.684000000000000000e+03
4.708000000000000000e+03
4.713000000000000000e+03
4.673000000000000000e+03
4.779000000000000000e+03
4.653000000000000000e+03
4.696000000000000000e+03
4.727000000000000000e+03
4.734000000000000000e+03
4.754000000000000000e+03
4.759000000000000000e+03
4.817000000000000000e+03
4.766000000000000000e+03
4.705000000000000000e+03
4.769000000000000000e+03
4.731000000000000000e+03
4.715000000000000000e+03
4.781000000000000000e+03
4.718000000000000000e+03
4.715000000000000000e+03
4.766000000000000000e+03
4.771000000000000000e+03
4.810000000000000000e+03
4.813000000000000000e+03
4.727000000000000000e+03
4.741000000000000000e+03
4.858000000000000000e+03
4.765000000000000000e+03
4.787000000000000000e+03
4.858000000000000000e+03
4.815000000000000000e+03
4.840000000000000000e+03
4.734000000000000000e+03
4.854000000000000000e+03
4.897000000000000000e+03
4.790000000000000000e+03
4.876000000000000000e+03
4.844000000000000000e+03
4.884000000000000000e+03
4.870000000000000000e+03
4.868000000000000000e+03
4.864000000000000000e+03
4.892000000000000000e+03
4.853000000000000000e+03
4.916000000000000000e+03
4.869000000000000000e+03
4.881000000000000000e+03
4.961000000000000000e+03
4.867000000000000000e+03
4.889000000000000000e+03
4.887000000000000000e+03
4.974000000000000000e+03
5.023000000000000000e+03
4.971000000000000000e+03
4.967000000000000000e+03
4.931000000000000000e+03
4.924000000000000000e+03
5.014000000000000000e+03
4.994000000000000000e+03
4.958000000000000000e+03
4.927000000000000000e+03
4.921000000000000000e+03
4.965000000000000000e+03
4.988000000000000000e+03
5.064000000000000000e+03
5.018000000000000000e+03
4.935000000000000000e+03
4.931000000000000000e+03
4.988000000000000000e+03
4.968000000000000000e+03
5.017000000000000000e+03
5.006000000000000000e+03
4.942000000000000000e+03
4.949000000000000000e+03
5.004000000000000000e+03
4.958000000000000000e+03
4.952000000000000000e+03
5.084000000000000000e+03
5.066000000000000000e+03
5.028000000000000000e+03
5.040000000000000000e+03
5.101000000000000000e+03
5.053000000000000000e+03
5.225000000000000000e+03
5.028000000000000000e+03
5.149000000000000000e+03
5.111000000000000000e+03
5.054000000000000000e+03
5.054000000000000000e+03
5.140000000000000000e+03
5.039000000000000000e+03
5.130000000000000000e+03
5.148000000000000000e+03
5.156000000000000000e+03
5.101000000000000000e+03
5.082000000000000000e+03
5.185000000000000000e+03
5.104000000000000000e+03
5.072000000000000000e+03
5.086000000000000000e+03
5.061000000000000000e+03
5.087000000000000000e+03
5.125000000000000000e+03
5.100000000000000000e+03
5.052000000000000000e+03
5.054000000000000000e+03
5.094000000000000000e+03
5.002000000000000000e+03
5.096000000000000000e+03
5.149000000000000000e+03
5.140000000000000000e+03
5.172000000000000000e+03
5.096000000000000000e+03
5.041000000000000000e+03
5.075000000000000000e+03
5.220000000000000000e+03
5.124000000000000000e+03
5.120000000000000000e+03
5.059000000000000000e+03
5.106000000000000000e+03
5.153000000000000000e+03
5.157000000000000000e+03
5.173000000000000000e+03
5.146000000000000000e+03
5.072000000000000000e+03
5.099000000000000000e+03
5.158000000000000000e+03
5.122000000000000000e+03
4.980000000000000000e+03
4.953000000000000000e+03
5.047000000000000000e+03
5.113000000000000000e+03
5.212000000000000000e+03
5.084000000000000000e+03
5.019000000000000000e+03
5.087000000000000000e+03
5.027000000000000000e+03
5.072000000000000000e+03
5.081000000000000000e+03
4.995000000000000000e+03
4.975000000000000000e+03
5.006000000000000000e+03
4.912000000000000000e+03
5.027000000000000000e+03
5.003000000000000000e+03
5.018000000000000000e+03
5.017000000000000000e+03
4.993000000000000000e+03
4.963000000000000000e+03
4.982000000000000000e+03
4.953000000000000000e+03
5.294000000000000000e+03
4.951000000000000000e+03
5.002000000000000000e+03
5.000000000000000000e+03
4.959000000000000000e+03
4.924000000000000000e+03
4.931000000000000000e+03
4.892000000000000000e+03
4.936000000000000000e+03
4.895000000000000000e+03
4.872000000000000000e+03
4.903000000000000000e+03
4.893000000000000000e+03
4.888000000000000000e+03
4.859000000000000000e+03
4.820000000000000000e+03
4.835000000000000000e+03
4.911000000000000000e+03
4.812000000000000000e+03
4.762000000000000000e+03
4.909000000000000000e+03
4.838000000000000000e+03
4.882000000000000000e+03
4.764000000000000000e+03
4.852000000000000000e+03
4.747000000000000000e+03
4.732000000000000000e+03
4.749000000000000000e+03
4.784000000000000000e+03
4.796000000000000000e+03
4.726000000000000000e+03
4.716000000000000000e+03
4.723000000000000000e+03
4.697000000000000000e+03
4.776000000000000000e+03
4.728000000000000000e+03
4.613000000000000000e+03
4.746000000000000000e+03
4.747000000000000000e+03
4.649000000000000000e+03
4.677000000000000000e+03
4.671000000000000000e+03
4.601000000000000000e+03
4.590000000000000000e+03
4.578000000000000000e+03
4.579000000000000000e+03
4.523000000000000000e+03
4.655000000000000000e+03
4.608000000000000000e+03
4.656000000000000000e+03
4.531000000000000000e+03
4.499000000000000000e+03
4.590000000000000000e+03
4.616000000000000000e+03
4.564000000000000000e+03
4.531000000000000000e+03
4.495000000000000000e+03
4.428000000000000000e+03
4.505000000000000000e+03
4.496000000000000000e+03
4.475000000000000000e+03
4.367000000000000000e+03
4.441000000000000000e+03
4.527000000000000000e+03
4.517000000000000000e+03
4.447000000000000000e+03
4.403000000000000000e+03
4.363000000000000000e+03
4.522000000000000000e+03
4.494000000000000000e+03
4.415000000000000000e+03
4.394000000000000000e+03
4.402000000000000000e+03
4.380000000000000000e+03
4.405000000000000000e+03
4.410000000000000000e+03
4.364000000000000000e+03
4.388000000000000000e+03
4.397000000000000000e+03
4.411000000000000000e+03
4.408000000000000000e+03
4.421000000000000000e+03
4.380000000000000000e+03
4.394000000000000000e+03
4.362000000000000000e+03
4.308000000000000000e+03
4.358000000000000000e+03
4.336000000000000000e+03
4.328000000000000000e+03
4.340000000000000000e+03
4.344000000000000000e+03
4.300000000000000000e+03
4.284000000000000000e+03
4.393000000000000000e+03
4.237000000000000000e+03
4.320000000000000000e+03
4.228000000000000000e+03
4.212000000000000000e+03
4.339000000000000000e+03
4.270000000000000000e+03
4.285000000000000000e+03
4.252000000000000000e+03
4.281000000000000000e+03
4.263000000000000000e+03
4.228000000000000000e+03
4.238000000000000000e+03
4.201000000000000000e+03
4.167000000000000000e+03
4.251000000000000000e+03
4.176000000000000000e+03
4.120000000000000000e+03
4.098000000000000000e+03
4.143000000000000000e+03
4.223000000000000000e+03
4.177000000000000000e+03
4.104000000000000000e+03
4.292000000000000000e+03
4.210000000000000000e+03
4.170000000000000000e+03
4.118000000000000000e+03
4.093000000000000000e+03
4.137000000000000000e+03
4.125000000000000000e+03
4.189000000000000000e+03
4.168000000000000000e+03
4.063000000000000000e+03
4.070000000000000000e+03
4.046000000000000000e+03
4.063000000000000000e+03
4.009000000000000000e+03
4.115000000000000000e+03
4.089000000000000000e+03
4.033000000000000000e+03
4.055000000000000000e+03
4.030000000000000000e+03
4.018000000000000000e+03
4.054000000000000000e+03
4.086000000000000000e+03
3.958000000000000000e+03
3.952000000000000000e+03
3.989000000000000000e+03
3.981000000000000000e+03
3.937000000000000000e+03
4.008000000000000000e+03
3.972000000000000000e+03
3.951000000000000000e+03
3.962000000000000000e+03
3.918000000000000000e+03
3.945000000000000000e+03
3.909000000000000000e+03
3.850000000000000000e+03
3.980000000000000000e+03
3.924000000000000000e+03
3.866000000000000000e+03
3.906000000000000000e+03
3.872000000000000000e+03
3.972000000000000000e+03
3.876000000000000000e+03
3.952000000000000000e+03
3.909000000000000000e+03
3.837000000000000000e+03
3.765000000000000000e+03
3.824000000000000000e+03
3.832000000000000000e+03
3.850000000000000000e+03
3.750000000000000000e+03
3.854000000000000000e+03
3.860000000000000000e+03
3.773000000000000000e+03
3.793000000000000000e+03
3.716000000000000000e+03
3.736000000000000000e+03
3.660000000000000000e+03
3.694000000000000000e+03
3.786000000000000000e+03
3.757000000000000000e+03
3.761000000000000000e+03
3.741000000000000000e+03
3.684000000000000000e+03
3.700000000000000000e+03
3.638000000000000000e+03
3.727000000000000000e+03
3.663000000000000000e+03
3.645000000000000000e+03
3.577000000000000000e+03
3.725000000000000000e+03
3.663000000000000000e+03
3.566000000000000000e+03
3.670000000000000000e+03
3.598000000000000000e+03
3.611000000000000000e+03
3.539000000000000000e+03
3.537000000000000000e+03
3.553000000000000000e+03
3.549000000000000000e+03
3.462000000000000000e+03
3.490000000000000000e+03
3.494000000000000000e+03
3.471000000000000000e+03
3.475000000000000000e+03
3.464000000000000000e+03
3.393000000000000000e+03
3.485000000000000000e+03
3.463000000000000000e+03
3.426000000000000000e+03
3.452000000000000000e+03
3.455000000000000000e+03
3.430000000000000000e+03
3.410000000000000000e+03
3.373000000000000000e+03
3.364000000000000000e+03
3.406000000000000000e+03
3.356000000000000000e+03
3.349000000000000000e+03
3.379000000000000000e+03
3.332000000000000000e+03
3.349000000000000000e+03
3.305000000000000000e+03
3.210000000000000000e+03
3.271000000000000000e+03
3.248000000000000000e+03
3.171000000000000000e+03
3.230000000000000000e+03
3.240000000000000000e+03
3.131000000000000000e+03
3.213000000000000000e+03
3.162000000000000000e+03
3.137000000000000000e+03
3.181000000000000000e+03
3.127000000000000000e+03
3.134000000000000000e+03
3.109000000000000000e+03
3.082000000000000000e+03
3.095000000000000000e+03
3.111000000000000000e+03
2.993000000000000000e+03
3.046000000000000000e+03
2.992000000000000000e+03
3.011000000000000000e+03
3.026000000000000000e+03
3.031000000000000000e+03
2.973000000000000000e+03
3.008000000000000000e+03
3.022000000000000000e+03
2.993000000000000000e+03
2.967000000000000000e+03
2.982000000000000000e+03
2.964000000000000000e+03
2.952000000000000000e+03
2.970000000000000000e+03
2.962000000000000000e+03
2.905000000000000000e+03
2.932000000000000000e+03
2.928000000000000000e+03
2.873000000000000000e+03
2.853000000000000000e+03
2.874000000000000000e+03
2.844000000000000000e+03
2.845000000000000000e+03
2.830000000000000000e+03
2.838000000000000000e+03
2.784000000000000000e+03
2.801000000000000000e+03
2.790000000000000000e+03
2.769000000000000000e+03
2.729000000000000000e+03
2.796000000000000000e+03
2.746000000000000000e+03
2.788000000000000000e+03
2.738000000000000000e+03
2.706000000000000000e+03
2.761000000000000000e+03
2.745000000000000000e+03
2.725000000000000000e+03
2.700000000000000000e+03
2.748000000000000000e+03
2.735000000000000000e+03
2.659000000000000000e+03
