1.561000000000000000e+03
1.567000000000000000e+03
1.598000000000000000e+03
1.580000000000000000e+03
1.607000000000000000e+03
1.587000000000000000e+03
1.587000000000000000e+03
1.581000000000000000e+03
1.573000000000000000e+03
1.627000000000000000e+03
1.675000000000000000e+03
1.590000000000000000e+03
1.658000000000000000e+03
1.658000000000000000e+03
1.650000000000000000e+03
1.678000000000000000e+03
1.637000000000000000e+03
1.681000000000000000e+03
1.701000000000000000e+03
1.657000000000000000e+03
1.688000000000000000e+03
1.679000000000000000e+03
1.643000000000000000e+03
1.695000000000000000e+03
1.719000000000000000e+03
1.729000000000000000e+03
1.743000000000000000e+03
1.726000000000000000e+03
1.738000000000000000e+03
1.695000000000000000e+03
1.722000000000000000e+03
1.698000000000000000e+03
1.717000000000000000e+03
1.744000000000000000e+03
1.742000000000000000e+03
1.725000000000000000e+03
1.793000000000000000e+03
1.723000000000000000e+03
1.760000000000000000e+03
1.780000000000000000e+03
1.746000000000000000e+03
1.778000000000000000e+03
1.766000000000000000e+03
1.756000000000000000e+03
1.760000000000000000e+03
1.773000000000000000e+03
1.796000000000000000e+03
1.824000000000000000e+03
1.797000000000000000e+03
1.840000000000000000e+03
1.818000000000000000e+03
1.801000000000000000e+03
1.813000000000000000e+03
1.819000000000000000e+03
1.841000000000000000e+03
1.904000000000000000e+03
1.830000000000000000e+03
1.871000000000000000e+03
1.787000000000000000e+03
1.843000000000000000e+03
1.877000000000000000e+03
1.829000000000000000e+03
1.903000000000000000e+03
1.894000000000000000e+03
1.882000000000000000e+03
1.882000000000000000e+03
1.843000000000000000e+03
1.903000000000000000e+03
1.917000000000000000e+03
1.876000000000000000e+03
2.029000000000000000e+03
1.858000000000000000e+03
1.919000000000000000e+03
1.855000000000000000e+03
1.917000000000000000e+03
2.006000000000000000e+03
1.969000000000000000e+03
1.987000000000000000e+03
1.898000000000000000e+03
1.999000000000000000e+03
1.948000000000000000e+03
1.927000000000000000e+03
2.011000000000000000e+03
1.908000000000000000e+03
2.007000000000000000e+03
1.961000000000000000e+03
1.982000000000000000e+03
1.935000000000000000e+03
1.984000000000000000e+03
1.947000000000000000e+03
2.026000000000000000e+03
2.028000000000000000e+03
1.971000000000000000e+03
2.008000000000000000e+03
2.027000000000000000e+03
1.989000000000000000e+03
2.077000000000000000e+03
2.031000000000000000e+03
2.017000000000000000e+03
2.031000000000000000e+03
2.034000000000000000e+03
2.071000000000000000e+03
2.047000000000000000e+03
2.015000000000000000e+03
2.067000000000000000e+03
2.092000000000000000e+03
2.067000000000000000e+03
2.099000000000000000e+03
2.055000000000000000e+03
2.151000000000000000e+03
2.117000000000000000e+03
2.114000000000000000e+03
2.175000000000000000e+03
2.150000000000000000e+03
2.138000000000000000e+03
2.178000000000000000e+03
2.189000000000000000e+03
2.190000000000000000e+03
2.217000000000000000e+03
2.173000000000000000e+03
2.216000000000000000e+03
2.215000000000000000e+03
2.265000000000000000e+03
2.270000000000000000e+03
2.259000000000000000e+03
2.268000000000000000e+03
2.278000000000000000e+03
2.291000000000000000e+03
2.264000000000000000e+03
2.294000000000000000e+03
2.284000000000000000e+03
2.316000000000000000e+03
2.346000000000000000e+03
2.364000000000000000e+03
2.424000000000000000e+03
2.324000000000000000e+03
2.389000000000000000e+03
2.424000000000000000e+03
2.377000000000000000e+03
2.472000000000000000e+03
2.449000000000000000e+03
2.467000000000000000e+03
2.393000000000000000e+03
2.439000000000000000e+03
2.441000000000000000e+03
2.498000000000000000e+03
2.475000000000000000e+03
2.507000000000000000e+03
2.487000000000000000e+03
2.959000000000000000e+03
2.484000000000000000e+03
2.530000000000000000e+03
2.543000000000000000e+03
2.539000000000000000e+03
2.571000000000000000e+03
2.556000000000000000e+03
2.572000000000000000e+03
2.630000000000000000e+03
2.623000000000000000e+03
2.651000000000000000e+03
2.645000000000000000e+03
2.641000000000000000e+03
2.656000000000000000e+03
2.647000000000000000e+03
2.722000000000000000e+03
2.666000000000000000e+03
2.667000000000000000e+03
2.628000000000000000e+03
2.682000000000000000e+03
2.669000000000000000e+03
2.705000000000000000e+03
2.678000000000000000e+03
2.777000000000000000e+03
2.829000000000000000e+03
2.794000000000000000e+03
2.694000000000000000e+03
2.804000000000000000e+03
2.870000000000000000e+03
2.822000000000000000e+03
2.748000000000000000e+03
2.805000000000000000e+03
2.781000000000000000e+03
2.793000000000000000e+03
2.777000000000000000e+03
2.841000000000000000e+03
3.011000000000000000e+03
3.315000000000000000e+03
3.262000000000000000e+03
2.899000000000000000e+03
2.878000000000000000e+03
2.839000000000000000e+03
2.883000000000000000e+03
2.897000000000000000e+03
2.866000000000000000e+03
2.913000000000000000e+03
2.803000000000000000e+03
2.923000000000000000e+03
2.959000000000000000e+03
2.869000000000000000e+03
2.870000000000000000e+03
2.954000000000000000e+03
2.890000000000000000e+03
2.955000000000000000e+03
3.035000000000000000e+03
3.017000000000000000e+03
3.005000000000000000e+03
3.029000000000000000e+03
3.023000000000000000e+03
3.003000000000000000e+03
2.979000000000000000e+03
3.091000000000000000e+03
3.103000000000000000e+03
3.066000000000000000e+03
3.131000000000000000e+03
3.162000000000000000e+03
3.142000000000000000e+03
3.179000000000000000e+03
3.212000000000000000e+03
3.231000000000000000e+03
3.205000000000000000e+03
3.216000000000000000e+03
3.259000000000000000e+03
3.205000000000000000e+03
3.338000000000000000e+03
3.254000000000000000e+03
3.300000000000000000e+03
3.291000000000000000e+03
3.254000000000000000e+03
3.316000000000000000e+03
3.325000000000000000e+03
3.400000000000000000e+03
3.278000000000000000e+03
3.417000000000000000e+03
3.380000000000000000e+03
3.382000000000000000e+03
3.381000000000000000e+03
3.452000000000000000e+03
3.479000000000000000e+03
3.429000000000000000e+03
3.489000000000000000e+03
3.474000000000000000e+03
3.501000000000000000e+03
3.542000000000000000e+03
3.598000000000000000e+03
3.527000000000000000e+03
3.517000000000000000e+03
3.614000000000000000e+03
3.589000000000000000e+03
3.728000000000000000e+03
3.611000000000000000e+03
3.610000000000000000e+03
3.680000000000000000e+03
3.722000000000000000e+03
3.721000000000000000e+03
3.774000000000000000e+03
3.685000000000000000e+03
3.732000000000000000e+03
3.784000000000000000e+03
3.862000000000000000e+03
3.809000000000000000e+03
3.802000000000000000e+03
3.821000000000000000e+03
3.909000000000000000e+03
3.956000000000000000e+03
3.903000000000000000e+03
3.796000000000000000e+03
3.890000000000000000e+03
3.830000000000000000e+03
3.821000000000000000e+03
3.906000000000000000e+03
3.940000000000000000e+03
3.824000000000000000e+03
3.912000000000000000e+03
3.947000000000000000e+03
3.864000000000000000e+03
3.893000000000000000e+03
3.904000000000000000e+03
4.013000000000000000e+03
3.967000000000000000e+03
3.925000000000000000e+03
3.911000000000000000e+03
4.020000000000000000e+03
3.870000000000000000e+03
4.006000000000000000e+03
3.970000000000000000e+03
3.919000000000000000e+03
4.012000000000000000e+03
3.976000000000000000e+03
4.032000000000000000e+03
3.980000000000000000e+03
4.023000000000000000e+03
4.509000000000000000e+03
4.041000000000000000e+03
4.049000000000000000e+03
4.048000000000000000e+03
4.050000000000000000e+03
4.038000000000000000e+03
4.055000000000000000e+03
4.058000000000000000e+03
4.089000000000000000e+03
4.073000000000000000e+03
4.045000000000000000e+03
4.163000000000000000e+03
4.001000000000000000e+03
4.131000000000000000e+03
4.103000000000000000e+03
4.098000000000000000e+03
4.114000000000000000e+03
4.134000000000000000e+03
4.103000000000000000e+03
4.090000000000000000e+03
4.081000000000000000e+03
4.168000000000000000e+03
4.109000000000000000e+03
4.126000000000000000e+03
4.136000000000000000e+03
4.243000000000000000e+03
4.200000000000000000e+03
4.114000000000000000e+03
4.096000000000000000e+03
4.105000000000000000e+03
4.087000000000000000e+03
4.188000000000000000e+03
4.244000000000000000e+03
4.109000000000000000e+03
4.158000000000000000e+03
4.210000000000000000e+03
4.157000000000000000e+03
4.148000000000000000e+03
4.190000000000000000e+03
4.185000000000000000e+03
4.209000000000000000e+03
4.095000000000000000e+03
4.156000000000000000e+03
4.157000000000000000e+03
4.118000000000000000e+03
4.090000000000000000e+03
4.142000000000000000e+03
4.164000000000000000e+03
4.143000000000000000e+03
4.217000000000000000e+03
4.244000000000000000e+03
4.256000000000000000e+03
4.216000000000000000e+03
4.151000000000000000e+03
4.234000000000000000e+03
4.168000000000000000e+03
4.144000000000000000e+03
4.181000000000000000e+03
4.194000000000000000e+03
4.213000000000000000e+03
4.128000000000000000e+03
4.200000000000000000e+03
6.322000000000000000e+03
4.209000000000000000e+03
4.186000000000000000e+03
4.184000000000000000e+03
4.221000000000000000e+03
4.233000000000000000e+03
4.246000000000000000e+03
4.124000000000000000e+03
4.188000000000000000e+03
4.271000000000000000e+03
4.331000000000000000e+03
4.200000000000000000e+03
4.293000000000000000e+03
4.292000000000000000e+03
4.291000000000000000e+03
4.246000000000000000e+03
4.276000000000000000e+03
4.242000000000000000e+03
4.313000000000000000e+03
4.275000000000000000e+03
4.312000000000000000e+03
4.320000000000000000e+03
4.305000000000000000e+03
4.427000000000000000e+03
4.319000000000000000e+03
4.304000000000000000e+03
4.317000000000000000e+03
4.322000000000000000e+03
4.343000000000000000e+03
4.311000000000000000e+03
4.348000000000000000e+03
4.382000000000000000e+03
4.384000000000000000e+03
4.351000000000000000e+03
4.426000000000000000e+03
4.420000000000000000e+03
4.416000000000000000e+03
4.376000000000000000e+03
4.427000000000000000e+03
4.436000000000000000e+03
4.425000000000000000e+03
4.488000000000000000e+03
4.421000000000000000e+03
4.395000000000000000e+03
4.408000000000000000e+03
4.414000000000000000e+03
4.372000000000000000e+03
4.450000000000000000e+03
4.482000000000000000e+03
4.440000000000000000e+03
4.441000000000000000e+03
4.396000000000000000e+03
4.505000000000000000e+03
4.341000000000000000e+03
4.408000000000000000e+03
4.398000000000000000e+03
4.392000000000000000e+03
4.423000000000000000e+03
4.450000000000000000e+03
4.421000000000000000e+03
4.420000000000000000e+03
4.477000000000000000e+03
4.494000000000000000e+03
4.588000000000000000e+03
4.542000000000000000e+03
4.520000000000000000e+03
4.499000000000000000e+03
4.692000000000000000e+03
4.556000000000000000e+03
4.516000000000000000e+03
4.565000000000000000e+03
4.587000000000000000e+03
4.521000000000000000e+03
4.560000000000000000e+03
4.540000000000000000e+03
4.467000000000000000e+03
4.583000000000000000e+03
4.546000000000000000e+03
4.589000000000000000e+03
4.680000000000000000e+03
4.659000000000000000e+03
4.610000000000000000e+03
4.592000000000000000e+03
4.594000000000000000e+03
4.656000000000000000e+03
4.563000000000000000e+03
4.484000000000000000e+03
4.573000000000000000e+03
4.604000000000000000e+03
4.593000000000000000e+03
4.630000000000000000e+03
4.536000000000000000e+03
4.470000000000000000e+03
4.597000000000000000e+03
4.591000000000000000e+03
4.472000000000000000e+03
4.697000000000000000e+03
4.545000000000000000e+03
4.607000000000000000e+03
4.678000000000000000e+03
4.577000000000000000e+03
4.587000000000000000e+03
4.623000000000000000e+03
4.563000000000000000e+03
4.656000000000000000e+03
4.595000000000000000e+03
4.586000000000000000e+03
4.539000000000000000e+03
4.662000000000000000e+03
4.541000000000000000e+03
4.679000000000000000e+03
4.537000000000000000e+03
4.487000000000000000e+03
4.548000000000000000e+03
4.547000000000000000e+03
4.670000000000000000e+03
4.583000000000000000e+03
4.498000000000000000e+03
4.580000000000000000e+03
4.539000000000000000e+03
4.621000000000000000e+03
4.534000000000000000e+03
4.561000000000000000e+03
4.425000000000000000e+03
4.555000000000000000e+03
4.495000000000000000e+03
4.461000000000000000e+03
4.491000000000000000e+03
4.455000000000000000e+03
4.506000000000000000e+03
4.507000000000000000e+03
4.530000000000000000e+03
4.482000000000000000e+03
4.486000000000000000e+03
4.460000000000000000e+03
4.398000000000000000e+03
4.428000000000000000e+03
4.396000000000000000e+03
4.369000000000000000e+03
4.372000000000000000e+03
4.361000000000000000e+03
4.417000000000000000e+03
4.429000000000000000e+03
4.394000000000000000e+03
4.381000000000000000e+03
4.343000000000000000e+03
4.391000000000000000e+03
4.359000000000000000e+03
4.369000000000000000e+03
4.351000000000000000e+03
4.351000000000000000e+03
4.383000000000000000e+03
4.379000000000000000e+03
4.375000000000000000e+03
4.374000000000000000e+03
4.335000000000000000e+03
4.286000000000000000e+03
4.251000000000000000e+03
4.230000000000000000e+03
4.285000000000000000e+03
4.250000000000000000e+03
4.317000000000000000e+03
4.250000000000000000e+03
4.256000000000000000e+03
4.202000000000000000e+03
4.240000000000000000e+03
4.194000000000000000e+03
4.240000000000000000e+03
4.185000000000000000e+03
4.204000000000000000e+03
4.236000000000000000e+03
4.185000000000000000e+03
4.152000000000000000e+03
4.178000000000000000e+03
4.157000000000000000e+03
4.080000000000000000e+03
4.094000000000000000e+03
4.113000000000000000e+03
4.100000000000000000e+03
4.023000000000000000e+03
4.113000000000000000e+03
4.165000000000000000e+03
4.019000000000000000e+03
4.076000000000000000e+03
4.103000000000000000e+03
4.114000000000000000e+03
4.034000000000000000e+03
4.038000000000000000e+03
4.069000000000000000e+03
4.091000000000000000e+03
4.073000000000000000e+03
4.024000000000000000e+03
4.020000000000000000e+03
4.119000000000000000e+03
3.975000000000000000e+03
3.963000000000000000e+03
3.965000000000000000e+03
3.964000000000000000e+03
3.978000000000000000e+03
4.023000000000000000e+03
3.955000000000000000e+03
3.935000000000000000e+03
3.937000000000000000e+03
3.972000000000000000e+03
3.987000000000000000e+03
3.927000000000000000e+03
3.930000000000000000e+03
3.895000000000000000e+03
3.968000000000000000e+03
3.846000000000000000e+03
3.870000000000000000e+03
3.881000000000000000e+03
3.859000000000000000e+03
3.816000000000000000e+03
3.841000000000000000e+03
3.929000000000000000e+03
3.875000000000000000e+03
3.938000000000000000e+03
3.913000000000000000e+03
3.843000000000000000e+03
3.878000000000000000e+03
3.823000000000000000e+03
3.864000000000000000e+03
3.831000000000000000e+03
3.839000000000000000e+03
3.824000000000000000e+03
3.823000000000000000e+03
3.865000000000000000e+03
3.831000000000000000e+03
3.807000000000000000e+03
3.825000000000000000e+03
3.814000000000000000e+03
3.771000000000000000e+03
3.882000000000000000e+03
3.787000000000000000e+03
3.850000000000000000e+03
3.748000000000000000e+03
3.791000000000000000e+03
3.761000000000000000e+03
3.710000000000000000e+03
3.837000000000000000e+03
3.745000000000000000e+03
3.735000000000000000e+03
3.695000000000000000e+03
3.761000000000000000e+03
3.750000000000000000e+03
3.755000000000000000e+03
3.702000000000000000e+03
3.794000000000000000e+03
3.759000000000000000e+03
3.741000000000000000e+03
3.702000000000000000e+03
3.669000000000000000e+03
3.653000000000000000e+03
3.678000000000000000e+03
3.671000000000000000e+03
3.672000000000000000e+03
3.702000000000000000e+03
3.674000000000000000e+03
3.656000000000000000e+03
3.627000000000000000e+03
3.645000000000000000e+03
3.668000000000000000e+03
3.649000000000000000e+03
3.592000000000000000e+03
3.542000000000000000e+03
3.563000000000000000e+03
3.588000000000000000e+03
3.558000000000000000e+03
3.613000000000000000e+03
3.585000000000000000e+03
3.534000000000000000e+03
3.612000000000000000e+03
3.568000000000000000e+03
3.586000000000000000e+03
3.502000000000000000e+03
3.553000000000000000e+03
3.536000000000000000e+03
3.536000000000000000e+03
3.576000000000000000e+03
3.552000000000000000e+03
3.535000000000000000e+03
3.517000000000000000e+03
3.501000000000000000e+03
3.488000000000000000e+03
3.469000000000000000e+03
3.523000000000000000e+03
3.507000000000000000e+03
3.463000000000000000e+03
3.448000000000000000e+03
3.538000000000000000e+03
3.447000000000000000e+03
3.447000000000000000e+03
3.435000000000000000e+03
3.485000000000000000e+03
3.465000000000000000e+03
3.470000000000000000e+03
3.366000000000000000e+03
3.398000000000000000e+03
3.391000000000000000e+03
3.359000000000000000e+03
3.424000000000000000e+03
3.348000000000000000e+03
3.364000000000000000e+03
3.371000000000000000e+03
3.387000000000000000e+03
3.404000000000000000e+03
3.337000000000000000e+03
3.305000000000000000e+03
3.359000000000000000e+03
3.323000000000000000e+03
3.301000000000000000e+03
3.359000000000000000e+03
3.291000000000000000e+03
3.338000000000000000e+03
3.282000000000000000e+03
3.275000000000000000e+03
3.290000000000000000e+03
3.274000000000000000e+03
3.333000000000000000e+03
3.240000000000000000e+03
3.235000000000000000e+03
3.232000000000000000e+03
3.173000000000000000e+03
3.203000000000000000e+03
3.272000000000000000e+03
3.222000000000000000e+03
3.212000000000000000e+03
3.227000000000000000e+03
3.170000000000000000e+03
3.224000000000000000e+03
3.268000000000000000e+03
3.172000000000000000e+03
3.118000000000000000e+03
3.160000000000000000e+03
3.128000000000000000e+03
3.200000000000000000e+03
3.148000000000000000e+03
3.096000000000000000e+03
3.073000000000000000e+03
3.013000000000000000e+03
3.116000000000000000e+03
2.980000000000000000e+03
3.068000000000000000e+03
3.062000000000000000e+03
2.983000000000000000e+03
3.084000000000000000e+03
3.053000000000000000e+03
3.085000000000000000e+03
2.968000000000000000e+03
2.930000000000000000e+03
2.912000000000000000e+03
2.915000000000000000e+03
3.026000000000000000e+03
3.097000000000000000e+03
2.908000000000000000e+03
2.881000000000000000e+03
2.898000000000000000e+03
3.073000000000000000e+03
2.906000000000000000e+03
2.813000000000000000e+03
2.858000000000000000e+03
2.753000000000000000e+03
2.870000000000000000e+03
2.772000000000000000e+03
2.775000000000000000e+03
2.789000000000000000e+03
2.807000000000000000e+03
2.788000000000000000e+03
2.776000000000000000e+03
2.707000000000000000e+03
2.751000000000000000e+03
2.838000000000000000e+03
2.693000000000000000e+03
2.736000000000000000e+03
2.759000000000000000e+03
2.754000000000000000e+03
2.744000000000000000e+03
2.690000000000000000e+03
2.648000000000000000e+03
2.711000000000000000e+03
2.652000000000000000e+03
2.645000000000000000e+03
2.653000000000000000e+03
2.697000000000000000e+03
2.635000000000000000e+03
2.584000000000000000e+03
2.591000000000000000e+03
2.598000000000000000e+03
2.591000000000000000e+03
2.619000000000000000e+03
2.552000000000000000e+03
2.595000000000000000e+03
2.552000000000000000e+03
2.551000000000000000e+03
2.527000000000000000e+03
2.580000000000000000e+03
2.530000000000000000e+03
2.525000000000000000e+03
2.451000000000000000e+03
2.510000000000000000e+03
2.456000000000000000e+03
2.496000000000000000e+03
2.479000000000000000e+03
2.487000000000000000e+03
2.496000000000000000e+03
2.460000000000000000e+03
2.441000000000000000e+03
2.470000000000000000e+03
2.498000000000000000e+03
2.461000000000000000e+03
2.433000000000000000e+03
