2.323600000000000000e+04
2.361200000000000000e+04
2.365300000000000000e+04
2.417600000000000000e+04
2.406300000000000000e+04
2.434100000000000000e+04
2.460500000000000000e+04
2.449100000000000000e+04
2.477300000000000000e+04
2.504300000000000000e+04
2.501900000000000000e+04
2.515200000000000000e+04
2.528400000000000000e+04
2.568800000000000000e+04
2.574000000000000000e+04
2.576700000000000000e+04
2.579400000000000000e+04
2.611300000000000000e+04
2.596600000000000000e+04
2.615000000000000000e+04
2.623200000000000000e+04
2.656100000000000000e+04
2.657600000000000000e+04
2.680500000000000000e+04
2.694200000000000000e+04
2.679400000000000000e+04
2.670700000000000000e+04
2.704900000000000000e+04
2.698400000000000000e+04
2.701800000000000000e+04
2.702200000000000000e+04
2.655900000000000000e+04
2.626300000000000000e+04
2.586500000000000000e+04
2.490600000000000000e+04
2.395400000000000000e+04
2.215100000000000000e+04
1.984000000000000000e+04
1.637200000000000000e+04
1.257300000000000000e+04
1.233300000000000000e+04
1.580000000000000000e+04
1.956200000000000000e+04
2.231300000000000000e+04
2.379200000000000000e+04
2.538800000000000000e+04
2.605400000000000000e+04
2.642200000000000000e+04
2.711100000000000000e+04
2.763000000000000000e+04
2.793000000000000000e+04
2.825000000000000000e+04
2.810100000000000000e+04
2.809600000000000000e+04
2.778600000000000000e+04
2.842500000000000000e+04
2.850900000000000000e+04
2.879500000000000000e+04
2.848600000000000000e+04
2.846100000000000000e+04
2.879100000000000000e+04
2.869100000000000000e+04
2.879500000000000000e+04
2.912100000000000000e+04
2.874400000000000000e+04
2.894400000000000000e+04
2.889900000000000000e+04
2.867200000000000000e+04
2.876300000000000000e+04
2.850900000000000000e+04
2.875400000000000000e+04
2.865100000000000000e+04
2.864100000000000000e+04
2.906700000000000000e+04
2.895100000000000000e+04
2.898900000000000000e+04
2.854700000000000000e+04
2.861600000000000000e+04
2.893900000000000000e+04
2.894700000000000000e+04
2.893500000000000000e+04
2.878800000000000000e+04
2.883000000000000000e+04
2.887900000000000000e+04
2.895500000000000000e+04
2.897900000000000000e+04
2.914200000000000000e+04
2.934600000000000000e+04
2.951600000000000000e+04
2.962400000000000000e+04
2.987600000000000000e+04
2.986500000000000000e+04
2.989800000000000000e+04
2.985700000000000000e+04
3.011800000000000000e+04
3.033000000000000000e+04
3.048800000000000000e+04
3.035300000000000000e+04
3.073100000000000000e+04
3.105700000000000000e+04
3.103000000000000000e+04
3.133400000000000000e+04
3.184300000000000000e+04
3.195500000000000000e+04
3.201900000000000000e+04
3.219400000000000000e+04
3.262500000000000000e+04
3.262700000000000000e+04
3.310700000000000000e+04
3.337600000000000000e+04
3.292600000000000000e+04
3.286300000000000000e+04
3.317200000000000000e+04
3.381200000000000000e+04
3.402500000000000000e+04
3.413000000000000000e+04
3.475100000000000000e+04
3.478500000000000000e+04
3.529700000000000000e+04
3.579900000000000000e+04
3.601700000000000000e+04
3.614700000000000000e+04
3.622800000000000000e+04
3.666400000000000000e+04
3.667200000000000000e+04
3.670000000000000000e+04
3.695600000000000000e+04
3.752100000000000000e+04
3.776100000000000000e+04
3.829300000000000000e+04
3.832500000000000000e+04
3.838600000000000000e+04
3.868400000000000000e+04
3.890000000000000000e+04
3.888000000000000000e+04
3.937200000000000000e+04
3.906100000000000000e+04
3.985800000000000000e+04
3.999400000000000000e+04
4.040600000000000000e+04
4.088600000000000000e+04
4.107500000000000000e+04
4.117300000000000000e+04
4.078900000000000000e+04
4.163800000000000000e+04
4.131800000000000000e+04
4.129200000000000000e+04
4.183600000000000000e+04
4.245200000000000000e+04
4.211400000000000000e+04
4.255800000000000000e+04
4.288200000000000000e+04
4.289300000000000000e+04
4.286900000000000000e+04
4.323700000000000000e+04
4.371000000000000000e+04
4.395700000000000000e+04
4.381500000000000000e+04
4.359600000000000000e+04
4.415900000000000000e+04
4.413700000000000000e+04
4.433100000000000000e+04
4.440700000000000000e+04
4.483300000000000000e+04
4.435900000000000000e+04
4.448700000000000000e+04
4.422000000000000000e+04
4.409200000000000000e+04
4.456000000000000000e+04
4.439600000000000000e+04
4.473600000000000000e+04
4.452200000000000000e+04
4.457800000000000000e+04
4.449400000000000000e+04
4.495400000000000000e+04
4.458200000000000000e+04
4.475000000000000000e+04
4.463300000000000000e+04
4.468500000000000000e+04
4.446900000000000000e+04
4.468900000000000000e+04
4.442600000000000000e+04
4.520000000000000000e+04
4.484300000000000000e+04
4.495100000000000000e+04
4.475100000000000000e+04
4.524200000000000000e+04
4.524200000000000000e+04
4.520400000000000000e+04
4.558300000000000000e+04
4.534300000000000000e+04
4.533400000000000000e+04
4.529700000000000000e+04
4.535300000000000000e+04
4.579200000000000000e+04
4.571100000000000000e+04
4.565300000000000000e+04
4.616400000000000000e+04
4.613900000000000000e+04
4.655300000000000000e+04
4.666000000000000000e+04
4.680300000000000000e+04
4.701000000000000000e+04
4.706700000000000000e+04
4.689200000000000000e+04
4.731300000000000000e+04
4.713500000000000000e+04
4.722200000000000000e+04
4.778000000000000000e+04
4.729400000000000000e+04
4.796300000000000000e+04
4.816000000000000000e+04
4.797400000000000000e+04
4.830900000000000000e+04
4.850500000000000000e+04
4.909900000000000000e+04
4.927300000000000000e+04
4.940200000000000000e+04
5.000800000000000000e+04
4.990700000000000000e+04
4.991500000000000000e+04
5.069900000000000000e+04
5.030100000000000000e+04
5.058200000000000000e+04
5.049600000000000000e+04
5.112700000000000000e+04
5.127900000000000000e+04
5.169200000000000000e+04
5.177000000000000000e+04
5.181700000000000000e+04
5.203500000000000000e+04
5.261900000000000000e+04
5.220100000000000000e+04
5.274100000000000000e+04
5.286700000000000000e+04
5.285200000000000000e+04
5.345100000000000000e+04
5.371100000000000000e+04
5.401900000000000000e+04
5.413200000000000000e+04
5.418600000000000000e+04
5.426400000000000000e+04
5.482400000000000000e+04
5.484000000000000000e+04
5.519300000000000000e+04
5.578500000000000000e+04
5.531300000000000000e+04
5.576600000000000000e+04
5.614500000000000000e+04
5.625900000000000000e+04
5.613500000000000000e+04
5.604800000000000000e+04
5.653700000000000000e+04
5.654300000000000000e+04
5.685500000000000000e+04
5.699600000000000000e+04
5.730600000000000000e+04
5.722000000000000000e+04
5.712700000000000000e+04
5.775500000000000000e+04
5.789000000000000000e+04
5.791800000000000000e+04
5.791000000000000000e+04
5.866300000000000000e+04
5.834800000000000000e+04
5.843400000000000000e+04
5.896500000000000000e+04
5.841000000000000000e+04
5.842400000000000000e+04
5.854600000000000000e+04
5.844900000000000000e+04
5.858700000000000000e+04
5.880200000000000000e+04
5.874200000000000000e+04
5.853800000000000000e+04
5.881100000000000000e+04
5.869600000000000000e+04
5.831300000000000000e+04
5.831800000000000000e+04
5.746100000000000000e+04
5.689900000000000000e+04
5.713000000000000000e+04
5.781900000000000000e+04
5.783400000000000000e+04
5.829100000000000000e+04
5.833500000000000000e+04
5.788200000000000000e+04
5.740300000000000000e+04
5.805000000000000000e+04
5.814400000000000000e+04
5.852300000000000000e+04
5.812900000000000000e+04
5.780000000000000000e+04
5.776900000000000000e+04
5.787700000000000000e+04
5.737900000000000000e+04
5.790800000000000000e+04
5.820900000000000000e+04
5.763500000000000000e+04
5.776800000000000000e+04
5.788800000000000000e+04
5.786500000000000000e+04
5.814700000000000000e+04
5.771600000000000000e+04
5.791800000000000000e+04
5.778600000000000000e+04
5.753200000000000000e+04
5.710300000000000000e+04
5.709000000000000000e+04
5.708500000000000000e+04
5.733800000000000000e+04
5.722200000000000000e+04
5.756800000000000000e+04
5.702200000000000000e+04
5.704000000000000000e+04
5.706900000000000000e+04
5.688900000000000000e+04
5.685400000000000000e+04
5.716600000000000000e+04
5.655000000000000000e+04
5.656700000000000000e+04
5.650000000000000000e+04
5.666500000000000000e+04
5.635000000000000000e+04
5.637000000000000000e+04
5.614700000000000000e+04
5.608500000000000000e+04
5.609900000000000000e+04
5.519700000000000000e+04
5.562500000000000000e+04
5.543500000000000000e+04
5.561100000000000000e+04
5.516000000000000000e+04
5.527100000000000000e+04
5.485200000000000000e+04
5.499600000000000000e+04
5.487100000000000000e+04
5.466200000000000000e+04
5.509600000000000000e+04
5.474500000000000000e+04
5.460100000000000000e+04
5.393100000000000000e+04
5.396500000000000000e+04
5.428100000000000000e+04
5.422700000000000000e+04
5.412000000000000000e+04
5.392700000000000000e+04
5.394000000000000000e+04
5.424800000000000000e+04
5.386700000000000000e+04
5.385300000000000000e+04
5.423900000000000000e+04
5.388200000000000000e+04
5.421400000000000000e+04
5.379600000000000000e+04
5.349500000000000000e+04
5.308300000000000000e+04
5.352600000000000000e+04
5.359400000000000000e+04
5.362100000000000000e+04
5.338400000000000000e+04
5.348700000000000000e+04
5.323300000000000000e+04
5.253400000000000000e+04
5.294400000000000000e+04
5.298600000000000000e+04
5.325500000000000000e+04
5.354300000000000000e+04
5.302500000000000000e+04
5.299400000000000000e+04
5.117700000000000000e+04
5.077600000000000000e+04
5.219200000000000000e+04
5.254700000000000000e+04
5.230900000000000000e+04
5.220700000000000000e+04
5.261400000000000000e+04
5.315300000000000000e+04
5.304300000000000000e+04
5.351200000000000000e+04
5.325200000000000000e+04
5.348600000000000000e+04
5.342800000000000000e+04
5.332000000000000000e+04
5.345300000000000000e+04
5.349000000000000000e+04
5.292500000000000000e+04
5.280200000000000000e+04
5.317400000000000000e+04
5.310300000000000000e+04
5.329000000000000000e+04
5.289900000000000000e+04
5.281800000000000000e+04
5.279300000000000000e+04
5.319100000000000000e+04
5.305700000000000000e+04
5.316300000000000000e+04
5.270900000000000000e+04
5.258400000000000000e+04
5.251600000000000000e+04
5.278800000000000000e+04
5.232800000000000000e+04
5.271900000000000000e+04
5.256900000000000000e+04
5.314200000000000000e+04
5.275700000000000000e+04
5.238500000000000000e+04
5.249200000000000000e+04
5.252700000000000000e+04
5.309800000000000000e+04
5.260000000000000000e+04
5.213600000000000000e+04
5.184200000000000000e+04
5.184800000000000000e+04
5.210100000000000000e+04
5.209800000000000000e+04
5.179700000000000000e+04
5.183300000000000000e+04
5.202900000000000000e+04
5.151600000000000000e+04
5.172200000000000000e+04
5.182000000000000000e+04
5.155500000000000000e+04
5.153200000000000000e+04
5.137000000000000000e+04
5.058500000000000000e+04
5.011400000000000000e+04
5.022700000000000000e+04
4.965400000000000000e+04
4.927400000000000000e+04
4.887200000000000000e+04
4.740500000000000000e+04
4.583200000000000000e+04
4.335700000000000000e+04
4.052900000000000000e+04
3.676200000000000000e+04
3.082300000000000000e+04
2.850900000000000000e+04
3.268800000000000000e+04
3.801200000000000000e+04
4.135300000000000000e+04
4.394700000000000000e+04
4.563500000000000000e+04
4.673800000000000000e+04
4.736900000000000000e+04
4.798300000000000000e+04
4.828800000000000000e+04
4.852400000000000000e+04
4.836900000000000000e+04
4.903200000000000000e+04
4.875100000000000000e+04
4.888100000000000000e+04
4.896100000000000000e+04
4.871100000000000000e+04
4.860500000000000000e+04
4.827900000000000000e+04
4.858400000000000000e+04
4.811500000000000000e+04
4.797200000000000000e+04
4.773500000000000000e+04
4.756700000000000000e+04
4.752900000000000000e+04
4.734400000000000000e+04
4.735700000000000000e+04
4.660300000000000000e+04
4.650300000000000000e+04
4.658000000000000000e+04
4.643000000000000000e+04
4.598700000000000000e+04
4.579500000000000000e+04
4.569100000000000000e+04
4.548100000000000000e+04
4.541300000000000000e+04
4.497200000000000000e+04
4.482700000000000000e+04
4.484800000000000000e+04
4.448300000000000000e+04
4.440800000000000000e+04
4.425300000000000000e+04
4.387600000000000000e+04
4.385300000000000000e+04
4.367100000000000000e+04
4.314100000000000000e+04
4.343500000000000000e+04
4.281000000000000000e+04
4.282000000000000000e+04
4.285600000000000000e+04
4.238400000000000000e+04
4.221900000000000000e+04
4.200500000000000000e+04
4.215700000000000000e+04
4.168500000000000000e+04
4.152500000000000000e+04
4.123600000000000000e+04
4.087600000000000000e+04
4.064800000000000000e+04
4.058300000000000000e+04
4.041500000000000000e+04
3.983800000000000000e+04
3.958600000000000000e+04
3.963700000000000000e+04
3.933100000000000000e+04
3.911200000000000000e+04
3.867800000000000000e+04
3.858100000000000000e+04
3.850700000000000000e+04
3.795100000000000000e+04
3.577800000000000000e+04
2.940200000000000000e+04
2.601500000000000000e+04
2.850400000000000000e+04
3.198000000000000000e+04
3.220500000000000000e+04
3.136500000000000000e+04
3.090700000000000000e+04
3.124200000000000000e+04
3.178200000000000000e+04
3.260800000000000000e+04
3.293600000000000000e+04
3.338400000000000000e+04
3.338200000000000000e+04
3.352900000000000000e+04
3.329300000000000000e+04
3.323400000000000000e+04
3.306900000000000000e+04
3.290600000000000000e+04
3.271500000000000000e+04
3.296700000000000000e+04
3.259000000000000000e+04
3.242800000000000000e+04
3.244200000000000000e+04
3.275100000000000000e+04
3.304800000000000000e+04
3.253800000000000000e+04
3.217000000000000000e+04
3.214200000000000000e+04
3.127200000000000000e+04
3.125300000000000000e+04
3.130100000000000000e+04
3.124900000000000000e+04
3.068900000000000000e+04
3.061300000000000000e+04
3.050300000000000000e+04
3.068700000000000000e+04
3.035100000000000000e+04
3.012700000000000000e+04
3.020000000000000000e+04
3.025600000000000000e+04
3.005500000000000000e+04
2.984300000000000000e+04
2.958800000000000000e+04
2.948600000000000000e+04
2.936200000000000000e+04
2.937600000000000000e+04
2.911600000000000000e+04
2.889800000000000000e+04
2.920900000000000000e+04
2.895800000000000000e+04
2.875400000000000000e+04
2.868100000000000000e+04
2.865000000000000000e+04
2.869600000000000000e+04
2.848200000000000000e+04
2.844500000000000000e+04
2.818700000000000000e+04
2.826500000000000000e+04
2.808600000000000000e+04
2.808600000000000000e+04
2.790000000000000000e+04
2.785100000000000000e+04
2.790300000000000000e+04
2.749000000000000000e+04
2.746900000000000000e+04
2.731400000000000000e+04
2.714300000000000000e+04
2.707100000000000000e+04
2.689800000000000000e+04
2.659500000000000000e+04
2.552900000000000000e+04
2.424000000000000000e+04
2.409900000000000000e+04
2.387000000000000000e+04
2.282400000000000000e+04
2.267100000000000000e+04
2.286500000000000000e+04
2.297200000000000000e+04
2.259700000000000000e+04
2.326900000000000000e+04
2.449900000000000000e+04
2.499600000000000000e+04
2.504200000000000000e+04
2.475500000000000000e+04
2.448000000000000000e+04
2.318800000000000000e+04
2.265800000000000000e+04
2.249300000000000000e+04
2.251200000000000000e+04
2.262100000000000000e+04
2.258500000000000000e+04
2.270500000000000000e+04
2.275600000000000000e+04
2.241300000000000000e+04
2.245600000000000000e+04
2.181900000000000000e+04
2.198700000000000000e+04
2.271300000000000000e+04
2.252300000000000000e+04
2.202500000000000000e+04
2.218800000000000000e+04
2.234400000000000000e+04
2.187100000000000000e+04
2.207100000000000000e+04
2.198300000000000000e+04
2.206600000000000000e+04
2.229700000000000000e+04
2.247500000000000000e+04
2.246700000000000000e+04
2.228700000000000000e+04
2.246100000000000000e+04
2.234300000000000000e+04
2.204400000000000000e+04
2.216700000000000000e+04
2.192800000000000000e+04
2.186300000000000000e+04
2.169600000000000000e+04
2.168600000000000000e+04
2.169600000000000000e+04
2.175400000000000000e+04
2.148300000000000000e+04
2.124500000000000000e+04
2.149700000000000000e+04
2.147000000000000000e+04
2.127000000000000000e+04
2.113500000000000000e+04
2.102800000000000000e+04
2.111100000000000000e+04
2.076200000000000000e+04
2.075700000000000000e+04
2.084300000000000000e+04
2.051300000000000000e+04
2.049200000000000000e+04
2.034200000000000000e+04
2.020800000000000000e+04
2.013500000000000000e+04
1.988300000000000000e+04
2.027000000000000000e+04
2.004600000000000000e+04
1.975700000000000000e+04
1.965900000000000000e+04
1.932800000000000000e+04
1.942900000000000000e+04
1.928500000000000000e+04
1.938400000000000000e+04
1.932800000000000000e+04
1.909000000000000000e+04
1.905100000000000000e+04
1.900000000000000000e+04
1.869000000000000000e+04
1.865000000000000000e+04
1.859400000000000000e+04
1.835100000000000000e+04
1.832600000000000000e+04
1.832100000000000000e+04
1.798200000000000000e+04
1.806900000000000000e+04
1.789900000000000000e+04
1.780600000000000000e+04
1.767900000000000000e+04
1.759400000000000000e+04
1.741500000000000000e+04
1.745900000000000000e+04
1.732600000000000000e+04
1.719600000000000000e+04
1.736600000000000000e+04
1.714400000000000000e+04
1.672300000000000000e+04
1.629300000000000000e+04
1.425000000000000000e+04
9.645000000000000000e+03
5.369000000000000000e+03
3.395000000000000000e+03
3.387000000000000000e+03
5.337000000000000000e+03
8.599000000000000000e+03
9.291000000000000000e+03
7.576000000000000000e+03
6.791000000000000000e+03
6.824000000000000000e+03
7.472000000000000000e+03
8.136000000000000000e+03
9.017000000000000000e+03
9.928000000000000000e+03
1.070100000000000000e+04
1.152100000000000000e+04
1.200500000000000000e+04
1.239200000000000000e+04
1.270500000000000000e+04
1.308700000000000000e+04
1.317600000000000000e+04
1.336300000000000000e+04
1.341800000000000000e+04
1.326300000000000000e+04
1.334700000000000000e+04
1.339300000000000000e+04
1.314400000000000000e+04
1.308600000000000000e+04
1.304400000000000000e+04
1.294700000000000000e+04
1.287900000000000000e+04
1.275700000000000000e+04
1.268500000000000000e+04
1.262200000000000000e+04
1.245500000000000000e+04
1.248700000000000000e+04
1.220800000000000000e+04
1.211600000000000000e+04
1.194900000000000000e+04
1.179100000000000000e+04
1.159100000000000000e+04
1.094600000000000000e+04
1.065300000000000000e+04
1.092400000000000000e+04
1.121900000000000000e+04
1.120700000000000000e+04
1.114900000000000000e+04
1.105500000000000000e+04
1.097400000000000000e+04
1.090400000000000000e+04
1.082800000000000000e+04
1.066400000000000000e+04
1.057200000000000000e+04
1.052200000000000000e+04
1.046900000000000000e+04
1.032500000000000000e+04
1.027700000000000000e+04
1.014600000000000000e+04
1.013700000000000000e+04
9.908000000000000000e+03
1.005500000000000000e+04
9.831000000000000000e+03
9.886000000000000000e+03
9.636000000000000000e+03
9.554000000000000000e+03
9.627000000000000000e+03
9.492000000000000000e+03
9.333000000000000000e+03
9.201000000000000000e+03
9.113000000000000000e+03
9.044000000000000000e+03
8.970000000000000000e+03
8.940000000000000000e+03
9.024000000000000000e+03
8.884000000000000000e+03
8.778000000000000000e+03
8.666000000000000000e+03
8.774000000000000000e+03
8.514000000000000000e+03
8.625000000000000000e+03
8.389000000000000000e+03
8.265000000000000000e+03
8.385000000000000000e+03
8.258000000000000000e+03
8.343000000000000000e+03
8.228000000000000000e+03
8.103000000000000000e+03
