3.553000000000000000e+03
3.428000000000000000e+03
3.444000000000000000e+03
3.482000000000000000e+03
3.607000000000000000e+03
3.647000000000000000e+03
3.606000000000000000e+03
3.633000000000000000e+03
3.613000000000000000e+03
3.611000000000000000e+03
3.603000000000000000e+03
3.633000000000000000e+03
3.627000000000000000e+03
3.603000000000000000e+03
3.607000000000000000e+03
3.655000000000000000e+03
3.639000000000000000e+03
3.559000000000000000e+03
3.547000000000000000e+03
3.451000000000000000e+03
3.607000000000000000e+03
3.600000000000000000e+03
3.556000000000000000e+03
3.555000000000000000e+03
3.551000000000000000e+03
3.507000000000000000e+03
3.525000000000000000e+03
3.557000000000000000e+03
3.615000000000000000e+03
3.500000000000000000e+03
3.392000000000000000e+03
3.343000000000000000e+03
3.363000000000000000e+03
3.311000000000000000e+03
3.250000000000000000e+03
3.182000000000000000e+03
2.968000000000000000e+03
2.739000000000000000e+03
2.327000000000000000e+03
1.957000000000000000e+03
1.610000000000000000e+03
1.682000000000000000e+03
2.228000000000000000e+03
2.467000000000000000e+03
2.767000000000000000e+03
2.989000000000000000e+03
3.129000000000000000e+03
3.117000000000000000e+03
3.276000000000000000e+03
3.284000000000000000e+03
3.200000000000000000e+03
3.327000000000000000e+03
3.275000000000000000e+03
3.249000000000000000e+03
3.273000000000000000e+03
3.269000000000000000e+03
3.316000000000000000e+03
3.368000000000000000e+03
3.264000000000000000e+03
3.308000000000000000e+03
3.316000000000000000e+03
3.234000000000000000e+03
3.233000000000000000e+03
3.221000000000000000e+03
3.145000000000000000e+03
3.189000000000000000e+03
3.181000000000000000e+03
3.143000000000000000e+03
3.120000000000000000e+03
3.144000000000000000e+03
3.028000000000000000e+03
3.059000000000000000e+03
3.099000000000000000e+03
3.026000000000000000e+03
3.065000000000000000e+03
2.961000000000000000e+03
2.959000000000000000e+03
2.988000000000000000e+03
2.994000000000000000e+03
2.940000000000000000e+03
2.947000000000000000e+03
2.936000000000000000e+03
2.854000000000000000e+03
2.905000000000000000e+03
2.914000000000000000e+03
2.916000000000000000e+03
2.913000000000000000e+03
2.853000000000000000e+03
2.919000000000000000e+03
2.846000000000000000e+03
2.810000000000000000e+03
2.832000000000000000e+03
2.839000000000000000e+03
2.840000000000000000e+03
2.770000000000000000e+03
2.797000000000000000e+03
2.797000000000000000e+03
2.915000000000000000e+03
2.849000000000000000e+03
2.822000000000000000e+03
2.812000000000000000e+03
2.824000000000000000e+03
2.776000000000000000e+03
2.784000000000000000e+03
2.830000000000000000e+03
2.797000000000000000e+03
2.874000000000000000e+03
2.866000000000000000e+03
2.902000000000000000e+03
2.842000000000000000e+03
2.872000000000000000e+03
2.845000000000000000e+03
2.813000000000000000e+03
2.845000000000000000e+03
2.901000000000000000e+03
2.877000000000000000e+03
2.867000000000000000e+03
2.916000000000000000e+03
2.891000000000000000e+03
2.903000000000000000e+03
2.907000000000000000e+03
2.988000000000000000e+03
2.898000000000000000e+03
2.992000000000000000e+03
3.000000000000000000e+03
2.980000000000000000e+03
2.998000000000000000e+03
2.866000000000000000e+03
2.982000000000000000e+03
2.978000000000000000e+03
3.029000000000000000e+03
2.958000000000000000e+03
2.990000000000000000e+03
3.053000000000000000e+03
2.978000000000000000e+03
3.004000000000000000e+03
3.110000000000000000e+03
3.037000000000000000e+03
3.055000000000000000e+03
3.029000000000000000e+03
3.042000000000000000e+03
3.030000000000000000e+03
3.095000000000000000e+03
2.999000000000000000e+03
2.999000000000000000e+03
2.990000000000000000e+03
3.053000000000000000e+03
2.979000000000000000e+03
3.076000000000000000e+03
3.063000000000000000e+03
3.065000000000000000e+03
3.056000000000000000e+03
3.039000000000000000e+03
3.085000000000000000e+03
3.024000000000000000e+03
3.116000000000000000e+03
3.129000000000000000e+03
3.036000000000000000e+03
3.015000000000000000e+03
3.113000000000000000e+03
3.046000000000000000e+03
2.963000000000000000e+03
3.038000000000000000e+03
2.963000000000000000e+03
3.044000000000000000e+03
3.138000000000000000e+03
3.035000000000000000e+03
3.049000000000000000e+03
2.991000000000000000e+03
3.046000000000000000e+03
2.953000000000000000e+03
2.912000000000000000e+03
2.943000000000000000e+03
2.987000000000000000e+03
2.993000000000000000e+03
2.960000000000000000e+03
2.941000000000000000e+03
2.996000000000000000e+03
2.883000000000000000e+03
2.959000000000000000e+03
2.886000000000000000e+03
2.916000000000000000e+03
2.897000000000000000e+03
2.895000000000000000e+03
2.847000000000000000e+03
2.913000000000000000e+03
2.818000000000000000e+03
2.863000000000000000e+03
2.828000000000000000e+03
2.820000000000000000e+03
2.811000000000000000e+03
2.801000000000000000e+03
2.783000000000000000e+03
2.802000000000000000e+03
2.789000000000000000e+03
2.832000000000000000e+03
2.756000000000000000e+03
2.812000000000000000e+03
2.829000000000000000e+03
2.823000000000000000e+03
2.822000000000000000e+03
2.762000000000000000e+03
2.797000000000000000e+03
2.803000000000000000e+03
2.783000000000000000e+03
2.801000000000000000e+03
2.841000000000000000e+03
2.892000000000000000e+03
2.856000000000000000e+03
2.780000000000000000e+03
2.775000000000000000e+03
2.804000000000000000e+03
2.797000000000000000e+03
2.833000000000000000e+03
2.886000000000000000e+03
2.864000000000000000e+03
2.798000000000000000e+03
2.807000000000000000e+03
2.912000000000000000e+03
2.813000000000000000e+03
2.873000000000000000e+03
2.830000000000000000e+03
2.891000000000000000e+03
2.846000000000000000e+03
2.815000000000000000e+03
2.863000000000000000e+03
2.858000000000000000e+03
2.820000000000000000e+03
2.838000000000000000e+03
2.839000000000000000e+03
2.879000000000000000e+03
2.829000000000000000e+03
2.857000000000000000e+03
2.925000000000000000e+03
2.943000000000000000e+03
2.844000000000000000e+03
2.915000000000000000e+03
2.904000000000000000e+03
2.919000000000000000e+03
2.951000000000000000e+03
2.866000000000000000e+03
2.931000000000000000e+03
2.906000000000000000e+03
2.888000000000000000e+03
2.884000000000000000e+03
2.861000000000000000e+03
2.896000000000000000e+03
2.821000000000000000e+03
2.869000000000000000e+03
2.857000000000000000e+03
2.868000000000000000e+03
2.789000000000000000e+03
2.879000000000000000e+03
2.816000000000000000e+03
2.792000000000000000e+03
2.898000000000000000e+03
2.815000000000000000e+03
2.863000000000000000e+03
2.905000000000000000e+03
2.814000000000000000e+03
2.877000000000000000e+03
2.824000000000000000e+03
2.824000000000000000e+03
2.856000000000000000e+03
2.845000000000000000e+03
2.848000000000000000e+03
2.873000000000000000e+03
2.897000000000000000e+03
2.846000000000000000e+03
2.767000000000000000e+03
2.822000000000000000e+03
2.784000000000000000e+03
2.780000000000000000e+03
2.769000000000000000e+03
2.723000000000000000e+03
2.802000000000000000e+03
2.726000000000000000e+03
2.678000000000000000e+03
2.664000000000000000e+03
2.564000000000000000e+03
2.662000000000000000e+03
2.613000000000000000e+03
2.637000000000000000e+03
2.645000000000000000e+03
2.633000000000000000e+03
2.594000000000000000e+03
2.615000000000000000e+03
2.619000000000000000e+03
2.648000000000000000e+03
2.584000000000000000e+03
2.557000000000000000e+03
2.543000000000000000e+03
2.483000000000000000e+03
2.477000000000000000e+03
2.494000000000000000e+03
2.523000000000000000e+03
2.451000000000000000e+03
2.488000000000000000e+03
2.428000000000000000e+03
2.482000000000000000e+03
2.380000000000000000e+03
2.428000000000000000e+03
2.434000000000000000e+03
2.434000000000000000e+03
2.434000000000000000e+03
2.402000000000000000e+03
2.441000000000000000e+03
2.405000000000000000e+03
2.369000000000000000e+03
2.366000000000000000e+03
2.325000000000000000e+03
2.312000000000000000e+03
2.275000000000000000e+03
2.283000000000000000e+03
2.278000000000000000e+03
2.232000000000000000e+03
2.278000000000000000e+03
2.251000000000000000e+03
2.239000000000000000e+03
2.202000000000000000e+03
2.178000000000000000e+03
2.162000000000000000e+03
2.132000000000000000e+03
2.200000000000000000e+03
2.118000000000000000e+03
2.158000000000000000e+03
2.126000000000000000e+03
2.134000000000000000e+03
2.166000000000000000e+03
2.174000000000000000e+03
2.042000000000000000e+03
2.133000000000000000e+03
2.093000000000000000e+03
2.085000000000000000e+03
2.057000000000000000e+03
2.002000000000000000e+03
2.039000000000000000e+03
2.020000000000000000e+03
1.975000000000000000e+03
1.955000000000000000e+03
1.978000000000000000e+03
1.947000000000000000e+03
1.974000000000000000e+03
1.987000000000000000e+03
1.939000000000000000e+03
1.934000000000000000e+03
1.911000000000000000e+03
1.873000000000000000e+03
1.920000000000000000e+03
1.923000000000000000e+03
1.897000000000000000e+03
1.920000000000000000e+03
1.903000000000000000e+03
1.877000000000000000e+03
1.860000000000000000e+03
1.859000000000000000e+03
1.898000000000000000e+03
1.823000000000000000e+03
1.804000000000000000e+03
1.837000000000000000e+03
1.795000000000000000e+03
1.801000000000000000e+03
1.767000000000000000e+03
1.810000000000000000e+03
1.768000000000000000e+03
1.759000000000000000e+03
1.747000000000000000e+03
1.768000000000000000e+03
1.750000000000000000e+03
1.718000000000000000e+03
1.704000000000000000e+03
1.659000000000000000e+03
1.681000000000000000e+03
1.694000000000000000e+03
1.694000000000000000e+03
1.734000000000000000e+03
1.620000000000000000e+03
1.655000000000000000e+03
1.641000000000000000e+03
1.658000000000000000e+03
1.678000000000000000e+03
1.645000000000000000e+03
1.635000000000000000e+03
1.652000000000000000e+03
1.606000000000000000e+03
1.606000000000000000e+03
1.563000000000000000e+03
1.603000000000000000e+03
1.566000000000000000e+03
1.601000000000000000e+03
1.642000000000000000e+03
1.607000000000000000e+03
1.647000000000000000e+03
1.586000000000000000e+03
1.603000000000000000e+03
1.597000000000000000e+03
1.603000000000000000e+03
1.548000000000000000e+03
1.525000000000000000e+03
1.547000000000000000e+03
1.544000000000000000e+03
1.595000000000000000e+03
1.590000000000000000e+03
1.555000000000000000e+03
1.491000000000000000e+03
1.518000000000000000e+03
1.476000000000000000e+03
1.522000000000000000e+03
1.492000000000000000e+03
1.528000000000000000e+03
1.446000000000000000e+03
1.469000000000000000e+03
1.441000000000000000e+03
1.434000000000000000e+03
1.458000000000000000e+03
1.485000000000000000e+03
1.427000000000000000e+03
1.471000000000000000e+03
1.449000000000000000e+03
1.446000000000000000e+03
1.424000000000000000e+03
1.444000000000000000e+03
1.472000000000000000e+03
1.419000000000000000e+03
1.421000000000000000e+03
1.414000000000000000e+03
1.342000000000000000e+03
1.357000000000000000e+03
1.403000000000000000e+03
1.299000000000000000e+03
1.301000000000000000e+03
1.309000000000000000e+03
1.291000000000000000e+03
1.191000000000000000e+03
1.147000000000000000e+03
1.039000000000000000e+03
9.520000000000000000e+02
8.720000000000000000e+02
8.590000000000000000e+02
1.024000000000000000e+03
1.095000000000000000e+03
1.130000000000000000e+03
1.217000000000000000e+03
1.240000000000000000e+03
1.226000000000000000e+03
1.271000000000000000e+03
1.254000000000000000e+03
1.336000000000000000e+03
1.286000000000000000e+03
1.225000000000000000e+03
1.244000000000000000e+03
1.214000000000000000e+03
1.230000000000000000e+03
1.229000000000000000e+03
1.207000000000000000e+03
1.245000000000000000e+03
1.170000000000000000e+03
1.182000000000000000e+03
1.212000000000000000e+03
1.203000000000000000e+03
1.171000000000000000e+03
1.170000000000000000e+03
1.217000000000000000e+03
1.166000000000000000e+03
1.160000000000000000e+03
1.176000000000000000e+03
1.190000000000000000e+03
1.191000000000000000e+03
1.202000000000000000e+03
1.142000000000000000e+03
1.166000000000000000e+03
1.150000000000000000e+03
1.144000000000000000e+03
1.154000000000000000e+03
1.153000000000000000e+03
1.142000000000000000e+03
1.114000000000000000e+03
1.109000000000000000e+03
1.097000000000000000e+03
1.091000000000000000e+03
1.078000000000000000e+03
1.065000000000000000e+03
1.027000000000000000e+03
1.044000000000000000e+03
1.052000000000000000e+03
1.046000000000000000e+03
1.012000000000000000e+03
1.023000000000000000e+03
9.980000000000000000e+02
9.900000000000000000e+02
1.013000000000000000e+03
1.014000000000000000e+03
9.950000000000000000e+02
9.690000000000000000e+02
9.740000000000000000e+02
9.590000000000000000e+02
9.530000000000000000e+02
9.560000000000000000e+02
9.870000000000000000e+02
9.340000000000000000e+02
9.480000000000000000e+02
9.470000000000000000e+02
9.370000000000000000e+02
9.350000000000000000e+02
9.460000000000000000e+02
9.250000000000000000e+02
8.840000000000000000e+02
8.550000000000000000e+02
7.470000000000000000e+02
6.780000000000000000e+02
6.870000000000000000e+02
7.770000000000000000e+02
7.870000000000000000e+02
7.670000000000000000e+02
7.410000000000000000e+02
7.440000000000000000e+02
7.670000000000000000e+02
7.760000000000000000e+02
8.030000000000000000e+02
8.310000000000000000e+02
8.250000000000000000e+02
8.120000000000000000e+02
7.850000000000000000e+02
7.680000000000000000e+02
7.920000000000000000e+02
7.590000000000000000e+02
7.810000000000000000e+02
7.430000000000000000e+02
7.620000000000000000e+02
7.650000000000000000e+02
7.560000000000000000e+02
7.720000000000000000e+02
7.520000000000000000e+02
7.770000000000000000e+02
7.720000000000000000e+02
7.610000000000000000e+02
7.180000000000000000e+02
7.290000000000000000e+02
7.280000000000000000e+02
6.890000000000000000e+02
7.390000000000000000e+02
6.890000000000000000e+02
6.750000000000000000e+02
7.220000000000000000e+02
6.800000000000000000e+02
6.880000000000000000e+02
6.840000000000000000e+02
7.030000000000000000e+02
6.940000000000000000e+02
7.140000000000000000e+02
6.820000000000000000e+02
6.730000000000000000e+02
6.870000000000000000e+02
6.740000000000000000e+02
6.620000000000000000e+02
6.530000000000000000e+02
6.640000000000000000e+02
6.760000000000000000e+02
6.660000000000000000e+02
6.660000000000000000e+02
6.670000000000000000e+02
6.380000000000000000e+02
6.570000000000000000e+02
6.370000000000000000e+02
6.410000000000000000e+02
6.320000000000000000e+02
6.140000000000000000e+02
6.200000000000000000e+02
6.280000000000000000e+02
6.280000000000000000e+02
6.260000000000000000e+02
6.300000000000000000e+02
6.130000000000000000e+02
6.300000000000000000e+02
5.980000000000000000e+02
6.050000000000000000e+02
6.090000000000000000e+02
5.830000000000000000e+02
5.890000000000000000e+02
5.970000000000000000e+02
5.640000000000000000e+02
5.710000000000000000e+02
5.550000000000000000e+02
5.200000000000000000e+02
5.390000000000000000e+02
5.380000000000000000e+02
5.040000000000000000e+02
5.120000000000000000e+02
5.450000000000000000e+02
5.350000000000000000e+02
5.700000000000000000e+02
5.410000000000000000e+02
5.370000000000000000e+02
5.320000000000000000e+02
5.110000000000000000e+02
5.090000000000000000e+02
5.080000000000000000e+02
5.080000000000000000e+02
5.010000000000000000e+02
4.920000000000000000e+02
5.270000000000000000e+02
5.020000000000000000e+02
5.130000000000000000e+02
5.040000000000000000e+02
5.090000000000000000e+02
5.110000000000000000e+02
4.890000000000000000e+02
4.880000000000000000e+02
5.050000000000000000e+02
4.760000000000000000e+02
5.000000000000000000e+02
4.870000000000000000e+02
5.020000000000000000e+02
4.830000000000000000e+02
4.940000000000000000e+02
4.700000000000000000e+02
5.080000000000000000e+02
4.890000000000000000e+02
5.080000000000000000e+02
5.010000000000000000e+02
5.100000000000000000e+02
4.980000000000000000e+02
4.910000000000000000e+02
4.570000000000000000e+02
4.600000000000000000e+02
4.820000000000000000e+02
4.730000000000000000e+02
4.590000000000000000e+02
4.560000000000000000e+02
4.820000000000000000e+02
4.460000000000000000e+02
4.790000000000000000e+02
4.560000000000000000e+02
4.610000000000000000e+02
4.490000000000000000e+02
4.500000000000000000e+02
4.640000000000000000e+02
4.690000000000000000e+02
4.430000000000000000e+02
4.440000000000000000e+02
4.330000000000000000e+02
4.330000000000000000e+02
4.310000000000000000e+02
4.270000000000000000e+02
4.300000000000000000e+02
4.390000000000000000e+02
4.150000000000000000e+02
4.470000000000000000e+02
4.520000000000000000e+02
4.330000000000000000e+02
4.390000000000000000e+02
4.110000000000000000e+02
4.600000000000000000e+02
4.210000000000000000e+02
4.270000000000000000e+02
4.320000000000000000e+02
4.120000000000000000e+02
4.010000000000000000e+02
4.190000000000000000e+02
4.430000000000000000e+02
4.290000000000000000e+02
4.330000000000000000e+02
4.160000000000000000e+02
4.280000000000000000e+02
4.030000000000000000e+02
4.190000000000000000e+02
3.910000000000000000e+02
4.140000000000000000e+02
4.020000000000000000e+02
3.950000000000000000e+02
4.310000000000000000e+02
3.910000000000000000e+02
4.060000000000000000e+02
3.970000000000000000e+02
3.880000000000000000e+02
3.870000000000000000e+02
3.760000000000000000e+02
3.380000000000000000e+02
3.120000000000000000e+02
2.410000000000000000e+02
2.160000000000000000e+02
2.140000000000000000e+02
2.260000000000000000e+02
2.810000000000000000e+02
2.990000000000000000e+02
2.490000000000000000e+02
2.500000000000000000e+02
2.450000000000000000e+02
2.550000000000000000e+02
2.670000000000000000e+02
2.840000000000000000e+02
2.820000000000000000e+02
2.950000000000000000e+02
3.080000000000000000e+02
3.350000000000000000e+02
3.140000000000000000e+02
3.130000000000000000e+02
3.270000000000000000e+02
3.290000000000000000e+02
3.350000000000000000e+02
3.380000000000000000e+02
3.270000000000000000e+02
3.470000000000000000e+02
3.480000000000000000e+02
3.400000000000000000e+02
3.450000000000000000e+02
3.240000000000000000e+02
3.320000000000000000e+02
3.180000000000000000e+02
3.210000000000000000e+02
3.190000000000000000e+02
3.060000000000000000e+02
3.300000000000000000e+02
3.140000000000000000e+02
3.270000000000000000e+02
3.320000000000000000e+02
3.100000000000000000e+02
3.100000000000000000e+02
3.100000000000000000e+02
3.110000000000000000e+02
2.860000000000000000e+02
3.010000000000000000e+02
2.900000000000000000e+02
3.050000000000000000e+02
3.200000000000000000e+02
3.020000000000000000e+02
3.040000000000000000e+02
2.970000000000000000e+02
3.120000000000000000e+02
2.860000000000000000e+02
3.060000000000000000e+02
3.060000000000000000e+02
3.120000000000000000e+02
3.020000000000000000e+02
3.090000000000000000e+02
2.970000000000000000e+02
2.900000000000000000e+02
3.010000000000000000e+02
2.850000000000000000e+02
2.790000000000000000e+02
3.030000000000000000e+02
2.770000000000000000e+02
2.790000000000000000e+02
2.910000000000000000e+02
3.000000000000000000e+02
2.870000000000000000e+02
2.800000000000000000e+02
2.680000000000000000e+02
2.680000000000000000e+02
3.020000000000000000e+02
2.840000000000000000e+02
2.820000000000000000e+02
3.090000000000000000e+02
2.660000000000000000e+02
2.700000000000000000e+02
2.490000000000000000e+02
2.580000000000000000e+02
2.480000000000000000e+02
2.410000000000000000e+02
2.490000000000000000e+02
2.550000000000000000e+02
2.490000000000000000e+02
2.620000000000000000e+02
2.680000000000000000e+02
2.680000000000000000e+02
