7.900000000000000000e+02
7.670000000000000000e+02
7.860000000000000000e+02
7.950000000000000000e+02
7.670000000000000000e+02
7.650000000000000000e+02
7.800000000000000000e+02
7.890000000000000000e+02
7.920000000000000000e+02
8.240000000000000000e+02
7.840000000000000000e+02
7.850000000000000000e+02
8.230000000000000000e+02
8.140000000000000000e+02
8.060000000000000000e+02
8.210000000000000000e+02
8.160000000000000000e+02
8.230000000000000000e+02
8.340000000000000000e+02
8.250000000000000000e+02
8.190000000000000000e+02
8.370000000000000000e+02
8.470000000000000000e+02
7.980000000000000000e+02
8.240000000000000000e+02
7.870000000000000000e+02
8.030000000000000000e+02
8.400000000000000000e+02
8.380000000000000000e+02
8.260000000000000000e+02
7.870000000000000000e+02
8.280000000000000000e+02
8.170000000000000000e+02
8.290000000000000000e+02
7.740000000000000000e+02
7.750000000000000000e+02
6.900000000000000000e+02
6.350000000000000000e+02
5.550000000000000000e+02
4.820000000000000000e+02
5.200000000000000000e+02
6.090000000000000000e+02
6.750000000000000000e+02
7.360000000000000000e+02
7.580000000000000000e+02
7.900000000000000000e+02
8.270000000000000000e+02
8.230000000000000000e+02
8.420000000000000000e+02
8.370000000000000000e+02
8.420000000000000000e+02
8.070000000000000000e+02
8.630000000000000000e+02
8.580000000000000000e+02
8.550000000000000000e+02
8.500000000000000000e+02
8.600000000000000000e+02
8.400000000000000000e+02
8.490000000000000000e+02
8.520000000000000000e+02
8.650000000000000000e+02
8.450000000000000000e+02
8.610000000000000000e+02
8.760000000000000000e+02
8.890000000000000000e+02
8.550000000000000000e+02
8.830000000000000000e+02
8.840000000000000000e+02
8.890000000000000000e+02
8.430000000000000000e+02
8.720000000000000000e+02
8.400000000000000000e+02
8.900000000000000000e+02
8.720000000000000000e+02
8.470000000000000000e+02
8.500000000000000000e+02
8.370000000000000000e+02
8.620000000000000000e+02
8.660000000000000000e+02
8.680000000000000000e+02
9.020000000000000000e+02
8.360000000000000000e+02
8.540000000000000000e+02
8.810000000000000000e+02
8.540000000000000000e+02
8.770000000000000000e+02
9.060000000000000000e+02
9.170000000000000000e+02
8.590000000000000000e+02
8.410000000000000000e+02
9.120000000000000000e+02
9.220000000000000000e+02
8.710000000000000000e+02
8.750000000000000000e+02
8.990000000000000000e+02
9.370000000000000000e+02
9.090000000000000000e+02
9.270000000000000000e+02
9.110000000000000000e+02
9.440000000000000000e+02
9.390000000000000000e+02
9.040000000000000000e+02
9.320000000000000000e+02
9.430000000000000000e+02
9.420000000000000000e+02
9.320000000000000000e+02
9.570000000000000000e+02
9.900000000000000000e+02
9.990000000000000000e+02
9.690000000000000000e+02
9.610000000000000000e+02
9.550000000000000000e+02
9.740000000000000000e+02
9.920000000000000000e+02
1.020000000000000000e+03
9.640000000000000000e+02
1.020000000000000000e+03
9.930000000000000000e+02
1.009000000000000000e+03
1.029000000000000000e+03
1.030000000000000000e+03
1.062000000000000000e+03
1.076000000000000000e+03
1.071000000000000000e+03
1.060000000000000000e+03
1.109000000000000000e+03
1.077000000000000000e+03
1.078000000000000000e+03
1.124000000000000000e+03
1.137000000000000000e+03
1.164000000000000000e+03
1.175000000000000000e+03
1.153000000000000000e+03
1.129000000000000000e+03
1.160000000000000000e+03
1.146000000000000000e+03
1.168000000000000000e+03
1.140000000000000000e+03
1.196000000000000000e+03
1.206000000000000000e+03
1.134000000000000000e+03
1.186000000000000000e+03
1.145000000000000000e+03
1.217000000000000000e+03
1.209000000000000000e+03
1.205000000000000000e+03
1.217000000000000000e+03
1.243000000000000000e+03
1.196000000000000000e+03
1.199000000000000000e+03
1.244000000000000000e+03
1.227000000000000000e+03
1.243000000000000000e+03
1.214000000000000000e+03
1.244000000000000000e+03
1.237000000000000000e+03
1.251000000000000000e+03
1.255000000000000000e+03
1.254000000000000000e+03
1.233000000000000000e+03
1.247000000000000000e+03
1.268000000000000000e+03
1.251000000000000000e+03
1.281000000000000000e+03
1.280000000000000000e+03
1.283000000000000000e+03
1.297000000000000000e+03
1.251000000000000000e+03
1.216000000000000000e+03
1.290000000000000000e+03
1.284000000000000000e+03
1.255000000000000000e+03
1.291000000000000000e+03
1.298000000000000000e+03
1.242000000000000000e+03
1.305000000000000000e+03
1.291000000000000000e+03
1.307000000000000000e+03
1.269000000000000000e+03
1.277000000000000000e+03
1.312000000000000000e+03
1.288000000000000000e+03
1.272000000000000000e+03
1.252000000000000000e+03
1.331000000000000000e+03
1.309000000000000000e+03
1.318000000000000000e+03
1.330000000000000000e+03
1.318000000000000000e+03
1.340000000000000000e+03
1.355000000000000000e+03
1.337000000000000000e+03
1.385000000000000000e+03
1.361000000000000000e+03
1.365000000000000000e+03
1.371000000000000000e+03
1.376000000000000000e+03
1.380000000000000000e+03
1.371000000000000000e+03
1.412000000000000000e+03
1.411000000000000000e+03
1.442000000000000000e+03
1.445000000000000000e+03
1.468000000000000000e+03
1.473000000000000000e+03
1.503000000000000000e+03
1.462000000000000000e+03
1.487000000000000000e+03
1.469000000000000000e+03
1.471000000000000000e+03
1.460000000000000000e+03
1.497000000000000000e+03
1.499000000000000000e+03
1.500000000000000000e+03
1.503000000000000000e+03
1.502000000000000000e+03
1.543000000000000000e+03
1.488000000000000000e+03
1.553000000000000000e+03
1.552000000000000000e+03
1.541000000000000000e+03
1.559000000000000000e+03
1.550000000000000000e+03
1.572000000000000000e+03
1.621000000000000000e+03
1.579000000000000000e+03
1.624000000000000000e+03
1.582000000000000000e+03
1.601000000000000000e+03
1.571000000000000000e+03
1.591000000000000000e+03
1.601000000000000000e+03
1.610000000000000000e+03
1.632000000000000000e+03
1.648000000000000000e+03
1.620000000000000000e+03
1.627000000000000000e+03
1.661000000000000000e+03
1.642000000000000000e+03
1.722000000000000000e+03
1.665000000000000000e+03
1.707000000000000000e+03
1.692000000000000000e+03
1.686000000000000000e+03
1.677000000000000000e+03
1.699000000000000000e+03
1.715000000000000000e+03
1.717000000000000000e+03
1.749000000000000000e+03
1.672000000000000000e+03
1.720000000000000000e+03
1.695000000000000000e+03
1.780000000000000000e+03
1.703000000000000000e+03
1.710000000000000000e+03
1.721000000000000000e+03
1.780000000000000000e+03
1.758000000000000000e+03
1.771000000000000000e+03
1.786000000000000000e+03
1.704000000000000000e+03
1.758000000000000000e+03
1.757000000000000000e+03
1.808000000000000000e+03
1.846000000000000000e+03
1.870000000000000000e+03
1.805000000000000000e+03
1.728000000000000000e+03
1.774000000000000000e+03
1.778000000000000000e+03
1.793000000000000000e+03
1.779000000000000000e+03
1.849000000000000000e+03
1.774000000000000000e+03
1.789000000000000000e+03
1.759000000000000000e+03
1.795000000000000000e+03
1.795000000000000000e+03
1.730000000000000000e+03
1.731000000000000000e+03
1.700000000000000000e+03
1.764000000000000000e+03
1.763000000000000000e+03
1.745000000000000000e+03
1.728000000000000000e+03
1.725000000000000000e+03
1.777000000000000000e+03
1.683000000000000000e+03
1.679000000000000000e+03
1.757000000000000000e+03
1.755000000000000000e+03
1.744000000000000000e+03
1.759000000000000000e+03
1.727000000000000000e+03
1.788000000000000000e+03
1.784000000000000000e+03
1.798000000000000000e+03
1.827000000000000000e+03
1.856000000000000000e+03
1.861000000000000000e+03
1.854000000000000000e+03
1.901000000000000000e+03
1.900000000000000000e+03
1.902000000000000000e+03
1.928000000000000000e+03
1.854000000000000000e+03
1.820000000000000000e+03
1.829000000000000000e+03
1.781000000000000000e+03
1.746000000000000000e+03
1.746000000000000000e+03
1.810000000000000000e+03
1.759000000000000000e+03
1.719000000000000000e+03
1.725000000000000000e+03
1.698000000000000000e+03
1.781000000000000000e+03
1.692000000000000000e+03
1.707000000000000000e+03
1.715000000000000000e+03
1.730000000000000000e+03
1.711000000000000000e+03
1.666000000000000000e+03
1.728000000000000000e+03
1.688000000000000000e+03
1.702000000000000000e+03
1.711000000000000000e+03
1.690000000000000000e+03
1.650000000000000000e+03
1.677000000000000000e+03
1.694000000000000000e+03
1.668000000000000000e+03
1.722000000000000000e+03
1.725000000000000000e+03
1.688000000000000000e+03
1.654000000000000000e+03
1.709000000000000000e+03
1.693000000000000000e+03
1.691000000000000000e+03
1.682000000000000000e+03
1.629000000000000000e+03
1.716000000000000000e+03
1.692000000000000000e+03
1.728000000000000000e+03
1.673000000000000000e+03
1.720000000000000000e+03
1.725000000000000000e+03
1.693000000000000000e+03
1.682000000000000000e+03
1.759000000000000000e+03
1.733000000000000000e+03
1.727000000000000000e+03
1.723000000000000000e+03
1.701000000000000000e+03
1.672000000000000000e+03
1.727000000000000000e+03
1.731000000000000000e+03
1.684000000000000000e+03
1.688000000000000000e+03
1.713000000000000000e+03
1.672000000000000000e+03
1.667000000000000000e+03
1.662000000000000000e+03
1.693000000000000000e+03
1.715000000000000000e+03
1.693000000000000000e+03
1.723000000000000000e+03
1.729000000000000000e+03
1.719000000000000000e+03
1.684000000000000000e+03
1.651000000000000000e+03
1.684000000000000000e+03
1.711000000000000000e+03
1.655000000000000000e+03
1.681000000000000000e+03
1.708000000000000000e+03
1.698000000000000000e+03
1.716000000000000000e+03
1.707000000000000000e+03
1.740000000000000000e+03
1.697000000000000000e+03
1.678000000000000000e+03
1.762000000000000000e+03
1.711000000000000000e+03
1.681000000000000000e+03
1.752000000000000000e+03
1.706000000000000000e+03
1.733000000000000000e+03
1.759000000000000000e+03
1.755000000000000000e+03
1.726000000000000000e+03
1.722000000000000000e+03
1.752000000000000000e+03
1.691000000000000000e+03
1.708000000000000000e+03
1.765000000000000000e+03
1.749000000000000000e+03
1.737000000000000000e+03
1.760000000000000000e+03
1.746000000000000000e+03
1.739000000000000000e+03
1.796000000000000000e+03
1.748000000000000000e+03
1.722000000000000000e+03
1.770000000000000000e+03
1.711000000000000000e+03
1.762000000000000000e+03
1.786000000000000000e+03
1.798000000000000000e+03
1.761000000000000000e+03
1.736000000000000000e+03
1.734000000000000000e+03
1.718000000000000000e+03
1.745000000000000000e+03
1.751000000000000000e+03
1.758000000000000000e+03
1.745000000000000000e+03
1.761000000000000000e+03
1.767000000000000000e+03
1.755000000000000000e+03
1.734000000000000000e+03
1.720000000000000000e+03
1.776000000000000000e+03
1.788000000000000000e+03
1.824000000000000000e+03
1.693000000000000000e+03
1.750000000000000000e+03
1.794000000000000000e+03
1.729000000000000000e+03
1.722000000000000000e+03
1.723000000000000000e+03
1.665000000000000000e+03
1.578000000000000000e+03
1.531000000000000000e+03
1.430000000000000000e+03
1.300000000000000000e+03
1.167000000000000000e+03
1.110000000000000000e+03
1.267000000000000000e+03
1.414000000000000000e+03
1.546000000000000000e+03
1.596000000000000000e+03
1.665000000000000000e+03
1.667000000000000000e+03
1.685000000000000000e+03
1.721000000000000000e+03
1.737000000000000000e+03
1.787000000000000000e+03
1.707000000000000000e+03
1.731000000000000000e+03
1.724000000000000000e+03
1.763000000000000000e+03
1.711000000000000000e+03
1.751000000000000000e+03
1.743000000000000000e+03
1.754000000000000000e+03
1.752000000000000000e+03
1.771000000000000000e+03
1.747000000000000000e+03
1.744000000000000000e+03
1.753000000000000000e+03
1.746000000000000000e+03
1.720000000000000000e+03
1.732000000000000000e+03
1.750000000000000000e+03
1.732000000000000000e+03
1.726000000000000000e+03
1.749000000000000000e+03
1.729000000000000000e+03
1.725000000000000000e+03
1.722000000000000000e+03
1.722000000000000000e+03
1.724000000000000000e+03
1.695000000000000000e+03
1.679000000000000000e+03
1.738000000000000000e+03
1.670000000000000000e+03
1.666000000000000000e+03
1.675000000000000000e+03
1.655000000000000000e+03
1.658000000000000000e+03
1.661000000000000000e+03
1.678000000000000000e+03
1.639000000000000000e+03
1.655000000000000000e+03
1.609000000000000000e+03
1.639000000000000000e+03
1.645000000000000000e+03
1.667000000000000000e+03
1.643000000000000000e+03
1.635000000000000000e+03
1.595000000000000000e+03
1.640000000000000000e+03
1.580000000000000000e+03
1.632000000000000000e+03
1.628000000000000000e+03
1.584000000000000000e+03
1.626000000000000000e+03
1.577000000000000000e+03
1.553000000000000000e+03
1.554000000000000000e+03
1.561000000000000000e+03
1.549000000000000000e+03
1.519000000000000000e+03
1.516000000000000000e+03
1.541000000000000000e+03
1.500000000000000000e+03
1.420000000000000000e+03
1.184000000000000000e+03
1.145000000000000000e+03
1.215000000000000000e+03
1.345000000000000000e+03
1.346000000000000000e+03
1.278000000000000000e+03
1.280000000000000000e+03
1.315000000000000000e+03
1.291000000000000000e+03
1.306000000000000000e+03
1.353000000000000000e+03
1.341000000000000000e+03
1.388000000000000000e+03
1.395000000000000000e+03
1.393000000000000000e+03
1.375000000000000000e+03
1.408000000000000000e+03
1.333000000000000000e+03
1.352000000000000000e+03
1.379000000000000000e+03
1.376000000000000000e+03
1.358000000000000000e+03
1.384000000000000000e+03
1.386000000000000000e+03
1.404000000000000000e+03
1.362000000000000000e+03
1.381000000000000000e+03
1.357000000000000000e+03
1.381000000000000000e+03
1.321000000000000000e+03
1.381000000000000000e+03
1.331000000000000000e+03
1.344000000000000000e+03
1.368000000000000000e+03
1.315000000000000000e+03
1.291000000000000000e+03
1.319000000000000000e+03
1.305000000000000000e+03
1.302000000000000000e+03
1.300000000000000000e+03
1.332000000000000000e+03
1.340000000000000000e+03
1.299000000000000000e+03
1.294000000000000000e+03
1.305000000000000000e+03
1.261000000000000000e+03
1.334000000000000000e+03
1.299000000000000000e+03
1.297000000000000000e+03
1.296000000000000000e+03
1.299000000000000000e+03
1.294000000000000000e+03
1.315000000000000000e+03
1.308000000000000000e+03
1.249000000000000000e+03
1.272000000000000000e+03
1.277000000000000000e+03
1.291000000000000000e+03
1.238000000000000000e+03
1.236000000000000000e+03
1.242000000000000000e+03
1.283000000000000000e+03
1.295000000000000000e+03
1.278000000000000000e+03
1.265000000000000000e+03
1.269000000000000000e+03
1.264000000000000000e+03
1.192000000000000000e+03
1.217000000000000000e+03
1.247000000000000000e+03
1.187000000000000000e+03
1.153000000000000000e+03
1.138000000000000000e+03
1.144000000000000000e+03
1.067000000000000000e+03
1.107000000000000000e+03
1.116000000000000000e+03
1.114000000000000000e+03
1.145000000000000000e+03
1.115000000000000000e+03
1.176000000000000000e+03
1.206000000000000000e+03
1.214000000000000000e+03
1.216000000000000000e+03
1.196000000000000000e+03
1.102000000000000000e+03
1.109000000000000000e+03
1.141000000000000000e+03
1.102000000000000000e+03
1.178000000000000000e+03
1.114000000000000000e+03
1.108000000000000000e+03
1.200000000000000000e+03
1.117000000000000000e+03
1.173000000000000000e+03
1.117000000000000000e+03
1.134000000000000000e+03
1.101000000000000000e+03
1.119000000000000000e+03
1.123000000000000000e+03
1.112000000000000000e+03
1.157000000000000000e+03
1.099000000000000000e+03
1.135000000000000000e+03
1.124000000000000000e+03
1.157000000000000000e+03
1.103000000000000000e+03
1.132000000000000000e+03
1.151000000000000000e+03
1.125000000000000000e+03
1.148000000000000000e+03
1.160000000000000000e+03
1.126000000000000000e+03
1.128000000000000000e+03
1.156000000000000000e+03
1.114000000000000000e+03
1.126000000000000000e+03
1.138000000000000000e+03
1.117000000000000000e+03
1.165000000000000000e+03
1.133000000000000000e+03
1.141000000000000000e+03
1.118000000000000000e+03
1.120000000000000000e+03
1.160000000000000000e+03
1.100000000000000000e+03
1.139000000000000000e+03
1.141000000000000000e+03
1.109000000000000000e+03
1.133000000000000000e+03
1.082000000000000000e+03
1.132000000000000000e+03
1.127000000000000000e+03
1.075000000000000000e+03
1.087000000000000000e+03
1.121000000000000000e+03
1.129000000000000000e+03
1.111000000000000000e+03
1.127000000000000000e+03
1.111000000000000000e+03
1.099000000000000000e+03
1.075000000000000000e+03
1.099000000000000000e+03
1.092000000000000000e+03
1.072000000000000000e+03
1.076000000000000000e+03
1.147000000000000000e+03
1.044000000000000000e+03
1.098000000000000000e+03
1.101000000000000000e+03
1.082000000000000000e+03
1.083000000000000000e+03
1.054000000000000000e+03
1.081000000000000000e+03
1.092000000000000000e+03
1.070000000000000000e+03
1.095000000000000000e+03
1.013000000000000000e+03
1.043000000000000000e+03
1.050000000000000000e+03
1.030000000000000000e+03
1.056000000000000000e+03
1.027000000000000000e+03
9.910000000000000000e+02
1.005000000000000000e+03
9.620000000000000000e+02
1.034000000000000000e+03
9.840000000000000000e+02
9.760000000000000000e+02
8.520000000000000000e+02
6.340000000000000000e+02
4.450000000000000000e+02
3.420000000000000000e+02
3.460000000000000000e+02
4.500000000000000000e+02
5.740000000000000000e+02
6.350000000000000000e+02
4.900000000000000000e+02
5.090000000000000000e+02
5.010000000000000000e+02
5.420000000000000000e+02
5.680000000000000000e+02
5.940000000000000000e+02
6.630000000000000000e+02
6.800000000000000000e+02
7.540000000000000000e+02
7.770000000000000000e+02
7.890000000000000000e+02
8.030000000000000000e+02
7.860000000000000000e+02
8.290000000000000000e+02
8.390000000000000000e+02
8.520000000000000000e+02
8.630000000000000000e+02
8.530000000000000000e+02
8.680000000000000000e+02
8.680000000000000000e+02
8.490000000000000000e+02
8.320000000000000000e+02
8.360000000000000000e+02
8.610000000000000000e+02
8.250000000000000000e+02
8.120000000000000000e+02
8.300000000000000000e+02
8.100000000000000000e+02
8.160000000000000000e+02
7.800000000000000000e+02
8.020000000000000000e+02
7.810000000000000000e+02
8.220000000000000000e+02
8.100000000000000000e+02
7.140000000000000000e+02
7.330000000000000000e+02
7.430000000000000000e+02
7.540000000000000000e+02
7.580000000000000000e+02
7.500000000000000000e+02
7.640000000000000000e+02
7.710000000000000000e+02
7.450000000000000000e+02
7.340000000000000000e+02
7.570000000000000000e+02
7.380000000000000000e+02
7.360000000000000000e+02
7.310000000000000000e+02
7.050000000000000000e+02
7.390000000000000000e+02
7.410000000000000000e+02
7.290000000000000000e+02
7.430000000000000000e+02
6.790000000000000000e+02
7.230000000000000000e+02
7.150000000000000000e+02
7.080000000000000000e+02
6.830000000000000000e+02
6.950000000000000000e+02
6.960000000000000000e+02
6.800000000000000000e+02
6.660000000000000000e+02
6.320000000000000000e+02
6.760000000000000000e+02
6.580000000000000000e+02
6.780000000000000000e+02
6.530000000000000000e+02
7.010000000000000000e+02
6.780000000000000000e+02
6.740000000000000000e+02
7.170000000000000000e+02
6.760000000000000000e+02
6.350000000000000000e+02
6.820000000000000000e+02
6.730000000000000000e+02
6.880000000000000000e+02
6.890000000000000000e+02
7.000000000000000000e+02
6.650000000000000000e+02
7.040000000000000000e+02
