3.038400000000000000e+04
3.115500000000000000e+04
3.113000000000000000e+04
3.149700000000000000e+04
3.175100000000000000e+04
3.202100000000000000e+04
3.209200000000000000e+04
3.224500000000000000e+04
3.249900000000000000e+04
3.265100000000000000e+04
3.257900000000000000e+04
3.283400000000000000e+04
3.299100000000000000e+04
3.316800000000000000e+04
3.351900000000000000e+04
3.343100000000000000e+04
3.346100000000000000e+04
3.360000000000000000e+04
3.398900000000000000e+04
3.373200000000000000e+04
3.387500000000000000e+04
3.362400000000000000e+04
3.411800000000000000e+04
3.448300000000000000e+04
3.449700000000000000e+04
3.417200000000000000e+04
3.400600000000000000e+04
3.432900000000000000e+04
3.443100000000000000e+04
3.395900000000000000e+04
3.399000000000000000e+04
3.394500000000000000e+04
3.315600000000000000e+04
3.273500000000000000e+04
3.169600000000000000e+04
3.039300000000000000e+04
2.801900000000000000e+04
2.529300000000000000e+04
2.094700000000000000e+04
1.610200000000000000e+04
1.532400000000000000e+04
1.949600000000000000e+04
2.404800000000000000e+04
2.731900000000000000e+04
2.974200000000000000e+04
3.143300000000000000e+04
3.242500000000000000e+04
3.340600000000000000e+04
3.408800000000000000e+04
3.465400000000000000e+04
3.454800000000000000e+04
3.480800000000000000e+04
3.498500000000000000e+04
3.472500000000000000e+04
3.452900000000000000e+04
3.513700000000000000e+04
3.529800000000000000e+04
3.539100000000000000e+04
3.534800000000000000e+04
3.540800000000000000e+04
3.551200000000000000e+04
3.540100000000000000e+04
3.535500000000000000e+04
3.536900000000000000e+04
3.543300000000000000e+04
3.514900000000000000e+04
3.571500000000000000e+04
3.503100000000000000e+04
3.574800000000000000e+04
3.537500000000000000e+04
3.530400000000000000e+04
3.567500000000000000e+04
3.545500000000000000e+04
3.543800000000000000e+04
3.537100000000000000e+04
3.510100000000000000e+04
3.477600000000000000e+04
3.456000000000000000e+04
3.529000000000000000e+04
3.489500000000000000e+04
3.504700000000000000e+04
3.496200000000000000e+04
3.509400000000000000e+04
3.504900000000000000e+04
3.508000000000000000e+04
3.516000000000000000e+04
3.498600000000000000e+04
3.555300000000000000e+04
3.546700000000000000e+04
3.541300000000000000e+04
3.534600000000000000e+04
3.554200000000000000e+04
3.564000000000000000e+04
3.589200000000000000e+04
3.581500000000000000e+04
3.583400000000000000e+04
3.616900000000000000e+04
3.671800000000000000e+04
3.659000000000000000e+04
3.665600000000000000e+04
3.646900000000000000e+04
3.710400000000000000e+04
3.699000000000000000e+04
3.725300000000000000e+04
3.728900000000000000e+04
3.777500000000000000e+04
3.790100000000000000e+04
3.850900000000000000e+04
3.842400000000000000e+04
3.861900000000000000e+04
3.887500000000000000e+04
3.850400000000000000e+04
3.834800000000000000e+04
3.907000000000000000e+04
3.917500000000000000e+04
3.911600000000000000e+04
3.961000000000000000e+04
4.006500000000000000e+04
4.084600000000000000e+04
4.078700000000000000e+04
4.091700000000000000e+04
4.172100000000000000e+04
4.169500000000000000e+04
4.238100000000000000e+04
4.201900000000000000e+04
4.254000000000000000e+04
4.216700000000000000e+04
4.243900000000000000e+04
4.283500000000000000e+04
4.374800000000000000e+04
4.350200000000000000e+04
4.369600000000000000e+04
4.438300000000000000e+04
4.398000000000000000e+04
4.422100000000000000e+04
4.503000000000000000e+04
4.480200000000000000e+04
4.477500000000000000e+04
4.536600000000000000e+04
4.576700000000000000e+04
4.582900000000000000e+04
4.614200000000000000e+04
4.656800000000000000e+04
4.635300000000000000e+04
4.690300000000000000e+04
4.669500000000000000e+04
4.669000000000000000e+04
4.697800000000000000e+04
4.724800000000000000e+04
4.743100000000000000e+04
4.816800000000000000e+04
4.757300000000000000e+04
4.805000000000000000e+04
4.843700000000000000e+04
4.856300000000000000e+04
4.896200000000000000e+04
4.866700000000000000e+04
4.876600000000000000e+04
4.840400000000000000e+04
4.874800000000000000e+04
4.874600000000000000e+04
4.942800000000000000e+04
4.901700000000000000e+04
4.959400000000000000e+04
4.894100000000000000e+04
4.927800000000000000e+04
4.841800000000000000e+04
4.913900000000000000e+04
4.931700000000000000e+04
4.887100000000000000e+04
4.912200000000000000e+04
4.943700000000000000e+04
4.888700000000000000e+04
4.900400000000000000e+04
4.924400000000000000e+04
4.963700000000000000e+04
4.882300000000000000e+04
4.881600000000000000e+04
4.937000000000000000e+04
4.887000000000000000e+04
4.852000000000000000e+04
4.882300000000000000e+04
4.880200000000000000e+04
4.910600000000000000e+04
4.882900000000000000e+04
4.892200000000000000e+04
4.962400000000000000e+04
4.878200000000000000e+04
4.936600000000000000e+04
4.916700000000000000e+04
4.897800000000000000e+04
4.912600000000000000e+04
4.921400000000000000e+04
4.937300000000000000e+04
4.946700000000000000e+04
4.913000000000000000e+04
4.960200000000000000e+04
4.955800000000000000e+04
4.987600000000000000e+04
4.974000000000000000e+04
4.992100000000000000e+04
4.995300000000000000e+04
5.004600000000000000e+04
5.024500000000000000e+04
5.049700000000000000e+04
5.069200000000000000e+04
5.083200000000000000e+04
5.124900000000000000e+04
5.145600000000000000e+04
5.144300000000000000e+04
5.142900000000000000e+04
5.073800000000000000e+04
5.131900000000000000e+04
5.178500000000000000e+04
5.190300000000000000e+04
5.209100000000000000e+04
5.208500000000000000e+04
5.230700000000000000e+04
5.234800000000000000e+04
5.291200000000000000e+04
5.317500000000000000e+04
5.321600000000000000e+04
5.285600000000000000e+04
5.322500000000000000e+04
5.382600000000000000e+04
5.340700000000000000e+04
5.389000000000000000e+04
5.435400000000000000e+04
5.452400000000000000e+04
5.490100000000000000e+04
5.445600000000000000e+04
5.503800000000000000e+04
5.503000000000000000e+04
5.537400000000000000e+04
5.561100000000000000e+04
5.531700000000000000e+04
5.595000000000000000e+04
5.588200000000000000e+04
5.635400000000000000e+04
5.608300000000000000e+04
5.653100000000000000e+04
5.624900000000000000e+04
5.652200000000000000e+04
5.668500000000000000e+04
5.659500000000000000e+04
5.705900000000000000e+04
5.715100000000000000e+04
5.721700000000000000e+04
5.737200000000000000e+04
5.714300000000000000e+04
5.756400000000000000e+04
5.773600000000000000e+04
5.768700000000000000e+04
5.791000000000000000e+04
5.817500000000000000e+04
5.814500000000000000e+04
5.833800000000000000e+04
5.815100000000000000e+04
5.860900000000000000e+04
5.871100000000000000e+04
5.912800000000000000e+04
5.925300000000000000e+04
5.922300000000000000e+04
5.928000000000000000e+04
5.913200000000000000e+04
5.953000000000000000e+04
5.988300000000000000e+04
5.955200000000000000e+04
5.960900000000000000e+04
5.964200000000000000e+04
5.972900000000000000e+04
5.950800000000000000e+04
5.965300000000000000e+04
5.937900000000000000e+04
5.930900000000000000e+04
5.971100000000000000e+04
5.917300000000000000e+04
5.896400000000000000e+04
5.881100000000000000e+04
5.814400000000000000e+04
5.779500000000000000e+04
5.741100000000000000e+04
5.772100000000000000e+04
5.857200000000000000e+04
5.877000000000000000e+04
5.889900000000000000e+04
5.848700000000000000e+04
5.825500000000000000e+04
5.776900000000000000e+04
5.858100000000000000e+04
5.857100000000000000e+04
5.832400000000000000e+04
5.772300000000000000e+04
5.786400000000000000e+04
5.842000000000000000e+04
5.824000000000000000e+04
5.812600000000000000e+04
5.783500000000000000e+04
5.740900000000000000e+04
5.776100000000000000e+04
5.769800000000000000e+04
5.767400000000000000e+04
5.721900000000000000e+04
5.719100000000000000e+04
5.730400000000000000e+04
5.703800000000000000e+04
5.697400000000000000e+04
5.701900000000000000e+04
5.691600000000000000e+04
5.715800000000000000e+04
5.705000000000000000e+04
5.704500000000000000e+04
5.716700000000000000e+04
5.695700000000000000e+04
5.649000000000000000e+04
5.616600000000000000e+04
5.600300000000000000e+04
5.583900000000000000e+04
5.584000000000000000e+04
5.592900000000000000e+04
5.556100000000000000e+04
5.567600000000000000e+04
5.507200000000000000e+04
5.519000000000000000e+04
5.509900000000000000e+04
5.476800000000000000e+04
5.465400000000000000e+04
5.443000000000000000e+04
5.474100000000000000e+04
5.424000000000000000e+04
5.448200000000000000e+04
5.453700000000000000e+04
5.418100000000000000e+04
5.354000000000000000e+04
5.321300000000000000e+04
5.316500000000000000e+04
5.298700000000000000e+04
5.333600000000000000e+04
5.307000000000000000e+04
5.301100000000000000e+04
5.297600000000000000e+04
5.228700000000000000e+04
5.183800000000000000e+04
5.233400000000000000e+04
5.259600000000000000e+04
5.263700000000000000e+04
5.245600000000000000e+04
5.218600000000000000e+04
5.258100000000000000e+04
5.247700000000000000e+04
5.200000000000000000e+04
5.226100000000000000e+04
5.209700000000000000e+04
5.204300000000000000e+04
5.143100000000000000e+04
5.148500000000000000e+04
5.127200000000000000e+04
5.136400000000000000e+04
5.179500000000000000e+04
5.126300000000000000e+04
5.101900000000000000e+04
5.086200000000000000e+04
5.103700000000000000e+04
5.111100000000000000e+04
5.121100000000000000e+04
5.097900000000000000e+04
5.107800000000000000e+04
5.123500000000000000e+04
5.097900000000000000e+04
5.027200000000000000e+04
4.878400000000000000e+04
4.858900000000000000e+04
4.962800000000000000e+04
5.038700000000000000e+04
5.005800000000000000e+04
5.023800000000000000e+04
4.980000000000000000e+04
5.048900000000000000e+04
5.067900000000000000e+04
5.030100000000000000e+04
5.084600000000000000e+04
5.086100000000000000e+04
5.057900000000000000e+04
5.078700000000000000e+04
5.068400000000000000e+04
5.082200000000000000e+04
5.001100000000000000e+04
5.035500000000000000e+04
5.077500000000000000e+04
5.077000000000000000e+04
5.063400000000000000e+04
5.043100000000000000e+04
5.004700000000000000e+04
5.031100000000000000e+04
5.013300000000000000e+04
5.022100000000000000e+04
5.022000000000000000e+04
5.017100000000000000e+04
4.996400000000000000e+04
5.004000000000000000e+04
4.979100000000000000e+04
5.003000000000000000e+04
4.975900000000000000e+04
4.940600000000000000e+04
4.963300000000000000e+04
4.963900000000000000e+04
5.005300000000000000e+04
4.948800000000000000e+04
4.938600000000000000e+04
4.948300000000000000e+04
4.938400000000000000e+04
4.937100000000000000e+04
4.935800000000000000e+04
4.930100000000000000e+04
4.983500000000000000e+04
4.940200000000000000e+04
4.918400000000000000e+04
4.855800000000000000e+04
4.881900000000000000e+04
4.864300000000000000e+04
4.831300000000000000e+04
4.844500000000000000e+04
4.869800000000000000e+04
4.859100000000000000e+04
4.835500000000000000e+04
4.773500000000000000e+04
4.742700000000000000e+04
4.665400000000000000e+04
4.684300000000000000e+04
4.673600000000000000e+04
4.593500000000000000e+04
4.443600000000000000e+04
4.356200000000000000e+04
4.126300000000000000e+04
3.880900000000000000e+04
3.494800000000000000e+04
2.931000000000000000e+04
2.695300000000000000e+04
3.074300000000000000e+04
3.525100000000000000e+04
3.852900000000000000e+04
4.123300000000000000e+04
4.275500000000000000e+04
4.369200000000000000e+04
4.424000000000000000e+04
4.469600000000000000e+04
4.545100000000000000e+04
4.557200000000000000e+04
4.568900000000000000e+04
4.564600000000000000e+04
4.582100000000000000e+04
4.568400000000000000e+04
4.530200000000000000e+04
4.503600000000000000e+04
4.533000000000000000e+04
4.476300000000000000e+04
4.529400000000000000e+04
4.509000000000000000e+04
4.466200000000000000e+04
4.479700000000000000e+04
4.454400000000000000e+04
4.441400000000000000e+04
4.471800000000000000e+04
4.416900000000000000e+04
4.374300000000000000e+04
4.365700000000000000e+04
4.351800000000000000e+04
4.339400000000000000e+04
4.335500000000000000e+04
4.315200000000000000e+04
4.307600000000000000e+04
4.255800000000000000e+04
4.252200000000000000e+04
4.245500000000000000e+04
4.220200000000000000e+04
4.207300000000000000e+04
4.191300000000000000e+04
4.138600000000000000e+04
4.123900000000000000e+04
4.130500000000000000e+04
4.097500000000000000e+04
4.051500000000000000e+04
4.071300000000000000e+04
4.037100000000000000e+04
3.992000000000000000e+04
3.981500000000000000e+04
3.963100000000000000e+04
3.924400000000000000e+04
3.966400000000000000e+04
3.941000000000000000e+04
3.909900000000000000e+04
3.900800000000000000e+04
3.862600000000000000e+04
3.817800000000000000e+04
3.802600000000000000e+04
3.810000000000000000e+04
3.781400000000000000e+04
3.751000000000000000e+04
3.743700000000000000e+04
3.712600000000000000e+04
3.720500000000000000e+04
3.692200000000000000e+04
3.668200000000000000e+04
3.627600000000000000e+04
3.602500000000000000e+04
3.580300000000000000e+04
3.547700000000000000e+04
3.341400000000000000e+04
2.764600000000000000e+04
2.445100000000000000e+04
2.652700000000000000e+04
2.993100000000000000e+04
3.016900000000000000e+04
2.922500000000000000e+04
2.898700000000000000e+04
2.924800000000000000e+04
2.968300000000000000e+04
3.043500000000000000e+04
3.077200000000000000e+04
3.106300000000000000e+04
3.138900000000000000e+04
3.136800000000000000e+04
3.122700000000000000e+04
3.123800000000000000e+04
3.110400000000000000e+04
3.048400000000000000e+04
3.078600000000000000e+04
3.076800000000000000e+04
3.034600000000000000e+04
3.035300000000000000e+04
3.037300000000000000e+04
3.058900000000000000e+04
3.072900000000000000e+04
3.045300000000000000e+04
3.016800000000000000e+04
2.994800000000000000e+04
2.950400000000000000e+04
2.920700000000000000e+04
2.917500000000000000e+04
2.882500000000000000e+04
2.887300000000000000e+04
2.887400000000000000e+04
2.853600000000000000e+04
2.845500000000000000e+04
2.839900000000000000e+04
2.820300000000000000e+04
2.830100000000000000e+04
2.817800000000000000e+04
2.794700000000000000e+04
2.787100000000000000e+04
2.758800000000000000e+04
2.744300000000000000e+04
2.729700000000000000e+04
2.748800000000000000e+04
2.725600000000000000e+04
2.734600000000000000e+04
2.711100000000000000e+04
2.698700000000000000e+04
2.703300000000000000e+04
2.681300000000000000e+04
2.652900000000000000e+04
2.679500000000000000e+04
2.658400000000000000e+04
2.641600000000000000e+04
2.639200000000000000e+04
2.601900000000000000e+04
2.632400000000000000e+04
2.613000000000000000e+04
2.585000000000000000e+04
2.600900000000000000e+04
2.596700000000000000e+04
2.587300000000000000e+04
2.552900000000000000e+04
2.563400000000000000e+04
2.534800000000000000e+04
2.523900000000000000e+04
2.495900000000000000e+04
2.447900000000000000e+04
2.386500000000000000e+04
2.290500000000000000e+04
2.242700000000000000e+04
2.216400000000000000e+04
2.119200000000000000e+04
2.104400000000000000e+04
2.117500000000000000e+04
2.133100000000000000e+04
2.120500000000000000e+04
2.163300000000000000e+04
2.266100000000000000e+04
2.301100000000000000e+04
2.330400000000000000e+04
2.306700000000000000e+04
2.262700000000000000e+04
2.133200000000000000e+04
2.102000000000000000e+04
2.093800000000000000e+04
2.097900000000000000e+04
2.120700000000000000e+04
2.090200000000000000e+04
2.115700000000000000e+04
2.116600000000000000e+04
2.091100000000000000e+04
2.107600000000000000e+04
2.036100000000000000e+04
2.050000000000000000e+04
2.103300000000000000e+04
2.078700000000000000e+04
2.028600000000000000e+04
2.078700000000000000e+04
2.068600000000000000e+04
2.055900000000000000e+04
2.045200000000000000e+04
2.052900000000000000e+04
2.047600000000000000e+04
2.104900000000000000e+04
2.103500000000000000e+04
2.092900000000000000e+04
2.079600000000000000e+04
2.105300000000000000e+04
2.089100000000000000e+04
2.066800000000000000e+04
2.047200000000000000e+04
2.043400000000000000e+04
2.030400000000000000e+04
1.989500000000000000e+04
1.997800000000000000e+04
1.986500000000000000e+04
2.010100000000000000e+04
1.983300000000000000e+04
1.966700000000000000e+04
1.976600000000000000e+04
1.989200000000000000e+04
1.954300000000000000e+04
1.955100000000000000e+04
1.954000000000000000e+04
1.947800000000000000e+04
1.931300000000000000e+04
1.932300000000000000e+04
1.903600000000000000e+04
1.913800000000000000e+04
1.902600000000000000e+04
1.873500000000000000e+04
1.870400000000000000e+04
1.862500000000000000e+04
1.845400000000000000e+04
1.854200000000000000e+04
1.828700000000000000e+04
1.837400000000000000e+04
1.801600000000000000e+04
1.806600000000000000e+04
1.795400000000000000e+04
1.798700000000000000e+04
1.789300000000000000e+04
1.763700000000000000e+04
1.745800000000000000e+04
1.763700000000000000e+04
1.751100000000000000e+04
1.728700000000000000e+04
1.720400000000000000e+04
1.701700000000000000e+04
1.696700000000000000e+04
1.709100000000000000e+04
1.694400000000000000e+04
1.675300000000000000e+04
1.654300000000000000e+04
1.653200000000000000e+04
1.638800000000000000e+04
1.632500000000000000e+04
1.614300000000000000e+04
1.606400000000000000e+04
1.580100000000000000e+04
1.579400000000000000e+04
1.584000000000000000e+04
1.573900000000000000e+04
1.537400000000000000e+04
1.533200000000000000e+04
1.492600000000000000e+04
1.304100000000000000e+04
8.659000000000000000e+03
4.854000000000000000e+03
3.054000000000000000e+03
3.210000000000000000e+03
4.995000000000000000e+03
8.056000000000000000e+03
8.489000000000000000e+03
6.930000000000000000e+03
6.293000000000000000e+03
6.275000000000000000e+03
6.945000000000000000e+03
7.596000000000000000e+03
8.429000000000000000e+03
9.223000000000000000e+03
9.847000000000000000e+03
1.054000000000000000e+04
1.106100000000000000e+04
1.168400000000000000e+04
1.174400000000000000e+04
1.190300000000000000e+04
1.220500000000000000e+04
1.224800000000000000e+04
1.226500000000000000e+04
1.239300000000000000e+04
1.230300000000000000e+04
1.235200000000000000e+04
1.222500000000000000e+04
1.218300000000000000e+04
1.193600000000000000e+04
1.204000000000000000e+04
1.182500000000000000e+04
1.178300000000000000e+04
1.148800000000000000e+04
1.145800000000000000e+04
1.139800000000000000e+04
1.124700000000000000e+04
1.114800000000000000e+04
1.106100000000000000e+04
1.096200000000000000e+04
1.090100000000000000e+04
1.063500000000000000e+04
1.011700000000000000e+04
9.715000000000000000e+03
9.957000000000000000e+03
1.022000000000000000e+04
1.011600000000000000e+04
1.018300000000000000e+04
9.907000000000000000e+03
9.963000000000000000e+03
9.902000000000000000e+03
9.917000000000000000e+03
9.796000000000000000e+03
9.675000000000000000e+03
9.591000000000000000e+03
9.642000000000000000e+03
9.644000000000000000e+03
9.438000000000000000e+03
9.340000000000000000e+03
9.264000000000000000e+03
9.186000000000000000e+03
9.089000000000000000e+03
8.990000000000000000e+03
8.909000000000000000e+03
8.869000000000000000e+03
8.713000000000000000e+03
8.732000000000000000e+03
8.554000000000000000e+03
8.560000000000000000e+03
8.375000000000000000e+03
8.224000000000000000e+03
8.206000000000000000e+03
8.154000000000000000e+03
8.161000000000000000e+03
8.087000000000000000e+03
7.974000000000000000e+03
7.986000000000000000e+03
7.801000000000000000e+03
7.735000000000000000e+03
7.803000000000000000e+03
7.753000000000000000e+03
7.665000000000000000e+03
7.563000000000000000e+03
7.587000000000000000e+03
7.447000000000000000e+03
7.467000000000000000e+03
7.392000000000000000e+03
7.351000000000000000e+03
