5.079000000000000000e+03
5.109000000000000000e+03
5.073000000000000000e+03
5.305000000000000000e+03
5.312000000000000000e+03
5.319000000000000000e+03
5.276000000000000000e+03
5.295000000000000000e+03
5.380000000000000000e+03
5.301000000000000000e+03
5.331000000000000000e+03
5.353000000000000000e+03
5.384000000000000000e+03
5.306000000000000000e+03
5.432000000000000000e+03
5.380000000000000000e+03
5.439000000000000000e+03
5.378000000000000000e+03
5.309000000000000000e+03
5.281000000000000000e+03
5.385000000000000000e+03
5.303000000000000000e+03
5.277000000000000000e+03
5.299000000000000000e+03
5.340000000000000000e+03
5.272000000000000000e+03
5.292000000000000000e+03
5.231000000000000000e+03
5.135000000000000000e+03
5.202000000000000000e+03
5.266000000000000000e+03
5.189000000000000000e+03
5.091000000000000000e+03
5.024000000000000000e+03
4.830000000000000000e+03
4.718000000000000000e+03
4.411000000000000000e+03
4.008000000000000000e+03
3.498000000000000000e+03
2.757000000000000000e+03
2.310000000000000000e+03
2.555000000000000000e+03
3.213000000000000000e+03
3.845000000000000000e+03
4.136000000000000000e+03
4.346000000000000000e+03
4.500000000000000000e+03
4.623000000000000000e+03
4.691000000000000000e+03
4.890000000000000000e+03
4.873000000000000000e+03
4.861000000000000000e+03
4.815000000000000000e+03
4.756000000000000000e+03
4.793000000000000000e+03
4.815000000000000000e+03
4.859000000000000000e+03
4.852000000000000000e+03
4.857000000000000000e+03
4.867000000000000000e+03
4.872000000000000000e+03
4.880000000000000000e+03
4.785000000000000000e+03
4.716000000000000000e+03
4.695000000000000000e+03
4.693000000000000000e+03
4.661000000000000000e+03
4.664000000000000000e+03
4.662000000000000000e+03
4.659000000000000000e+03
4.576000000000000000e+03
4.704000000000000000e+03
4.658000000000000000e+03
4.681000000000000000e+03
4.560000000000000000e+03
4.509000000000000000e+03
4.534000000000000000e+03
4.505000000000000000e+03
4.543000000000000000e+03
4.549000000000000000e+03
4.476000000000000000e+03
4.394000000000000000e+03
4.507000000000000000e+03
4.419000000000000000e+03
4.435000000000000000e+03
4.345000000000000000e+03
4.357000000000000000e+03
4.296000000000000000e+03
4.431000000000000000e+03
4.308000000000000000e+03
4.335000000000000000e+03
4.388000000000000000e+03
4.302000000000000000e+03
4.263000000000000000e+03
4.217000000000000000e+03
4.324000000000000000e+03
4.241000000000000000e+03
4.289000000000000000e+03
4.291000000000000000e+03
4.327000000000000000e+03
4.342000000000000000e+03
4.307000000000000000e+03
4.424000000000000000e+03
4.231000000000000000e+03
4.308000000000000000e+03
4.330000000000000000e+03
4.311000000000000000e+03
4.297000000000000000e+03
4.327000000000000000e+03
4.354000000000000000e+03
4.378000000000000000e+03
4.256000000000000000e+03
4.260000000000000000e+03
4.275000000000000000e+03
4.334000000000000000e+03
4.293000000000000000e+03
4.281000000000000000e+03
4.374000000000000000e+03
4.376000000000000000e+03
4.378000000000000000e+03
4.384000000000000000e+03
4.363000000000000000e+03
4.457000000000000000e+03
4.421000000000000000e+03
4.514000000000000000e+03
4.401000000000000000e+03
4.492000000000000000e+03
4.472000000000000000e+03
4.496000000000000000e+03
4.386000000000000000e+03
4.428000000000000000e+03
4.485000000000000000e+03
4.457000000000000000e+03
4.493000000000000000e+03
4.557000000000000000e+03
4.569000000000000000e+03
4.475000000000000000e+03
4.491000000000000000e+03
4.508000000000000000e+03
4.535000000000000000e+03
4.644000000000000000e+03
4.519000000000000000e+03
4.547000000000000000e+03
4.546000000000000000e+03
4.571000000000000000e+03
4.605000000000000000e+03
4.599000000000000000e+03
4.576000000000000000e+03
4.638000000000000000e+03
4.623000000000000000e+03
4.647000000000000000e+03
4.608000000000000000e+03
4.641000000000000000e+03
4.637000000000000000e+03
4.784000000000000000e+03
4.739000000000000000e+03
4.650000000000000000e+03
4.611000000000000000e+03
4.584000000000000000e+03
4.613000000000000000e+03
4.600000000000000000e+03
4.545000000000000000e+03
4.496000000000000000e+03
4.646000000000000000e+03
4.604000000000000000e+03
4.550000000000000000e+03
4.587000000000000000e+03
4.577000000000000000e+03
4.502000000000000000e+03
4.498000000000000000e+03
4.514000000000000000e+03
4.467000000000000000e+03
4.416000000000000000e+03
4.558000000000000000e+03
4.430000000000000000e+03
4.449000000000000000e+03
4.452000000000000000e+03
4.353000000000000000e+03
4.266000000000000000e+03
4.406000000000000000e+03
4.404000000000000000e+03
4.358000000000000000e+03
4.275000000000000000e+03
4.350000000000000000e+03
4.313000000000000000e+03
4.177000000000000000e+03
4.229000000000000000e+03
4.239000000000000000e+03
4.181000000000000000e+03
4.331000000000000000e+03
4.163000000000000000e+03
4.292000000000000000e+03
4.252000000000000000e+03
4.259000000000000000e+03
4.260000000000000000e+03
4.252000000000000000e+03
4.222000000000000000e+03
4.178000000000000000e+03
4.164000000000000000e+03
4.138000000000000000e+03
4.153000000000000000e+03
4.234000000000000000e+03
4.245000000000000000e+03
4.233000000000000000e+03
4.170000000000000000e+03
4.187000000000000000e+03
4.185000000000000000e+03
4.267000000000000000e+03
4.159000000000000000e+03
4.242000000000000000e+03
4.308000000000000000e+03
4.204000000000000000e+03
4.339000000000000000e+03
4.211000000000000000e+03
4.265000000000000000e+03
4.238000000000000000e+03
4.229000000000000000e+03
4.247000000000000000e+03
4.331000000000000000e+03
4.359000000000000000e+03
4.305000000000000000e+03
4.251000000000000000e+03
4.263000000000000000e+03
4.207000000000000000e+03
4.295000000000000000e+03
4.252000000000000000e+03
4.235000000000000000e+03
4.296000000000000000e+03
4.267000000000000000e+03
4.263000000000000000e+03
4.261000000000000000e+03
4.248000000000000000e+03
4.254000000000000000e+03
4.312000000000000000e+03
4.316000000000000000e+03
4.308000000000000000e+03
4.314000000000000000e+03
4.385000000000000000e+03
4.369000000000000000e+03
4.293000000000000000e+03
4.233000000000000000e+03
4.262000000000000000e+03
4.320000000000000000e+03
4.304000000000000000e+03
4.319000000000000000e+03
4.291000000000000000e+03
4.305000000000000000e+03
4.346000000000000000e+03
4.346000000000000000e+03
4.292000000000000000e+03
4.372000000000000000e+03
4.239000000000000000e+03
4.222000000000000000e+03
4.233000000000000000e+03
4.278000000000000000e+03
4.229000000000000000e+03
4.255000000000000000e+03
4.322000000000000000e+03
4.303000000000000000e+03
4.261000000000000000e+03
4.240000000000000000e+03
4.199000000000000000e+03
4.210000000000000000e+03
4.175000000000000000e+03
4.244000000000000000e+03
4.141000000000000000e+03
4.159000000000000000e+03
4.174000000000000000e+03
4.219000000000000000e+03
4.130000000000000000e+03
4.119000000000000000e+03
4.076000000000000000e+03
4.094000000000000000e+03
4.095000000000000000e+03
4.042000000000000000e+03
4.072000000000000000e+03
4.114000000000000000e+03
4.110000000000000000e+03
4.027000000000000000e+03
4.014000000000000000e+03
3.949000000000000000e+03
3.958000000000000000e+03
3.878000000000000000e+03
3.912000000000000000e+03
3.901000000000000000e+03
3.896000000000000000e+03
3.869000000000000000e+03
3.869000000000000000e+03
3.825000000000000000e+03
3.871000000000000000e+03
3.806000000000000000e+03
3.828000000000000000e+03
3.731000000000000000e+03
3.647000000000000000e+03
3.776000000000000000e+03
3.694000000000000000e+03
3.693000000000000000e+03
3.604000000000000000e+03
3.651000000000000000e+03
3.685000000000000000e+03
3.662000000000000000e+03
3.639000000000000000e+03
3.653000000000000000e+03
3.547000000000000000e+03
3.527000000000000000e+03
3.530000000000000000e+03
3.519000000000000000e+03
3.467000000000000000e+03
3.500000000000000000e+03
3.448000000000000000e+03
3.473000000000000000e+03
3.527000000000000000e+03
3.383000000000000000e+03
3.482000000000000000e+03
3.362000000000000000e+03
3.415000000000000000e+03
3.312000000000000000e+03
3.399000000000000000e+03
3.298000000000000000e+03
3.258000000000000000e+03
3.303000000000000000e+03
3.273000000000000000e+03
3.228000000000000000e+03
3.150000000000000000e+03
3.206000000000000000e+03
3.252000000000000000e+03
3.115000000000000000e+03
3.181000000000000000e+03
3.137000000000000000e+03
3.114000000000000000e+03
3.109000000000000000e+03
3.036000000000000000e+03
3.019000000000000000e+03
3.055000000000000000e+03
3.006000000000000000e+03
3.076000000000000000e+03
2.958000000000000000e+03
2.943000000000000000e+03
2.948000000000000000e+03
2.954000000000000000e+03
2.890000000000000000e+03
2.850000000000000000e+03
2.879000000000000000e+03
2.778000000000000000e+03
2.870000000000000000e+03
2.810000000000000000e+03
2.781000000000000000e+03
2.796000000000000000e+03
2.854000000000000000e+03
2.809000000000000000e+03
2.750000000000000000e+03
2.719000000000000000e+03
2.774000000000000000e+03
2.729000000000000000e+03
2.723000000000000000e+03
2.725000000000000000e+03
2.719000000000000000e+03
2.758000000000000000e+03
2.704000000000000000e+03
2.675000000000000000e+03
2.668000000000000000e+03
2.648000000000000000e+03
2.610000000000000000e+03
2.598000000000000000e+03
2.556000000000000000e+03
2.562000000000000000e+03
2.590000000000000000e+03
2.597000000000000000e+03
2.578000000000000000e+03
2.566000000000000000e+03
2.453000000000000000e+03
2.413000000000000000e+03
2.488000000000000000e+03
2.473000000000000000e+03
2.454000000000000000e+03
2.396000000000000000e+03
2.428000000000000000e+03
2.386000000000000000e+03
2.471000000000000000e+03
2.397000000000000000e+03
2.365000000000000000e+03
2.414000000000000000e+03
2.309000000000000000e+03
2.411000000000000000e+03
2.387000000000000000e+03
2.355000000000000000e+03
2.333000000000000000e+03
2.295000000000000000e+03
2.287000000000000000e+03
2.359000000000000000e+03
2.291000000000000000e+03
2.267000000000000000e+03
2.264000000000000000e+03
2.259000000000000000e+03
2.263000000000000000e+03
2.195000000000000000e+03
2.304000000000000000e+03
2.265000000000000000e+03
2.276000000000000000e+03
2.260000000000000000e+03
2.291000000000000000e+03
2.206000000000000000e+03
2.232000000000000000e+03
2.202000000000000000e+03
2.225000000000000000e+03
2.151000000000000000e+03
2.194000000000000000e+03
2.118000000000000000e+03
2.166000000000000000e+03
2.183000000000000000e+03
2.143000000000000000e+03
2.185000000000000000e+03
2.138000000000000000e+03
2.146000000000000000e+03
2.128000000000000000e+03
2.167000000000000000e+03
2.119000000000000000e+03
2.142000000000000000e+03
2.034000000000000000e+03
2.082000000000000000e+03
2.011000000000000000e+03
2.032000000000000000e+03
2.041000000000000000e+03
1.997000000000000000e+03
2.078000000000000000e+03
2.008000000000000000e+03
1.973000000000000000e+03
1.912000000000000000e+03
1.912000000000000000e+03
1.946000000000000000e+03
1.925000000000000000e+03
1.880000000000000000e+03
1.766000000000000000e+03
1.733000000000000000e+03
1.649000000000000000e+03
1.455000000000000000e+03
1.318000000000000000e+03
1.165000000000000000e+03
1.255000000000000000e+03
1.440000000000000000e+03
1.608000000000000000e+03
1.654000000000000000e+03
1.680000000000000000e+03
1.748000000000000000e+03
1.794000000000000000e+03
1.785000000000000000e+03
1.790000000000000000e+03
1.801000000000000000e+03
1.842000000000000000e+03
1.862000000000000000e+03
1.783000000000000000e+03
1.805000000000000000e+03
1.812000000000000000e+03
1.777000000000000000e+03
1.757000000000000000e+03
1.763000000000000000e+03
1.703000000000000000e+03
1.733000000000000000e+03
1.740000000000000000e+03
1.776000000000000000e+03
1.740000000000000000e+03
1.740000000000000000e+03
1.711000000000000000e+03
1.657000000000000000e+03
1.654000000000000000e+03
1.673000000000000000e+03
1.665000000000000000e+03
1.620000000000000000e+03
1.627000000000000000e+03
1.677000000000000000e+03
1.651000000000000000e+03
1.651000000000000000e+03
1.622000000000000000e+03
1.635000000000000000e+03
1.607000000000000000e+03
1.571000000000000000e+03
1.576000000000000000e+03
1.549000000000000000e+03
1.540000000000000000e+03
1.499000000000000000e+03
1.564000000000000000e+03
1.469000000000000000e+03
1.544000000000000000e+03
1.506000000000000000e+03
1.487000000000000000e+03
1.506000000000000000e+03
1.460000000000000000e+03
1.450000000000000000e+03
1.437000000000000000e+03
1.432000000000000000e+03
1.457000000000000000e+03
1.442000000000000000e+03
1.446000000000000000e+03
1.392000000000000000e+03
1.393000000000000000e+03
1.395000000000000000e+03
1.357000000000000000e+03
1.329000000000000000e+03
1.330000000000000000e+03
1.328000000000000000e+03
1.296000000000000000e+03
1.280000000000000000e+03
1.295000000000000000e+03
1.278000000000000000e+03
1.269000000000000000e+03
1.313000000000000000e+03
1.257000000000000000e+03
1.207000000000000000e+03
1.069000000000000000e+03
9.160000000000000000e+02
9.190000000000000000e+02
1.023000000000000000e+03
1.080000000000000000e+03
1.032000000000000000e+03
1.025000000000000000e+03
1.063000000000000000e+03
1.024000000000000000e+03
1.033000000000000000e+03
1.073000000000000000e+03
1.083000000000000000e+03
1.096000000000000000e+03
1.106000000000000000e+03
1.096000000000000000e+03
1.108000000000000000e+03
1.060000000000000000e+03
1.078000000000000000e+03
1.082000000000000000e+03
1.057000000000000000e+03
1.050000000000000000e+03
1.037000000000000000e+03
1.022000000000000000e+03
1.045000000000000000e+03
1.076000000000000000e+03
1.045000000000000000e+03
1.043000000000000000e+03
1.009000000000000000e+03
9.720000000000000000e+02
9.930000000000000000e+02
9.950000000000000000e+02
9.830000000000000000e+02
9.480000000000000000e+02
9.490000000000000000e+02
9.600000000000000000e+02
9.310000000000000000e+02
9.760000000000000000e+02
9.220000000000000000e+02
9.550000000000000000e+02
9.620000000000000000e+02
9.040000000000000000e+02
9.210000000000000000e+02
9.100000000000000000e+02
8.600000000000000000e+02
8.740000000000000000e+02
9.340000000000000000e+02
8.950000000000000000e+02
9.060000000000000000e+02
8.890000000000000000e+02
8.730000000000000000e+02
8.930000000000000000e+02
8.880000000000000000e+02
8.660000000000000000e+02
8.750000000000000000e+02
8.870000000000000000e+02
8.390000000000000000e+02
8.620000000000000000e+02
8.530000000000000000e+02
8.360000000000000000e+02
8.080000000000000000e+02
8.280000000000000000e+02
8.180000000000000000e+02
8.080000000000000000e+02
8.170000000000000000e+02
8.540000000000000000e+02
8.180000000000000000e+02
8.180000000000000000e+02
8.020000000000000000e+02
8.280000000000000000e+02
7.980000000000000000e+02
7.740000000000000000e+02
7.450000000000000000e+02
7.300000000000000000e+02
7.170000000000000000e+02
7.300000000000000000e+02
7.010000000000000000e+02
6.710000000000000000e+02
6.620000000000000000e+02
6.760000000000000000e+02
6.980000000000000000e+02
6.990000000000000000e+02
7.200000000000000000e+02
7.290000000000000000e+02
7.490000000000000000e+02
7.060000000000000000e+02
7.070000000000000000e+02
6.490000000000000000e+02
6.760000000000000000e+02
7.000000000000000000e+02
6.610000000000000000e+02
6.400000000000000000e+02
6.520000000000000000e+02
6.530000000000000000e+02
6.540000000000000000e+02
6.480000000000000000e+02
6.370000000000000000e+02
6.530000000000000000e+02
6.080000000000000000e+02
6.860000000000000000e+02
6.210000000000000000e+02
6.390000000000000000e+02
6.630000000000000000e+02
6.290000000000000000e+02
6.250000000000000000e+02
6.350000000000000000e+02
6.280000000000000000e+02
6.510000000000000000e+02
6.560000000000000000e+02
6.190000000000000000e+02
6.070000000000000000e+02
6.370000000000000000e+02
6.240000000000000000e+02
6.410000000000000000e+02
6.270000000000000000e+02
6.310000000000000000e+02
6.150000000000000000e+02
6.450000000000000000e+02
5.960000000000000000e+02
5.990000000000000000e+02
6.190000000000000000e+02
6.070000000000000000e+02
5.880000000000000000e+02
5.970000000000000000e+02
6.710000000000000000e+02
5.950000000000000000e+02
6.160000000000000000e+02
6.020000000000000000e+02
5.840000000000000000e+02
5.910000000000000000e+02
5.910000000000000000e+02
5.780000000000000000e+02
5.900000000000000000e+02
5.690000000000000000e+02
5.750000000000000000e+02
5.670000000000000000e+02
5.620000000000000000e+02
5.730000000000000000e+02
5.440000000000000000e+02
5.550000000000000000e+02
5.480000000000000000e+02
5.450000000000000000e+02
5.480000000000000000e+02
5.420000000000000000e+02
5.440000000000000000e+02
5.410000000000000000e+02
5.430000000000000000e+02
5.660000000000000000e+02
5.100000000000000000e+02
5.380000000000000000e+02
5.390000000000000000e+02
5.440000000000000000e+02
5.340000000000000000e+02
5.130000000000000000e+02
4.890000000000000000e+02
5.230000000000000000e+02
5.130000000000000000e+02
5.090000000000000000e+02
5.080000000000000000e+02
4.800000000000000000e+02
5.000000000000000000e+02
5.000000000000000000e+02
4.950000000000000000e+02
4.820000000000000000e+02
4.930000000000000000e+02
4.970000000000000000e+02
4.690000000000000000e+02
5.030000000000000000e+02
4.810000000000000000e+02
4.630000000000000000e+02
4.200000000000000000e+02
3.640000000000000000e+02
2.750000000000000000e+02
2.440000000000000000e+02
2.400000000000000000e+02
2.900000000000000000e+02
3.420000000000000000e+02
3.520000000000000000e+02
3.250000000000000000e+02
3.170000000000000000e+02
3.170000000000000000e+02
3.060000000000000000e+02
3.380000000000000000e+02
3.230000000000000000e+02
3.480000000000000000e+02
3.720000000000000000e+02
3.650000000000000000e+02
3.850000000000000000e+02
4.040000000000000000e+02
4.060000000000000000e+02
3.820000000000000000e+02
4.030000000000000000e+02
4.030000000000000000e+02
4.090000000000000000e+02
4.180000000000000000e+02
4.250000000000000000e+02
4.510000000000000000e+02
4.070000000000000000e+02
4.270000000000000000e+02
4.330000000000000000e+02
4.030000000000000000e+02
3.830000000000000000e+02
4.310000000000000000e+02
4.000000000000000000e+02
4.040000000000000000e+02
3.920000000000000000e+02
4.320000000000000000e+02
4.000000000000000000e+02
3.570000000000000000e+02
3.980000000000000000e+02
3.820000000000000000e+02
3.620000000000000000e+02
3.650000000000000000e+02
3.360000000000000000e+02
3.820000000000000000e+02
3.570000000000000000e+02
3.570000000000000000e+02
3.470000000000000000e+02
3.540000000000000000e+02
3.490000000000000000e+02
3.720000000000000000e+02
3.670000000000000000e+02
3.800000000000000000e+02
3.570000000000000000e+02
3.720000000000000000e+02
3.530000000000000000e+02
3.520000000000000000e+02
3.610000000000000000e+02
3.430000000000000000e+02
3.460000000000000000e+02
3.550000000000000000e+02
3.450000000000000000e+02
3.480000000000000000e+02
3.720000000000000000e+02
3.370000000000000000e+02
3.280000000000000000e+02
3.400000000000000000e+02
3.660000000000000000e+02
3.260000000000000000e+02
3.360000000000000000e+02
3.250000000000000000e+02
3.170000000000000000e+02
3.210000000000000000e+02
3.290000000000000000e+02
3.460000000000000000e+02
3.110000000000000000e+02
3.280000000000000000e+02
3.360000000000000000e+02
2.880000000000000000e+02
3.100000000000000000e+02
3.110000000000000000e+02
2.980000000000000000e+02
3.010000000000000000e+02
2.780000000000000000e+02
2.940000000000000000e+02
3.040000000000000000e+02
3.090000000000000000e+02
3.080000000000000000e+02
