6.865000000000000000e+03
7.014000000000000000e+03
7.153000000000000000e+03
7.175000000000000000e+03
7.173000000000000000e+03
7.240000000000000000e+03
7.277000000000000000e+03
7.355000000000000000e+03
7.447000000000000000e+03
7.359000000000000000e+03
7.366000000000000000e+03
7.472000000000000000e+03
7.492000000000000000e+03
7.508000000000000000e+03
7.663000000000000000e+03
7.637000000000000000e+03
7.741000000000000000e+03
7.649000000000000000e+03
7.777000000000000000e+03
7.820000000000000000e+03
7.887000000000000000e+03
7.891000000000000000e+03
7.776000000000000000e+03
7.964000000000000000e+03
8.057000000000000000e+03
8.027000000000000000e+03
7.996000000000000000e+03
7.862000000000000000e+03
8.010000000000000000e+03
8.027000000000000000e+03
8.116000000000000000e+03
7.825000000000000000e+03
7.746000000000000000e+03
7.721000000000000000e+03
7.368000000000000000e+03
7.042000000000000000e+03
6.607000000000000000e+03
5.894000000000000000e+03
4.832000000000000000e+03
3.794000000000000000e+03
3.833000000000000000e+03
4.971000000000000000e+03
5.917000000000000000e+03
6.762000000000000000e+03
7.313000000000000000e+03
7.680000000000000000e+03
7.807000000000000000e+03
8.055000000000000000e+03
8.162000000000000000e+03
8.248000000000000000e+03
8.402000000000000000e+03
8.408000000000000000e+03
8.348000000000000000e+03
8.322000000000000000e+03
8.297000000000000000e+03
8.570000000000000000e+03
8.601000000000000000e+03
8.585000000000000000e+03
8.601000000000000000e+03
8.615000000000000000e+03
8.781000000000000000e+03
8.596000000000000000e+03
8.643000000000000000e+03
8.683000000000000000e+03
8.716000000000000000e+03
8.776000000000000000e+03
8.578000000000000000e+03
8.839000000000000000e+03
8.916000000000000000e+03
8.821000000000000000e+03
8.853000000000000000e+03
8.765000000000000000e+03
8.792000000000000000e+03
8.777000000000000000e+03
8.863000000000000000e+03
8.840000000000000000e+03
8.823000000000000000e+03
8.789000000000000000e+03
8.800000000000000000e+03
8.824000000000000000e+03
8.797000000000000000e+03
8.879000000000000000e+03
8.815000000000000000e+03
8.966000000000000000e+03
9.022000000000000000e+03
8.876000000000000000e+03
8.960000000000000000e+03
8.927000000000000000e+03
8.953000000000000000e+03
8.998000000000000000e+03
9.089000000000000000e+03
9.217000000000000000e+03
9.355000000000000000e+03
9.319000000000000000e+03
9.270000000000000000e+03
9.336000000000000000e+03
9.448000000000000000e+03
9.548000000000000000e+03
9.523000000000000000e+03
9.673000000000000000e+03
9.746000000000000000e+03
9.670000000000000000e+03
9.902000000000000000e+03
9.764000000000000000e+03
1.000400000000000000e+04
1.000500000000000000e+04
1.023300000000000000e+04
1.020900000000000000e+04
1.021700000000000000e+04
1.042100000000000000e+04
1.028300000000000000e+04
1.029500000000000000e+04
1.034400000000000000e+04
1.056000000000000000e+04
1.066300000000000000e+04
1.044300000000000000e+04
1.083900000000000000e+04
1.107800000000000000e+04
1.099000000000000000e+04
1.114300000000000000e+04
1.122400000000000000e+04
1.133600000000000000e+04
1.145700000000000000e+04
1.153300000000000000e+04
1.171900000000000000e+04
1.170100000000000000e+04
1.164900000000000000e+04
1.189100000000000000e+04
1.214300000000000000e+04
1.223900000000000000e+04
1.230000000000000000e+04
1.243200000000000000e+04
1.252000000000000000e+04
1.245100000000000000e+04
1.251900000000000000e+04
1.256900000000000000e+04
1.265000000000000000e+04
1.256100000000000000e+04
1.293900000000000000e+04
1.290700000000000000e+04
1.320000000000000000e+04
1.325800000000000000e+04
1.331100000000000000e+04
1.322800000000000000e+04
1.338300000000000000e+04
1.336500000000000000e+04
1.325800000000000000e+04
1.340400000000000000e+04
1.364600000000000000e+04
1.359100000000000000e+04
1.365900000000000000e+04
1.381300000000000000e+04
1.392200000000000000e+04
1.412200000000000000e+04
1.413600000000000000e+04
1.422000000000000000e+04
1.418000000000000000e+04
1.409400000000000000e+04
1.427700000000000000e+04
1.424500000000000000e+04
1.424100000000000000e+04
1.437700000000000000e+04
1.439400000000000000e+04
1.438400000000000000e+04
1.448400000000000000e+04
1.440000000000000000e+04
1.440000000000000000e+04
1.453700000000000000e+04
1.438200000000000000e+04
1.453300000000000000e+04
1.462200000000000000e+04
1.445000000000000000e+04
1.456700000000000000e+04
1.456600000000000000e+04
1.454700000000000000e+04
1.449800000000000000e+04
1.471700000000000000e+04
1.462700000000000000e+04
1.470200000000000000e+04
1.461100000000000000e+04
1.462100000000000000e+04
1.476800000000000000e+04
1.474700000000000000e+04
1.486600000000000000e+04
1.491500000000000000e+04
1.476400000000000000e+04
1.486100000000000000e+04
1.491500000000000000e+04
1.495000000000000000e+04
1.497500000000000000e+04
1.514900000000000000e+04
1.514800000000000000e+04
1.518800000000000000e+04
1.525700000000000000e+04
1.527100000000000000e+04
1.522400000000000000e+04
1.518900000000000000e+04
1.537800000000000000e+04
1.542400000000000000e+04
1.539600000000000000e+04
1.541800000000000000e+04
1.543900000000000000e+04
1.572900000000000000e+04
1.569400000000000000e+04
1.585800000000000000e+04
1.585800000000000000e+04
1.593200000000000000e+04
1.610300000000000000e+04
1.614600000000000000e+04
1.608100000000000000e+04
1.612500000000000000e+04
1.634900000000000000e+04
1.654800000000000000e+04
1.648900000000000000e+04
1.655200000000000000e+04
1.657900000000000000e+04
1.657100000000000000e+04
1.666200000000000000e+04
1.690800000000000000e+04
1.706200000000000000e+04
1.704800000000000000e+04
1.716700000000000000e+04
1.713400000000000000e+04
1.743800000000000000e+04
1.743300000000000000e+04
1.778600000000000000e+04
1.793100000000000000e+04
1.788200000000000000e+04
1.804600000000000000e+04
1.820300000000000000e+04
1.815400000000000000e+04
1.824000000000000000e+04
1.835400000000000000e+04
1.844600000000000000e+04
1.865900000000000000e+04
1.862900000000000000e+04
1.880500000000000000e+04
1.874100000000000000e+04
1.883000000000000000e+04
1.880300000000000000e+04
1.877200000000000000e+04
1.895500000000000000e+04
1.917900000000000000e+04
1.927400000000000000e+04
1.934700000000000000e+04
1.932100000000000000e+04
1.924300000000000000e+04
1.946700000000000000e+04
1.952100000000000000e+04
1.991600000000000000e+04
1.972300000000000000e+04
1.990400000000000000e+04
1.979200000000000000e+04
1.991100000000000000e+04
1.989700000000000000e+04
2.008400000000000000e+04
2.006100000000000000e+04
2.032900000000000000e+04
2.020800000000000000e+04
2.056400000000000000e+04
2.063800000000000000e+04
2.085100000000000000e+04
2.073900000000000000e+04
2.066200000000000000e+04
2.097400000000000000e+04
2.093700000000000000e+04
2.099900000000000000e+04
2.053500000000000000e+04
2.104100000000000000e+04
2.102200000000000000e+04
2.115200000000000000e+04
2.098000000000000000e+04
2.121100000000000000e+04
2.116300000000000000e+04
2.100600000000000000e+04
2.117400000000000000e+04
2.095300000000000000e+04
2.111600000000000000e+04
2.095900000000000000e+04
2.069800000000000000e+04
2.052600000000000000e+04
2.077200000000000000e+04
2.089700000000000000e+04
2.103600000000000000e+04
2.117800000000000000e+04
2.103300000000000000e+04
2.108500000000000000e+04
2.133900000000000000e+04
2.128500000000000000e+04
2.138500000000000000e+04
2.152400000000000000e+04
2.136800000000000000e+04
2.131600000000000000e+04
2.149900000000000000e+04
2.157600000000000000e+04
2.147800000000000000e+04
2.148100000000000000e+04
2.154100000000000000e+04
2.135900000000000000e+04
2.134500000000000000e+04
2.134500000000000000e+04
2.124800000000000000e+04
2.131900000000000000e+04
2.141600000000000000e+04
2.144000000000000000e+04
2.172700000000000000e+04
2.161800000000000000e+04
2.188300000000000000e+04
2.193300000000000000e+04
2.177000000000000000e+04
2.183200000000000000e+04
2.164600000000000000e+04
2.171500000000000000e+04
2.182300000000000000e+04
2.154100000000000000e+04
2.167300000000000000e+04
2.164500000000000000e+04
2.153500000000000000e+04
2.155600000000000000e+04
2.147100000000000000e+04
2.151500000000000000e+04
2.145500000000000000e+04
2.162800000000000000e+04
2.156600000000000000e+04
2.127600000000000000e+04
2.133500000000000000e+04
2.145200000000000000e+04
2.145300000000000000e+04
2.144900000000000000e+04
2.139400000000000000e+04
2.134400000000000000e+04
2.136900000000000000e+04
2.135500000000000000e+04
2.144700000000000000e+04
2.124100000000000000e+04
2.107700000000000000e+04
2.131900000000000000e+04
2.112000000000000000e+04
2.139200000000000000e+04
2.131200000000000000e+04
2.101500000000000000e+04
2.125500000000000000e+04
2.076900000000000000e+04
2.121300000000000000e+04
2.101400000000000000e+04
2.124400000000000000e+04
2.104400000000000000e+04
2.136000000000000000e+04
2.126000000000000000e+04
2.113400000000000000e+04
2.147700000000000000e+04
2.137400000000000000e+04
2.125700000000000000e+04
2.134600000000000000e+04
2.137400000000000000e+04
2.125100000000000000e+04
2.115300000000000000e+04
2.131900000000000000e+04
2.129000000000000000e+04
2.136600000000000000e+04
2.142000000000000000e+04
2.136700000000000000e+04
2.146000000000000000e+04
2.123800000000000000e+04
2.124900000000000000e+04
2.128500000000000000e+04
2.151500000000000000e+04
2.181400000000000000e+04
2.146200000000000000e+04
2.121900000000000000e+04
2.065600000000000000e+04
2.072800000000000000e+04
2.120500000000000000e+04
2.116200000000000000e+04
2.114800000000000000e+04
2.120600000000000000e+04
2.138600000000000000e+04
2.134700000000000000e+04
2.165000000000000000e+04
2.161800000000000000e+04
2.160200000000000000e+04
2.177300000000000000e+04
2.174700000000000000e+04
2.186600000000000000e+04
2.179700000000000000e+04
2.178900000000000000e+04
2.149900000000000000e+04
2.169100000000000000e+04
2.184900000000000000e+04
2.192000000000000000e+04
2.192800000000000000e+04
2.192400000000000000e+04
2.176400000000000000e+04
2.178400000000000000e+04
2.189300000000000000e+04
2.189000000000000000e+04
2.181000000000000000e+04
2.187800000000000000e+04
2.194600000000000000e+04
2.200800000000000000e+04
2.179400000000000000e+04
2.168600000000000000e+04
2.210500000000000000e+04
2.189400000000000000e+04
2.206200000000000000e+04
2.187700000000000000e+04
2.187700000000000000e+04
2.189100000000000000e+04
2.195700000000000000e+04
2.183800000000000000e+04
2.197200000000000000e+04
2.194800000000000000e+04
2.193900000000000000e+04
2.211100000000000000e+04
2.197000000000000000e+04
2.181700000000000000e+04
2.193300000000000000e+04
2.203200000000000000e+04
2.183900000000000000e+04
2.191800000000000000e+04
2.168400000000000000e+04
2.197900000000000000e+04
2.201800000000000000e+04
2.189200000000000000e+04
2.202900000000000000e+04
2.157800000000000000e+04
2.127200000000000000e+04
2.137400000000000000e+04
2.127000000000000000e+04
2.101200000000000000e+04
2.073300000000000000e+04
2.024900000000000000e+04
1.930900000000000000e+04
1.873400000000000000e+04
1.752500000000000000e+04
1.563900000000000000e+04
1.295600000000000000e+04
1.250000000000000000e+04
1.445400000000000000e+04
1.652000000000000000e+04
1.806700000000000000e+04
1.899300000000000000e+04
1.982200000000000000e+04
2.037800000000000000e+04
2.050900000000000000e+04
2.088000000000000000e+04
2.097900000000000000e+04
2.122100000000000000e+04
2.128600000000000000e+04
2.120000000000000000e+04
2.130100000000000000e+04
2.117600000000000000e+04
2.099200000000000000e+04
2.119300000000000000e+04
2.110200000000000000e+04
2.122700000000000000e+04
2.117000000000000000e+04
2.115700000000000000e+04
2.119100000000000000e+04
2.104900000000000000e+04
2.098400000000000000e+04
2.089700000000000000e+04
2.075100000000000000e+04
2.082800000000000000e+04
2.091500000000000000e+04
2.051000000000000000e+04
2.068300000000000000e+04
2.061900000000000000e+04
2.050200000000000000e+04
2.054400000000000000e+04
2.051700000000000000e+04
2.039900000000000000e+04
2.029100000000000000e+04
2.008900000000000000e+04
2.007700000000000000e+04
2.033600000000000000e+04
1.994700000000000000e+04
1.984300000000000000e+04
1.973900000000000000e+04
1.972300000000000000e+04
1.957000000000000000e+04
1.956700000000000000e+04
1.955600000000000000e+04
1.939100000000000000e+04
1.909200000000000000e+04
1.923400000000000000e+04
1.916000000000000000e+04
1.918100000000000000e+04
1.910000000000000000e+04
1.921700000000000000e+04
1.894100000000000000e+04
1.905300000000000000e+04
1.882800000000000000e+04
1.882100000000000000e+04
1.869500000000000000e+04
1.870300000000000000e+04
1.864400000000000000e+04
1.845000000000000000e+04
1.827200000000000000e+04
1.839500000000000000e+04
1.829600000000000000e+04
1.812100000000000000e+04
1.814600000000000000e+04
1.811300000000000000e+04
1.806000000000000000e+04
1.776600000000000000e+04
1.765600000000000000e+04
1.639000000000000000e+04
1.349900000000000000e+04
1.219800000000000000e+04
1.351800000000000000e+04
1.500100000000000000e+04
1.501700000000000000e+04
1.461600000000000000e+04
1.441000000000000000e+04
1.475800000000000000e+04
1.505900000000000000e+04
1.525600000000000000e+04
1.541300000000000000e+04
1.561400000000000000e+04
1.574900000000000000e+04
1.579900000000000000e+04
1.557000000000000000e+04
1.570300000000000000e+04
1.573800000000000000e+04
1.551200000000000000e+04
1.578800000000000000e+04
1.568200000000000000e+04
1.555100000000000000e+04
1.566200000000000000e+04
1.558600000000000000e+04
1.566900000000000000e+04
1.566600000000000000e+04
1.570700000000000000e+04
1.561700000000000000e+04
1.551000000000000000e+04
1.539200000000000000e+04
1.509800000000000000e+04
1.508000000000000000e+04
1.500800000000000000e+04
1.497400000000000000e+04
1.506500000000000000e+04
1.477400000000000000e+04
1.485300000000000000e+04
1.473700000000000000e+04
1.465300000000000000e+04
1.470800000000000000e+04
1.474100000000000000e+04
1.466400000000000000e+04
1.467200000000000000e+04
1.451500000000000000e+04
1.466600000000000000e+04
1.446800000000000000e+04
1.440200000000000000e+04
1.457000000000000000e+04
1.438800000000000000e+04
1.444500000000000000e+04
1.444200000000000000e+04
1.438100000000000000e+04
1.429800000000000000e+04
1.433000000000000000e+04
1.431100000000000000e+04
1.417800000000000000e+04
1.432000000000000000e+04
1.420100000000000000e+04
1.414200000000000000e+04
1.403500000000000000e+04
1.412100000000000000e+04
1.412500000000000000e+04
1.402000000000000000e+04
1.397000000000000000e+04
1.397100000000000000e+04
1.391100000000000000e+04
1.378800000000000000e+04
1.370900000000000000e+04
1.381000000000000000e+04
1.377200000000000000e+04
1.340700000000000000e+04
1.304200000000000000e+04
1.238800000000000000e+04
1.218500000000000000e+04
1.220900000000000000e+04
1.145600000000000000e+04
1.166200000000000000e+04
1.183300000000000000e+04
1.184000000000000000e+04
1.174300000000000000e+04
1.204900000000000000e+04
1.253000000000000000e+04
1.299200000000000000e+04
1.280500000000000000e+04
1.280300000000000000e+04
1.252700000000000000e+04
1.203000000000000000e+04
1.168500000000000000e+04
1.149100000000000000e+04
1.174700000000000000e+04
1.176400000000000000e+04
1.172900000000000000e+04
1.180400000000000000e+04
1.196000000000000000e+04
1.187900000000000000e+04
1.182900000000000000e+04
1.152800000000000000e+04
1.154100000000000000e+04
1.207000000000000000e+04
1.176700000000000000e+04
1.152300000000000000e+04
1.186200000000000000e+04
1.195200000000000000e+04
1.176900000000000000e+04
1.181100000000000000e+04
1.179900000000000000e+04
1.175700000000000000e+04
1.195700000000000000e+04
1.206000000000000000e+04
1.199200000000000000e+04
1.206800000000000000e+04
1.203600000000000000e+04
1.183500000000000000e+04
1.189700000000000000e+04
1.184500000000000000e+04
1.179700000000000000e+04
1.183400000000000000e+04
1.168300000000000000e+04
1.170700000000000000e+04
1.177900000000000000e+04
1.173200000000000000e+04
1.150900000000000000e+04
1.154400000000000000e+04
1.167600000000000000e+04
1.163200000000000000e+04
1.163300000000000000e+04
1.149200000000000000e+04
1.154200000000000000e+04
1.141400000000000000e+04
1.144100000000000000e+04
1.139900000000000000e+04
1.134900000000000000e+04
1.135000000000000000e+04
1.127700000000000000e+04
1.123100000000000000e+04
1.113600000000000000e+04
1.125500000000000000e+04
1.117400000000000000e+04
1.119900000000000000e+04
1.100800000000000000e+04
1.097300000000000000e+04
1.095900000000000000e+04
1.099700000000000000e+04
1.074800000000000000e+04
1.091400000000000000e+04
1.078300000000000000e+04
1.074700000000000000e+04
1.068000000000000000e+04
1.056500000000000000e+04
1.063300000000000000e+04
1.067100000000000000e+04
1.045500000000000000e+04
1.048100000000000000e+04
1.049500000000000000e+04
1.040000000000000000e+04
1.033600000000000000e+04
1.040000000000000000e+04
1.034400000000000000e+04
1.015100000000000000e+04
9.925000000000000000e+03
1.005400000000000000e+04
1.002200000000000000e+04
1.000500000000000000e+04
1.005100000000000000e+04
9.884000000000000000e+03
9.822000000000000000e+03
9.718000000000000000e+03
9.599000000000000000e+03
9.672000000000000000e+03
9.394000000000000000e+03
8.150000000000000000e+03
5.429000000000000000e+03
3.068000000000000000e+03
2.029000000000000000e+03
2.090000000000000000e+03
3.185000000000000000e+03
5.076000000000000000e+03
5.345000000000000000e+03
4.360000000000000000e+03
3.902000000000000000e+03
3.963000000000000000e+03
4.366000000000000000e+03
4.772000000000000000e+03
5.322000000000000000e+03
5.881000000000000000e+03
6.352000000000000000e+03
6.810000000000000000e+03
7.074000000000000000e+03
7.261000000000000000e+03
7.608000000000000000e+03
7.758000000000000000e+03
7.885000000000000000e+03
7.853000000000000000e+03
7.972000000000000000e+03
8.153000000000000000e+03
8.009000000000000000e+03
7.947000000000000000e+03
7.843000000000000000e+03
7.998000000000000000e+03
7.759000000000000000e+03
7.712000000000000000e+03
7.736000000000000000e+03
7.736000000000000000e+03
7.494000000000000000e+03
7.748000000000000000e+03
7.533000000000000000e+03
7.554000000000000000e+03
7.410000000000000000e+03
7.441000000000000000e+03
7.241000000000000000e+03
7.188000000000000000e+03
7.017000000000000000e+03
6.673000000000000000e+03
6.535000000000000000e+03
6.703000000000000000e+03
6.865000000000000000e+03
6.848000000000000000e+03
6.852000000000000000e+03
6.907000000000000000e+03
6.811000000000000000e+03
6.659000000000000000e+03
6.722000000000000000e+03
6.722000000000000000e+03
6.531000000000000000e+03
6.427000000000000000e+03
6.512000000000000000e+03
6.449000000000000000e+03
6.469000000000000000e+03
6.260000000000000000e+03
6.351000000000000000e+03
6.286000000000000000e+03
6.176000000000000000e+03
6.159000000000000000e+03
6.049000000000000000e+03
6.019000000000000000e+03
6.025000000000000000e+03
5.990000000000000000e+03
5.968000000000000000e+03
5.828000000000000000e+03
5.751000000000000000e+03
5.831000000000000000e+03
5.694000000000000000e+03
5.737000000000000000e+03
5.674000000000000000e+03
5.651000000000000000e+03
5.616000000000000000e+03
5.674000000000000000e+03
5.495000000000000000e+03
5.553000000000000000e+03
5.511000000000000000e+03
5.509000000000000000e+03
5.574000000000000000e+03
5.484000000000000000e+03
5.555000000000000000e+03
5.471000000000000000e+03
5.452000000000000000e+03
5.457000000000000000e+03
5.310000000000000000e+03
