7.007000000000000000e+03
7.050000000000000000e+03
7.069000000000000000e+03
7.117000000000000000e+03
7.158000000000000000e+03
7.311000000000000000e+03
7.241000000000000000e+03
7.252000000000000000e+03
7.188000000000000000e+03
7.157000000000000000e+03
7.216000000000000000e+03
7.347000000000000000e+03
7.333000000000000000e+03
7.369000000000000000e+03
7.344000000000000000e+03
7.381000000000000000e+03
7.355000000000000000e+03
7.352000000000000000e+03
7.283000000000000000e+03
7.326000000000000000e+03
7.207000000000000000e+03
7.267000000000000000e+03
7.250000000000000000e+03
7.207000000000000000e+03
7.249000000000000000e+03
7.227000000000000000e+03
7.171000000000000000e+03
7.138000000000000000e+03
7.156000000000000000e+03
7.151000000000000000e+03
7.031000000000000000e+03
7.091000000000000000e+03
7.069000000000000000e+03
6.865000000000000000e+03
6.700000000000000000e+03
6.499000000000000000e+03
6.040000000000000000e+03
5.511000000000000000e+03
4.800000000000000000e+03
3.842000000000000000e+03
3.040000000000000000e+03
3.541000000000000000e+03
4.560000000000000000e+03
5.161000000000000000e+03
5.789000000000000000e+03
6.125000000000000000e+03
6.472000000000000000e+03
6.541000000000000000e+03
6.640000000000000000e+03
6.619000000000000000e+03
6.720000000000000000e+03
6.617000000000000000e+03
6.691000000000000000e+03
6.750000000000000000e+03
6.760000000000000000e+03
6.650000000000000000e+03
6.691000000000000000e+03
6.767000000000000000e+03
6.617000000000000000e+03
6.709000000000000000e+03
6.770000000000000000e+03
6.763000000000000000e+03
6.668000000000000000e+03
6.684000000000000000e+03
6.531000000000000000e+03
6.638000000000000000e+03
6.531000000000000000e+03
6.525000000000000000e+03
6.509000000000000000e+03
6.696000000000000000e+03
6.602000000000000000e+03
6.579000000000000000e+03
6.447000000000000000e+03
6.572000000000000000e+03
6.454000000000000000e+03
6.429000000000000000e+03
6.479000000000000000e+03
6.379000000000000000e+03
6.453000000000000000e+03
6.481000000000000000e+03
6.259000000000000000e+03
6.280000000000000000e+03
6.284000000000000000e+03
6.300000000000000000e+03
6.315000000000000000e+03
6.268000000000000000e+03
6.245000000000000000e+03
6.161000000000000000e+03
6.322000000000000000e+03
6.152000000000000000e+03
6.189000000000000000e+03
6.167000000000000000e+03
6.207000000000000000e+03
6.218000000000000000e+03
6.141000000000000000e+03
6.107000000000000000e+03
6.095000000000000000e+03
6.092000000000000000e+03
6.201000000000000000e+03
6.223000000000000000e+03
6.243000000000000000e+03
6.184000000000000000e+03
6.214000000000000000e+03
6.256000000000000000e+03
6.167000000000000000e+03
6.235000000000000000e+03
6.278000000000000000e+03
6.293000000000000000e+03
6.277000000000000000e+03
6.307000000000000000e+03
6.351000000000000000e+03
6.238000000000000000e+03
6.120000000000000000e+03
6.223000000000000000e+03
6.408000000000000000e+03
6.315000000000000000e+03
6.370000000000000000e+03
6.405000000000000000e+03
6.355000000000000000e+03
6.389000000000000000e+03
6.516000000000000000e+03
6.570000000000000000e+03
6.407000000000000000e+03
6.495000000000000000e+03
6.467000000000000000e+03
6.502000000000000000e+03
6.533000000000000000e+03
6.559000000000000000e+03
6.540000000000000000e+03
6.668000000000000000e+03
6.706000000000000000e+03
6.828000000000000000e+03
6.619000000000000000e+03
6.685000000000000000e+03
6.565000000000000000e+03
6.634000000000000000e+03
6.729000000000000000e+03
6.699000000000000000e+03
6.655000000000000000e+03
6.803000000000000000e+03
6.766000000000000000e+03
6.839000000000000000e+03
6.840000000000000000e+03
6.943000000000000000e+03
6.852000000000000000e+03
6.918000000000000000e+03
6.803000000000000000e+03
6.909000000000000000e+03
6.843000000000000000e+03
6.834000000000000000e+03
6.829000000000000000e+03
6.948000000000000000e+03
6.859000000000000000e+03
6.967000000000000000e+03
6.870000000000000000e+03
6.903000000000000000e+03
6.893000000000000000e+03
6.963000000000000000e+03
6.960000000000000000e+03
7.042000000000000000e+03
6.927000000000000000e+03
6.799000000000000000e+03
6.835000000000000000e+03
6.818000000000000000e+03
6.886000000000000000e+03
6.811000000000000000e+03
6.747000000000000000e+03
6.824000000000000000e+03
6.794000000000000000e+03
6.765000000000000000e+03
6.656000000000000000e+03
6.699000000000000000e+03
6.618000000000000000e+03
6.629000000000000000e+03
6.607000000000000000e+03
6.653000000000000000e+03
6.651000000000000000e+03
6.574000000000000000e+03
6.676000000000000000e+03
6.335000000000000000e+03
6.435000000000000000e+03
6.451000000000000000e+03
6.506000000000000000e+03
6.493000000000000000e+03
6.531000000000000000e+03
6.567000000000000000e+03
6.556000000000000000e+03
6.526000000000000000e+03
6.431000000000000000e+03
6.436000000000000000e+03
6.423000000000000000e+03
6.386000000000000000e+03
6.418000000000000000e+03
6.559000000000000000e+03
6.589000000000000000e+03
6.336000000000000000e+03
6.394000000000000000e+03
6.393000000000000000e+03
6.383000000000000000e+03
6.263000000000000000e+03
6.342000000000000000e+03
6.334000000000000000e+03
6.411000000000000000e+03
6.424000000000000000e+03
6.503000000000000000e+03
6.486000000000000000e+03
6.357000000000000000e+03
6.387000000000000000e+03
6.349000000000000000e+03
6.444000000000000000e+03
6.434000000000000000e+03
6.475000000000000000e+03
6.360000000000000000e+03
6.451000000000000000e+03
6.429000000000000000e+03
6.525000000000000000e+03
6.559000000000000000e+03
6.481000000000000000e+03
6.404000000000000000e+03
6.452000000000000000e+03
6.435000000000000000e+03
6.516000000000000000e+03
6.455000000000000000e+03
6.486000000000000000e+03
6.525000000000000000e+03
6.503000000000000000e+03
6.614000000000000000e+03
6.516000000000000000e+03
6.497000000000000000e+03
6.559000000000000000e+03
6.612000000000000000e+03
6.526000000000000000e+03
6.586000000000000000e+03
6.515000000000000000e+03
6.428000000000000000e+03
6.474000000000000000e+03
6.474000000000000000e+03
6.422000000000000000e+03
6.415000000000000000e+03
6.577000000000000000e+03
6.633000000000000000e+03
6.478000000000000000e+03
6.558000000000000000e+03
6.543000000000000000e+03
6.528000000000000000e+03
6.703000000000000000e+03
6.649000000000000000e+03
6.529000000000000000e+03
6.595000000000000000e+03
6.470000000000000000e+03
6.536000000000000000e+03
6.471000000000000000e+03
6.536000000000000000e+03
6.463000000000000000e+03
6.530000000000000000e+03
6.546000000000000000e+03
6.587000000000000000e+03
6.470000000000000000e+03
6.591000000000000000e+03
6.621000000000000000e+03
6.566000000000000000e+03
6.515000000000000000e+03
6.425000000000000000e+03
6.415000000000000000e+03
6.416000000000000000e+03
6.438000000000000000e+03
6.435000000000000000e+03
6.428000000000000000e+03
6.391000000000000000e+03
6.409000000000000000e+03
6.341000000000000000e+03
6.268000000000000000e+03
6.290000000000000000e+03
6.388000000000000000e+03
6.320000000000000000e+03
6.300000000000000000e+03
6.285000000000000000e+03
6.246000000000000000e+03
6.257000000000000000e+03
5.997000000000000000e+03
6.030000000000000000e+03
5.924000000000000000e+03
5.969000000000000000e+03
6.023000000000000000e+03
5.863000000000000000e+03
6.013000000000000000e+03
5.846000000000000000e+03
5.908000000000000000e+03
5.908000000000000000e+03
5.836000000000000000e+03
5.812000000000000000e+03
5.849000000000000000e+03
5.754000000000000000e+03
5.769000000000000000e+03
5.810000000000000000e+03
5.741000000000000000e+03
5.751000000000000000e+03
5.634000000000000000e+03
5.719000000000000000e+03
5.661000000000000000e+03
5.608000000000000000e+03
5.496000000000000000e+03
5.457000000000000000e+03
5.519000000000000000e+03
5.431000000000000000e+03
5.397000000000000000e+03
5.381000000000000000e+03
5.348000000000000000e+03
5.356000000000000000e+03
5.352000000000000000e+03
5.215000000000000000e+03
5.196000000000000000e+03
5.350000000000000000e+03
5.269000000000000000e+03
5.226000000000000000e+03
5.272000000000000000e+03
5.174000000000000000e+03
5.158000000000000000e+03
5.207000000000000000e+03
4.978000000000000000e+03
5.045000000000000000e+03
4.998000000000000000e+03
4.994000000000000000e+03
4.972000000000000000e+03
4.981000000000000000e+03
4.896000000000000000e+03
4.882000000000000000e+03
4.914000000000000000e+03
4.817000000000000000e+03
4.775000000000000000e+03
4.777000000000000000e+03
4.742000000000000000e+03
4.729000000000000000e+03
4.639000000000000000e+03
4.628000000000000000e+03
4.640000000000000000e+03
4.589000000000000000e+03
4.536000000000000000e+03
4.587000000000000000e+03
4.485000000000000000e+03
4.550000000000000000e+03
4.463000000000000000e+03
4.289000000000000000e+03
4.367000000000000000e+03
4.379000000000000000e+03
4.406000000000000000e+03
4.231000000000000000e+03
4.323000000000000000e+03
4.248000000000000000e+03
4.224000000000000000e+03
4.285000000000000000e+03
4.120000000000000000e+03
4.184000000000000000e+03
4.178000000000000000e+03
4.065000000000000000e+03
4.143000000000000000e+03
4.150000000000000000e+03
4.026000000000000000e+03
4.154000000000000000e+03
4.072000000000000000e+03
4.016000000000000000e+03
4.025000000000000000e+03
4.042000000000000000e+03
3.973000000000000000e+03
4.006000000000000000e+03
3.974000000000000000e+03
4.012000000000000000e+03
3.953000000000000000e+03
3.935000000000000000e+03
3.853000000000000000e+03
3.673000000000000000e+03
3.742000000000000000e+03
3.732000000000000000e+03
3.763000000000000000e+03
3.784000000000000000e+03
3.739000000000000000e+03
3.717000000000000000e+03
3.702000000000000000e+03
3.623000000000000000e+03
3.670000000000000000e+03
3.639000000000000000e+03
3.687000000000000000e+03
3.666000000000000000e+03
3.699000000000000000e+03
3.657000000000000000e+03
3.652000000000000000e+03
3.572000000000000000e+03
3.573000000000000000e+03
3.591000000000000000e+03
3.568000000000000000e+03
3.577000000000000000e+03
3.545000000000000000e+03
3.511000000000000000e+03
3.532000000000000000e+03
3.498000000000000000e+03
3.500000000000000000e+03
3.364000000000000000e+03
3.488000000000000000e+03
3.441000000000000000e+03
3.486000000000000000e+03
3.389000000000000000e+03
3.414000000000000000e+03
3.378000000000000000e+03
3.260000000000000000e+03
3.322000000000000000e+03
3.307000000000000000e+03
3.329000000000000000e+03
3.382000000000000000e+03
3.330000000000000000e+03
3.254000000000000000e+03
3.312000000000000000e+03
3.284000000000000000e+03
3.253000000000000000e+03
3.229000000000000000e+03
3.286000000000000000e+03
3.214000000000000000e+03
3.106000000000000000e+03
3.091000000000000000e+03
3.072000000000000000e+03
3.146000000000000000e+03
3.069000000000000000e+03
3.106000000000000000e+03
3.108000000000000000e+03
3.082000000000000000e+03
3.062000000000000000e+03
3.063000000000000000e+03
3.022000000000000000e+03
3.006000000000000000e+03
2.977000000000000000e+03
2.942000000000000000e+03
2.851000000000000000e+03
2.826000000000000000e+03
2.682000000000000000e+03
2.599000000000000000e+03
2.426000000000000000e+03
2.208000000000000000e+03
1.953000000000000000e+03
1.777000000000000000e+03
1.923000000000000000e+03
2.113000000000000000e+03
2.381000000000000000e+03
2.535000000000000000e+03
2.552000000000000000e+03
2.619000000000000000e+03
2.719000000000000000e+03
2.675000000000000000e+03
2.699000000000000000e+03
2.713000000000000000e+03
2.743000000000000000e+03
2.659000000000000000e+03
2.652000000000000000e+03
2.639000000000000000e+03
2.663000000000000000e+03
2.735000000000000000e+03
2.719000000000000000e+03
2.686000000000000000e+03
2.675000000000000000e+03
2.631000000000000000e+03
2.607000000000000000e+03
2.607000000000000000e+03
2.597000000000000000e+03
2.584000000000000000e+03
2.464000000000000000e+03
2.512000000000000000e+03
2.499000000000000000e+03
2.523000000000000000e+03
2.433000000000000000e+03
2.425000000000000000e+03
2.422000000000000000e+03
2.380000000000000000e+03
2.416000000000000000e+03
2.371000000000000000e+03
2.359000000000000000e+03
2.325000000000000000e+03
2.298000000000000000e+03
2.357000000000000000e+03
2.320000000000000000e+03
2.303000000000000000e+03
2.272000000000000000e+03
2.309000000000000000e+03
2.263000000000000000e+03
2.225000000000000000e+03
2.248000000000000000e+03
2.202000000000000000e+03
2.208000000000000000e+03
2.243000000000000000e+03
2.156000000000000000e+03
2.146000000000000000e+03
2.177000000000000000e+03
2.089000000000000000e+03
2.103000000000000000e+03
2.126000000000000000e+03
2.090000000000000000e+03
2.035000000000000000e+03
2.044000000000000000e+03
1.988000000000000000e+03
2.022000000000000000e+03
1.981000000000000000e+03
1.967000000000000000e+03
1.974000000000000000e+03
1.938000000000000000e+03
2.001000000000000000e+03
1.907000000000000000e+03
1.892000000000000000e+03
1.902000000000000000e+03
1.862000000000000000e+03
1.831000000000000000e+03
1.764000000000000000e+03
1.510000000000000000e+03
1.301000000000000000e+03
1.405000000000000000e+03
1.536000000000000000e+03
1.609000000000000000e+03
1.522000000000000000e+03
1.527000000000000000e+03
1.540000000000000000e+03
1.518000000000000000e+03
1.535000000000000000e+03
1.549000000000000000e+03
1.604000000000000000e+03
1.577000000000000000e+03
1.597000000000000000e+03
1.543000000000000000e+03
1.596000000000000000e+03
1.589000000000000000e+03
1.579000000000000000e+03
1.515000000000000000e+03
1.540000000000000000e+03
1.525000000000000000e+03
1.479000000000000000e+03
1.504000000000000000e+03
1.516000000000000000e+03
1.517000000000000000e+03
1.472000000000000000e+03
1.527000000000000000e+03
1.454000000000000000e+03
1.446000000000000000e+03
1.440000000000000000e+03
1.422000000000000000e+03
1.371000000000000000e+03
1.394000000000000000e+03
1.394000000000000000e+03
1.410000000000000000e+03
1.369000000000000000e+03
1.360000000000000000e+03
1.377000000000000000e+03
1.378000000000000000e+03
1.333000000000000000e+03
1.311000000000000000e+03
1.325000000000000000e+03
1.276000000000000000e+03
1.318000000000000000e+03
1.283000000000000000e+03
1.279000000000000000e+03
1.283000000000000000e+03
1.217000000000000000e+03
1.257000000000000000e+03
1.268000000000000000e+03
1.239000000000000000e+03
1.208000000000000000e+03
1.212000000000000000e+03
1.235000000000000000e+03
1.238000000000000000e+03
1.236000000000000000e+03
1.210000000000000000e+03
1.194000000000000000e+03
1.220000000000000000e+03
1.174000000000000000e+03
1.221000000000000000e+03
1.158000000000000000e+03
1.141000000000000000e+03
1.189000000000000000e+03
1.173000000000000000e+03
1.180000000000000000e+03
1.146000000000000000e+03
1.135000000000000000e+03
1.104000000000000000e+03
1.131000000000000000e+03
1.066000000000000000e+03
1.025000000000000000e+03
9.720000000000000000e+02
1.045000000000000000e+03
9.910000000000000000e+02
9.650000000000000000e+02
9.870000000000000000e+02
9.610000000000000000e+02
9.440000000000000000e+02
9.470000000000000000e+02
1.027000000000000000e+03
1.040000000000000000e+03
1.031000000000000000e+03
1.037000000000000000e+03
9.800000000000000000e+02
9.640000000000000000e+02
9.450000000000000000e+02
9.430000000000000000e+02
9.070000000000000000e+02
9.340000000000000000e+02
9.370000000000000000e+02
9.270000000000000000e+02
9.430000000000000000e+02
9.070000000000000000e+02
8.940000000000000000e+02
8.790000000000000000e+02
8.800000000000000000e+02
8.880000000000000000e+02
8.600000000000000000e+02
8.650000000000000000e+02
8.870000000000000000e+02
8.810000000000000000e+02
8.660000000000000000e+02
8.690000000000000000e+02
8.520000000000000000e+02
8.630000000000000000e+02
8.790000000000000000e+02
8.330000000000000000e+02
9.160000000000000000e+02
8.570000000000000000e+02
8.910000000000000000e+02
8.750000000000000000e+02
8.560000000000000000e+02
8.860000000000000000e+02
8.670000000000000000e+02
8.110000000000000000e+02
8.830000000000000000e+02
8.820000000000000000e+02
8.420000000000000000e+02
8.830000000000000000e+02
8.470000000000000000e+02
8.200000000000000000e+02
8.250000000000000000e+02
7.970000000000000000e+02
8.190000000000000000e+02
8.480000000000000000e+02
8.620000000000000000e+02
8.150000000000000000e+02
7.910000000000000000e+02
7.880000000000000000e+02
8.060000000000000000e+02
7.900000000000000000e+02
8.110000000000000000e+02
7.520000000000000000e+02
7.730000000000000000e+02
7.740000000000000000e+02
7.370000000000000000e+02
7.590000000000000000e+02
7.380000000000000000e+02
7.280000000000000000e+02
7.300000000000000000e+02
7.190000000000000000e+02
7.200000000000000000e+02
7.100000000000000000e+02
7.540000000000000000e+02
7.090000000000000000e+02
7.320000000000000000e+02
7.010000000000000000e+02
6.940000000000000000e+02
7.010000000000000000e+02
7.070000000000000000e+02
7.020000000000000000e+02
7.120000000000000000e+02
7.260000000000000000e+02
7.000000000000000000e+02
6.840000000000000000e+02
6.660000000000000000e+02
6.930000000000000000e+02
6.580000000000000000e+02
6.970000000000000000e+02
6.930000000000000000e+02
6.450000000000000000e+02
6.640000000000000000e+02
6.410000000000000000e+02
6.670000000000000000e+02
6.840000000000000000e+02
6.680000000000000000e+02
6.490000000000000000e+02
6.160000000000000000e+02
5.760000000000000000e+02
4.700000000000000000e+02
3.420000000000000000e+02
2.870000000000000000e+02
2.860000000000000000e+02
3.290000000000000000e+02
4.140000000000000000e+02
4.260000000000000000e+02
3.910000000000000000e+02
3.740000000000000000e+02
3.840000000000000000e+02
3.850000000000000000e+02
4.100000000000000000e+02
4.110000000000000000e+02
4.570000000000000000e+02
4.650000000000000000e+02
4.800000000000000000e+02
4.980000000000000000e+02
4.950000000000000000e+02
5.270000000000000000e+02
4.910000000000000000e+02
5.370000000000000000e+02
5.530000000000000000e+02
5.360000000000000000e+02
5.430000000000000000e+02
5.190000000000000000e+02
5.240000000000000000e+02
5.270000000000000000e+02
5.140000000000000000e+02
5.200000000000000000e+02
5.280000000000000000e+02
5.460000000000000000e+02
4.920000000000000000e+02
5.370000000000000000e+02
5.380000000000000000e+02
5.060000000000000000e+02
4.980000000000000000e+02
4.900000000000000000e+02
5.070000000000000000e+02
4.810000000000000000e+02
4.810000000000000000e+02
4.690000000000000000e+02
4.730000000000000000e+02
4.480000000000000000e+02
4.280000000000000000e+02
4.840000000000000000e+02
4.350000000000000000e+02
4.750000000000000000e+02
4.700000000000000000e+02
4.660000000000000000e+02
4.580000000000000000e+02
4.600000000000000000e+02
4.550000000000000000e+02
4.580000000000000000e+02
4.500000000000000000e+02
4.810000000000000000e+02
4.380000000000000000e+02
4.520000000000000000e+02
4.540000000000000000e+02
4.380000000000000000e+02
4.320000000000000000e+02
4.460000000000000000e+02
4.300000000000000000e+02
4.530000000000000000e+02
4.130000000000000000e+02
4.210000000000000000e+02
4.340000000000000000e+02
3.940000000000000000e+02
4.430000000000000000e+02
4.040000000000000000e+02
4.160000000000000000e+02
4.020000000000000000e+02
4.050000000000000000e+02
4.080000000000000000e+02
3.780000000000000000e+02
4.010000000000000000e+02
4.100000000000000000e+02
3.870000000000000000e+02
3.810000000000000000e+02
3.740000000000000000e+02
3.720000000000000000e+02
3.610000000000000000e+02
3.560000000000000000e+02
3.560000000000000000e+02
3.570000000000000000e+02
3.740000000000000000e+02
3.720000000000000000e+02
3.730000000000000000e+02
