1.163000000000000000e+03
1.141000000000000000e+03
1.158000000000000000e+03
1.171000000000000000e+03
1.198000000000000000e+03
1.175000000000000000e+03
1.159000000000000000e+03
1.146000000000000000e+03
1.191000000000000000e+03
1.166000000000000000e+03
1.183000000000000000e+03
1.200000000000000000e+03
1.189000000000000000e+03
1.188000000000000000e+03
1.229000000000000000e+03
1.168000000000000000e+03
1.181000000000000000e+03
1.184000000000000000e+03
1.146000000000000000e+03
1.191000000000000000e+03
1.165000000000000000e+03
1.152000000000000000e+03
1.193000000000000000e+03
1.178000000000000000e+03
1.136000000000000000e+03
1.164000000000000000e+03
1.177000000000000000e+03
1.128000000000000000e+03
1.165000000000000000e+03
1.121000000000000000e+03
1.145000000000000000e+03
1.132000000000000000e+03
1.109000000000000000e+03
1.120000000000000000e+03
1.100000000000000000e+03
1.056000000000000000e+03
9.860000000000000000e+02
9.150000000000000000e+02
7.900000000000000000e+02
7.210000000000000000e+02
5.770000000000000000e+02
6.050000000000000000e+02
7.630000000000000000e+02
8.290000000000000000e+02
9.360000000000000000e+02
9.760000000000000000e+02
9.910000000000000000e+02
9.870000000000000000e+02
1.020000000000000000e+03
1.029000000000000000e+03
1.037000000000000000e+03
1.079000000000000000e+03
1.071000000000000000e+03
1.102000000000000000e+03
1.048000000000000000e+03
1.040000000000000000e+03
1.044000000000000000e+03
1.063000000000000000e+03
1.042000000000000000e+03
1.050000000000000000e+03
9.970000000000000000e+02
1.010000000000000000e+03
1.015000000000000000e+03
1.029000000000000000e+03
1.033000000000000000e+03
1.020000000000000000e+03
1.014000000000000000e+03
1.004000000000000000e+03
1.031000000000000000e+03
1.028000000000000000e+03
9.900000000000000000e+02
1.022000000000000000e+03
1.013000000000000000e+03
1.016000000000000000e+03
9.930000000000000000e+02
1.014000000000000000e+03
9.770000000000000000e+02
9.960000000000000000e+02
9.900000000000000000e+02
9.790000000000000000e+02
9.780000000000000000e+02
9.720000000000000000e+02
9.620000000000000000e+02
9.380000000000000000e+02
9.720000000000000000e+02
1.001000000000000000e+03
1.002000000000000000e+03
9.530000000000000000e+02
9.580000000000000000e+02
9.530000000000000000e+02
9.350000000000000000e+02
9.140000000000000000e+02
9.150000000000000000e+02
9.260000000000000000e+02
9.080000000000000000e+02
9.430000000000000000e+02
9.060000000000000000e+02
9.430000000000000000e+02
9.250000000000000000e+02
9.410000000000000000e+02
9.390000000000000000e+02
9.460000000000000000e+02
9.630000000000000000e+02
9.630000000000000000e+02
9.270000000000000000e+02
9.470000000000000000e+02
9.570000000000000000e+02
9.190000000000000000e+02
9.310000000000000000e+02
8.790000000000000000e+02
9.640000000000000000e+02
9.310000000000000000e+02
9.480000000000000000e+02
9.440000000000000000e+02
9.440000000000000000e+02
9.730000000000000000e+02
9.120000000000000000e+02
9.330000000000000000e+02
9.490000000000000000e+02
9.580000000000000000e+02
9.520000000000000000e+02
9.610000000000000000e+02
1.007000000000000000e+03
9.590000000000000000e+02
9.740000000000000000e+02
9.660000000000000000e+02
9.550000000000000000e+02
9.310000000000000000e+02
9.790000000000000000e+02
9.980000000000000000e+02
1.002000000000000000e+03
1.024000000000000000e+03
9.990000000000000000e+02
1.011000000000000000e+03
1.017000000000000000e+03
9.810000000000000000e+02
1.010000000000000000e+03
9.870000000000000000e+02
9.950000000000000000e+02
1.036000000000000000e+03
1.008000000000000000e+03
1.029000000000000000e+03
1.039000000000000000e+03
1.047000000000000000e+03
1.029000000000000000e+03
1.061000000000000000e+03
1.044000000000000000e+03
1.036000000000000000e+03
1.008000000000000000e+03
9.720000000000000000e+02
1.040000000000000000e+03
1.021000000000000000e+03
1.053000000000000000e+03
1.021000000000000000e+03
1.005000000000000000e+03
1.021000000000000000e+03
1.027000000000000000e+03
1.024000000000000000e+03
1.076000000000000000e+03
1.020000000000000000e+03
1.051000000000000000e+03
1.032000000000000000e+03
1.025000000000000000e+03
1.026000000000000000e+03
1.022000000000000000e+03
1.031000000000000000e+03
1.053000000000000000e+03
1.011000000000000000e+03
1.034000000000000000e+03
1.014000000000000000e+03
9.640000000000000000e+02
1.028000000000000000e+03
1.028000000000000000e+03
1.010000000000000000e+03
9.940000000000000000e+02
9.940000000000000000e+02
9.850000000000000000e+02
9.930000000000000000e+02
1.013000000000000000e+03
9.740000000000000000e+02
9.820000000000000000e+02
9.560000000000000000e+02
9.760000000000000000e+02
9.360000000000000000e+02
9.780000000000000000e+02
9.530000000000000000e+02
9.420000000000000000e+02
9.410000000000000000e+02
9.850000000000000000e+02
9.780000000000000000e+02
9.720000000000000000e+02
9.660000000000000000e+02
9.870000000000000000e+02
9.640000000000000000e+02
9.540000000000000000e+02
9.890000000000000000e+02
9.660000000000000000e+02
9.880000000000000000e+02
9.970000000000000000e+02
1.002000000000000000e+03
9.960000000000000000e+02
1.006000000000000000e+03
1.017000000000000000e+03
1.003000000000000000e+03
9.980000000000000000e+02
9.890000000000000000e+02
9.810000000000000000e+02
9.880000000000000000e+02
9.950000000000000000e+02
9.970000000000000000e+02
1.003000000000000000e+03
9.630000000000000000e+02
9.860000000000000000e+02
1.004000000000000000e+03
9.870000000000000000e+02
9.800000000000000000e+02
9.960000000000000000e+02
9.860000000000000000e+02
9.700000000000000000e+02
9.840000000000000000e+02
9.850000000000000000e+02
9.900000000000000000e+02
1.026000000000000000e+03
1.030000000000000000e+03
9.580000000000000000e+02
1.036000000000000000e+03
1.042000000000000000e+03
1.021000000000000000e+03
1.025000000000000000e+03
1.034000000000000000e+03
1.046000000000000000e+03
1.050000000000000000e+03
1.040000000000000000e+03
1.087000000000000000e+03
1.029000000000000000e+03
1.025000000000000000e+03
1.026000000000000000e+03
1.057000000000000000e+03
1.051000000000000000e+03
1.023000000000000000e+03
1.031000000000000000e+03
1.033000000000000000e+03
1.071000000000000000e+03
1.019000000000000000e+03
1.051000000000000000e+03
1.012000000000000000e+03
1.039000000000000000e+03
1.031000000000000000e+03
1.032000000000000000e+03
1.007000000000000000e+03
1.017000000000000000e+03
1.020000000000000000e+03
1.060000000000000000e+03
1.070000000000000000e+03
1.076000000000000000e+03
1.036000000000000000e+03
1.062000000000000000e+03
1.082000000000000000e+03
1.037000000000000000e+03
1.045000000000000000e+03
1.057000000000000000e+03
1.069000000000000000e+03
1.078000000000000000e+03
1.052000000000000000e+03
1.048000000000000000e+03
1.067000000000000000e+03
1.083000000000000000e+03
1.049000000000000000e+03
1.042000000000000000e+03
1.050000000000000000e+03
1.063000000000000000e+03
1.051000000000000000e+03
1.059000000000000000e+03
1.057000000000000000e+03
1.002000000000000000e+03
1.012000000000000000e+03
1.035000000000000000e+03
1.036000000000000000e+03
1.004000000000000000e+03
1.025000000000000000e+03
9.580000000000000000e+02
9.920000000000000000e+02
9.610000000000000000e+02
1.009000000000000000e+03
9.790000000000000000e+02
9.460000000000000000e+02
9.700000000000000000e+02
9.470000000000000000e+02
9.440000000000000000e+02
9.880000000000000000e+02
9.700000000000000000e+02
9.370000000000000000e+02
9.470000000000000000e+02
9.500000000000000000e+02
9.490000000000000000e+02
9.500000000000000000e+02
9.150000000000000000e+02
8.880000000000000000e+02
9.330000000000000000e+02
9.430000000000000000e+02
9.380000000000000000e+02
9.240000000000000000e+02
9.010000000000000000e+02
8.880000000000000000e+02
8.950000000000000000e+02
9.010000000000000000e+02
8.780000000000000000e+02
8.800000000000000000e+02
8.740000000000000000e+02
8.350000000000000000e+02
8.920000000000000000e+02
8.540000000000000000e+02
8.700000000000000000e+02
8.700000000000000000e+02
8.760000000000000000e+02
8.580000000000000000e+02
8.490000000000000000e+02
8.490000000000000000e+02
8.300000000000000000e+02
8.220000000000000000e+02
8.010000000000000000e+02
8.390000000000000000e+02
8.240000000000000000e+02
8.340000000000000000e+02
8.380000000000000000e+02
8.280000000000000000e+02
7.880000000000000000e+02
7.890000000000000000e+02
7.820000000000000000e+02
7.770000000000000000e+02
8.260000000000000000e+02
8.060000000000000000e+02
7.990000000000000000e+02
8.260000000000000000e+02
7.670000000000000000e+02
8.090000000000000000e+02
7.900000000000000000e+02
7.870000000000000000e+02
7.570000000000000000e+02
7.640000000000000000e+02
8.030000000000000000e+02
7.700000000000000000e+02
7.590000000000000000e+02
7.790000000000000000e+02
7.180000000000000000e+02
7.480000000000000000e+02
7.460000000000000000e+02
7.320000000000000000e+02
7.680000000000000000e+02
7.540000000000000000e+02
7.500000000000000000e+02
7.420000000000000000e+02
7.570000000000000000e+02
7.180000000000000000e+02
7.370000000000000000e+02
7.610000000000000000e+02
7.660000000000000000e+02
7.280000000000000000e+02
7.530000000000000000e+02
7.550000000000000000e+02
6.990000000000000000e+02
7.250000000000000000e+02
7.020000000000000000e+02
7.240000000000000000e+02
7.070000000000000000e+02
7.030000000000000000e+02
7.120000000000000000e+02
7.100000000000000000e+02
7.340000000000000000e+02
7.080000000000000000e+02
6.920000000000000000e+02
6.700000000000000000e+02
6.540000000000000000e+02
6.900000000000000000e+02
6.700000000000000000e+02
6.700000000000000000e+02
6.620000000000000000e+02
6.410000000000000000e+02
6.940000000000000000e+02
6.770000000000000000e+02
6.620000000000000000e+02
6.860000000000000000e+02
6.750000000000000000e+02
6.650000000000000000e+02
6.590000000000000000e+02
6.460000000000000000e+02
6.700000000000000000e+02
6.550000000000000000e+02
6.840000000000000000e+02
6.870000000000000000e+02
6.700000000000000000e+02
6.660000000000000000e+02
6.550000000000000000e+02
6.420000000000000000e+02
6.560000000000000000e+02
6.330000000000000000e+02
6.460000000000000000e+02
6.480000000000000000e+02
6.530000000000000000e+02
6.500000000000000000e+02
6.320000000000000000e+02
6.410000000000000000e+02
6.250000000000000000e+02
6.320000000000000000e+02
6.140000000000000000e+02
6.170000000000000000e+02
6.440000000000000000e+02
6.390000000000000000e+02
6.460000000000000000e+02
6.290000000000000000e+02
6.390000000000000000e+02
6.060000000000000000e+02
6.120000000000000000e+02
5.970000000000000000e+02
5.990000000000000000e+02
6.240000000000000000e+02
5.970000000000000000e+02
5.940000000000000000e+02
5.960000000000000000e+02
6.070000000000000000e+02
5.970000000000000000e+02
6.320000000000000000e+02
5.690000000000000000e+02
5.780000000000000000e+02
5.680000000000000000e+02
5.750000000000000000e+02
6.090000000000000000e+02
5.910000000000000000e+02
5.770000000000000000e+02
5.730000000000000000e+02
5.800000000000000000e+02
5.550000000000000000e+02
5.280000000000000000e+02
5.200000000000000000e+02
5.040000000000000000e+02
4.490000000000000000e+02
4.320000000000000000e+02
4.060000000000000000e+02
3.980000000000000000e+02
4.370000000000000000e+02
4.880000000000000000e+02
4.850000000000000000e+02
5.210000000000000000e+02
5.300000000000000000e+02
5.080000000000000000e+02
5.460000000000000000e+02
5.680000000000000000e+02
5.630000000000000000e+02
5.660000000000000000e+02
5.180000000000000000e+02
5.380000000000000000e+02
5.770000000000000000e+02
5.390000000000000000e+02
5.610000000000000000e+02
5.420000000000000000e+02
5.370000000000000000e+02
5.360000000000000000e+02
5.320000000000000000e+02
5.590000000000000000e+02
5.380000000000000000e+02
5.270000000000000000e+02
5.570000000000000000e+02
5.260000000000000000e+02
5.030000000000000000e+02
5.060000000000000000e+02
4.960000000000000000e+02
5.320000000000000000e+02
5.090000000000000000e+02
5.040000000000000000e+02
5.100000000000000000e+02
5.010000000000000000e+02
5.100000000000000000e+02
5.070000000000000000e+02
5.250000000000000000e+02
5.300000000000000000e+02
5.030000000000000000e+02
5.060000000000000000e+02
5.110000000000000000e+02
5.040000000000000000e+02
5.060000000000000000e+02
4.840000000000000000e+02
4.940000000000000000e+02
5.000000000000000000e+02
4.890000000000000000e+02
4.700000000000000000e+02
4.890000000000000000e+02
4.900000000000000000e+02
4.860000000000000000e+02
4.720000000000000000e+02
4.900000000000000000e+02
4.680000000000000000e+02
4.700000000000000000e+02
4.570000000000000000e+02
4.820000000000000000e+02
4.500000000000000000e+02
4.300000000000000000e+02
4.740000000000000000e+02
4.430000000000000000e+02
4.570000000000000000e+02
4.580000000000000000e+02
4.340000000000000000e+02
4.650000000000000000e+02
4.470000000000000000e+02
4.400000000000000000e+02
4.410000000000000000e+02
4.250000000000000000e+02
4.000000000000000000e+02
3.990000000000000000e+02
3.820000000000000000e+02
3.440000000000000000e+02
3.920000000000000000e+02
3.740000000000000000e+02
4.040000000000000000e+02
4.100000000000000000e+02
3.780000000000000000e+02
3.820000000000000000e+02
3.860000000000000000e+02
4.170000000000000000e+02
3.700000000000000000e+02
3.900000000000000000e+02
3.970000000000000000e+02
3.860000000000000000e+02
3.950000000000000000e+02
3.940000000000000000e+02
3.820000000000000000e+02
3.950000000000000000e+02
3.770000000000000000e+02
3.870000000000000000e+02
3.770000000000000000e+02
3.740000000000000000e+02
3.760000000000000000e+02
3.910000000000000000e+02
3.830000000000000000e+02
4.240000000000000000e+02
3.770000000000000000e+02
3.730000000000000000e+02
3.920000000000000000e+02
3.750000000000000000e+02
3.890000000000000000e+02
3.680000000000000000e+02
3.670000000000000000e+02
3.530000000000000000e+02
3.590000000000000000e+02
3.790000000000000000e+02
3.850000000000000000e+02
3.640000000000000000e+02
3.510000000000000000e+02
3.520000000000000000e+02
3.480000000000000000e+02
3.630000000000000000e+02
3.530000000000000000e+02
3.470000000000000000e+02
3.620000000000000000e+02
3.540000000000000000e+02
3.350000000000000000e+02
3.520000000000000000e+02
3.870000000000000000e+02
3.500000000000000000e+02
3.460000000000000000e+02
3.600000000000000000e+02
3.490000000000000000e+02
3.280000000000000000e+02
3.330000000000000000e+02
3.420000000000000000e+02
3.380000000000000000e+02
3.360000000000000000e+02
3.490000000000000000e+02
3.310000000000000000e+02
3.370000000000000000e+02
3.300000000000000000e+02
3.330000000000000000e+02
3.440000000000000000e+02
3.280000000000000000e+02
3.350000000000000000e+02
3.090000000000000000e+02
3.550000000000000000e+02
3.220000000000000000e+02
3.130000000000000000e+02
3.150000000000000000e+02
2.990000000000000000e+02
2.990000000000000000e+02
3.060000000000000000e+02
2.950000000000000000e+02
2.910000000000000000e+02
2.960000000000000000e+02
3.000000000000000000e+02
3.170000000000000000e+02
3.030000000000000000e+02
3.080000000000000000e+02
3.050000000000000000e+02
3.050000000000000000e+02
3.070000000000000000e+02
3.240000000000000000e+02
2.980000000000000000e+02
2.990000000000000000e+02
2.990000000000000000e+02
3.000000000000000000e+02
2.970000000000000000e+02
2.780000000000000000e+02
3.030000000000000000e+02
3.080000000000000000e+02
2.940000000000000000e+02
2.880000000000000000e+02
2.890000000000000000e+02
2.790000000000000000e+02
2.850000000000000000e+02
2.970000000000000000e+02
2.860000000000000000e+02
3.080000000000000000e+02
3.030000000000000000e+02
2.920000000000000000e+02
2.950000000000000000e+02
2.820000000000000000e+02
2.900000000000000000e+02
2.720000000000000000e+02
2.770000000000000000e+02
2.910000000000000000e+02
2.940000000000000000e+02
2.810000000000000000e+02
2.900000000000000000e+02
3.030000000000000000e+02
2.870000000000000000e+02
2.930000000000000000e+02
2.910000000000000000e+02
2.780000000000000000e+02
3.070000000000000000e+02
2.910000000000000000e+02
2.960000000000000000e+02
2.840000000000000000e+02
2.900000000000000000e+02
2.830000000000000000e+02
2.830000000000000000e+02
2.620000000000000000e+02
2.770000000000000000e+02
2.860000000000000000e+02
2.840000000000000000e+02
2.880000000000000000e+02
2.740000000000000000e+02
2.840000000000000000e+02
2.820000000000000000e+02
2.770000000000000000e+02
2.730000000000000000e+02
2.700000000000000000e+02
2.820000000000000000e+02
2.770000000000000000e+02
2.630000000000000000e+02
2.670000000000000000e+02
2.860000000000000000e+02
2.580000000000000000e+02
2.750000000000000000e+02
2.750000000000000000e+02
2.510000000000000000e+02
2.730000000000000000e+02
2.610000000000000000e+02
2.590000000000000000e+02
2.680000000000000000e+02
2.560000000000000000e+02
2.350000000000000000e+02
2.710000000000000000e+02
2.680000000000000000e+02
2.650000000000000000e+02
2.650000000000000000e+02
2.520000000000000000e+02
2.430000000000000000e+02
2.610000000000000000e+02
2.550000000000000000e+02
2.440000000000000000e+02
2.330000000000000000e+02
2.550000000000000000e+02
2.550000000000000000e+02
2.760000000000000000e+02
2.620000000000000000e+02
2.390000000000000000e+02
2.480000000000000000e+02
2.430000000000000000e+02
2.340000000000000000e+02
2.570000000000000000e+02
2.360000000000000000e+02
1.970000000000000000e+02
1.800000000000000000e+02
1.820000000000000000e+02
1.710000000000000000e+02
1.850000000000000000e+02
1.910000000000000000e+02
2.090000000000000000e+02
2.260000000000000000e+02
1.960000000000000000e+02
1.950000000000000000e+02
2.070000000000000000e+02
1.910000000000000000e+02
2.060000000000000000e+02
2.170000000000000000e+02
2.120000000000000000e+02
2.150000000000000000e+02
2.160000000000000000e+02
2.060000000000000000e+02
2.190000000000000000e+02
2.690000000000000000e+02
2.320000000000000000e+02
2.260000000000000000e+02
2.330000000000000000e+02
2.310000000000000000e+02
2.360000000000000000e+02
2.220000000000000000e+02
2.250000000000000000e+02
2.160000000000000000e+02
2.310000000000000000e+02
2.380000000000000000e+02
2.610000000000000000e+02
2.320000000000000000e+02
2.140000000000000000e+02
2.230000000000000000e+02
2.250000000000000000e+02
2.190000000000000000e+02
2.220000000000000000e+02
2.170000000000000000e+02
2.320000000000000000e+02
2.080000000000000000e+02
2.120000000000000000e+02
2.220000000000000000e+02
2.040000000000000000e+02
2.250000000000000000e+02
2.050000000000000000e+02
2.140000000000000000e+02
2.170000000000000000e+02
2.220000000000000000e+02
2.110000000000000000e+02
2.150000000000000000e+02
2.100000000000000000e+02
2.040000000000000000e+02
2.130000000000000000e+02
2.190000000000000000e+02
2.160000000000000000e+02
2.060000000000000000e+02
1.930000000000000000e+02
2.080000000000000000e+02
2.230000000000000000e+02
2.100000000000000000e+02
2.090000000000000000e+02
2.150000000000000000e+02
1.970000000000000000e+02
1.990000000000000000e+02
1.970000000000000000e+02
2.070000000000000000e+02
1.950000000000000000e+02
1.870000000000000000e+02
2.120000000000000000e+02
1.960000000000000000e+02
2.030000000000000000e+02
2.030000000000000000e+02
1.960000000000000000e+02
1.980000000000000000e+02
1.940000000000000000e+02
1.920000000000000000e+02
2.120000000000000000e+02
2.090000000000000000e+02
1.930000000000000000e+02
1.940000000000000000e+02
2.010000000000000000e+02
2.060000000000000000e+02
2.040000000000000000e+02
1.800000000000000000e+02
1.900000000000000000e+02
1.950000000000000000e+02
1.970000000000000000e+02
