6.190000000000000000e+02
6.530000000000000000e+02
6.350000000000000000e+02
6.410000000000000000e+02
6.360000000000000000e+02
6.830000000000000000e+02
6.350000000000000000e+02
6.830000000000000000e+02
6.600000000000000000e+02
6.970000000000000000e+02
6.720000000000000000e+02
6.760000000000000000e+02
6.750000000000000000e+02
6.740000000000000000e+02
6.880000000000000000e+02
6.660000000000000000e+02
6.810000000000000000e+02
6.750000000000000000e+02
6.810000000000000000e+02
6.580000000000000000e+02
6.700000000000000000e+02
6.750000000000000000e+02
6.830000000000000000e+02
6.920000000000000000e+02
6.700000000000000000e+02
6.500000000000000000e+02
6.470000000000000000e+02
6.950000000000000000e+02
6.890000000000000000e+02
6.810000000000000000e+02
7.020000000000000000e+02
6.400000000000000000e+02
6.640000000000000000e+02
6.440000000000000000e+02
6.350000000000000000e+02
6.060000000000000000e+02
5.660000000000000000e+02
5.500000000000000000e+02
4.860000000000000000e+02
4.240000000000000000e+02
4.340000000000000000e+02
5.170000000000000000e+02
5.410000000000000000e+02
5.930000000000000000e+02
5.930000000000000000e+02
6.530000000000000000e+02
7.040000000000000000e+02
6.400000000000000000e+02
6.710000000000000000e+02
6.920000000000000000e+02
6.800000000000000000e+02
6.980000000000000000e+02
6.970000000000000000e+02
6.870000000000000000e+02
6.970000000000000000e+02
6.930000000000000000e+02
7.130000000000000000e+02
7.350000000000000000e+02
6.990000000000000000e+02
7.120000000000000000e+02
7.270000000000000000e+02
7.150000000000000000e+02
7.200000000000000000e+02
7.190000000000000000e+02
7.090000000000000000e+02
7.160000000000000000e+02
7.280000000000000000e+02
7.180000000000000000e+02
7.070000000000000000e+02
6.870000000000000000e+02
6.930000000000000000e+02
7.010000000000000000e+02
7.010000000000000000e+02
7.280000000000000000e+02
7.230000000000000000e+02
7.310000000000000000e+02
7.120000000000000000e+02
7.080000000000000000e+02
6.940000000000000000e+02
7.070000000000000000e+02
6.910000000000000000e+02
6.890000000000000000e+02
7.380000000000000000e+02
7.540000000000000000e+02
7.190000000000000000e+02
6.950000000000000000e+02
7.150000000000000000e+02
7.450000000000000000e+02
7.660000000000000000e+02
7.680000000000000000e+02
7.270000000000000000e+02
7.120000000000000000e+02
7.360000000000000000e+02
7.060000000000000000e+02
7.490000000000000000e+02
7.310000000000000000e+02
7.690000000000000000e+02
7.140000000000000000e+02
7.410000000000000000e+02
7.720000000000000000e+02
7.630000000000000000e+02
7.430000000000000000e+02
7.460000000000000000e+02
7.750000000000000000e+02
7.980000000000000000e+02
8.070000000000000000e+02
7.680000000000000000e+02
7.820000000000000000e+02
8.030000000000000000e+02
7.810000000000000000e+02
7.590000000000000000e+02
7.740000000000000000e+02
8.020000000000000000e+02
7.910000000000000000e+02
8.560000000000000000e+02
7.950000000000000000e+02
8.330000000000000000e+02
8.020000000000000000e+02
8.430000000000000000e+02
8.660000000000000000e+02
8.550000000000000000e+02
8.280000000000000000e+02
8.620000000000000000e+02
8.680000000000000000e+02
8.980000000000000000e+02
8.670000000000000000e+02
8.490000000000000000e+02
8.660000000000000000e+02
8.580000000000000000e+02
8.970000000000000000e+02
9.550000000000000000e+02
9.160000000000000000e+02
9.330000000000000000e+02
9.500000000000000000e+02
9.110000000000000000e+02
9.440000000000000000e+02
9.300000000000000000e+02
9.470000000000000000e+02
9.530000000000000000e+02
9.800000000000000000e+02
9.380000000000000000e+02
9.740000000000000000e+02
9.440000000000000000e+02
9.630000000000000000e+02
8.860000000000000000e+02
9.410000000000000000e+02
9.650000000000000000e+02
9.780000000000000000e+02
9.350000000000000000e+02
9.770000000000000000e+02
9.870000000000000000e+02
1.008000000000000000e+03
9.770000000000000000e+02
9.310000000000000000e+02
9.590000000000000000e+02
1.004000000000000000e+03
1.017000000000000000e+03
1.008000000000000000e+03
9.960000000000000000e+02
1.008000000000000000e+03
1.026000000000000000e+03
1.000000000000000000e+03
9.850000000000000000e+02
9.730000000000000000e+02
9.780000000000000000e+02
9.970000000000000000e+02
1.017000000000000000e+03
1.008000000000000000e+03
1.012000000000000000e+03
9.970000000000000000e+02
1.027000000000000000e+03
9.950000000000000000e+02
1.045000000000000000e+03
9.940000000000000000e+02
1.028000000000000000e+03
1.016000000000000000e+03
1.060000000000000000e+03
1.043000000000000000e+03
1.041000000000000000e+03
1.005000000000000000e+03
1.073000000000000000e+03
1.042000000000000000e+03
1.019000000000000000e+03
1.047000000000000000e+03
1.024000000000000000e+03
1.107000000000000000e+03
1.061000000000000000e+03
1.099000000000000000e+03
1.104000000000000000e+03
1.069000000000000000e+03
1.060000000000000000e+03
1.087000000000000000e+03
1.083000000000000000e+03
1.114000000000000000e+03
1.104000000000000000e+03
1.090000000000000000e+03
1.123000000000000000e+03
1.099000000000000000e+03
1.102000000000000000e+03
1.125000000000000000e+03
1.153000000000000000e+03
1.152000000000000000e+03
1.152000000000000000e+03
1.158000000000000000e+03
1.139000000000000000e+03
1.135000000000000000e+03
1.134000000000000000e+03
1.114000000000000000e+03
1.198000000000000000e+03
1.120000000000000000e+03
1.163000000000000000e+03
1.221000000000000000e+03
1.181000000000000000e+03
1.157000000000000000e+03
1.198000000000000000e+03
1.227000000000000000e+03
1.208000000000000000e+03
1.211000000000000000e+03
1.239000000000000000e+03
1.238000000000000000e+03
1.271000000000000000e+03
1.202000000000000000e+03
1.239000000000000000e+03
1.271000000000000000e+03
1.225000000000000000e+03
1.220000000000000000e+03
1.281000000000000000e+03
1.267000000000000000e+03
1.264000000000000000e+03
1.292000000000000000e+03
1.270000000000000000e+03
1.300000000000000000e+03
1.284000000000000000e+03
1.270000000000000000e+03
1.282000000000000000e+03
1.301000000000000000e+03
1.269000000000000000e+03
1.289000000000000000e+03
1.290000000000000000e+03
1.301000000000000000e+03
1.292000000000000000e+03
1.296000000000000000e+03
1.316000000000000000e+03
1.289000000000000000e+03
1.276000000000000000e+03
1.337000000000000000e+03
1.309000000000000000e+03
1.297000000000000000e+03
1.292000000000000000e+03
1.274000000000000000e+03
1.335000000000000000e+03
1.375000000000000000e+03
1.299000000000000000e+03
1.345000000000000000e+03
1.365000000000000000e+03
1.387000000000000000e+03
1.379000000000000000e+03
1.351000000000000000e+03
1.335000000000000000e+03
1.395000000000000000e+03
1.376000000000000000e+03
1.400000000000000000e+03
1.332000000000000000e+03
1.376000000000000000e+03
1.367000000000000000e+03
1.390000000000000000e+03
1.390000000000000000e+03
1.413000000000000000e+03
1.369000000000000000e+03
1.352000000000000000e+03
1.394000000000000000e+03
1.354000000000000000e+03
1.387000000000000000e+03
1.352000000000000000e+03
1.402000000000000000e+03
1.414000000000000000e+03
1.365000000000000000e+03
1.359000000000000000e+03
1.313000000000000000e+03
1.326000000000000000e+03
1.282000000000000000e+03
1.316000000000000000e+03
1.331000000000000000e+03
1.319000000000000000e+03
1.309000000000000000e+03
1.341000000000000000e+03
1.309000000000000000e+03
1.311000000000000000e+03
1.363000000000000000e+03
1.368000000000000000e+03
1.339000000000000000e+03
1.367000000000000000e+03
1.323000000000000000e+03
1.348000000000000000e+03
1.377000000000000000e+03
1.371000000000000000e+03
1.380000000000000000e+03
1.408000000000000000e+03
1.345000000000000000e+03
1.368000000000000000e+03
1.372000000000000000e+03
1.358000000000000000e+03
1.393000000000000000e+03
1.411000000000000000e+03
1.358000000000000000e+03
1.337000000000000000e+03
1.333000000000000000e+03
1.287000000000000000e+03
1.316000000000000000e+03
1.322000000000000000e+03
1.316000000000000000e+03
1.299000000000000000e+03
1.311000000000000000e+03
1.297000000000000000e+03
1.301000000000000000e+03
1.314000000000000000e+03
1.264000000000000000e+03
1.264000000000000000e+03
1.276000000000000000e+03
1.287000000000000000e+03
1.273000000000000000e+03
1.250000000000000000e+03
1.233000000000000000e+03
1.302000000000000000e+03
1.268000000000000000e+03
1.279000000000000000e+03
1.258000000000000000e+03
1.263000000000000000e+03
1.274000000000000000e+03
1.290000000000000000e+03
1.264000000000000000e+03
1.289000000000000000e+03
1.211000000000000000e+03
1.246000000000000000e+03
1.269000000000000000e+03
1.273000000000000000e+03
1.247000000000000000e+03
1.336000000000000000e+03
1.222000000000000000e+03
1.228000000000000000e+03
1.280000000000000000e+03
1.224000000000000000e+03
1.242000000000000000e+03
1.234000000000000000e+03
1.245000000000000000e+03
1.281000000000000000e+03
1.234000000000000000e+03
1.210000000000000000e+03
1.253000000000000000e+03
1.252000000000000000e+03
1.247000000000000000e+03
1.281000000000000000e+03
1.241000000000000000e+03
1.283000000000000000e+03
1.217000000000000000e+03
1.263000000000000000e+03
1.220000000000000000e+03
1.304000000000000000e+03
1.259000000000000000e+03
1.255000000000000000e+03
1.275000000000000000e+03
1.278000000000000000e+03
1.213000000000000000e+03
1.247000000000000000e+03
1.240000000000000000e+03
1.243000000000000000e+03
1.257000000000000000e+03
1.256000000000000000e+03
1.239000000000000000e+03
1.254000000000000000e+03
1.171000000000000000e+03
1.195000000000000000e+03
1.210000000000000000e+03
1.220000000000000000e+03
1.189000000000000000e+03
1.219000000000000000e+03
1.203000000000000000e+03
1.222000000000000000e+03
1.238000000000000000e+03
1.232000000000000000e+03
1.271000000000000000e+03
1.236000000000000000e+03
1.230000000000000000e+03
1.234000000000000000e+03
1.237000000000000000e+03
1.251000000000000000e+03
1.238000000000000000e+03
1.226000000000000000e+03
1.294000000000000000e+03
1.264000000000000000e+03
1.223000000000000000e+03
1.225000000000000000e+03
1.258000000000000000e+03
1.206000000000000000e+03
1.261000000000000000e+03
1.291000000000000000e+03
1.207000000000000000e+03
1.293000000000000000e+03
1.257000000000000000e+03
1.276000000000000000e+03
1.256000000000000000e+03
1.248000000000000000e+03
1.260000000000000000e+03
1.224000000000000000e+03
1.294000000000000000e+03
1.249000000000000000e+03
1.274000000000000000e+03
1.258000000000000000e+03
1.273000000000000000e+03
1.257000000000000000e+03
1.267000000000000000e+03
1.285000000000000000e+03
1.249000000000000000e+03
1.247000000000000000e+03
1.291000000000000000e+03
1.260000000000000000e+03
1.284000000000000000e+03
1.231000000000000000e+03
1.248000000000000000e+03
1.283000000000000000e+03
1.322000000000000000e+03
1.245000000000000000e+03
1.304000000000000000e+03
1.269000000000000000e+03
1.291000000000000000e+03
1.250000000000000000e+03
1.267000000000000000e+03
1.213000000000000000e+03
1.232000000000000000e+03
1.259000000000000000e+03
1.238000000000000000e+03
1.208000000000000000e+03
1.187000000000000000e+03
1.121000000000000000e+03
1.051000000000000000e+03
9.660000000000000000e+02
8.260000000000000000e+02
8.600000000000000000e+02
9.470000000000000000e+02
1.067000000000000000e+03
1.150000000000000000e+03
1.141000000000000000e+03
1.194000000000000000e+03
1.196000000000000000e+03
1.260000000000000000e+03
1.254000000000000000e+03
1.231000000000000000e+03
1.258000000000000000e+03
1.321000000000000000e+03
1.258000000000000000e+03
1.294000000000000000e+03
1.320000000000000000e+03
1.257000000000000000e+03
1.300000000000000000e+03
1.277000000000000000e+03
1.241000000000000000e+03
1.306000000000000000e+03
1.272000000000000000e+03
1.262000000000000000e+03
1.255000000000000000e+03
1.268000000000000000e+03
1.266000000000000000e+03
1.257000000000000000e+03
1.281000000000000000e+03
1.235000000000000000e+03
1.249000000000000000e+03
1.274000000000000000e+03
1.263000000000000000e+03
1.267000000000000000e+03
1.228000000000000000e+03
1.255000000000000000e+03
1.218000000000000000e+03
1.256000000000000000e+03
1.240000000000000000e+03
1.278000000000000000e+03
1.232000000000000000e+03
1.270000000000000000e+03
1.225000000000000000e+03
1.226000000000000000e+03
1.197000000000000000e+03
1.218000000000000000e+03
1.218000000000000000e+03
1.175000000000000000e+03
1.182000000000000000e+03
1.195000000000000000e+03
1.177000000000000000e+03
1.178000000000000000e+03
1.176000000000000000e+03
1.162000000000000000e+03
1.203000000000000000e+03
1.179000000000000000e+03
1.174000000000000000e+03
1.154000000000000000e+03
1.186000000000000000e+03
1.132000000000000000e+03
1.175000000000000000e+03
1.138000000000000000e+03
1.162000000000000000e+03
1.141000000000000000e+03
1.122000000000000000e+03
1.136000000000000000e+03
1.129000000000000000e+03
1.133000000000000000e+03
1.100000000000000000e+03
1.098000000000000000e+03
1.093000000000000000e+03
1.112000000000000000e+03
1.035000000000000000e+03
9.010000000000000000e+02
8.250000000000000000e+02
9.400000000000000000e+02
9.650000000000000000e+02
9.830000000000000000e+02
9.560000000000000000e+02
9.480000000000000000e+02
9.460000000000000000e+02
9.440000000000000000e+02
9.800000000000000000e+02
9.660000000000000000e+02
9.900000000000000000e+02
1.025000000000000000e+03
1.034000000000000000e+03
9.980000000000000000e+02
9.940000000000000000e+02
1.022000000000000000e+03
9.840000000000000000e+02
9.930000000000000000e+02
9.770000000000000000e+02
1.034000000000000000e+03
9.610000000000000000e+02
9.420000000000000000e+02
9.800000000000000000e+02
1.000000000000000000e+03
1.033000000000000000e+03
9.790000000000000000e+02
9.660000000000000000e+02
9.580000000000000000e+02
9.780000000000000000e+02
9.680000000000000000e+02
9.480000000000000000e+02
9.620000000000000000e+02
9.500000000000000000e+02
9.820000000000000000e+02
9.820000000000000000e+02
9.420000000000000000e+02
9.370000000000000000e+02
9.300000000000000000e+02
9.260000000000000000e+02
9.290000000000000000e+02
9.500000000000000000e+02
9.360000000000000000e+02
9.300000000000000000e+02
9.490000000000000000e+02
9.400000000000000000e+02
9.410000000000000000e+02
9.130000000000000000e+02
9.620000000000000000e+02
9.310000000000000000e+02
9.460000000000000000e+02
9.510000000000000000e+02
9.350000000000000000e+02
8.940000000000000000e+02
9.470000000000000000e+02
9.050000000000000000e+02
9.320000000000000000e+02
9.350000000000000000e+02
9.250000000000000000e+02
9.360000000000000000e+02
9.350000000000000000e+02
8.850000000000000000e+02
9.150000000000000000e+02
8.790000000000000000e+02
8.890000000000000000e+02
9.040000000000000000e+02
9.110000000000000000e+02
8.710000000000000000e+02
8.720000000000000000e+02
8.680000000000000000e+02
8.290000000000000000e+02
8.550000000000000000e+02
8.510000000000000000e+02
8.290000000000000000e+02
7.660000000000000000e+02
8.030000000000000000e+02
8.000000000000000000e+02
7.750000000000000000e+02
8.190000000000000000e+02
8.050000000000000000e+02
8.320000000000000000e+02
8.450000000000000000e+02
8.320000000000000000e+02
8.430000000000000000e+02
8.390000000000000000e+02
8.090000000000000000e+02
8.240000000000000000e+02
7.980000000000000000e+02
8.120000000000000000e+02
7.830000000000000000e+02
8.080000000000000000e+02
7.690000000000000000e+02
8.020000000000000000e+02
8.380000000000000000e+02
8.110000000000000000e+02
7.770000000000000000e+02
7.950000000000000000e+02
8.020000000000000000e+02
8.380000000000000000e+02
8.110000000000000000e+02
8.070000000000000000e+02
8.160000000000000000e+02
8.020000000000000000e+02
8.260000000000000000e+02
7.910000000000000000e+02
7.880000000000000000e+02
8.050000000000000000e+02
7.930000000000000000e+02
8.130000000000000000e+02
8.160000000000000000e+02
8.140000000000000000e+02
8.030000000000000000e+02
7.960000000000000000e+02
8.240000000000000000e+02
8.100000000000000000e+02
7.700000000000000000e+02
8.030000000000000000e+02
8.260000000000000000e+02
7.820000000000000000e+02
8.140000000000000000e+02
7.770000000000000000e+02
7.910000000000000000e+02
7.860000000000000000e+02
7.970000000000000000e+02
7.700000000000000000e+02
7.990000000000000000e+02
8.190000000000000000e+02
7.940000000000000000e+02
8.310000000000000000e+02
7.940000000000000000e+02
7.880000000000000000e+02
8.320000000000000000e+02
7.810000000000000000e+02
7.710000000000000000e+02
7.740000000000000000e+02
7.970000000000000000e+02
7.740000000000000000e+02
7.880000000000000000e+02
7.950000000000000000e+02
7.860000000000000000e+02
7.440000000000000000e+02
7.780000000000000000e+02
7.860000000000000000e+02
7.960000000000000000e+02
7.380000000000000000e+02
7.850000000000000000e+02
7.730000000000000000e+02
7.740000000000000000e+02
7.580000000000000000e+02
7.370000000000000000e+02
7.470000000000000000e+02
7.590000000000000000e+02
7.170000000000000000e+02
7.580000000000000000e+02
7.630000000000000000e+02
7.550000000000000000e+02
7.440000000000000000e+02
7.400000000000000000e+02
7.620000000000000000e+02
7.200000000000000000e+02
7.310000000000000000e+02
7.220000000000000000e+02
7.060000000000000000e+02
7.140000000000000000e+02
7.100000000000000000e+02
7.120000000000000000e+02
6.700000000000000000e+02
6.940000000000000000e+02
6.860000000000000000e+02
5.980000000000000000e+02
4.650000000000000000e+02
3.330000000000000000e+02
2.700000000000000000e+02
2.850000000000000000e+02
3.380000000000000000e+02
4.350000000000000000e+02
4.560000000000000000e+02
4.250000000000000000e+02
3.950000000000000000e+02
3.650000000000000000e+02
4.120000000000000000e+02
4.130000000000000000e+02
4.430000000000000000e+02
4.760000000000000000e+02
4.950000000000000000e+02
5.260000000000000000e+02
5.600000000000000000e+02
5.390000000000000000e+02
5.860000000000000000e+02
5.520000000000000000e+02
5.650000000000000000e+02
6.220000000000000000e+02
5.880000000000000000e+02
5.930000000000000000e+02
5.940000000000000000e+02
6.070000000000000000e+02
5.860000000000000000e+02
6.020000000000000000e+02
5.840000000000000000e+02
5.740000000000000000e+02
6.310000000000000000e+02
5.900000000000000000e+02
5.650000000000000000e+02
5.940000000000000000e+02
5.650000000000000000e+02
6.030000000000000000e+02
5.650000000000000000e+02
5.760000000000000000e+02
5.690000000000000000e+02
5.400000000000000000e+02
5.640000000000000000e+02
5.270000000000000000e+02
5.210000000000000000e+02
5.160000000000000000e+02
5.250000000000000000e+02
5.460000000000000000e+02
5.240000000000000000e+02
5.310000000000000000e+02
5.690000000000000000e+02
5.280000000000000000e+02
5.620000000000000000e+02
5.330000000000000000e+02
5.120000000000000000e+02
5.240000000000000000e+02
5.370000000000000000e+02
5.370000000000000000e+02
5.320000000000000000e+02
5.260000000000000000e+02
5.170000000000000000e+02
5.150000000000000000e+02
5.150000000000000000e+02
5.100000000000000000e+02
5.090000000000000000e+02
5.200000000000000000e+02
4.960000000000000000e+02
5.150000000000000000e+02
5.050000000000000000e+02
5.070000000000000000e+02
4.810000000000000000e+02
4.820000000000000000e+02
4.790000000000000000e+02
4.950000000000000000e+02
4.950000000000000000e+02
5.160000000000000000e+02
4.810000000000000000e+02
4.950000000000000000e+02
5.030000000000000000e+02
4.710000000000000000e+02
4.690000000000000000e+02
5.080000000000000000e+02
4.840000000000000000e+02
5.110000000000000000e+02
5.080000000000000000e+02
5.190000000000000000e+02
5.100000000000000000e+02
5.210000000000000000e+02
4.990000000000000000e+02
