5.079000000000000000e+03
5.090000000000000000e+03
5.088000000000000000e+03
5.174000000000000000e+03
5.196000000000000000e+03
5.244000000000000000e+03
5.322000000000000000e+03
5.274000000000000000e+03
5.301000000000000000e+03
5.330000000000000000e+03
5.293000000000000000e+03
5.437000000000000000e+03
5.505000000000000000e+03
5.371000000000000000e+03
5.601000000000000000e+03
5.563000000000000000e+03
5.584000000000000000e+03
5.620000000000000000e+03
5.575000000000000000e+03
5.651000000000000000e+03
5.575000000000000000e+03
5.757000000000000000e+03
5.754000000000000000e+03
5.783000000000000000e+03
5.844000000000000000e+03
5.771000000000000000e+03
5.843000000000000000e+03
5.790000000000000000e+03
5.811000000000000000e+03
5.893000000000000000e+03
5.780000000000000000e+03
5.703000000000000000e+03
5.661000000000000000e+03
5.615000000000000000e+03
5.359000000000000000e+03
5.134000000000000000e+03
4.840000000000000000e+03
4.260000000000000000e+03
3.539000000000000000e+03
2.779000000000000000e+03
2.837000000000000000e+03
3.609000000000000000e+03
4.453000000000000000e+03
4.844000000000000000e+03
5.292000000000000000e+03
5.444000000000000000e+03
5.691000000000000000e+03
5.804000000000000000e+03
5.909000000000000000e+03
6.049000000000000000e+03
6.121000000000000000e+03
6.112000000000000000e+03
6.081000000000000000e+03
6.092000000000000000e+03
6.183000000000000000e+03
6.167000000000000000e+03
6.237000000000000000e+03
6.252000000000000000e+03
6.330000000000000000e+03
6.348000000000000000e+03
6.288000000000000000e+03
6.340000000000000000e+03
6.274000000000000000e+03
6.333000000000000000e+03
6.373000000000000000e+03
6.321000000000000000e+03
6.366000000000000000e+03
6.294000000000000000e+03
6.411000000000000000e+03
6.348000000000000000e+03
6.420000000000000000e+03
6.502000000000000000e+03
6.422000000000000000e+03
6.295000000000000000e+03
6.321000000000000000e+03
6.497000000000000000e+03
6.237000000000000000e+03
6.382000000000000000e+03
6.407000000000000000e+03
6.536000000000000000e+03
6.443000000000000000e+03
6.548000000000000000e+03
6.546000000000000000e+03
6.499000000000000000e+03
6.398000000000000000e+03
6.432000000000000000e+03
6.481000000000000000e+03
6.602000000000000000e+03
6.675000000000000000e+03
6.674000000000000000e+03
6.565000000000000000e+03
6.703000000000000000e+03
6.750000000000000000e+03
6.760000000000000000e+03
6.901000000000000000e+03
6.908000000000000000e+03
7.068000000000000000e+03
6.945000000000000000e+03
7.077000000000000000e+03
7.047000000000000000e+03
7.118000000000000000e+03
7.022000000000000000e+03
7.195000000000000000e+03
7.247000000000000000e+03
7.320000000000000000e+03
7.234000000000000000e+03
7.417000000000000000e+03
7.404000000000000000e+03
7.423000000000000000e+03
7.637000000000000000e+03
7.706000000000000000e+03
7.516000000000000000e+03
7.581000000000000000e+03
7.787000000000000000e+03
7.876000000000000000e+03
7.998000000000000000e+03
7.946000000000000000e+03
8.092000000000000000e+03
8.200000000000000000e+03
8.349000000000000000e+03
8.378000000000000000e+03
8.382000000000000000e+03
8.482000000000000000e+03
8.593000000000000000e+03
8.599000000000000000e+03
8.634000000000000000e+03
8.705000000000000000e+03
8.822000000000000000e+03
8.947000000000000000e+03
9.011000000000000000e+03
9.062000000000000000e+03
9.100000000000000000e+03
9.061000000000000000e+03
9.243000000000000000e+03
9.195000000000000000e+03
9.333000000000000000e+03
9.325000000000000000e+03
9.392000000000000000e+03
9.600000000000000000e+03
9.655000000000000000e+03
9.704000000000000000e+03
9.744000000000000000e+03
9.809000000000000000e+03
9.910000000000000000e+03
9.887000000000000000e+03
9.925000000000000000e+03
9.810000000000000000e+03
9.987000000000000000e+03
1.000600000000000000e+04
1.007500000000000000e+04
1.020300000000000000e+04
1.023300000000000000e+04
1.031900000000000000e+04
1.037400000000000000e+04
1.038400000000000000e+04
1.046300000000000000e+04
1.046800000000000000e+04
1.065100000000000000e+04
1.055000000000000000e+04
1.056900000000000000e+04
1.060400000000000000e+04
1.064500000000000000e+04
1.061900000000000000e+04
1.067400000000000000e+04
1.073600000000000000e+04
1.070900000000000000e+04
1.056000000000000000e+04
1.076300000000000000e+04
1.071300000000000000e+04
1.082900000000000000e+04
1.086400000000000000e+04
1.075300000000000000e+04
1.083600000000000000e+04
1.078800000000000000e+04
1.084000000000000000e+04
1.082500000000000000e+04
1.100700000000000000e+04
1.088900000000000000e+04
1.072100000000000000e+04
1.089300000000000000e+04
1.102800000000000000e+04
1.085100000000000000e+04
1.106000000000000000e+04
1.096800000000000000e+04
1.106000000000000000e+04
1.099800000000000000e+04
1.108300000000000000e+04
1.110500000000000000e+04
1.111800000000000000e+04
1.118100000000000000e+04
1.115000000000000000e+04
1.126400000000000000e+04
1.120000000000000000e+04
1.132900000000000000e+04
1.129500000000000000e+04
1.137800000000000000e+04
1.127400000000000000e+04
1.143300000000000000e+04
1.154000000000000000e+04
1.155200000000000000e+04
1.169000000000000000e+04
1.171300000000000000e+04
1.157100000000000000e+04
1.182100000000000000e+04
1.181400000000000000e+04
1.186900000000000000e+04
1.197600000000000000e+04
1.186400000000000000e+04
1.213900000000000000e+04
1.197800000000000000e+04
1.212400000000000000e+04
1.220200000000000000e+04
1.217700000000000000e+04
1.216400000000000000e+04
1.225700000000000000e+04
1.242900000000000000e+04
1.245400000000000000e+04
1.253900000000000000e+04
1.263000000000000000e+04
1.264300000000000000e+04
1.297100000000000000e+04
1.291800000000000000e+04
1.288800000000000000e+04
1.291300000000000000e+04
1.300800000000000000e+04
1.329200000000000000e+04
1.341400000000000000e+04
1.356100000000000000e+04
1.361500000000000000e+04
1.359800000000000000e+04
1.365800000000000000e+04
1.360100000000000000e+04
1.358000000000000000e+04
1.370300000000000000e+04
1.372500000000000000e+04
1.393800000000000000e+04
1.395900000000000000e+04
1.403400000000000000e+04
1.402400000000000000e+04
1.420400000000000000e+04
1.416500000000000000e+04
1.429600000000000000e+04
1.433300000000000000e+04
1.438100000000000000e+04
1.449300000000000000e+04
1.457600000000000000e+04
1.449300000000000000e+04
1.469100000000000000e+04
1.481100000000000000e+04
1.467900000000000000e+04
1.469300000000000000e+04
1.496300000000000000e+04
1.480800000000000000e+04
1.504000000000000000e+04
1.503100000000000000e+04
1.526000000000000000e+04
1.514300000000000000e+04
1.510500000000000000e+04
1.538100000000000000e+04
1.544000000000000000e+04
1.541300000000000000e+04
1.562000000000000000e+04
1.565200000000000000e+04
1.579500000000000000e+04
1.572600000000000000e+04
1.581500000000000000e+04
1.594500000000000000e+04
1.577700000000000000e+04
1.602400000000000000e+04
1.589000000000000000e+04
1.588700000000000000e+04
1.595900000000000000e+04
1.584300000000000000e+04
1.602200000000000000e+04
1.589400000000000000e+04
1.602800000000000000e+04
1.584700000000000000e+04
1.601200000000000000e+04
1.595800000000000000e+04
1.574200000000000000e+04
1.566600000000000000e+04
1.569500000000000000e+04
1.594500000000000000e+04
1.626100000000000000e+04
1.605700000000000000e+04
1.620200000000000000e+04
1.602700000000000000e+04
1.607100000000000000e+04
1.619100000000000000e+04
1.633100000000000000e+04
1.635800000000000000e+04
1.618000000000000000e+04
1.623200000000000000e+04
1.624400000000000000e+04
1.628800000000000000e+04
1.645700000000000000e+04
1.636100000000000000e+04
1.631300000000000000e+04
1.613700000000000000e+04
1.624900000000000000e+04
1.617100000000000000e+04
1.638000000000000000e+04
1.663500000000000000e+04
1.668300000000000000e+04
1.663200000000000000e+04
1.675900000000000000e+04
1.681400000000000000e+04
1.653500000000000000e+04
1.677200000000000000e+04
1.672900000000000000e+04
1.671900000000000000e+04
1.686900000000000000e+04
1.683200000000000000e+04
1.659000000000000000e+04
1.675200000000000000e+04
1.658000000000000000e+04
1.667600000000000000e+04
1.659400000000000000e+04
1.669800000000000000e+04
1.650600000000000000e+04
1.668900000000000000e+04
1.660100000000000000e+04
1.652500000000000000e+04
1.659000000000000000e+04
1.643800000000000000e+04
1.649200000000000000e+04
1.667600000000000000e+04
1.652300000000000000e+04
1.638900000000000000e+04
1.648200000000000000e+04
1.639800000000000000e+04
1.651300000000000000e+04
1.650700000000000000e+04
1.644400000000000000e+04
1.649000000000000000e+04
1.645000000000000000e+04
1.638700000000000000e+04
1.652000000000000000e+04
1.645800000000000000e+04
1.664100000000000000e+04
1.639800000000000000e+04
1.636800000000000000e+04
1.633700000000000000e+04
1.652200000000000000e+04
1.670800000000000000e+04
1.653800000000000000e+04
1.663700000000000000e+04
1.659100000000000000e+04
1.670200000000000000e+04
1.684100000000000000e+04
1.668500000000000000e+04
1.677600000000000000e+04
1.685600000000000000e+04
1.681400000000000000e+04
1.673200000000000000e+04
1.690800000000000000e+04
1.662900000000000000e+04
1.674900000000000000e+04
1.663000000000000000e+04
1.670100000000000000e+04
1.683700000000000000e+04
1.685100000000000000e+04
1.662300000000000000e+04
1.679300000000000000e+04
1.659600000000000000e+04
1.689100000000000000e+04
1.697500000000000000e+04
1.677900000000000000e+04
1.692300000000000000e+04
1.676500000000000000e+04
1.620300000000000000e+04
1.626800000000000000e+04
1.650000000000000000e+04
1.660700000000000000e+04
1.676300000000000000e+04
1.687500000000000000e+04
1.680100000000000000e+04
1.705300000000000000e+04
1.694700000000000000e+04
1.705900000000000000e+04
1.705900000000000000e+04
1.698800000000000000e+04
1.720800000000000000e+04
1.735900000000000000e+04
1.723100000000000000e+04
1.719100000000000000e+04
1.697400000000000000e+04
1.731800000000000000e+04
1.724800000000000000e+04
1.747200000000000000e+04
1.739100000000000000e+04
1.739700000000000000e+04
1.726500000000000000e+04
1.713400000000000000e+04
1.761000000000000000e+04
1.748000000000000000e+04
1.743600000000000000e+04
1.718000000000000000e+04
1.747700000000000000e+04
1.748500000000000000e+04
1.739700000000000000e+04
1.733400000000000000e+04
1.729000000000000000e+04
1.744800000000000000e+04
1.756700000000000000e+04
1.748300000000000000e+04
1.773000000000000000e+04
1.756500000000000000e+04
1.783400000000000000e+04
1.782300000000000000e+04
1.771200000000000000e+04
1.759400000000000000e+04
1.745100000000000000e+04
1.772600000000000000e+04
1.776800000000000000e+04
1.755400000000000000e+04
1.758500000000000000e+04
1.743100000000000000e+04
1.741000000000000000e+04
1.760500000000000000e+04
1.754100000000000000e+04
1.748800000000000000e+04
1.783100000000000000e+04
1.770200000000000000e+04
1.737500000000000000e+04
1.723200000000000000e+04
1.718600000000000000e+04
1.728700000000000000e+04
1.701400000000000000e+04
1.698300000000000000e+04
1.662200000000000000e+04
1.634200000000000000e+04
1.584800000000000000e+04
1.486600000000000000e+04
1.403900000000000000e+04
1.264200000000000000e+04
1.057800000000000000e+04
1.016200000000000000e+04
1.172200000000000000e+04
1.348000000000000000e+04
1.463800000000000000e+04
1.535300000000000000e+04
1.598500000000000000e+04
1.635000000000000000e+04
1.666600000000000000e+04
1.695800000000000000e+04
1.708800000000000000e+04
1.730300000000000000e+04
1.712600000000000000e+04
1.729700000000000000e+04
1.710900000000000000e+04
1.724600000000000000e+04
1.734800000000000000e+04
1.738500000000000000e+04
1.706700000000000000e+04
1.731600000000000000e+04
1.722100000000000000e+04
1.696500000000000000e+04
1.712000000000000000e+04
1.734000000000000000e+04
1.713700000000000000e+04
1.710400000000000000e+04
1.707600000000000000e+04
1.690900000000000000e+04
1.706600000000000000e+04
1.700400000000000000e+04
1.703400000000000000e+04
1.681700000000000000e+04
1.688400000000000000e+04
1.682600000000000000e+04
1.676100000000000000e+04
1.657400000000000000e+04
1.677900000000000000e+04
1.670500000000000000e+04
1.641700000000000000e+04
1.644000000000000000e+04
1.648500000000000000e+04
1.637100000000000000e+04
1.637100000000000000e+04
1.618800000000000000e+04
1.606900000000000000e+04
1.613600000000000000e+04
1.595500000000000000e+04
1.599100000000000000e+04
1.610600000000000000e+04
1.582000000000000000e+04
1.592500000000000000e+04
1.591200000000000000e+04
1.580300000000000000e+04
1.565700000000000000e+04
1.564600000000000000e+04
1.581500000000000000e+04
1.559000000000000000e+04
1.570000000000000000e+04
1.551900000000000000e+04
1.552900000000000000e+04
1.511600000000000000e+04
1.507000000000000000e+04
1.511800000000000000e+04
1.513100000000000000e+04
1.499200000000000000e+04
1.494100000000000000e+04
1.501000000000000000e+04
1.484500000000000000e+04
1.493100000000000000e+04
1.477700000000000000e+04
1.454300000000000000e+04
1.351800000000000000e+04
1.108400000000000000e+04
1.024300000000000000e+04
1.113600000000000000e+04
1.232700000000000000e+04
1.248900000000000000e+04
1.216900000000000000e+04
1.203200000000000000e+04
1.216500000000000000e+04
1.235200000000000000e+04
1.263200000000000000e+04
1.277100000000000000e+04
1.300900000000000000e+04
1.307500000000000000e+04
1.319700000000000000e+04
1.308100000000000000e+04
1.295100000000000000e+04
1.289600000000000000e+04
1.267100000000000000e+04
1.275600000000000000e+04
1.291200000000000000e+04
1.290000000000000000e+04
1.289700000000000000e+04
1.276700000000000000e+04
1.296900000000000000e+04
1.278900000000000000e+04
1.300100000000000000e+04
1.289200000000000000e+04
1.272300000000000000e+04
1.259200000000000000e+04
1.241100000000000000e+04
1.242400000000000000e+04
1.236200000000000000e+04
1.231200000000000000e+04
1.231400000000000000e+04
1.235200000000000000e+04
1.230500000000000000e+04
1.218100000000000000e+04
1.218500000000000000e+04
1.214200000000000000e+04
1.226600000000000000e+04
1.213600000000000000e+04
1.199600000000000000e+04
1.211500000000000000e+04
1.199800000000000000e+04
1.199400000000000000e+04
1.198100000000000000e+04
1.185700000000000000e+04
1.201100000000000000e+04
1.204600000000000000e+04
1.181800000000000000e+04
1.189600000000000000e+04
1.178800000000000000e+04
1.182700000000000000e+04
1.177800000000000000e+04
1.161300000000000000e+04
1.165300000000000000e+04
1.172600000000000000e+04
1.160300000000000000e+04
1.151300000000000000e+04
1.154000000000000000e+04
1.164400000000000000e+04
1.140600000000000000e+04
1.127100000000000000e+04
1.152400000000000000e+04
1.137400000000000000e+04
1.136100000000000000e+04
1.126600000000000000e+04
1.120300000000000000e+04
1.114500000000000000e+04
1.091000000000000000e+04
1.067200000000000000e+04
1.017800000000000000e+04
1.003900000000000000e+04
9.888000000000000000e+03
9.650000000000000000e+03
9.621000000000000000e+03
9.734000000000000000e+03
9.723000000000000000e+03
9.605000000000000000e+03
9.833000000000000000e+03
1.027600000000000000e+04
1.054900000000000000e+04
1.067600000000000000e+04
1.059900000000000000e+04
1.029100000000000000e+04
9.886000000000000000e+03
9.643000000000000000e+03
9.606000000000000000e+03
9.752000000000000000e+03
9.863000000000000000e+03
9.493000000000000000e+03
9.840000000000000000e+03
9.730000000000000000e+03
9.674000000000000000e+03
9.572000000000000000e+03
9.484000000000000000e+03
9.566000000000000000e+03
9.701000000000000000e+03
9.678000000000000000e+03
9.594000000000000000e+03
9.678000000000000000e+03
9.682000000000000000e+03
9.811000000000000000e+03
9.709000000000000000e+03
9.737000000000000000e+03
9.749000000000000000e+03
9.826000000000000000e+03
9.971000000000000000e+03
9.884000000000000000e+03
9.899000000000000000e+03
9.827000000000000000e+03
9.721000000000000000e+03
9.755000000000000000e+03
9.717000000000000000e+03
9.620000000000000000e+03
9.576000000000000000e+03
9.475000000000000000e+03
9.524000000000000000e+03
9.520000000000000000e+03
9.569000000000000000e+03
9.542000000000000000e+03
9.448000000000000000e+03
9.530000000000000000e+03
9.358000000000000000e+03
9.468000000000000000e+03
9.414000000000000000e+03
9.446000000000000000e+03
9.385000000000000000e+03
9.297000000000000000e+03
9.289000000000000000e+03
9.338000000000000000e+03
9.197000000000000000e+03
9.280000000000000000e+03
9.200000000000000000e+03
9.116000000000000000e+03
9.097000000000000000e+03
9.079000000000000000e+03
9.049000000000000000e+03
9.106000000000000000e+03
8.829000000000000000e+03
8.943000000000000000e+03
8.791000000000000000e+03
8.903000000000000000e+03
8.869000000000000000e+03
8.748000000000000000e+03
8.807000000000000000e+03
8.791000000000000000e+03
8.592000000000000000e+03
8.747000000000000000e+03
8.585000000000000000e+03
8.656000000000000000e+03
8.491000000000000000e+03
8.502000000000000000e+03
8.375000000000000000e+03
8.372000000000000000e+03
8.374000000000000000e+03
8.256000000000000000e+03
8.298000000000000000e+03
8.184000000000000000e+03
8.246000000000000000e+03
8.097000000000000000e+03
8.097000000000000000e+03
8.057000000000000000e+03
8.101000000000000000e+03
8.042000000000000000e+03
8.000000000000000000e+03
7.864000000000000000e+03
7.791000000000000000e+03
7.611000000000000000e+03
6.754000000000000000e+03
4.490000000000000000e+03
2.602000000000000000e+03
1.688000000000000000e+03
1.691000000000000000e+03
2.657000000000000000e+03
4.090000000000000000e+03
4.418000000000000000e+03
3.565000000000000000e+03
3.279000000000000000e+03
3.328000000000000000e+03
3.589000000000000000e+03
3.901000000000000000e+03
4.280000000000000000e+03
4.743000000000000000e+03
5.069000000000000000e+03
5.507000000000000000e+03
5.772000000000000000e+03
6.014000000000000000e+03
6.148000000000000000e+03
6.208000000000000000e+03
6.320000000000000000e+03
6.338000000000000000e+03
6.409000000000000000e+03
6.425000000000000000e+03
6.454000000000000000e+03
6.377000000000000000e+03
6.425000000000000000e+03
6.352000000000000000e+03
6.264000000000000000e+03
6.226000000000000000e+03
6.216000000000000000e+03
6.228000000000000000e+03
6.173000000000000000e+03
6.085000000000000000e+03
6.002000000000000000e+03
6.094000000000000000e+03
5.898000000000000000e+03
5.936000000000000000e+03
5.827000000000000000e+03
5.793000000000000000e+03
5.729000000000000000e+03
5.469000000000000000e+03
5.305000000000000000e+03
5.347000000000000000e+03
5.463000000000000000e+03
5.599000000000000000e+03
5.579000000000000000e+03
5.460000000000000000e+03
5.440000000000000000e+03
5.439000000000000000e+03
5.367000000000000000e+03
5.323000000000000000e+03
5.349000000000000000e+03
5.281000000000000000e+03
5.239000000000000000e+03
5.191000000000000000e+03
5.075000000000000000e+03
5.076000000000000000e+03
5.092000000000000000e+03
4.935000000000000000e+03
5.024000000000000000e+03
5.024000000000000000e+03
4.953000000000000000e+03
4.933000000000000000e+03
4.887000000000000000e+03
4.774000000000000000e+03
4.750000000000000000e+03
4.732000000000000000e+03
4.671000000000000000e+03
4.747000000000000000e+03
4.605000000000000000e+03
4.634000000000000000e+03
4.509000000000000000e+03
4.567000000000000000e+03
4.511000000000000000e+03
4.476000000000000000e+03
4.562000000000000000e+03
4.632000000000000000e+03
4.543000000000000000e+03
4.531000000000000000e+03
4.505000000000000000e+03
4.498000000000000000e+03
4.465000000000000000e+03
4.495000000000000000e+03
4.403000000000000000e+03
4.299000000000000000e+03
4.293000000000000000e+03
