7.781000000000000000e+03
7.904000000000000000e+03
8.046000000000000000e+03
8.004000000000000000e+03
7.975000000000000000e+03
8.046000000000000000e+03
8.093000000000000000e+03
8.332000000000000000e+03
8.271000000000000000e+03
8.413000000000000000e+03
8.420000000000000000e+03
8.546000000000000000e+03
8.537000000000000000e+03
8.615000000000000000e+03
8.674000000000000000e+03
8.709000000000000000e+03
8.636000000000000000e+03
8.872000000000000000e+03
8.921000000000000000e+03
9.036000000000000000e+03
9.104000000000000000e+03
9.275000000000000000e+03
9.301000000000000000e+03
9.384000000000000000e+03
9.507000000000000000e+03
9.683000000000000000e+03
9.733000000000000000e+03
9.706000000000000000e+03
9.775000000000000000e+03
9.829000000000000000e+03
1.000700000000000000e+04
1.014200000000000000e+04
1.007000000000000000e+04
1.012700000000000000e+04
1.027000000000000000e+04
1.036500000000000000e+04
1.047000000000000000e+04
1.049400000000000000e+04
1.058900000000000000e+04
1.060400000000000000e+04
1.065000000000000000e+04
1.075000000000000000e+04
1.075400000000000000e+04
1.063200000000000000e+04
1.035900000000000000e+04
1.057400000000000000e+04
1.123400000000000000e+04
1.130400000000000000e+04
1.165100000000000000e+04
1.167900000000000000e+04
1.173800000000000000e+04
1.186200000000000000e+04
1.211500000000000000e+04
1.220300000000000000e+04
1.231300000000000000e+04
1.247000000000000000e+04
1.243800000000000000e+04
1.260900000000000000e+04
1.264700000000000000e+04
1.278600000000000000e+04
1.285000000000000000e+04
1.280400000000000000e+04
1.292200000000000000e+04
1.289700000000000000e+04
1.293600000000000000e+04
1.294800000000000000e+04
1.287500000000000000e+04
1.267000000000000000e+04
1.232000000000000000e+04
1.201300000000000000e+04
1.152300000000000000e+04
1.118300000000000000e+04
1.049200000000000000e+04
9.643000000000000000e+03
8.790000000000000000e+03
8.003000000000000000e+03
7.153000000000000000e+03
6.703000000000000000e+03
6.563000000000000000e+03
7.302000000000000000e+03
9.007000000000000000e+03
8.406000000000000000e+03
5.205000000000000000e+03
3.257000000000000000e+03
3.206000000000000000e+03
5.081000000000000000e+03
9.330000000000000000e+03
1.384800000000000000e+04
1.582000000000000000e+04
1.622400000000000000e+04
1.637800000000000000e+04
1.636000000000000000e+04
1.662700000000000000e+04
1.664100000000000000e+04
1.665100000000000000e+04
1.689400000000000000e+04
1.700700000000000000e+04
1.699700000000000000e+04
1.732400000000000000e+04
1.738700000000000000e+04
1.752200000000000000e+04
1.779700000000000000e+04
1.770200000000000000e+04
1.779100000000000000e+04
1.790100000000000000e+04
1.811200000000000000e+04
1.816600000000000000e+04
1.819400000000000000e+04
1.832100000000000000e+04
1.838000000000000000e+04
1.856300000000000000e+04
1.851200000000000000e+04
1.866800000000000000e+04
1.875000000000000000e+04
1.868900000000000000e+04
1.887700000000000000e+04
1.902100000000000000e+04
1.917500000000000000e+04
1.941200000000000000e+04
1.929600000000000000e+04
1.953600000000000000e+04
1.951400000000000000e+04
1.971300000000000000e+04
1.968700000000000000e+04
1.974700000000000000e+04
1.998700000000000000e+04
2.012200000000000000e+04
2.010400000000000000e+04
2.018700000000000000e+04
2.022900000000000000e+04
2.031100000000000000e+04
2.055200000000000000e+04
2.053100000000000000e+04
2.057100000000000000e+04
2.069000000000000000e+04
2.075900000000000000e+04
2.059100000000000000e+04
2.085900000000000000e+04
2.088500000000000000e+04
2.075200000000000000e+04
2.097500000000000000e+04
2.111100000000000000e+04
2.146900000000000000e+04
2.140400000000000000e+04
2.147900000000000000e+04
2.174100000000000000e+04
2.191100000000000000e+04
2.178400000000000000e+04
2.177900000000000000e+04
2.186900000000000000e+04
2.188600000000000000e+04
2.131700000000000000e+04
2.132900000000000000e+04
2.127700000000000000e+04
2.118800000000000000e+04
2.151800000000000000e+04
2.176400000000000000e+04
2.106200000000000000e+04
2.152200000000000000e+04
2.205100000000000000e+04
2.110800000000000000e+04
2.114900000000000000e+04
2.186200000000000000e+04
2.186800000000000000e+04
2.201900000000000000e+04
2.204100000000000000e+04
2.161000000000000000e+04
2.202200000000000000e+04
2.176900000000000000e+04
2.189300000000000000e+04
2.186400000000000000e+04
2.258400000000000000e+04
2.359200000000000000e+04
2.397200000000000000e+04
2.417800000000000000e+04
2.420100000000000000e+04
2.355900000000000000e+04
2.240900000000000000e+04
2.184700000000000000e+04
2.228000000000000000e+04
2.212200000000000000e+04
2.203700000000000000e+04
2.230800000000000000e+04
2.298100000000000000e+04
2.326700000000000000e+04
2.392200000000000000e+04
2.485200000000000000e+04
2.548100000000000000e+04
2.606800000000000000e+04
2.639100000000000000e+04
2.621000000000000000e+04
2.643300000000000000e+04
2.652000000000000000e+04
2.681900000000000000e+04
2.714700000000000000e+04
2.704600000000000000e+04
2.727600000000000000e+04
2.710700000000000000e+04
2.720900000000000000e+04
2.767300000000000000e+04
2.732000000000000000e+04
2.758500000000000000e+04
2.746500000000000000e+04
2.777600000000000000e+04
2.779000000000000000e+04
2.769700000000000000e+04
2.803200000000000000e+04
2.789600000000000000e+04
2.825900000000000000e+04
2.842800000000000000e+04
2.838400000000000000e+04
2.846900000000000000e+04
2.860500000000000000e+04
2.853100000000000000e+04
2.868900000000000000e+04
2.887900000000000000e+04
2.932800000000000000e+04
2.927200000000000000e+04
2.944500000000000000e+04
2.936200000000000000e+04
2.921700000000000000e+04
2.964700000000000000e+04
3.007300000000000000e+04
2.959000000000000000e+04
3.002600000000000000e+04
3.020200000000000000e+04
3.014500000000000000e+04
3.006600000000000000e+04
3.044200000000000000e+04
3.106400000000000000e+04
3.154000000000000000e+04
3.146200000000000000e+04
3.183000000000000000e+04
3.169200000000000000e+04
3.147100000000000000e+04
3.168500000000000000e+04
3.161800000000000000e+04
3.200400000000000000e+04
3.173700000000000000e+04
3.175500000000000000e+04
3.206000000000000000e+04
3.216000000000000000e+04
3.263500000000000000e+04
3.260000000000000000e+04
3.252100000000000000e+04
3.226900000000000000e+04
3.202700000000000000e+04
3.118900000000000000e+04
3.088900000000000000e+04
3.037800000000000000e+04
3.034200000000000000e+04
2.991100000000000000e+04
3.140800000000000000e+04
3.105800000000000000e+04
2.761600000000000000e+04
2.559400000000000000e+04
2.858700000000000000e+04
3.466100000000000000e+04
3.690400000000000000e+04
3.761700000000000000e+04
3.759000000000000000e+04
3.787500000000000000e+04
3.775800000000000000e+04
3.825500000000000000e+04
3.864600000000000000e+04
3.910200000000000000e+04
3.911100000000000000e+04
3.907200000000000000e+04
3.931300000000000000e+04
3.970200000000000000e+04
3.955000000000000000e+04
3.996300000000000000e+04
4.001300000000000000e+04
4.068400000000000000e+04
4.067600000000000000e+04
4.100600000000000000e+04
4.106100000000000000e+04
4.170400000000000000e+04
4.145900000000000000e+04
4.170700000000000000e+04
4.213200000000000000e+04
4.168000000000000000e+04
4.202100000000000000e+04
4.225700000000000000e+04
4.239700000000000000e+04
4.283500000000000000e+04
4.302700000000000000e+04
4.318600000000000000e+04
4.345400000000000000e+04
4.323600000000000000e+04
4.358500000000000000e+04
4.414300000000000000e+04
4.435600000000000000e+04
4.456400000000000000e+04
4.488900000000000000e+04
4.464800000000000000e+04
4.520100000000000000e+04
4.523700000000000000e+04
4.511900000000000000e+04
4.556200000000000000e+04
4.553900000000000000e+04
4.580000000000000000e+04
4.601400000000000000e+04
4.621700000000000000e+04
4.638400000000000000e+04
4.628300000000000000e+04
4.650300000000000000e+04
4.663600000000000000e+04
4.707600000000000000e+04
4.711700000000000000e+04
4.737500000000000000e+04
4.730100000000000000e+04
4.724500000000000000e+04
4.705500000000000000e+04
4.714200000000000000e+04
4.711900000000000000e+04
4.753200000000000000e+04
4.744200000000000000e+04
4.696700000000000000e+04
4.706200000000000000e+04
4.634500000000000000e+04
4.523300000000000000e+04
4.431600000000000000e+04
4.315300000000000000e+04
4.043800000000000000e+04
3.681200000000000000e+04
3.196200000000000000e+04
2.792300000000000000e+04
3.049600000000000000e+04
3.603800000000000000e+04
3.992100000000000000e+04
4.240000000000000000e+04
4.464500000000000000e+04
4.670700000000000000e+04
4.715800000000000000e+04
4.835400000000000000e+04
4.898500000000000000e+04
4.940000000000000000e+04
4.943700000000000000e+04
4.985800000000000000e+04
5.027800000000000000e+04
5.061600000000000000e+04
5.102500000000000000e+04
5.051600000000000000e+04
5.062400000000000000e+04
5.072600000000000000e+04
5.044900000000000000e+04
5.073000000000000000e+04
5.107300000000000000e+04
5.119100000000000000e+04
5.161800000000000000e+04
5.160200000000000000e+04
5.132000000000000000e+04
5.091000000000000000e+04
5.162500000000000000e+04
5.140000000000000000e+04
5.152800000000000000e+04
5.183300000000000000e+04
5.154000000000000000e+04
5.148800000000000000e+04
5.160900000000000000e+04
5.141700000000000000e+04
5.148400000000000000e+04
5.157100000000000000e+04
5.166500000000000000e+04
5.196400000000000000e+04
5.167000000000000000e+04
5.190900000000000000e+04
5.179900000000000000e+04
5.218000000000000000e+04
5.237300000000000000e+04
5.162800000000000000e+04
5.201000000000000000e+04
5.238100000000000000e+04
5.265700000000000000e+04
5.280200000000000000e+04
5.253700000000000000e+04
5.245800000000000000e+04
5.204000000000000000e+04
5.272200000000000000e+04
5.250200000000000000e+04
5.243400000000000000e+04
5.263800000000000000e+04
5.232700000000000000e+04
5.244200000000000000e+04
5.213600000000000000e+04
5.204200000000000000e+04
5.212200000000000000e+04
5.225100000000000000e+04
5.161400000000000000e+04
5.170100000000000000e+04
5.167600000000000000e+04
5.190600000000000000e+04
5.034100000000000000e+04
5.065200000000000000e+04
5.208600000000000000e+04
5.275900000000000000e+04
5.318200000000000000e+04
5.298600000000000000e+04
5.239300000000000000e+04
5.255200000000000000e+04
5.268900000000000000e+04
5.302600000000000000e+04
5.242800000000000000e+04
5.302600000000000000e+04
5.303100000000000000e+04
5.329000000000000000e+04
5.327200000000000000e+04
5.323500000000000000e+04
5.399400000000000000e+04
5.344500000000000000e+04
5.383400000000000000e+04
5.338500000000000000e+04
5.384500000000000000e+04
5.406600000000000000e+04
5.391000000000000000e+04
5.399400000000000000e+04
5.439400000000000000e+04
5.448000000000000000e+04
5.456400000000000000e+04
5.462600000000000000e+04
5.407600000000000000e+04
5.381600000000000000e+04
5.423300000000000000e+04
5.466900000000000000e+04
5.454200000000000000e+04
5.469300000000000000e+04
5.512700000000000000e+04
5.486800000000000000e+04
5.482800000000000000e+04
5.541000000000000000e+04
5.519400000000000000e+04
5.540300000000000000e+04
5.617500000000000000e+04
5.574100000000000000e+04
5.605800000000000000e+04
5.592600000000000000e+04
5.629700000000000000e+04
5.633300000000000000e+04
5.664200000000000000e+04
5.680400000000000000e+04
5.694400000000000000e+04
5.705000000000000000e+04
5.688600000000000000e+04
5.709000000000000000e+04
5.723300000000000000e+04
5.751100000000000000e+04
5.756800000000000000e+04
5.773400000000000000e+04
5.757200000000000000e+04
5.793600000000000000e+04
5.801900000000000000e+04
5.825500000000000000e+04
5.790000000000000000e+04
5.800500000000000000e+04
5.808700000000000000e+04
5.803300000000000000e+04
5.789500000000000000e+04
5.843500000000000000e+04
5.829400000000000000e+04
5.872900000000000000e+04
5.857800000000000000e+04
5.870300000000000000e+04
5.875500000000000000e+04
5.874200000000000000e+04
5.858000000000000000e+04
5.834800000000000000e+04
5.885300000000000000e+04
5.887900000000000000e+04
5.890800000000000000e+04
5.919300000000000000e+04
5.881700000000000000e+04
5.885000000000000000e+04
5.919500000000000000e+04
5.933700000000000000e+04
5.921400000000000000e+04
5.900000000000000000e+04
5.908200000000000000e+04
5.918700000000000000e+04
5.932400000000000000e+04
5.934200000000000000e+04
5.916900000000000000e+04
5.853600000000000000e+04
5.827900000000000000e+04
5.834700000000000000e+04
5.872400000000000000e+04
5.943000000000000000e+04
5.963300000000000000e+04
5.973300000000000000e+04
6.003700000000000000e+04
5.969700000000000000e+04
5.983800000000000000e+04
6.013800000000000000e+04
5.981200000000000000e+04
5.994000000000000000e+04
5.989200000000000000e+04
5.997000000000000000e+04
5.991000000000000000e+04
6.023700000000000000e+04
5.982100000000000000e+04
5.969100000000000000e+04
5.965400000000000000e+04
5.969400000000000000e+04
5.961200000000000000e+04
5.951000000000000000e+04
5.919100000000000000e+04
5.875600000000000000e+04
5.891800000000000000e+04
5.897500000000000000e+04
5.857600000000000000e+04
5.841500000000000000e+04
5.884900000000000000e+04
5.833400000000000000e+04
5.787700000000000000e+04
5.795300000000000000e+04
5.800300000000000000e+04
5.780800000000000000e+04
5.771200000000000000e+04
5.758400000000000000e+04
5.751600000000000000e+04
5.762300000000000000e+04
5.714500000000000000e+04
5.738300000000000000e+04
5.690500000000000000e+04
5.672500000000000000e+04
5.665700000000000000e+04
5.641400000000000000e+04
5.659900000000000000e+04
5.581800000000000000e+04
5.612200000000000000e+04
5.607800000000000000e+04
5.552200000000000000e+04
5.537100000000000000e+04
5.533600000000000000e+04
5.554800000000000000e+04
5.547200000000000000e+04
5.488200000000000000e+04
5.476700000000000000e+04
5.450700000000000000e+04
5.403500000000000000e+04
5.434500000000000000e+04
5.423400000000000000e+04
5.412900000000000000e+04
5.320300000000000000e+04
5.309300000000000000e+04
5.266400000000000000e+04
5.281400000000000000e+04
5.234000000000000000e+04
5.252500000000000000e+04
5.250400000000000000e+04
5.194100000000000000e+04
5.147400000000000000e+04
5.155100000000000000e+04
5.171800000000000000e+04
5.109500000000000000e+04
5.146400000000000000e+04
5.112400000000000000e+04
5.070900000000000000e+04
5.054000000000000000e+04
5.061700000000000000e+04
5.041700000000000000e+04
5.060700000000000000e+04
5.032400000000000000e+04
5.022700000000000000e+04
5.008000000000000000e+04
5.004800000000000000e+04
4.968100000000000000e+04
4.965100000000000000e+04
4.918700000000000000e+04
4.928300000000000000e+04
4.917900000000000000e+04
4.930000000000000000e+04
4.932700000000000000e+04
4.894100000000000000e+04
4.891300000000000000e+04
4.853300000000000000e+04
4.901500000000000000e+04
4.895300000000000000e+04
4.838800000000000000e+04
4.851600000000000000e+04
4.786600000000000000e+04
4.851900000000000000e+04
4.835000000000000000e+04
4.852900000000000000e+04
4.829900000000000000e+04
4.858000000000000000e+04
4.859700000000000000e+04
4.855400000000000000e+04
4.852000000000000000e+04
4.889700000000000000e+04
4.861700000000000000e+04
4.871600000000000000e+04
4.851800000000000000e+04
4.873700000000000000e+04
4.858600000000000000e+04
4.848000000000000000e+04
4.840300000000000000e+04
4.852000000000000000e+04
4.844400000000000000e+04
4.811800000000000000e+04
4.840700000000000000e+04
4.808100000000000000e+04
4.844900000000000000e+04
4.778100000000000000e+04
4.865600000000000000e+04
4.831300000000000000e+04
4.770200000000000000e+04
4.809600000000000000e+04
4.841000000000000000e+04
4.785500000000000000e+04
4.795400000000000000e+04
4.744200000000000000e+04
4.720500000000000000e+04
4.666600000000000000e+04
4.662500000000000000e+04
4.678600000000000000e+04
4.627600000000000000e+04
4.621200000000000000e+04
4.583200000000000000e+04
4.567200000000000000e+04
4.559000000000000000e+04
4.567900000000000000e+04
4.522500000000000000e+04
4.514300000000000000e+04
4.486900000000000000e+04
4.494400000000000000e+04
4.441900000000000000e+04
4.390600000000000000e+04
4.345700000000000000e+04
4.366200000000000000e+04
4.346500000000000000e+04
4.340300000000000000e+04
4.336800000000000000e+04
4.309800000000000000e+04
4.282400000000000000e+04
4.269400000000000000e+04
4.208900000000000000e+04
4.171300000000000000e+04
4.116400000000000000e+04
4.110700000000000000e+04
4.168800000000000000e+04
4.123400000000000000e+04
4.062400000000000000e+04
4.023700000000000000e+04
4.008700000000000000e+04
3.986700000000000000e+04
3.960000000000000000e+04
3.903100000000000000e+04
3.893400000000000000e+04
3.824100000000000000e+04
3.834700000000000000e+04
3.857900000000000000e+04
3.704100000000000000e+04
3.664800000000000000e+04
3.724000000000000000e+04
3.734500000000000000e+04
3.700900000000000000e+04
3.668800000000000000e+04
3.676500000000000000e+04
3.664700000000000000e+04
3.592800000000000000e+04
3.573200000000000000e+04
3.601500000000000000e+04
3.547200000000000000e+04
3.520900000000000000e+04
3.471900000000000000e+04
3.517500000000000000e+04
3.488900000000000000e+04
3.459100000000000000e+04
3.425800000000000000e+04
3.426700000000000000e+04
3.416700000000000000e+04
3.403000000000000000e+04
3.371100000000000000e+04
3.447800000000000000e+04
3.373300000000000000e+04
3.365700000000000000e+04
3.390200000000000000e+04
3.347900000000000000e+04
3.337800000000000000e+04
3.375400000000000000e+04
3.348800000000000000e+04
3.313000000000000000e+04
3.340300000000000000e+04
3.335400000000000000e+04
3.342600000000000000e+04
3.303100000000000000e+04
3.301400000000000000e+04
3.232900000000000000e+04
3.331400000000000000e+04
3.340600000000000000e+04
3.340700000000000000e+04
3.324400000000000000e+04
3.319000000000000000e+04
3.368600000000000000e+04
3.367400000000000000e+04
3.333100000000000000e+04
3.391700000000000000e+04
3.305200000000000000e+04
3.336200000000000000e+04
3.354800000000000000e+04
3.330500000000000000e+04
3.312200000000000000e+04
3.367700000000000000e+04
3.339800000000000000e+04
3.310300000000000000e+04
3.357600000000000000e+04
3.370200000000000000e+04
3.323400000000000000e+04
3.268200000000000000e+04
3.248500000000000000e+04
3.244300000000000000e+04
3.291800000000000000e+04
3.253200000000000000e+04
3.262400000000000000e+04
3.228600000000000000e+04
3.176300000000000000e+04
3.142800000000000000e+04
3.048700000000000000e+04
2.979300000000000000e+04
2.795200000000000000e+04
2.591100000000000000e+04
2.257100000000000000e+04
1.840700000000000000e+04
1.449800000000000000e+04
1.491900000000000000e+04
1.968900000000000000e+04
2.350300000000000000e+04
2.617900000000000000e+04
2.823000000000000000e+04
2.969500000000000000e+04
3.052000000000000000e+04
3.099700000000000000e+04
3.130700000000000000e+04
3.181400000000000000e+04
3.207500000000000000e+04
3.218500000000000000e+04
3.212200000000000000e+04
3.212900000000000000e+04
3.202200000000000000e+04
3.173900000000000000e+04
3.196000000000000000e+04
3.159800000000000000e+04
3.129400000000000000e+04
3.172000000000000000e+04
3.171300000000000000e+04
3.087500000000000000e+04
3.105800000000000000e+04
3.117600000000000000e+04
3.085900000000000000e+04
3.097800000000000000e+04
3.081700000000000000e+04
3.065000000000000000e+04
3.056100000000000000e+04
2.997300000000000000e+04
3.010200000000000000e+04
2.973200000000000000e+04
2.988800000000000000e+04
2.960400000000000000e+04
2.931400000000000000e+04
2.898000000000000000e+04
2.844500000000000000e+04
2.867900000000000000e+04
2.845500000000000000e+04
2.798600000000000000e+04
