2.230300000000000000e+04
2.202900000000000000e+04
2.248000000000000000e+04
2.226300000000000000e+04
2.286500000000000000e+04
2.293200000000000000e+04
2.281500000000000000e+04
2.277400000000000000e+04
2.302300000000000000e+04
2.291600000000000000e+04
2.318100000000000000e+04
2.316800000000000000e+04
2.324600000000000000e+04
2.319200000000000000e+04
2.305800000000000000e+04
2.319500000000000000e+04
2.335300000000000000e+04
2.337700000000000000e+04
2.356500000000000000e+04
2.304900000000000000e+04
2.330400000000000000e+04
2.345500000000000000e+04
2.338000000000000000e+04
2.341900000000000000e+04
2.333100000000000000e+04
2.320100000000000000e+04
2.339200000000000000e+04
2.306100000000000000e+04
2.310800000000000000e+04
2.305100000000000000e+04
2.307100000000000000e+04
2.263700000000000000e+04
2.251500000000000000e+04
2.184600000000000000e+04
2.141100000000000000e+04
2.040000000000000000e+04
1.925200000000000000e+04
1.743900000000000000e+04
1.467800000000000000e+04
1.142400000000000000e+04
9.766000000000000000e+03
1.186900000000000000e+04
1.499900000000000000e+04
1.716900000000000000e+04
1.895400000000000000e+04
2.029700000000000000e+04
2.098400000000000000e+04
2.149600000000000000e+04
2.162800000000000000e+04
2.207300000000000000e+04
2.231900000000000000e+04
2.223400000000000000e+04
2.220600000000000000e+04
2.243700000000000000e+04
2.184300000000000000e+04
2.200700000000000000e+04
2.228200000000000000e+04
2.233000000000000000e+04
2.227100000000000000e+04
2.253500000000000000e+04
2.215600000000000000e+04
2.210500000000000000e+04
2.187000000000000000e+04
2.198800000000000000e+04
2.199100000000000000e+04
2.233800000000000000e+04
2.183100000000000000e+04
2.190600000000000000e+04
2.187700000000000000e+04
2.179500000000000000e+04
2.149700000000000000e+04
2.135900000000000000e+04
2.143700000000000000e+04
2.113500000000000000e+04
2.144000000000000000e+04
2.126800000000000000e+04
2.113500000000000000e+04
2.115600000000000000e+04
2.115900000000000000e+04
2.125800000000000000e+04
2.076100000000000000e+04
2.086300000000000000e+04
2.072600000000000000e+04
2.054400000000000000e+04
2.062200000000000000e+04
2.068000000000000000e+04
2.047500000000000000e+04
2.085000000000000000e+04
2.078600000000000000e+04
2.062200000000000000e+04
2.058600000000000000e+04
2.067100000000000000e+04
2.048200000000000000e+04
2.077700000000000000e+04
2.070200000000000000e+04
2.050500000000000000e+04
2.075200000000000000e+04
2.078500000000000000e+04
2.078400000000000000e+04
2.099000000000000000e+04
2.107100000000000000e+04
2.050500000000000000e+04
2.086000000000000000e+04
2.106600000000000000e+04
2.105700000000000000e+04
2.095500000000000000e+04
2.134300000000000000e+04
2.132900000000000000e+04
2.119700000000000000e+04
2.156700000000000000e+04
2.164300000000000000e+04
2.124000000000000000e+04
2.126700000000000000e+04
2.153500000000000000e+04
2.159600000000000000e+04
2.159100000000000000e+04
2.166600000000000000e+04
2.164400000000000000e+04
2.202800000000000000e+04
2.206600000000000000e+04
2.233100000000000000e+04
2.249800000000000000e+04
2.267700000000000000e+04
2.272500000000000000e+04
2.268200000000000000e+04
2.294400000000000000e+04
2.277000000000000000e+04
2.274000000000000000e+04
2.288000000000000000e+04
2.313700000000000000e+04
2.323300000000000000e+04
2.313700000000000000e+04
2.335000000000000000e+04
2.316600000000000000e+04
2.333600000000000000e+04
2.342700000000000000e+04
2.350400000000000000e+04
2.352900000000000000e+04
2.362200000000000000e+04
2.383800000000000000e+04
2.371600000000000000e+04
2.385400000000000000e+04
2.390000000000000000e+04
2.410200000000000000e+04
2.427800000000000000e+04
2.421300000000000000e+04
2.402600000000000000e+04
2.413300000000000000e+04
2.419800000000000000e+04
2.429400000000000000e+04
2.432300000000000000e+04
2.434600000000000000e+04
2.444800000000000000e+04
2.492900000000000000e+04
2.464500000000000000e+04
2.465100000000000000e+04
2.467000000000000000e+04
2.450900000000000000e+04
2.433900000000000000e+04
2.462400000000000000e+04
2.472800000000000000e+04
2.458100000000000000e+04
2.443900000000000000e+04
2.464400000000000000e+04
2.462900000000000000e+04
2.454500000000000000e+04
2.440800000000000000e+04
2.451900000000000000e+04
2.436100000000000000e+04
2.469600000000000000e+04
2.411600000000000000e+04
2.439700000000000000e+04
2.423100000000000000e+04
2.426800000000000000e+04
2.415700000000000000e+04
2.389400000000000000e+04
2.386000000000000000e+04
2.395100000000000000e+04
2.404900000000000000e+04
2.382700000000000000e+04
2.379400000000000000e+04
2.341300000000000000e+04
2.390000000000000000e+04
2.333500000000000000e+04
2.380300000000000000e+04
2.349800000000000000e+04
2.354800000000000000e+04
2.353000000000000000e+04
2.372400000000000000e+04
2.359900000000000000e+04
2.365700000000000000e+04
2.360600000000000000e+04
2.351000000000000000e+04
2.361800000000000000e+04
2.352400000000000000e+04
2.343200000000000000e+04
2.345700000000000000e+04
2.335700000000000000e+04
2.374600000000000000e+04
2.402200000000000000e+04
2.367700000000000000e+04
2.355600000000000000e+04
2.406300000000000000e+04
2.371800000000000000e+04
2.362900000000000000e+04
2.383500000000000000e+04
2.377700000000000000e+04
2.378700000000000000e+04
2.381400000000000000e+04
2.384400000000000000e+04
2.381100000000000000e+04
2.396000000000000000e+04
2.388800000000000000e+04
2.409300000000000000e+04
2.424500000000000000e+04
2.392300000000000000e+04
2.412500000000000000e+04
2.447700000000000000e+04
2.424700000000000000e+04
2.435900000000000000e+04
2.432300000000000000e+04
2.452800000000000000e+04
2.461200000000000000e+04
2.466300000000000000e+04
2.463600000000000000e+04
2.449500000000000000e+04
2.440900000000000000e+04
2.455300000000000000e+04
2.438700000000000000e+04
2.456600000000000000e+04
2.448000000000000000e+04
2.453600000000000000e+04
2.447100000000000000e+04
2.444000000000000000e+04
2.462600000000000000e+04
2.493800000000000000e+04
2.495400000000000000e+04
2.467200000000000000e+04
2.476100000000000000e+04
2.497700000000000000e+04
2.481300000000000000e+04
2.495000000000000000e+04
2.494200000000000000e+04
2.483600000000000000e+04
2.498700000000000000e+04
2.507500000000000000e+04
2.500600000000000000e+04
2.491700000000000000e+04
2.478200000000000000e+04
2.491200000000000000e+04
2.472400000000000000e+04
2.480900000000000000e+04
2.505900000000000000e+04
2.486500000000000000e+04
2.492100000000000000e+04
2.488100000000000000e+04
2.497500000000000000e+04
2.501200000000000000e+04
2.484300000000000000e+04
2.511900000000000000e+04
2.532800000000000000e+04
2.524700000000000000e+04
2.494500000000000000e+04
2.484700000000000000e+04
2.510000000000000000e+04
2.510600000000000000e+04
2.516700000000000000e+04
2.462400000000000000e+04
2.483200000000000000e+04
2.473800000000000000e+04
2.473700000000000000e+04
2.457200000000000000e+04
2.471300000000000000e+04
2.431700000000000000e+04
2.476600000000000000e+04
2.471500000000000000e+04
2.433800000000000000e+04
2.409500000000000000e+04
2.409200000000000000e+04
2.368500000000000000e+04
2.355600000000000000e+04
2.353700000000000000e+04
2.354700000000000000e+04
2.368900000000000000e+04
2.374000000000000000e+04
2.382100000000000000e+04
2.357200000000000000e+04
2.340300000000000000e+04
2.356000000000000000e+04
2.330600000000000000e+04
2.359100000000000000e+04
2.311700000000000000e+04
2.300000000000000000e+04
2.303700000000000000e+04
2.278900000000000000e+04
2.284300000000000000e+04
2.315500000000000000e+04
2.288200000000000000e+04
2.284400000000000000e+04
2.249100000000000000e+04
2.272300000000000000e+04
2.256000000000000000e+04
2.272600000000000000e+04
2.242900000000000000e+04
2.247100000000000000e+04
2.250800000000000000e+04
2.229800000000000000e+04
2.238600000000000000e+04
2.215100000000000000e+04
2.213200000000000000e+04
2.208500000000000000e+04
2.161700000000000000e+04
2.161700000000000000e+04
2.175900000000000000e+04
2.153700000000000000e+04
2.128000000000000000e+04
2.126400000000000000e+04
2.116300000000000000e+04
2.100300000000000000e+04
2.073100000000000000e+04
2.079400000000000000e+04
2.081000000000000000e+04
2.080700000000000000e+04
2.083600000000000000e+04
2.063500000000000000e+04
2.030600000000000000e+04
2.024600000000000000e+04
2.025100000000000000e+04
1.980500000000000000e+04
2.006700000000000000e+04
2.013300000000000000e+04
1.992100000000000000e+04
1.973500000000000000e+04
1.973200000000000000e+04
1.955900000000000000e+04
1.932000000000000000e+04
1.937100000000000000e+04
1.943600000000000000e+04
1.933300000000000000e+04
1.914400000000000000e+04
1.918600000000000000e+04
1.907900000000000000e+04
1.867700000000000000e+04
1.859900000000000000e+04
1.866200000000000000e+04
1.873300000000000000e+04
1.852700000000000000e+04
1.846300000000000000e+04
1.869500000000000000e+04
1.844200000000000000e+04
1.834700000000000000e+04
1.837100000000000000e+04
1.844700000000000000e+04
1.830400000000000000e+04
1.812600000000000000e+04
1.798000000000000000e+04
1.832300000000000000e+04
1.765500000000000000e+04
1.788200000000000000e+04
1.783000000000000000e+04
1.775300000000000000e+04
1.769900000000000000e+04
1.750000000000000000e+04
1.757000000000000000e+04
1.746900000000000000e+04
1.749600000000000000e+04
1.760700000000000000e+04
1.735000000000000000e+04
1.712500000000000000e+04
1.705500000000000000e+04
1.638100000000000000e+04
1.624800000000000000e+04
1.655400000000000000e+04
1.661600000000000000e+04
1.659200000000000000e+04
1.671100000000000000e+04
1.660900000000000000e+04
1.683300000000000000e+04
1.671300000000000000e+04
1.670900000000000000e+04
1.666700000000000000e+04
1.671200000000000000e+04
1.645200000000000000e+04
1.655100000000000000e+04
1.646800000000000000e+04
1.642300000000000000e+04
1.632200000000000000e+04
1.617000000000000000e+04
1.620300000000000000e+04
1.627300000000000000e+04
1.624400000000000000e+04
1.614200000000000000e+04
1.607300000000000000e+04
1.592700000000000000e+04
1.616300000000000000e+04
1.600600000000000000e+04
1.603700000000000000e+04
1.598300000000000000e+04
1.582800000000000000e+04
1.583500000000000000e+04
1.577000000000000000e+04
1.585900000000000000e+04
1.559600000000000000e+04
1.548100000000000000e+04
1.568800000000000000e+04
1.549700000000000000e+04
1.535900000000000000e+04
1.535800000000000000e+04
1.527600000000000000e+04
1.535300000000000000e+04
1.517500000000000000e+04
1.520400000000000000e+04
1.497700000000000000e+04
1.494200000000000000e+04
1.509100000000000000e+04
1.504300000000000000e+04
1.478200000000000000e+04
1.482800000000000000e+04
1.479400000000000000e+04
1.487500000000000000e+04
1.461600000000000000e+04
1.475300000000000000e+04
1.476200000000000000e+04
1.472200000000000000e+04
1.468800000000000000e+04
1.439000000000000000e+04
1.423500000000000000e+04
1.423000000000000000e+04
1.410500000000000000e+04
1.371300000000000000e+04
1.365300000000000000e+04
1.320000000000000000e+04
1.294100000000000000e+04
1.239100000000000000e+04
1.157100000000000000e+04
1.057200000000000000e+04
8.953000000000000000e+03
7.924000000000000000e+03
8.796000000000000000e+03
1.028400000000000000e+04
1.128900000000000000e+04
1.180800000000000000e+04
1.217400000000000000e+04
1.264500000000000000e+04
1.276900000000000000e+04
1.279200000000000000e+04
1.299000000000000000e+04
1.305300000000000000e+04
1.302400000000000000e+04
1.316000000000000000e+04
1.302500000000000000e+04
1.306500000000000000e+04
1.286000000000000000e+04
1.280200000000000000e+04
1.289400000000000000e+04
1.281500000000000000e+04
1.274400000000000000e+04
1.276900000000000000e+04
1.257800000000000000e+04
1.252900000000000000e+04
1.241100000000000000e+04
1.248100000000000000e+04
1.239100000000000000e+04
1.228100000000000000e+04
1.233100000000000000e+04
1.206800000000000000e+04
1.202700000000000000e+04
1.202700000000000000e+04
1.206700000000000000e+04
1.208400000000000000e+04
1.182100000000000000e+04
1.185900000000000000e+04
1.170300000000000000e+04
1.158700000000000000e+04
1.148500000000000000e+04
1.142400000000000000e+04
1.142800000000000000e+04
1.146700000000000000e+04
1.110000000000000000e+04
1.130800000000000000e+04
1.099800000000000000e+04
1.111400000000000000e+04
1.091500000000000000e+04
1.090200000000000000e+04
1.080500000000000000e+04
1.075800000000000000e+04
1.082100000000000000e+04
1.059200000000000000e+04
1.052500000000000000e+04
1.050800000000000000e+04
1.031400000000000000e+04
1.030400000000000000e+04
1.010500000000000000e+04
1.021100000000000000e+04
1.014600000000000000e+04
9.994000000000000000e+03
9.818000000000000000e+03
9.859000000000000000e+03
9.719000000000000000e+03
9.665000000000000000e+03
9.529000000000000000e+03
9.321000000000000000e+03
9.400000000000000000e+03
9.179000000000000000e+03
9.307000000000000000e+03
9.092000000000000000e+03
9.163000000000000000e+03
8.738000000000000000e+03
7.296000000000000000e+03
6.180000000000000000e+03
6.586000000000000000e+03
7.431000000000000000e+03
7.722000000000000000e+03
7.397000000000000000e+03
7.197000000000000000e+03
7.314000000000000000e+03
7.443000000000000000e+03
7.494000000000000000e+03
7.691000000000000000e+03
7.739000000000000000e+03
7.826000000000000000e+03
7.851000000000000000e+03
7.802000000000000000e+03
7.815000000000000000e+03
7.732000000000000000e+03
7.681000000000000000e+03
7.544000000000000000e+03
7.614000000000000000e+03
7.596000000000000000e+03
7.505000000000000000e+03
7.528000000000000000e+03
7.529000000000000000e+03
7.453000000000000000e+03
7.314000000000000000e+03
7.299000000000000000e+03
7.201000000000000000e+03
7.131000000000000000e+03
7.023000000000000000e+03
6.962000000000000000e+03
6.892000000000000000e+03
6.811000000000000000e+03
6.799000000000000000e+03
6.852000000000000000e+03
6.818000000000000000e+03
6.770000000000000000e+03
6.620000000000000000e+03
6.615000000000000000e+03
6.602000000000000000e+03
6.557000000000000000e+03
6.457000000000000000e+03
6.453000000000000000e+03
6.411000000000000000e+03
6.373000000000000000e+03
6.363000000000000000e+03
6.260000000000000000e+03
6.315000000000000000e+03
6.284000000000000000e+03
6.279000000000000000e+03
6.207000000000000000e+03
6.101000000000000000e+03
6.108000000000000000e+03
6.102000000000000000e+03
6.044000000000000000e+03
5.952000000000000000e+03
5.904000000000000000e+03
5.861000000000000000e+03
5.845000000000000000e+03
5.890000000000000000e+03
5.853000000000000000e+03
5.889000000000000000e+03
5.764000000000000000e+03
5.748000000000000000e+03
5.733000000000000000e+03
5.687000000000000000e+03
5.631000000000000000e+03
5.714000000000000000e+03
5.570000000000000000e+03
5.524000000000000000e+03
5.283000000000000000e+03
5.096000000000000000e+03
5.025000000000000000e+03
4.897000000000000000e+03
4.721000000000000000e+03
4.636000000000000000e+03
4.722000000000000000e+03
4.667000000000000000e+03
4.668000000000000000e+03
4.644000000000000000e+03
4.949000000000000000e+03
4.962000000000000000e+03
5.003000000000000000e+03
4.990000000000000000e+03
4.930000000000000000e+03
4.624000000000000000e+03
4.445000000000000000e+03
4.480000000000000000e+03
4.418000000000000000e+03
4.542000000000000000e+03
4.369000000000000000e+03
4.451000000000000000e+03
4.498000000000000000e+03
4.389000000000000000e+03
4.421000000000000000e+03
4.259000000000000000e+03
4.251000000000000000e+03
4.382000000000000000e+03
4.324000000000000000e+03
4.232000000000000000e+03
4.192000000000000000e+03
4.336000000000000000e+03
4.189000000000000000e+03
4.234000000000000000e+03
4.254000000000000000e+03
4.218000000000000000e+03
4.214000000000000000e+03
4.203000000000000000e+03
4.214000000000000000e+03
4.134000000000000000e+03
4.161000000000000000e+03
4.237000000000000000e+03
4.152000000000000000e+03
4.305000000000000000e+03
4.101000000000000000e+03
4.035000000000000000e+03
4.068000000000000000e+03
4.053000000000000000e+03
4.004000000000000000e+03
3.967000000000000000e+03
3.932000000000000000e+03
3.985000000000000000e+03
3.939000000000000000e+03
3.942000000000000000e+03
3.939000000000000000e+03
3.873000000000000000e+03
3.836000000000000000e+03
3.712000000000000000e+03
3.825000000000000000e+03
3.752000000000000000e+03
3.724000000000000000e+03
3.653000000000000000e+03
3.697000000000000000e+03
3.720000000000000000e+03
3.581000000000000000e+03
3.562000000000000000e+03
3.611000000000000000e+03
3.583000000000000000e+03
3.505000000000000000e+03
3.508000000000000000e+03
3.530000000000000000e+03
3.483000000000000000e+03
3.455000000000000000e+03
3.404000000000000000e+03
3.446000000000000000e+03
3.373000000000000000e+03
3.343000000000000000e+03
3.319000000000000000e+03
3.325000000000000000e+03
3.226000000000000000e+03
3.292000000000000000e+03
3.319000000000000000e+03
3.220000000000000000e+03
3.191000000000000000e+03
3.165000000000000000e+03
3.202000000000000000e+03
3.120000000000000000e+03
3.034000000000000000e+03
3.088000000000000000e+03
3.075000000000000000e+03
3.050000000000000000e+03
3.113000000000000000e+03
3.078000000000000000e+03
2.981000000000000000e+03
3.015000000000000000e+03
2.954000000000000000e+03
2.864000000000000000e+03
2.834000000000000000e+03
2.728000000000000000e+03
2.500000000000000000e+03
1.717000000000000000e+03
1.061000000000000000e+03
7.450000000000000000e+02
7.700000000000000000e+02
1.077000000000000000e+03
1.571000000000000000e+03
1.671000000000000000e+03
1.427000000000000000e+03
1.314000000000000000e+03
1.360000000000000000e+03
1.399000000000000000e+03
1.512000000000000000e+03
1.640000000000000000e+03
1.753000000000000000e+03
1.877000000000000000e+03
1.916000000000000000e+03
2.038000000000000000e+03
2.049000000000000000e+03
2.131000000000000000e+03
2.207000000000000000e+03
2.201000000000000000e+03
2.257000000000000000e+03
2.267000000000000000e+03
2.303000000000000000e+03
2.303000000000000000e+03
2.268000000000000000e+03
2.280000000000000000e+03
2.220000000000000000e+03
2.264000000000000000e+03
2.155000000000000000e+03
2.109000000000000000e+03
2.169000000000000000e+03
2.146000000000000000e+03
2.073000000000000000e+03
2.107000000000000000e+03
2.111000000000000000e+03
2.011000000000000000e+03
2.025000000000000000e+03
2.028000000000000000e+03
1.928000000000000000e+03
1.879000000000000000e+03
1.840000000000000000e+03
1.723000000000000000e+03
1.818000000000000000e+03
1.781000000000000000e+03
1.832000000000000000e+03
1.805000000000000000e+03
1.780000000000000000e+03
1.789000000000000000e+03
1.724000000000000000e+03
1.750000000000000000e+03
1.763000000000000000e+03
1.714000000000000000e+03
1.708000000000000000e+03
1.742000000000000000e+03
1.665000000000000000e+03
1.695000000000000000e+03
1.710000000000000000e+03
1.670000000000000000e+03
1.698000000000000000e+03
1.651000000000000000e+03
1.631000000000000000e+03
1.629000000000000000e+03
1.569000000000000000e+03
1.585000000000000000e+03
1.532000000000000000e+03
1.559000000000000000e+03
1.548000000000000000e+03
1.536000000000000000e+03
1.512000000000000000e+03
1.494000000000000000e+03
1.443000000000000000e+03
1.458000000000000000e+03
1.501000000000000000e+03
1.425000000000000000e+03
1.382000000000000000e+03
1.352000000000000000e+03
1.313000000000000000e+03
1.284000000000000000e+03
1.252000000000000000e+03
1.182000000000000000e+03
1.197000000000000000e+03
1.272000000000000000e+03
1.274000000000000000e+03
1.241000000000000000e+03
1.269000000000000000e+03
1.279000000000000000e+03
