3.512000000000000000e+03
3.565000000000000000e+03
3.545000000000000000e+03
3.555000000000000000e+03
3.590000000000000000e+03
3.621000000000000000e+03
3.648000000000000000e+03
3.695000000000000000e+03
3.707000000000000000e+03
3.754000000000000000e+03
3.719000000000000000e+03
3.769000000000000000e+03
3.799000000000000000e+03
3.824000000000000000e+03
3.909000000000000000e+03
3.867000000000000000e+03
3.856000000000000000e+03
3.860000000000000000e+03
3.777000000000000000e+03
3.868000000000000000e+03
3.935000000000000000e+03
3.897000000000000000e+03
4.006000000000000000e+03
4.008000000000000000e+03
4.013000000000000000e+03
4.056000000000000000e+03
3.967000000000000000e+03
3.954000000000000000e+03
4.029000000000000000e+03
4.003000000000000000e+03
3.957000000000000000e+03
3.971000000000000000e+03
3.902000000000000000e+03
3.820000000000000000e+03
3.687000000000000000e+03
3.591000000000000000e+03
3.307000000000000000e+03
2.958000000000000000e+03
2.461000000000000000e+03
2.024000000000000000e+03
2.023000000000000000e+03
2.547000000000000000e+03
3.030000000000000000e+03
3.456000000000000000e+03
3.633000000000000000e+03
3.863000000000000000e+03
3.959000000000000000e+03
4.093000000000000000e+03
4.229000000000000000e+03
4.232000000000000000e+03
4.183000000000000000e+03
4.280000000000000000e+03
4.256000000000000000e+03
4.188000000000000000e+03
4.301000000000000000e+03
4.295000000000000000e+03
4.301000000000000000e+03
4.301000000000000000e+03
4.313000000000000000e+03
4.304000000000000000e+03
4.360000000000000000e+03
4.360000000000000000e+03
4.408000000000000000e+03
4.331000000000000000e+03
4.386000000000000000e+03
4.381000000000000000e+03
4.362000000000000000e+03
4.282000000000000000e+03
4.371000000000000000e+03
4.497000000000000000e+03
4.367000000000000000e+03
4.358000000000000000e+03
4.386000000000000000e+03
4.404000000000000000e+03
4.332000000000000000e+03
4.355000000000000000e+03
4.270000000000000000e+03
4.414000000000000000e+03
4.437000000000000000e+03
4.381000000000000000e+03
4.447000000000000000e+03
4.338000000000000000e+03
4.414000000000000000e+03
4.552000000000000000e+03
4.424000000000000000e+03
4.400000000000000000e+03
4.598000000000000000e+03
4.514000000000000000e+03
4.633000000000000000e+03
4.618000000000000000e+03
4.533000000000000000e+03
4.709000000000000000e+03
4.710000000000000000e+03
4.680000000000000000e+03
4.674000000000000000e+03
4.791000000000000000e+03
4.752000000000000000e+03
4.814000000000000000e+03
4.793000000000000000e+03
4.846000000000000000e+03
4.895000000000000000e+03
4.889000000000000000e+03
4.978000000000000000e+03
5.012000000000000000e+03
5.074000000000000000e+03
5.139000000000000000e+03
5.240000000000000000e+03
5.242000000000000000e+03
5.273000000000000000e+03
5.294000000000000000e+03
5.244000000000000000e+03
5.181000000000000000e+03
5.326000000000000000e+03
5.407000000000000000e+03
5.357000000000000000e+03
5.485000000000000000e+03
5.600000000000000000e+03
5.673000000000000000e+03
5.719000000000000000e+03
5.844000000000000000e+03
5.760000000000000000e+03
5.825000000000000000e+03
5.896000000000000000e+03
5.947000000000000000e+03
6.069000000000000000e+03
6.069000000000000000e+03
6.100000000000000000e+03
6.129000000000000000e+03
6.135000000000000000e+03
6.172000000000000000e+03
6.204000000000000000e+03
6.421000000000000000e+03
6.324000000000000000e+03
6.335000000000000000e+03
6.525000000000000000e+03
6.522000000000000000e+03
6.400000000000000000e+03
6.509000000000000000e+03
6.675000000000000000e+03
6.723000000000000000e+03
6.730000000000000000e+03
6.745000000000000000e+03
6.856000000000000000e+03
6.939000000000000000e+03
6.947000000000000000e+03
6.826000000000000000e+03
7.032000000000000000e+03
7.033000000000000000e+03
7.039000000000000000e+03
7.079000000000000000e+03
7.254000000000000000e+03
7.177000000000000000e+03
7.336000000000000000e+03
7.223000000000000000e+03
7.327000000000000000e+03
7.378000000000000000e+03
7.356000000000000000e+03
7.385000000000000000e+03
7.443000000000000000e+03
7.391000000000000000e+03
7.401000000000000000e+03
7.513000000000000000e+03
7.444000000000000000e+03
7.448000000000000000e+03
7.440000000000000000e+03
7.548000000000000000e+03
7.555000000000000000e+03
7.614000000000000000e+03
7.681000000000000000e+03
7.606000000000000000e+03
7.654000000000000000e+03
7.619000000000000000e+03
7.749000000000000000e+03
7.619000000000000000e+03
7.746000000000000000e+03
7.685000000000000000e+03
7.792000000000000000e+03
7.676000000000000000e+03
7.744000000000000000e+03
7.689000000000000000e+03
7.736000000000000000e+03
7.714000000000000000e+03
7.650000000000000000e+03
7.745000000000000000e+03
7.747000000000000000e+03
7.793000000000000000e+03
7.858000000000000000e+03
7.837000000000000000e+03
7.983000000000000000e+03
7.896000000000000000e+03
7.847000000000000000e+03
7.886000000000000000e+03
7.852000000000000000e+03
8.028000000000000000e+03
8.086000000000000000e+03
8.012000000000000000e+03
8.009000000000000000e+03
8.037000000000000000e+03
8.149000000000000000e+03
8.245000000000000000e+03
8.234000000000000000e+03
8.139000000000000000e+03
8.271000000000000000e+03
8.368000000000000000e+03
8.396000000000000000e+03
8.321000000000000000e+03
8.344000000000000000e+03
8.452000000000000000e+03
8.510000000000000000e+03
8.617000000000000000e+03
8.523000000000000000e+03
8.738000000000000000e+03
8.678000000000000000e+03
8.722000000000000000e+03
8.844000000000000000e+03
8.911000000000000000e+03
8.858000000000000000e+03
8.886000000000000000e+03
8.989000000000000000e+03
9.154000000000000000e+03
9.044000000000000000e+03
9.226000000000000000e+03
9.125000000000000000e+03
9.211000000000000000e+03
9.293000000000000000e+03
9.341000000000000000e+03
9.558000000000000000e+03
9.596000000000000000e+03
9.607000000000000000e+03
9.680000000000000000e+03
9.591000000000000000e+03
9.657000000000000000e+03
9.630000000000000000e+03
9.791000000000000000e+03
9.822000000000000000e+03
9.847000000000000000e+03
9.971000000000000000e+03
1.006200000000000000e+04
1.006700000000000000e+04
1.019300000000000000e+04
1.017900000000000000e+04
1.034700000000000000e+04
1.028500000000000000e+04
1.031200000000000000e+04
1.038700000000000000e+04
1.039100000000000000e+04
1.042800000000000000e+04
1.051200000000000000e+04
1.053400000000000000e+04
1.059900000000000000e+04
1.068300000000000000e+04
1.071000000000000000e+04
1.070100000000000000e+04
1.071800000000000000e+04
1.085200000000000000e+04
1.094000000000000000e+04
1.080100000000000000e+04
1.076400000000000000e+04
1.103300000000000000e+04
1.091700000000000000e+04
1.101300000000000000e+04
1.109200000000000000e+04
1.119300000000000000e+04
1.128400000000000000e+04
1.134300000000000000e+04
1.137200000000000000e+04
1.135300000000000000e+04
1.135600000000000000e+04
1.119800000000000000e+04
1.139200000000000000e+04
1.148500000000000000e+04
1.143200000000000000e+04
1.144200000000000000e+04
1.144500000000000000e+04
1.147700000000000000e+04
1.135500000000000000e+04
1.155700000000000000e+04
1.147400000000000000e+04
1.141900000000000000e+04
1.124300000000000000e+04
1.118400000000000000e+04
1.136400000000000000e+04
1.128900000000000000e+04
1.162700000000000000e+04
1.166700000000000000e+04
1.147000000000000000e+04
1.154100000000000000e+04
1.146800000000000000e+04
1.147200000000000000e+04
1.171600000000000000e+04
1.155000000000000000e+04
1.171500000000000000e+04
1.152600000000000000e+04
1.171400000000000000e+04
1.168100000000000000e+04
1.183700000000000000e+04
1.189600000000000000e+04
1.180100000000000000e+04
1.199000000000000000e+04
1.183900000000000000e+04
1.180000000000000000e+04
1.196100000000000000e+04
1.204300000000000000e+04
1.221700000000000000e+04
1.236800000000000000e+04
1.214500000000000000e+04
1.219500000000000000e+04
1.212700000000000000e+04
1.203600000000000000e+04
1.189000000000000000e+04
1.200300000000000000e+04
1.193100000000000000e+04
1.194000000000000000e+04
1.202500000000000000e+04
1.204900000000000000e+04
1.182000000000000000e+04
1.189600000000000000e+04
1.188900000000000000e+04
1.184000000000000000e+04
1.199500000000000000e+04
1.195000000000000000e+04
1.182200000000000000e+04
1.200000000000000000e+04
1.194600000000000000e+04
1.179900000000000000e+04
1.173400000000000000e+04
1.184100000000000000e+04
1.181000000000000000e+04
1.187700000000000000e+04
1.179100000000000000e+04
1.180900000000000000e+04
1.186400000000000000e+04
1.196600000000000000e+04
1.185100000000000000e+04
1.186000000000000000e+04
1.181100000000000000e+04
1.201400000000000000e+04
1.195800000000000000e+04
1.187200000000000000e+04
1.192500000000000000e+04
1.196000000000000000e+04
1.183400000000000000e+04
1.183800000000000000e+04
1.173800000000000000e+04
1.197100000000000000e+04
1.196200000000000000e+04
1.214600000000000000e+04
1.202100000000000000e+04
1.195800000000000000e+04
1.204300000000000000e+04
1.210900000000000000e+04
1.221300000000000000e+04
1.203500000000000000e+04
1.199400000000000000e+04
1.200400000000000000e+04
1.210400000000000000e+04
1.216400000000000000e+04
1.204400000000000000e+04
1.204900000000000000e+04
1.212200000000000000e+04
1.220900000000000000e+04
1.218500000000000000e+04
1.209400000000000000e+04
1.217500000000000000e+04
1.228200000000000000e+04
1.234000000000000000e+04
1.235500000000000000e+04
1.217000000000000000e+04
1.216400000000000000e+04
1.224200000000000000e+04
1.186600000000000000e+04
1.178400000000000000e+04
1.207300000000000000e+04
1.225800000000000000e+04
1.211300000000000000e+04
1.203400000000000000e+04
1.215300000000000000e+04
1.241200000000000000e+04
1.229800000000000000e+04
1.243100000000000000e+04
1.267400000000000000e+04
1.264400000000000000e+04
1.248900000000000000e+04
1.260100000000000000e+04
1.262400000000000000e+04
1.258200000000000000e+04
1.235000000000000000e+04
1.265600000000000000e+04
1.272700000000000000e+04
1.273400000000000000e+04
1.265400000000000000e+04
1.259400000000000000e+04
1.269400000000000000e+04
1.265200000000000000e+04
1.275000000000000000e+04
1.271400000000000000e+04
1.278600000000000000e+04
1.282500000000000000e+04
1.279800000000000000e+04
1.267300000000000000e+04
1.254100000000000000e+04
1.265700000000000000e+04
1.269100000000000000e+04
1.282900000000000000e+04
1.291200000000000000e+04
1.287900000000000000e+04
1.282700000000000000e+04
1.294300000000000000e+04
1.291200000000000000e+04
1.296100000000000000e+04
1.287900000000000000e+04
1.284400000000000000e+04
1.278300000000000000e+04
1.284600000000000000e+04
1.294000000000000000e+04
1.293100000000000000e+04
1.300200000000000000e+04
1.288000000000000000e+04
1.279300000000000000e+04
1.301400000000000000e+04
1.282800000000000000e+04
1.284900000000000000e+04
1.295300000000000000e+04
1.302800000000000000e+04
1.288600000000000000e+04
1.273800000000000000e+04
1.279500000000000000e+04
1.272700000000000000e+04
1.276900000000000000e+04
1.246900000000000000e+04
1.248600000000000000e+04
1.228000000000000000e+04
1.184000000000000000e+04
1.120800000000000000e+04
1.053100000000000000e+04
9.241000000000000000e+03
8.006000000000000000e+03
7.454000000000000000e+03
8.681000000000000000e+03
9.960000000000000000e+03
1.080300000000000000e+04
1.145300000000000000e+04
1.191400000000000000e+04
1.232400000000000000e+04
1.240900000000000000e+04
1.261600000000000000e+04
1.259900000000000000e+04
1.271000000000000000e+04
1.276200000000000000e+04
1.297100000000000000e+04
1.291000000000000000e+04
1.280700000000000000e+04
1.288200000000000000e+04
1.288900000000000000e+04
1.296400000000000000e+04
1.271800000000000000e+04
1.301500000000000000e+04
1.300600000000000000e+04
1.287200000000000000e+04
1.272200000000000000e+04
1.284500000000000000e+04
1.284000000000000000e+04
1.270200000000000000e+04
1.274200000000000000e+04
1.268600000000000000e+04
1.284700000000000000e+04
1.271700000000000000e+04
1.267400000000000000e+04
1.262500000000000000e+04
1.263400000000000000e+04
1.259600000000000000e+04
1.256000000000000000e+04
1.255800000000000000e+04
1.240400000000000000e+04
1.232900000000000000e+04
1.250600000000000000e+04
1.242500000000000000e+04
1.238100000000000000e+04
1.240500000000000000e+04
1.237500000000000000e+04
1.226100000000000000e+04
1.222400000000000000e+04
1.222300000000000000e+04
1.205500000000000000e+04
1.219600000000000000e+04
1.210000000000000000e+04
1.196900000000000000e+04
1.193200000000000000e+04
1.186800000000000000e+04
1.189300000000000000e+04
1.176500000000000000e+04
1.189900000000000000e+04
1.182900000000000000e+04
1.180600000000000000e+04
1.169900000000000000e+04
1.155500000000000000e+04
1.171200000000000000e+04
1.164700000000000000e+04
1.154500000000000000e+04
1.146700000000000000e+04
1.138700000000000000e+04
1.141000000000000000e+04
1.152800000000000000e+04
1.141600000000000000e+04
1.129900000000000000e+04
1.107900000000000000e+04
1.116200000000000000e+04
1.037400000000000000e+04
8.498000000000000000e+03
7.704000000000000000e+03
8.556000000000000000e+03
9.617000000000000000e+03
9.666000000000000000e+03
9.278000000000000000e+03
9.250000000000000000e+03
9.321000000000000000e+03
9.739000000000000000e+03
9.697000000000000000e+03
9.941000000000000000e+03
1.007000000000000000e+04
1.008000000000000000e+04
1.009500000000000000e+04
1.005900000000000000e+04
1.015100000000000000e+04
1.007400000000000000e+04
9.994000000000000000e+03
9.867000000000000000e+03
9.976000000000000000e+03
9.928000000000000000e+03
9.894000000000000000e+03
9.997000000000000000e+03
9.996000000000000000e+03
9.982000000000000000e+03
9.849000000000000000e+03
9.966000000000000000e+03
9.868000000000000000e+03
9.786000000000000000e+03
9.638000000000000000e+03
9.752000000000000000e+03
9.674000000000000000e+03
9.521000000000000000e+03
9.529000000000000000e+03
9.581000000000000000e+03
9.514000000000000000e+03
9.477000000000000000e+03
9.523000000000000000e+03
9.567000000000000000e+03
9.548000000000000000e+03
9.422000000000000000e+03
9.455000000000000000e+03
9.552000000000000000e+03
9.543000000000000000e+03
9.417000000000000000e+03
9.366000000000000000e+03
9.287000000000000000e+03
9.298000000000000000e+03
9.380000000000000000e+03
9.319000000000000000e+03
9.329000000000000000e+03
9.320000000000000000e+03
9.265000000000000000e+03
9.257000000000000000e+03
9.312000000000000000e+03
9.215000000000000000e+03
9.325000000000000000e+03
9.183000000000000000e+03
9.132000000000000000e+03
9.170000000000000000e+03
9.199000000000000000e+03
9.075000000000000000e+03
9.139000000000000000e+03
9.114000000000000000e+03
9.009000000000000000e+03
9.019000000000000000e+03
9.003000000000000000e+03
9.003000000000000000e+03
8.838000000000000000e+03
8.704000000000000000e+03
8.535000000000000000e+03
8.083000000000000000e+03
8.164000000000000000e+03
7.857000000000000000e+03
7.690000000000000000e+03
7.699000000000000000e+03
7.687000000000000000e+03
7.853000000000000000e+03
7.640000000000000000e+03
7.849000000000000000e+03
8.312000000000000000e+03
8.547000000000000000e+03
8.408000000000000000e+03
8.490000000000000000e+03
8.267000000000000000e+03
7.869000000000000000e+03
7.775000000000000000e+03
7.846000000000000000e+03
7.809000000000000000e+03
7.832000000000000000e+03
7.839000000000000000e+03
8.040000000000000000e+03
7.857000000000000000e+03
7.855000000000000000e+03
7.878000000000000000e+03
7.548000000000000000e+03
7.622000000000000000e+03
7.792000000000000000e+03
7.775000000000000000e+03
7.702000000000000000e+03
7.757000000000000000e+03
7.790000000000000000e+03
7.677000000000000000e+03
7.863000000000000000e+03
7.833000000000000000e+03
7.867000000000000000e+03
7.946000000000000000e+03
7.927000000000000000e+03
8.003000000000000000e+03
7.947000000000000000e+03
7.964000000000000000e+03
7.882000000000000000e+03
8.007000000000000000e+03
7.899000000000000000e+03
7.620000000000000000e+03
7.706000000000000000e+03
7.769000000000000000e+03
7.715000000000000000e+03
7.635000000000000000e+03
7.873000000000000000e+03
7.713000000000000000e+03
7.675000000000000000e+03
7.727000000000000000e+03
7.660000000000000000e+03
7.659000000000000000e+03
7.720000000000000000e+03
7.676000000000000000e+03
7.640000000000000000e+03
7.717000000000000000e+03
7.651000000000000000e+03
7.605000000000000000e+03
7.501000000000000000e+03
7.466000000000000000e+03
7.468000000000000000e+03
7.368000000000000000e+03
7.336000000000000000e+03
7.344000000000000000e+03
7.305000000000000000e+03
7.365000000000000000e+03
7.350000000000000000e+03
7.157000000000000000e+03
7.322000000000000000e+03
7.311000000000000000e+03
7.136000000000000000e+03
7.085000000000000000e+03
7.196000000000000000e+03
7.153000000000000000e+03
7.152000000000000000e+03
7.058000000000000000e+03
7.036000000000000000e+03
7.038000000000000000e+03
7.028000000000000000e+03
6.834000000000000000e+03
6.881000000000000000e+03
6.945000000000000000e+03
6.809000000000000000e+03
6.834000000000000000e+03
6.841000000000000000e+03
6.783000000000000000e+03
6.628000000000000000e+03
6.611000000000000000e+03
6.601000000000000000e+03
6.623000000000000000e+03
6.528000000000000000e+03
6.473000000000000000e+03
6.396000000000000000e+03
6.484000000000000000e+03
6.372000000000000000e+03
6.230000000000000000e+03
5.503000000000000000e+03
3.722000000000000000e+03
2.097000000000000000e+03
1.409000000000000000e+03
1.402000000000000000e+03
2.095000000000000000e+03
3.357000000000000000e+03
3.564000000000000000e+03
2.951000000000000000e+03
2.634000000000000000e+03
2.683000000000000000e+03
2.872000000000000000e+03
3.222000000000000000e+03
3.552000000000000000e+03
3.905000000000000000e+03
4.244000000000000000e+03
4.453000000000000000e+03
4.690000000000000000e+03
4.857000000000000000e+03
4.975000000000000000e+03
5.033000000000000000e+03
5.207000000000000000e+03
5.241000000000000000e+03
5.291000000000000000e+03
5.283000000000000000e+03
5.260000000000000000e+03
5.235000000000000000e+03
5.172000000000000000e+03
5.183000000000000000e+03
5.147000000000000000e+03
5.193000000000000000e+03
5.124000000000000000e+03
5.001000000000000000e+03
5.016000000000000000e+03
4.968000000000000000e+03
4.940000000000000000e+03
4.918000000000000000e+03
4.800000000000000000e+03
4.830000000000000000e+03
4.773000000000000000e+03
4.610000000000000000e+03
4.645000000000000000e+03
4.477000000000000000e+03
4.325000000000000000e+03
4.356000000000000000e+03
4.454000000000000000e+03
4.492000000000000000e+03
4.483000000000000000e+03
4.483000000000000000e+03
4.401000000000000000e+03
4.433000000000000000e+03
4.350000000000000000e+03
4.387000000000000000e+03
4.320000000000000000e+03
4.239000000000000000e+03
4.260000000000000000e+03
4.246000000000000000e+03
4.256000000000000000e+03
4.222000000000000000e+03
4.144000000000000000e+03
4.070000000000000000e+03
4.074000000000000000e+03
4.034000000000000000e+03
4.118000000000000000e+03
3.961000000000000000e+03
3.986000000000000000e+03
3.973000000000000000e+03
3.846000000000000000e+03
3.849000000000000000e+03
3.899000000000000000e+03
3.830000000000000000e+03
3.787000000000000000e+03
3.770000000000000000e+03
3.735000000000000000e+03
3.724000000000000000e+03
3.721000000000000000e+03
3.751000000000000000e+03
3.777000000000000000e+03
3.699000000000000000e+03
3.710000000000000000e+03
3.843000000000000000e+03
3.795000000000000000e+03
3.708000000000000000e+03
3.707000000000000000e+03
3.649000000000000000e+03
3.684000000000000000e+03
3.651000000000000000e+03
3.501000000000000000e+03
