1.887900000000000000e+04
1.916000000000000000e+04
1.934400000000000000e+04
1.933700000000000000e+04
1.962100000000000000e+04
1.929900000000000000e+04
1.961700000000000000e+04
1.996500000000000000e+04
1.994700000000000000e+04
1.988000000000000000e+04
2.004300000000000000e+04
2.031100000000000000e+04
2.065900000000000000e+04
2.053500000000000000e+04
2.082200000000000000e+04
2.070000000000000000e+04
2.086000000000000000e+04
2.083500000000000000e+04
2.090300000000000000e+04
2.105300000000000000e+04
2.112600000000000000e+04
2.149800000000000000e+04
2.138800000000000000e+04
2.150800000000000000e+04
2.137200000000000000e+04
2.156100000000000000e+04
2.159000000000000000e+04
2.171400000000000000e+04
2.173400000000000000e+04
2.133700000000000000e+04
2.147500000000000000e+04
2.114900000000000000e+04
2.113800000000000000e+04
2.065000000000000000e+04
2.011900000000000000e+04
1.917900000000000000e+04
1.779900000000000000e+04
1.580200000000000000e+04
1.307000000000000000e+04
9.971000000000000000e+03
9.904000000000000000e+03
1.268800000000000000e+04
1.549800000000000000e+04
1.793300000000000000e+04
1.929100000000000000e+04
2.011800000000000000e+04
2.105300000000000000e+04
2.149300000000000000e+04
2.184400000000000000e+04
2.211500000000000000e+04
2.245400000000000000e+04
2.240400000000000000e+04
2.272700000000000000e+04
2.264200000000000000e+04
2.235900000000000000e+04
2.245400000000000000e+04
2.278100000000000000e+04
2.265100000000000000e+04
2.297000000000000000e+04
2.296400000000000000e+04
2.290200000000000000e+04
2.290700000000000000e+04
2.278800000000000000e+04
2.337400000000000000e+04
2.303000000000000000e+04
2.295400000000000000e+04
2.278000000000000000e+04
2.325000000000000000e+04
2.291700000000000000e+04
2.326900000000000000e+04
2.311800000000000000e+04
2.309400000000000000e+04
2.320200000000000000e+04
2.313200000000000000e+04
2.315100000000000000e+04
2.310600000000000000e+04
2.296600000000000000e+04
2.285000000000000000e+04
2.330200000000000000e+04
2.313500000000000000e+04
2.311800000000000000e+04
2.302100000000000000e+04
2.333800000000000000e+04
2.341400000000000000e+04
2.321100000000000000e+04
2.326200000000000000e+04
2.351500000000000000e+04
2.359700000000000000e+04
2.382200000000000000e+04
2.375500000000000000e+04
2.398100000000000000e+04
2.417200000000000000e+04
2.414300000000000000e+04
2.443800000000000000e+04
2.407900000000000000e+04
2.481500000000000000e+04
2.466200000000000000e+04
2.457100000000000000e+04
2.480900000000000000e+04
2.479900000000000000e+04
2.487900000000000000e+04
2.550500000000000000e+04
2.544300000000000000e+04
2.556300000000000000e+04
2.587200000000000000e+04
2.597100000000000000e+04
2.637200000000000000e+04
2.623200000000000000e+04
2.666300000000000000e+04
2.663300000000000000e+04
2.703600000000000000e+04
2.653000000000000000e+04
2.682600000000000000e+04
2.736400000000000000e+04
2.728700000000000000e+04
2.740900000000000000e+04
2.807800000000000000e+04
2.827400000000000000e+04
2.855700000000000000e+04
2.868300000000000000e+04
2.918700000000000000e+04
2.940900000000000000e+04
2.959400000000000000e+04
2.965200000000000000e+04
3.002400000000000000e+04
3.009100000000000000e+04
3.021500000000000000e+04
3.044100000000000000e+04
3.061400000000000000e+04
3.142900000000000000e+04
3.146000000000000000e+04
3.168400000000000000e+04
3.153500000000000000e+04
3.168100000000000000e+04
3.147100000000000000e+04
3.184900000000000000e+04
3.240500000000000000e+04
3.229100000000000000e+04
3.282300000000000000e+04
3.301600000000000000e+04
3.355600000000000000e+04
3.375500000000000000e+04
3.352400000000000000e+04
3.405900000000000000e+04
3.425800000000000000e+04
3.392500000000000000e+04
3.413600000000000000e+04
3.451800000000000000e+04
3.453900000000000000e+04
3.457000000000000000e+04
3.495900000000000000e+04
3.517000000000000000e+04
3.519300000000000000e+04
3.541500000000000000e+04
3.551700000000000000e+04
3.606700000000000000e+04
3.605700000000000000e+04
3.622400000000000000e+04
3.655200000000000000e+04
3.635600000000000000e+04
3.624700000000000000e+04
3.647900000000000000e+04
3.647300000000000000e+04
3.677800000000000000e+04
3.676100000000000000e+04
3.711100000000000000e+04
3.677500000000000000e+04
3.693900000000000000e+04
3.705000000000000000e+04
3.700300000000000000e+04
3.707200000000000000e+04
3.690400000000000000e+04
3.733900000000000000e+04
3.736100000000000000e+04
3.704800000000000000e+04
3.723000000000000000e+04
3.710100000000000000e+04
3.722700000000000000e+04
3.727500000000000000e+04
3.722200000000000000e+04
3.722200000000000000e+04
3.746800000000000000e+04
3.734400000000000000e+04
3.722800000000000000e+04
3.747000000000000000e+04
3.757700000000000000e+04
3.749300000000000000e+04
3.776900000000000000e+04
3.781300000000000000e+04
3.781000000000000000e+04
3.792000000000000000e+04
3.816400000000000000e+04
3.824300000000000000e+04
3.839200000000000000e+04
3.835300000000000000e+04
3.811700000000000000e+04
3.823000000000000000e+04
3.879200000000000000e+04
3.874200000000000000e+04
3.902400000000000000e+04
3.908400000000000000e+04
3.941700000000000000e+04
3.961700000000000000e+04
3.950500000000000000e+04
3.964100000000000000e+04
3.994100000000000000e+04
3.970700000000000000e+04
3.981900000000000000e+04
4.006700000000000000e+04
4.013100000000000000e+04
4.038000000000000000e+04
4.049200000000000000e+04
4.092000000000000000e+04
4.132300000000000000e+04
4.164400000000000000e+04
4.198200000000000000e+04
4.159700000000000000e+04
4.193700000000000000e+04
4.203600000000000000e+04
4.247800000000000000e+04
4.257000000000000000e+04
4.290000000000000000e+04
4.315600000000000000e+04
4.302600000000000000e+04
4.360600000000000000e+04
4.339400000000000000e+04
4.373700000000000000e+04
4.410900000000000000e+04
4.432900000000000000e+04
4.433800000000000000e+04
4.444600000000000000e+04
4.450400000000000000e+04
4.493100000000000000e+04
4.505100000000000000e+04
4.544900000000000000e+04
4.531300000000000000e+04
4.615300000000000000e+04
4.599900000000000000e+04
4.620800000000000000e+04
4.642700000000000000e+04
4.617900000000000000e+04
4.673500000000000000e+04
4.702000000000000000e+04
4.708100000000000000e+04
4.729100000000000000e+04
4.743200000000000000e+04
4.805500000000000000e+04
4.805300000000000000e+04
4.822400000000000000e+04
4.832300000000000000e+04
4.851300000000000000e+04
4.887500000000000000e+04
4.891600000000000000e+04
4.870600000000000000e+04
4.929500000000000000e+04
4.977600000000000000e+04
4.929200000000000000e+04
4.996200000000000000e+04
4.982100000000000000e+04
5.005900000000000000e+04
5.048100000000000000e+04
5.087400000000000000e+04
5.129000000000000000e+04
5.115100000000000000e+04
5.124300000000000000e+04
5.157500000000000000e+04
5.163400000000000000e+04
5.128900000000000000e+04
5.191600000000000000e+04
5.172700000000000000e+04
5.138300000000000000e+04
5.188900000000000000e+04
5.174000000000000000e+04
5.182500000000000000e+04
5.142800000000000000e+04
5.181100000000000000e+04
5.140400000000000000e+04
5.132200000000000000e+04
5.162300000000000000e+04
5.067700000000000000e+04
5.021200000000000000e+04
5.029300000000000000e+04
5.094500000000000000e+04
5.139100000000000000e+04
5.151600000000000000e+04
5.140200000000000000e+04
5.150700000000000000e+04
5.134000000000000000e+04
5.188700000000000000e+04
5.185400000000000000e+04
5.169300000000000000e+04
5.169900000000000000e+04
5.106500000000000000e+04
5.173100000000000000e+04
5.172200000000000000e+04
5.147600000000000000e+04
5.188000000000000000e+04
5.181200000000000000e+04
5.163100000000000000e+04
5.185800000000000000e+04
5.208100000000000000e+04
5.189300000000000000e+04
5.203000000000000000e+04
5.138000000000000000e+04
5.166200000000000000e+04
5.146400000000000000e+04
5.150700000000000000e+04
5.122500000000000000e+04
5.146100000000000000e+04
5.144900000000000000e+04
5.190500000000000000e+04
5.156800000000000000e+04
5.151900000000000000e+04
5.130800000000000000e+04
5.153200000000000000e+04
5.152800000000000000e+04
5.122900000000000000e+04
5.144300000000000000e+04
5.109300000000000000e+04
5.122500000000000000e+04
5.157300000000000000e+04
5.133100000000000000e+04
5.064700000000000000e+04
5.078000000000000000e+04
5.061900000000000000e+04
5.046400000000000000e+04
5.117500000000000000e+04
5.085900000000000000e+04
5.063800000000000000e+04
5.061900000000000000e+04
5.035300000000000000e+04
5.072300000000000000e+04
5.019200000000000000e+04
5.053400000000000000e+04
4.972800000000000000e+04
5.029500000000000000e+04
5.052800000000000000e+04
5.006900000000000000e+04
5.022900000000000000e+04
4.992600000000000000e+04
4.970700000000000000e+04
4.935400000000000000e+04
4.908300000000000000e+04
4.938800000000000000e+04
5.014100000000000000e+04
4.996000000000000000e+04
4.971300000000000000e+04
4.955600000000000000e+04
4.975800000000000000e+04
4.951600000000000000e+04
4.972200000000000000e+04
4.963500000000000000e+04
4.960100000000000000e+04
4.937800000000000000e+04
4.934200000000000000e+04
4.936200000000000000e+04
4.949900000000000000e+04
4.968000000000000000e+04
4.957400000000000000e+04
4.962500000000000000e+04
4.956100000000000000e+04
4.947600000000000000e+04
4.933800000000000000e+04
4.896600000000000000e+04
4.925600000000000000e+04
4.954300000000000000e+04
4.954200000000000000e+04
4.952500000000000000e+04
4.970500000000000000e+04
4.913700000000000000e+04
4.761900000000000000e+04
4.774200000000000000e+04
4.849500000000000000e+04
4.855500000000000000e+04
4.861600000000000000e+04
4.885900000000000000e+04
4.927400000000000000e+04
4.961100000000000000e+04
4.963900000000000000e+04
4.986200000000000000e+04
4.958300000000000000e+04
4.964600000000000000e+04
4.966800000000000000e+04
5.017100000000000000e+04
5.050900000000000000e+04
5.029500000000000000e+04
4.944900000000000000e+04
4.991700000000000000e+04
5.046300000000000000e+04
5.047100000000000000e+04
5.029600000000000000e+04
5.015500000000000000e+04
4.958800000000000000e+04
4.976300000000000000e+04
5.012400000000000000e+04
5.010100000000000000e+04
4.953500000000000000e+04
4.997700000000000000e+04
4.988000000000000000e+04
4.985700000000000000e+04
4.992000000000000000e+04
5.003200000000000000e+04
5.006000000000000000e+04
4.984100000000000000e+04
4.960400000000000000e+04
5.004900000000000000e+04
4.970500000000000000e+04
4.972600000000000000e+04
4.990400000000000000e+04
5.003800000000000000e+04
5.033500000000000000e+04
4.977500000000000000e+04
4.980500000000000000e+04
4.975800000000000000e+04
4.972600000000000000e+04
4.965500000000000000e+04
4.931100000000000000e+04
4.944800000000000000e+04
4.933400000000000000e+04
4.924500000000000000e+04
4.930700000000000000e+04
4.941100000000000000e+04
4.946600000000000000e+04
4.935700000000000000e+04
4.925200000000000000e+04
4.866000000000000000e+04
4.779500000000000000e+04
4.800600000000000000e+04
4.812300000000000000e+04
4.772900000000000000e+04
4.686500000000000000e+04
4.617600000000000000e+04
4.396100000000000000e+04
4.205500000000000000e+04
3.912800000000000000e+04
3.538000000000000000e+04
2.966600000000000000e+04
2.762700000000000000e+04
3.177600000000000000e+04
3.645800000000000000e+04
4.019800000000000000e+04
4.217700000000000000e+04
4.418800000000000000e+04
4.541400000000000000e+04
4.592600000000000000e+04
4.650900000000000000e+04
4.677500000000000000e+04
4.708600000000000000e+04
4.731000000000000000e+04
4.729700000000000000e+04
4.721200000000000000e+04
4.721500000000000000e+04
4.700900000000000000e+04
4.704100000000000000e+04
4.694400000000000000e+04
4.704200000000000000e+04
4.716300000000000000e+04
4.680700000000000000e+04
4.677100000000000000e+04
4.666500000000000000e+04
4.663700000000000000e+04
4.687900000000000000e+04
4.645200000000000000e+04
4.597900000000000000e+04
4.562300000000000000e+04
4.534800000000000000e+04
4.556400000000000000e+04
4.510900000000000000e+04
4.510000000000000000e+04
4.478400000000000000e+04
4.479400000000000000e+04
4.462500000000000000e+04
4.415600000000000000e+04
4.423800000000000000e+04
4.412200000000000000e+04
4.390200000000000000e+04
4.377500000000000000e+04
4.351300000000000000e+04
4.344900000000000000e+04
4.308900000000000000e+04
4.319300000000000000e+04
4.288400000000000000e+04
4.274000000000000000e+04
4.283200000000000000e+04
4.240300000000000000e+04
4.207100000000000000e+04
4.206100000000000000e+04
4.179700000000000000e+04
4.193000000000000000e+04
4.134800000000000000e+04
4.139500000000000000e+04
4.112800000000000000e+04
4.119100000000000000e+04
4.060900000000000000e+04
4.028600000000000000e+04
4.045100000000000000e+04
4.037800000000000000e+04
3.981200000000000000e+04
3.962300000000000000e+04
3.938600000000000000e+04
3.885600000000000000e+04
3.876600000000000000e+04
3.878500000000000000e+04
3.868700000000000000e+04
3.842500000000000000e+04
3.811800000000000000e+04
3.754900000000000000e+04
3.552700000000000000e+04
2.924800000000000000e+04
2.615600000000000000e+04
2.852200000000000000e+04
3.181500000000000000e+04
3.228300000000000000e+04
3.076200000000000000e+04
3.094100000000000000e+04
3.123400000000000000e+04
3.194400000000000000e+04
3.218400000000000000e+04
3.280500000000000000e+04
3.320800000000000000e+04
3.365700000000000000e+04
3.363300000000000000e+04
3.338600000000000000e+04
3.314400000000000000e+04
3.329300000000000000e+04
3.269200000000000000e+04
3.285600000000000000e+04
3.277800000000000000e+04
3.266100000000000000e+04
3.248300000000000000e+04
3.251800000000000000e+04
3.278200000000000000e+04
3.277400000000000000e+04
3.264800000000000000e+04
3.212800000000000000e+04
3.216200000000000000e+04
3.144100000000000000e+04
3.134100000000000000e+04
3.141400000000000000e+04
3.093400000000000000e+04
3.096500000000000000e+04
3.112400000000000000e+04
3.086000000000000000e+04
3.063800000000000000e+04
3.038600000000000000e+04
3.017500000000000000e+04
3.046500000000000000e+04
3.035800000000000000e+04
3.025300000000000000e+04
2.999800000000000000e+04
2.988000000000000000e+04
3.003500000000000000e+04
2.967000000000000000e+04
2.948300000000000000e+04
2.944200000000000000e+04
2.927800000000000000e+04
2.905900000000000000e+04
2.905000000000000000e+04
2.909200000000000000e+04
2.916500000000000000e+04
2.871800000000000000e+04
2.887500000000000000e+04
2.863400000000000000e+04
2.871800000000000000e+04
2.844300000000000000e+04
2.832900000000000000e+04
2.816800000000000000e+04
2.816900000000000000e+04
2.814900000000000000e+04
2.812800000000000000e+04
2.784800000000000000e+04
2.809400000000000000e+04
2.792400000000000000e+04
2.747100000000000000e+04
2.739000000000000000e+04
2.741800000000000000e+04
2.708200000000000000e+04
2.678600000000000000e+04
2.571900000000000000e+04
2.486200000000000000e+04
2.429000000000000000e+04
2.413000000000000000e+04
2.305000000000000000e+04
2.280000000000000000e+04
2.312900000000000000e+04
2.294600000000000000e+04
2.310900000000000000e+04
2.370100000000000000e+04
2.453400000000000000e+04
2.525600000000000000e+04
2.531000000000000000e+04
2.494800000000000000e+04
2.460700000000000000e+04
2.366100000000000000e+04
2.275400000000000000e+04
2.303700000000000000e+04
2.300100000000000000e+04
2.321200000000000000e+04
2.278800000000000000e+04
2.310500000000000000e+04
2.332400000000000000e+04
2.292000000000000000e+04
2.284900000000000000e+04
2.230900000000000000e+04
2.214400000000000000e+04
2.306900000000000000e+04
2.268100000000000000e+04
2.225200000000000000e+04
2.271500000000000000e+04
2.246200000000000000e+04
2.223600000000000000e+04
2.230000000000000000e+04
2.232900000000000000e+04
2.220400000000000000e+04
2.248200000000000000e+04
2.265300000000000000e+04
2.258200000000000000e+04
2.236300000000000000e+04
2.266600000000000000e+04
2.272600000000000000e+04
2.247200000000000000e+04
2.250900000000000000e+04
2.215200000000000000e+04
2.222600000000000000e+04
2.201400000000000000e+04
2.186600000000000000e+04
2.199600000000000000e+04
2.206500000000000000e+04
2.193300000000000000e+04
2.179000000000000000e+04
2.177400000000000000e+04
2.153400000000000000e+04
2.148400000000000000e+04
2.144700000000000000e+04
2.135800000000000000e+04
2.117000000000000000e+04
2.129300000000000000e+04
2.119300000000000000e+04
2.088800000000000000e+04
2.089300000000000000e+04
2.115000000000000000e+04
2.096400000000000000e+04
2.074000000000000000e+04
2.053800000000000000e+04
2.040800000000000000e+04
2.049800000000000000e+04
2.025300000000000000e+04
2.009400000000000000e+04
1.993800000000000000e+04
1.983300000000000000e+04
1.996200000000000000e+04
1.985200000000000000e+04
1.973400000000000000e+04
1.958900000000000000e+04
1.943600000000000000e+04
1.938200000000000000e+04
1.924100000000000000e+04
1.897000000000000000e+04
1.894300000000000000e+04
1.878900000000000000e+04
1.891000000000000000e+04
1.868800000000000000e+04
1.861800000000000000e+04
1.853600000000000000e+04
1.835100000000000000e+04
1.813000000000000000e+04
1.810600000000000000e+04
1.810100000000000000e+04
1.797000000000000000e+04
1.768800000000000000e+04
1.759700000000000000e+04
1.746100000000000000e+04
1.746400000000000000e+04
1.726900000000000000e+04
1.723000000000000000e+04
1.690000000000000000e+04
1.643500000000000000e+04
1.448200000000000000e+04
9.863000000000000000e+03
5.413000000000000000e+03
3.422000000000000000e+03
3.460000000000000000e+03
5.349000000000000000e+03
8.663000000000000000e+03
9.427000000000000000e+03
7.633000000000000000e+03
6.885000000000000000e+03
6.991000000000000000e+03
7.427000000000000000e+03
8.300000000000000000e+03
9.203000000000000000e+03
1.005100000000000000e+04
1.097900000000000000e+04
1.156300000000000000e+04
1.224500000000000000e+04
1.268400000000000000e+04
1.305200000000000000e+04
1.339500000000000000e+04
1.361500000000000000e+04
1.348800000000000000e+04
1.368900000000000000e+04
1.356200000000000000e+04
1.350000000000000000e+04
1.348800000000000000e+04
1.351300000000000000e+04
1.354800000000000000e+04
1.335400000000000000e+04
1.335000000000000000e+04
1.299300000000000000e+04
1.287500000000000000e+04
1.276100000000000000e+04
1.268600000000000000e+04
1.263800000000000000e+04
1.250400000000000000e+04
1.246400000000000000e+04
1.210700000000000000e+04
1.211700000000000000e+04
1.202100000000000000e+04
1.172200000000000000e+04
1.133800000000000000e+04
1.099100000000000000e+04
1.113200000000000000e+04
1.145500000000000000e+04
1.144600000000000000e+04
1.125800000000000000e+04
1.123200000000000000e+04
1.109400000000000000e+04
1.097200000000000000e+04
1.089800000000000000e+04
1.086900000000000000e+04
1.073800000000000000e+04
1.072200000000000000e+04
1.073700000000000000e+04
1.064100000000000000e+04
1.049900000000000000e+04
1.051400000000000000e+04
1.050100000000000000e+04
1.020700000000000000e+04
1.017600000000000000e+04
1.008300000000000000e+04
1.004600000000000000e+04
9.879000000000000000e+03
9.852000000000000000e+03
9.778000000000000000e+03
9.539000000000000000e+03
9.565000000000000000e+03
9.540000000000000000e+03
9.318000000000000000e+03
9.189000000000000000e+03
9.192000000000000000e+03
9.112000000000000000e+03
9.097000000000000000e+03
9.022000000000000000e+03
8.932000000000000000e+03
8.882000000000000000e+03
8.818000000000000000e+03
8.596000000000000000e+03
8.541000000000000000e+03
8.501000000000000000e+03
8.501000000000000000e+03
8.593000000000000000e+03
8.534000000000000000e+03
8.420000000000000000e+03
8.467000000000000000e+03
8.235000000000000000e+03
