1.190000000000000000e+02
1.200000000000000000e+02
1.170000000000000000e+02
1.320000000000000000e+02
1.100000000000000000e+02
1.060000000000000000e+02
1.120000000000000000e+02
1.150000000000000000e+02
1.440000000000000000e+02
1.250000000000000000e+02
1.160000000000000000e+02
1.290000000000000000e+02
1.180000000000000000e+02
1.130000000000000000e+02
1.190000000000000000e+02
1.090000000000000000e+02
1.220000000000000000e+02
1.200000000000000000e+02
1.140000000000000000e+02
1.310000000000000000e+02
1.140000000000000000e+02
1.170000000000000000e+02
1.200000000000000000e+02
1.690000000000000000e+02
1.230000000000000000e+02
1.280000000000000000e+02
1.300000000000000000e+02
1.170000000000000000e+02
1.590000000000000000e+02
1.230000000000000000e+02
1.280000000000000000e+02
1.240000000000000000e+02
1.270000000000000000e+02
1.150000000000000000e+02
1.260000000000000000e+02
1.280000000000000000e+02
1.330000000000000000e+02
1.310000000000000000e+02
1.060000000000000000e+02
1.050000000000000000e+02
1.170000000000000000e+02
1.270000000000000000e+02
1.180000000000000000e+02
1.320000000000000000e+02
1.390000000000000000e+02
1.350000000000000000e+02
1.340000000000000000e+02
1.240000000000000000e+02
1.290000000000000000e+02
1.300000000000000000e+02
1.350000000000000000e+02
1.400000000000000000e+02
1.240000000000000000e+02
1.390000000000000000e+02
1.400000000000000000e+02
1.310000000000000000e+02
1.320000000000000000e+02
1.440000000000000000e+02
1.550000000000000000e+02
1.490000000000000000e+02
1.510000000000000000e+02
1.450000000000000000e+02
1.530000000000000000e+02
1.300000000000000000e+02
1.510000000000000000e+02
1.390000000000000000e+02
1.340000000000000000e+02
1.540000000000000000e+02
1.360000000000000000e+02
1.420000000000000000e+02
1.460000000000000000e+02
1.450000000000000000e+02
1.530000000000000000e+02
1.440000000000000000e+02
1.200000000000000000e+02
1.610000000000000000e+02
1.670000000000000000e+02
1.430000000000000000e+02
1.570000000000000000e+02
1.600000000000000000e+02
1.590000000000000000e+02
1.460000000000000000e+02
1.430000000000000000e+02
1.510000000000000000e+02
1.600000000000000000e+02
1.550000000000000000e+02
1.530000000000000000e+02
1.620000000000000000e+02
1.580000000000000000e+02
1.570000000000000000e+02
1.660000000000000000e+02
1.590000000000000000e+02
1.680000000000000000e+02
1.730000000000000000e+02
1.660000000000000000e+02
1.570000000000000000e+02
1.790000000000000000e+02
1.680000000000000000e+02
1.780000000000000000e+02
1.680000000000000000e+02
1.620000000000000000e+02
1.700000000000000000e+02
1.640000000000000000e+02
1.680000000000000000e+02
1.650000000000000000e+02
1.760000000000000000e+02
1.810000000000000000e+02
1.730000000000000000e+02
1.600000000000000000e+02
1.700000000000000000e+02
1.890000000000000000e+02
1.860000000000000000e+02
2.070000000000000000e+02
1.880000000000000000e+02
1.800000000000000000e+02
1.940000000000000000e+02
1.960000000000000000e+02
2.030000000000000000e+02
1.760000000000000000e+02
1.890000000000000000e+02
1.850000000000000000e+02
2.000000000000000000e+02
1.900000000000000000e+02
1.920000000000000000e+02
1.910000000000000000e+02
1.830000000000000000e+02
1.730000000000000000e+02
1.920000000000000000e+02
2.040000000000000000e+02
2.310000000000000000e+02
2.390000000000000000e+02
2.220000000000000000e+02
2.410000000000000000e+02
2.400000000000000000e+02
2.150000000000000000e+02
2.150000000000000000e+02
2.490000000000000000e+02
2.430000000000000000e+02
2.640000000000000000e+02
2.660000000000000000e+02
2.580000000000000000e+02
2.510000000000000000e+02
2.540000000000000000e+02
2.410000000000000000e+02
2.250000000000000000e+02
2.120000000000000000e+02
2.260000000000000000e+02
2.600000000000000000e+02
2.590000000000000000e+02
2.540000000000000000e+02
2.360000000000000000e+02
2.650000000000000000e+02
2.610000000000000000e+02
2.510000000000000000e+02
2.890000000000000000e+02
2.730000000000000000e+02
2.660000000000000000e+02
2.750000000000000000e+02
2.700000000000000000e+02
2.820000000000000000e+02
2.950000000000000000e+02
2.520000000000000000e+02
2.780000000000000000e+02
2.560000000000000000e+02
2.690000000000000000e+02
3.110000000000000000e+02
3.280000000000000000e+02
3.440000000000000000e+02
3.570000000000000000e+02
3.540000000000000000e+02
3.310000000000000000e+02
3.440000000000000000e+02
3.770000000000000000e+02
3.950000000000000000e+02
3.890000000000000000e+02
3.540000000000000000e+02
3.810000000000000000e+02
3.510000000000000000e+02
3.300000000000000000e+02
3.350000000000000000e+02
3.730000000000000000e+02
3.510000000000000000e+02
3.710000000000000000e+02
3.600000000000000000e+02
3.780000000000000000e+02
4.070000000000000000e+02
3.990000000000000000e+02
4.030000000000000000e+02
4.040000000000000000e+02
4.290000000000000000e+02
4.030000000000000000e+02
4.110000000000000000e+02
4.140000000000000000e+02
4.330000000000000000e+02
4.100000000000000000e+02
4.140000000000000000e+02
4.380000000000000000e+02
4.680000000000000000e+02
5.060000000000000000e+02
5.120000000000000000e+02
5.290000000000000000e+02
5.160000000000000000e+02
5.080000000000000000e+02
5.120000000000000000e+02
4.760000000000000000e+02
4.460000000000000000e+02
4.560000000000000000e+02
4.880000000000000000e+02
5.130000000000000000e+02
5.490000000000000000e+02
4.800000000000000000e+02
4.890000000000000000e+02
5.450000000000000000e+02
5.230000000000000000e+02
5.310000000000000000e+02
5.130000000000000000e+02
5.390000000000000000e+02
5.660000000000000000e+02
5.190000000000000000e+02
5.460000000000000000e+02
5.270000000000000000e+02
5.500000000000000000e+02
5.650000000000000000e+02
6.180000000000000000e+02
6.010000000000000000e+02
5.750000000000000000e+02
5.650000000000000000e+02
5.820000000000000000e+02
6.040000000000000000e+02
6.300000000000000000e+02
6.230000000000000000e+02
5.950000000000000000e+02
6.010000000000000000e+02
5.930000000000000000e+02
5.970000000000000000e+02
6.580000000000000000e+02
6.670000000000000000e+02
6.670000000000000000e+02
5.980000000000000000e+02
6.270000000000000000e+02
6.370000000000000000e+02
6.660000000000000000e+02
6.500000000000000000e+02
6.490000000000000000e+02
6.590000000000000000e+02
6.860000000000000000e+02
6.920000000000000000e+02
6.690000000000000000e+02
6.870000000000000000e+02
6.940000000000000000e+02
6.810000000000000000e+02
6.690000000000000000e+02
6.510000000000000000e+02
6.540000000000000000e+02
6.680000000000000000e+02
6.110000000000000000e+02
5.740000000000000000e+02
5.860000000000000000e+02
6.330000000000000000e+02
6.400000000000000000e+02
6.390000000000000000e+02
6.530000000000000000e+02
6.120000000000000000e+02
6.580000000000000000e+02
7.410000000000000000e+02
7.180000000000000000e+02
7.510000000000000000e+02
7.080000000000000000e+02
6.680000000000000000e+02
6.550000000000000000e+02
6.090000000000000000e+02
6.950000000000000000e+02
7.410000000000000000e+02
6.730000000000000000e+02
6.940000000000000000e+02
7.550000000000000000e+02
7.190000000000000000e+02
7.700000000000000000e+02
7.420000000000000000e+02
7.400000000000000000e+02
7.420000000000000000e+02
7.070000000000000000e+02
7.690000000000000000e+02
7.280000000000000000e+02
6.720000000000000000e+02
6.650000000000000000e+02
6.820000000000000000e+02
7.150000000000000000e+02
6.640000000000000000e+02
6.520000000000000000e+02
6.260000000000000000e+02
6.480000000000000000e+02
6.230000000000000000e+02
6.490000000000000000e+02
6.520000000000000000e+02
7.130000000000000000e+02
7.330000000000000000e+02
6.660000000000000000e+02
6.430000000000000000e+02
7.160000000000000000e+02
7.060000000000000000e+02
7.590000000000000000e+02
7.930000000000000000e+02
7.350000000000000000e+02
7.120000000000000000e+02
7.520000000000000000e+02
6.750000000000000000e+02
6.860000000000000000e+02
6.910000000000000000e+02
7.520000000000000000e+02
7.680000000000000000e+02
7.540000000000000000e+02
7.360000000000000000e+02
7.190000000000000000e+02
7.250000000000000000e+02
7.610000000000000000e+02
7.680000000000000000e+02
6.890000000000000000e+02
6.830000000000000000e+02
7.350000000000000000e+02
8.070000000000000000e+02
7.330000000000000000e+02
7.300000000000000000e+02
7.230000000000000000e+02
7.460000000000000000e+02
8.270000000000000000e+02
7.910000000000000000e+02
6.720000000000000000e+02
6.270000000000000000e+02
6.720000000000000000e+02
7.430000000000000000e+02
7.670000000000000000e+02
7.890000000000000000e+02
7.910000000000000000e+02
7.800000000000000000e+02
7.980000000000000000e+02
7.580000000000000000e+02
7.030000000000000000e+02
8.380000000000000000e+02
8.600000000000000000e+02
8.290000000000000000e+02
8.010000000000000000e+02
8.420000000000000000e+02
9.370000000000000000e+02
9.810000000000000000e+02
9.860000000000000000e+02
8.430000000000000000e+02
8.800000000000000000e+02
9.420000000000000000e+02
9.180000000000000000e+02
8.240000000000000000e+02
9.020000000000000000e+02
8.970000000000000000e+02
1.032000000000000000e+03
1.109000000000000000e+03
1.101000000000000000e+03
1.176000000000000000e+03
1.051000000000000000e+03
9.930000000000000000e+02
1.103000000000000000e+03
1.226000000000000000e+03
1.208000000000000000e+03
1.187000000000000000e+03
1.119000000000000000e+03
1.079000000000000000e+03
1.029000000000000000e+03
1.125000000000000000e+03
1.198000000000000000e+03
1.147000000000000000e+03
1.143000000000000000e+03
1.211000000000000000e+03
1.331000000000000000e+03
1.404000000000000000e+03
1.314000000000000000e+03
1.170000000000000000e+03
1.267000000000000000e+03
1.319000000000000000e+03
1.348000000000000000e+03
1.304000000000000000e+03
1.209000000000000000e+03
1.174000000000000000e+03
1.107000000000000000e+03
1.141000000000000000e+03
1.116000000000000000e+03
1.131000000000000000e+03
1.308000000000000000e+03
1.295000000000000000e+03
1.283000000000000000e+03
1.268000000000000000e+03
1.175000000000000000e+03
1.309000000000000000e+03
1.342000000000000000e+03
1.386000000000000000e+03
1.289000000000000000e+03
1.294000000000000000e+03
1.294000000000000000e+03
1.321000000000000000e+03
1.297000000000000000e+03
1.279000000000000000e+03
1.224000000000000000e+03
1.257000000000000000e+03
1.295000000000000000e+03
1.307000000000000000e+03
1.358000000000000000e+03
1.389000000000000000e+03
1.378000000000000000e+03
1.378000000000000000e+03
1.299000000000000000e+03
1.325000000000000000e+03
1.382000000000000000e+03
1.516000000000000000e+03
1.413000000000000000e+03
1.370000000000000000e+03
1.439000000000000000e+03
1.457000000000000000e+03
1.496000000000000000e+03
1.526000000000000000e+03
1.524000000000000000e+03
1.554000000000000000e+03
1.491000000000000000e+03
1.441000000000000000e+03
1.452000000000000000e+03
1.541000000000000000e+03
1.597000000000000000e+03
1.559000000000000000e+03
1.427000000000000000e+03
1.377000000000000000e+03
1.491000000000000000e+03
1.526000000000000000e+03
1.543000000000000000e+03
1.662000000000000000e+03
1.635000000000000000e+03
1.599000000000000000e+03
1.580000000000000000e+03
1.566000000000000000e+03
1.652000000000000000e+03
1.686000000000000000e+03
1.643000000000000000e+03
1.568000000000000000e+03
1.628000000000000000e+03
1.660000000000000000e+03
1.641000000000000000e+03
1.611000000000000000e+03
1.625000000000000000e+03
1.689000000000000000e+03
1.749000000000000000e+03
1.754000000000000000e+03
1.735000000000000000e+03
1.759000000000000000e+03
1.718000000000000000e+03
1.795000000000000000e+03
1.721000000000000000e+03
1.686000000000000000e+03
1.562000000000000000e+03
1.625000000000000000e+03
1.703000000000000000e+03
1.894000000000000000e+03
1.945000000000000000e+03
1.920000000000000000e+03
1.915000000000000000e+03
1.926000000000000000e+03
1.905000000000000000e+03
1.891000000000000000e+03
1.957000000000000000e+03
1.918000000000000000e+03
1.888000000000000000e+03
1.995000000000000000e+03
2.018000000000000000e+03
2.026000000000000000e+03
1.977000000000000000e+03
1.952000000000000000e+03
1.763000000000000000e+03
1.821000000000000000e+03
1.952000000000000000e+03
2.046000000000000000e+03
2.077000000000000000e+03
2.102000000000000000e+03
2.067000000000000000e+03
2.108000000000000000e+03
2.148000000000000000e+03
2.219000000000000000e+03
2.249000000000000000e+03
2.238000000000000000e+03
2.204000000000000000e+03
2.177000000000000000e+03
2.199000000000000000e+03
2.158000000000000000e+03
2.089000000000000000e+03
2.021000000000000000e+03
2.071000000000000000e+03
2.082000000000000000e+03
2.137000000000000000e+03
2.234000000000000000e+03
2.127000000000000000e+03
2.035000000000000000e+03
1.881000000000000000e+03
1.667000000000000000e+03
1.537000000000000000e+03
1.774000000000000000e+03
2.022000000000000000e+03
2.171000000000000000e+03
2.167000000000000000e+03
2.146000000000000000e+03
2.108000000000000000e+03
2.140000000000000000e+03
2.190000000000000000e+03
2.110000000000000000e+03
2.097000000000000000e+03
2.113000000000000000e+03
2.104000000000000000e+03
2.149000000000000000e+03
2.076000000000000000e+03
2.150000000000000000e+03
2.219000000000000000e+03
2.264000000000000000e+03
2.303000000000000000e+03
2.241000000000000000e+03
2.133000000000000000e+03
2.055000000000000000e+03
2.169000000000000000e+03
2.219000000000000000e+03
2.191000000000000000e+03
2.159000000000000000e+03
2.174000000000000000e+03
2.086000000000000000e+03
2.091000000000000000e+03
2.042000000000000000e+03
2.147000000000000000e+03
2.236000000000000000e+03
2.217000000000000000e+03
2.330000000000000000e+03
2.269000000000000000e+03
2.259000000000000000e+03
2.272000000000000000e+03
2.238000000000000000e+03
2.261000000000000000e+03
2.175000000000000000e+03
2.291000000000000000e+03
2.325000000000000000e+03
2.276000000000000000e+03
2.187000000000000000e+03
2.155000000000000000e+03
2.154000000000000000e+03
2.099000000000000000e+03
2.157000000000000000e+03
2.094000000000000000e+03
2.067000000000000000e+03
2.169000000000000000e+03
2.235000000000000000e+03
2.146000000000000000e+03
2.069000000000000000e+03
2.070000000000000000e+03
2.030000000000000000e+03
1.934000000000000000e+03
1.920000000000000000e+03
2.011000000000000000e+03
2.136000000000000000e+03
2.104000000000000000e+03
2.212000000000000000e+03
2.005000000000000000e+03
1.950000000000000000e+03
1.968000000000000000e+03
2.037000000000000000e+03
2.084000000000000000e+03
2.131000000000000000e+03
2.153000000000000000e+03
2.084000000000000000e+03
2.082000000000000000e+03
2.149000000000000000e+03
2.090000000000000000e+03
2.147000000000000000e+03
2.073000000000000000e+03
1.944000000000000000e+03
1.995000000000000000e+03
2.024000000000000000e+03
1.942000000000000000e+03
2.002000000000000000e+03
2.029000000000000000e+03
1.843000000000000000e+03
1.913000000000000000e+03
1.917000000000000000e+03
1.832000000000000000e+03
1.790000000000000000e+03
1.870000000000000000e+03
1.930000000000000000e+03
1.979000000000000000e+03
2.001000000000000000e+03
1.916000000000000000e+03
2.012000000000000000e+03
2.097000000000000000e+03
2.086000000000000000e+03
1.955000000000000000e+03
1.972000000000000000e+03
2.020000000000000000e+03
2.102000000000000000e+03
1.968000000000000000e+03
1.998000000000000000e+03
2.069000000000000000e+03
2.160000000000000000e+03
2.133000000000000000e+03
2.048000000000000000e+03
2.085000000000000000e+03
2.079000000000000000e+03
2.156000000000000000e+03
2.151000000000000000e+03
2.089000000000000000e+03
1.991000000000000000e+03
2.026000000000000000e+03
2.188000000000000000e+03
2.234000000000000000e+03
2.238000000000000000e+03
2.174000000000000000e+03
2.213000000000000000e+03
2.157000000000000000e+03
2.092000000000000000e+03
2.136000000000000000e+03
2.233000000000000000e+03
2.219000000000000000e+03
2.215000000000000000e+03
2.168000000000000000e+03
2.176000000000000000e+03
2.262000000000000000e+03
2.242000000000000000e+03
2.179000000000000000e+03
2.248000000000000000e+03
2.297000000000000000e+03
2.241000000000000000e+03
2.184000000000000000e+03
2.178000000000000000e+03
2.249000000000000000e+03
2.226000000000000000e+03
2.262000000000000000e+03
2.228000000000000000e+03
2.229000000000000000e+03
2.175000000000000000e+03
2.165000000000000000e+03
2.160000000000000000e+03
1.985000000000000000e+03
1.935000000000000000e+03
2.075000000000000000e+03
2.262000000000000000e+03
2.273000000000000000e+03
2.211000000000000000e+03
2.250000000000000000e+03
2.258000000000000000e+03
2.292000000000000000e+03
2.303000000000000000e+03
2.307000000000000000e+03
2.288000000000000000e+03
2.228000000000000000e+03
2.181000000000000000e+03
2.174000000000000000e+03
2.059000000000000000e+03
1.992000000000000000e+03
2.080000000000000000e+03
2.090000000000000000e+03
2.121000000000000000e+03
2.235000000000000000e+03
2.260000000000000000e+03
2.249000000000000000e+03
2.205000000000000000e+03
2.215000000000000000e+03
2.255000000000000000e+03
2.229000000000000000e+03
2.195000000000000000e+03
2.278000000000000000e+03
2.399000000000000000e+03
2.323000000000000000e+03
2.319000000000000000e+03
2.266000000000000000e+03
2.272000000000000000e+03
2.243000000000000000e+03
2.234000000000000000e+03
2.219000000000000000e+03
2.256000000000000000e+03
2.264000000000000000e+03
2.250000000000000000e+03
2.156000000000000000e+03
2.207000000000000000e+03
2.221000000000000000e+03
2.213000000000000000e+03
2.185000000000000000e+03
2.285000000000000000e+03
2.274000000000000000e+03
2.219000000000000000e+03
2.211000000000000000e+03
2.210000000000000000e+03
2.191000000000000000e+03
2.133000000000000000e+03
2.102000000000000000e+03
2.130000000000000000e+03
2.193000000000000000e+03
2.230000000000000000e+03
2.162000000000000000e+03
2.156000000000000000e+03
2.073000000000000000e+03
2.114000000000000000e+03
2.037000000000000000e+03
2.105000000000000000e+03
2.117000000000000000e+03
2.122000000000000000e+03
2.112000000000000000e+03
2.066000000000000000e+03
2.106000000000000000e+03
2.110000000000000000e+03
2.080000000000000000e+03
2.064000000000000000e+03
2.124000000000000000e+03
2.041000000000000000e+03
2.100000000000000000e+03
2.056000000000000000e+03
2.036000000000000000e+03
2.044000000000000000e+03
2.066000000000000000e+03
2.049000000000000000e+03
2.037000000000000000e+03
1.988000000000000000e+03
2.044000000000000000e+03
1.892000000000000000e+03
1.923000000000000000e+03
1.966000000000000000e+03
1.949000000000000000e+03
1.913000000000000000e+03
1.856000000000000000e+03
1.595000000000000000e+03
1.468000000000000000e+03
1.491000000000000000e+03
1.618000000000000000e+03
1.685000000000000000e+03
1.646000000000000000e+03
1.685000000000000000e+03
1.762000000000000000e+03
1.713000000000000000e+03
1.775000000000000000e+03
1.729000000000000000e+03
1.742000000000000000e+03
1.788000000000000000e+03
1.758000000000000000e+03
1.727000000000000000e+03
1.706000000000000000e+03
1.736000000000000000e+03
1.644000000000000000e+03
1.617000000000000000e+03
1.611000000000000000e+03
1.656000000000000000e+03
1.652000000000000000e+03
1.745000000000000000e+03
1.738000000000000000e+03
1.755000000000000000e+03
1.685000000000000000e+03
1.621000000000000000e+03
1.599000000000000000e+03
1.644000000000000000e+03
1.679000000000000000e+03
1.722000000000000000e+03
1.598000000000000000e+03
1.606000000000000000e+03
1.620000000000000000e+03
1.590000000000000000e+03
1.564000000000000000e+03
1.541000000000000000e+03
1.613000000000000000e+03
1.589000000000000000e+03
1.617000000000000000e+03
1.564000000000000000e+03
