1.110000000000000000e+02
1.240000000000000000e+02
1.260000000000000000e+02
1.110000000000000000e+02
1.210000000000000000e+02
1.220000000000000000e+02
1.240000000000000000e+02
1.130000000000000000e+02
1.110000000000000000e+02
1.140000000000000000e+02
1.240000000000000000e+02
1.240000000000000000e+02
1.580000000000000000e+02
1.220000000000000000e+02
1.280000000000000000e+02
1.320000000000000000e+02
1.210000000000000000e+02
1.250000000000000000e+02
1.240000000000000000e+02
1.120000000000000000e+02
1.170000000000000000e+02
1.190000000000000000e+02
1.220000000000000000e+02
1.250000000000000000e+02
1.320000000000000000e+02
1.220000000000000000e+02
1.180000000000000000e+02
1.330000000000000000e+02
1.300000000000000000e+02
1.320000000000000000e+02
1.280000000000000000e+02
1.170000000000000000e+02
1.220000000000000000e+02
1.280000000000000000e+02
1.320000000000000000e+02
1.290000000000000000e+02
1.350000000000000000e+02
1.170000000000000000e+02
1.240000000000000000e+02
1.240000000000000000e+02
1.220000000000000000e+02
1.260000000000000000e+02
1.220000000000000000e+02
1.250000000000000000e+02
1.250000000000000000e+02
1.160000000000000000e+02
1.250000000000000000e+02
1.320000000000000000e+02
1.220000000000000000e+02
1.220000000000000000e+02
1.290000000000000000e+02
1.270000000000000000e+02
1.400000000000000000e+02
1.400000000000000000e+02
1.520000000000000000e+02
1.390000000000000000e+02
1.500000000000000000e+02
1.410000000000000000e+02
1.400000000000000000e+02
1.570000000000000000e+02
1.550000000000000000e+02
1.560000000000000000e+02
1.390000000000000000e+02
1.440000000000000000e+02
1.430000000000000000e+02
1.460000000000000000e+02
1.490000000000000000e+02
1.580000000000000000e+02
1.600000000000000000e+02
1.390000000000000000e+02
1.410000000000000000e+02
1.540000000000000000e+02
1.440000000000000000e+02
1.480000000000000000e+02
1.830000000000000000e+02
1.660000000000000000e+02
1.560000000000000000e+02
1.640000000000000000e+02
1.650000000000000000e+02
1.670000000000000000e+02
1.600000000000000000e+02
1.560000000000000000e+02
2.010000000000000000e+02
1.630000000000000000e+02
1.620000000000000000e+02
1.570000000000000000e+02
1.480000000000000000e+02
1.580000000000000000e+02
1.620000000000000000e+02
1.600000000000000000e+02
1.590000000000000000e+02
1.600000000000000000e+02
1.650000000000000000e+02
1.760000000000000000e+02
1.600000000000000000e+02
1.590000000000000000e+02
1.530000000000000000e+02
1.590000000000000000e+02
1.680000000000000000e+02
1.810000000000000000e+02
1.700000000000000000e+02
1.670000000000000000e+02
1.660000000000000000e+02
1.880000000000000000e+02
1.790000000000000000e+02
1.810000000000000000e+02
1.790000000000000000e+02
1.730000000000000000e+02
1.690000000000000000e+02
1.700000000000000000e+02
1.750000000000000000e+02
1.900000000000000000e+02
1.990000000000000000e+02
1.860000000000000000e+02
2.010000000000000000e+02
1.830000000000000000e+02
2.090000000000000000e+02
1.990000000000000000e+02
1.880000000000000000e+02
1.820000000000000000e+02
1.910000000000000000e+02
1.980000000000000000e+02
1.940000000000000000e+02
1.920000000000000000e+02
1.880000000000000000e+02
1.790000000000000000e+02
1.720000000000000000e+02
1.930000000000000000e+02
2.040000000000000000e+02
2.280000000000000000e+02
2.350000000000000000e+02
2.160000000000000000e+02
2.460000000000000000e+02
2.170000000000000000e+02
2.210000000000000000e+02
2.420000000000000000e+02
2.400000000000000000e+02
2.730000000000000000e+02
2.390000000000000000e+02
2.620000000000000000e+02
2.570000000000000000e+02
2.570000000000000000e+02
2.380000000000000000e+02
2.500000000000000000e+02
2.400000000000000000e+02
2.340000000000000000e+02
2.350000000000000000e+02
2.530000000000000000e+02
2.610000000000000000e+02
2.440000000000000000e+02
2.450000000000000000e+02
2.500000000000000000e+02
2.140000000000000000e+02
2.780000000000000000e+02
2.890000000000000000e+02
2.660000000000000000e+02
2.730000000000000000e+02
2.720000000000000000e+02
2.800000000000000000e+02
2.830000000000000000e+02
2.530000000000000000e+02
2.830000000000000000e+02
2.490000000000000000e+02
2.690000000000000000e+02
2.860000000000000000e+02
3.350000000000000000e+02
3.390000000000000000e+02
3.510000000000000000e+02
3.500000000000000000e+02
3.320000000000000000e+02
3.420000000000000000e+02
3.460000000000000000e+02
3.620000000000000000e+02
4.120000000000000000e+02
3.650000000000000000e+02
3.640000000000000000e+02
3.890000000000000000e+02
3.640000000000000000e+02
3.330000000000000000e+02
3.430000000000000000e+02
3.610000000000000000e+02
3.710000000000000000e+02
3.960000000000000000e+02
3.780000000000000000e+02
3.750000000000000000e+02
3.980000000000000000e+02
3.940000000000000000e+02
3.970000000000000000e+02
4.240000000000000000e+02
4.350000000000000000e+02
4.170000000000000000e+02
3.960000000000000000e+02
4.310000000000000000e+02
4.440000000000000000e+02
4.230000000000000000e+02
4.220000000000000000e+02
4.730000000000000000e+02
4.820000000000000000e+02
5.130000000000000000e+02
5.270000000000000000e+02
5.250000000000000000e+02
5.350000000000000000e+02
5.160000000000000000e+02
5.070000000000000000e+02
4.710000000000000000e+02
4.700000000000000000e+02
4.590000000000000000e+02
4.920000000000000000e+02
5.150000000000000000e+02
5.150000000000000000e+02
4.850000000000000000e+02
4.940000000000000000e+02
5.330000000000000000e+02
5.500000000000000000e+02
5.420000000000000000e+02
5.310000000000000000e+02
5.690000000000000000e+02
5.620000000000000000e+02
5.360000000000000000e+02
5.210000000000000000e+02
5.150000000000000000e+02
5.180000000000000000e+02
5.800000000000000000e+02
6.250000000000000000e+02
5.940000000000000000e+02
5.740000000000000000e+02
5.850000000000000000e+02
6.170000000000000000e+02
6.140000000000000000e+02
6.370000000000000000e+02
6.280000000000000000e+02
6.140000000000000000e+02
6.020000000000000000e+02
6.000000000000000000e+02
5.940000000000000000e+02
6.840000000000000000e+02
6.810000000000000000e+02
6.640000000000000000e+02
6.130000000000000000e+02
6.200000000000000000e+02
6.560000000000000000e+02
6.790000000000000000e+02
6.850000000000000000e+02
6.990000000000000000e+02
6.730000000000000000e+02
6.930000000000000000e+02
7.180000000000000000e+02
7.380000000000000000e+02
6.590000000000000000e+02
6.910000000000000000e+02
6.910000000000000000e+02
6.610000000000000000e+02
6.770000000000000000e+02
6.740000000000000000e+02
6.630000000000000000e+02
6.500000000000000000e+02
5.870000000000000000e+02
6.060000000000000000e+02
6.250000000000000000e+02
6.500000000000000000e+02
6.690000000000000000e+02
6.470000000000000000e+02
6.250000000000000000e+02
6.870000000000000000e+02
7.600000000000000000e+02
7.580000000000000000e+02
7.350000000000000000e+02
7.260000000000000000e+02
7.220000000000000000e+02
6.770000000000000000e+02
6.600000000000000000e+02
7.070000000000000000e+02
7.320000000000000000e+02
7.280000000000000000e+02
6.870000000000000000e+02
7.520000000000000000e+02
7.900000000000000000e+02
8.050000000000000000e+02
7.690000000000000000e+02
7.860000000000000000e+02
7.320000000000000000e+02
7.450000000000000000e+02
7.750000000000000000e+02
7.140000000000000000e+02
6.760000000000000000e+02
6.730000000000000000e+02
7.020000000000000000e+02
7.340000000000000000e+02
6.810000000000000000e+02
6.690000000000000000e+02
6.950000000000000000e+02
6.450000000000000000e+02
6.360000000000000000e+02
6.380000000000000000e+02
6.790000000000000000e+02
7.310000000000000000e+02
7.580000000000000000e+02
6.680000000000000000e+02
6.880000000000000000e+02
7.420000000000000000e+02
7.710000000000000000e+02
8.130000000000000000e+02
7.880000000000000000e+02
7.770000000000000000e+02
7.280000000000000000e+02
7.710000000000000000e+02
7.270000000000000000e+02
7.000000000000000000e+02
7.340000000000000000e+02
7.720000000000000000e+02
8.180000000000000000e+02
7.830000000000000000e+02
7.490000000000000000e+02
7.360000000000000000e+02
7.450000000000000000e+02
8.010000000000000000e+02
8.140000000000000000e+02
7.300000000000000000e+02
7.080000000000000000e+02
7.900000000000000000e+02
8.060000000000000000e+02
7.570000000000000000e+02
7.490000000000000000e+02
7.250000000000000000e+02
7.480000000000000000e+02
8.490000000000000000e+02
8.150000000000000000e+02
6.790000000000000000e+02
6.270000000000000000e+02
7.120000000000000000e+02
7.830000000000000000e+02
7.790000000000000000e+02
7.910000000000000000e+02
8.300000000000000000e+02
8.360000000000000000e+02
8.180000000000000000e+02
7.860000000000000000e+02
7.540000000000000000e+02
8.330000000000000000e+02
8.840000000000000000e+02
8.360000000000000000e+02
8.320000000000000000e+02
9.010000000000000000e+02
9.790000000000000000e+02
1.033000000000000000e+03
1.056000000000000000e+03
9.250000000000000000e+02
9.110000000000000000e+02
9.860000000000000000e+02
9.740000000000000000e+02
8.330000000000000000e+02
8.220000000000000000e+02
9.340000000000000000e+02
1.033000000000000000e+03
1.041000000000000000e+03
1.118000000000000000e+03
1.209000000000000000e+03
1.097000000000000000e+03
1.063000000000000000e+03
1.154000000000000000e+03
1.276000000000000000e+03
1.298000000000000000e+03
1.227000000000000000e+03
1.174000000000000000e+03
1.113000000000000000e+03
1.060000000000000000e+03
1.193000000000000000e+03
1.227000000000000000e+03
1.180000000000000000e+03
1.219000000000000000e+03
1.264000000000000000e+03
1.422000000000000000e+03
1.451000000000000000e+03
1.345000000000000000e+03
1.271000000000000000e+03
1.261000000000000000e+03
1.332000000000000000e+03
1.346000000000000000e+03
1.287000000000000000e+03
1.246000000000000000e+03
1.223000000000000000e+03
1.201000000000000000e+03
1.192000000000000000e+03
1.139000000000000000e+03
1.220000000000000000e+03
1.387000000000000000e+03
1.342000000000000000e+03
1.332000000000000000e+03
1.298000000000000000e+03
1.204000000000000000e+03
1.283000000000000000e+03
1.436000000000000000e+03
1.384000000000000000e+03
1.352000000000000000e+03
1.428000000000000000e+03
1.379000000000000000e+03
1.357000000000000000e+03
1.336000000000000000e+03
1.349000000000000000e+03
1.305000000000000000e+03
1.274000000000000000e+03
1.326000000000000000e+03
1.336000000000000000e+03
1.426000000000000000e+03
1.407000000000000000e+03
1.400000000000000000e+03
1.392000000000000000e+03
1.328000000000000000e+03
1.396000000000000000e+03
1.415000000000000000e+03
1.516000000000000000e+03
1.409000000000000000e+03
1.460000000000000000e+03
1.497000000000000000e+03
1.546000000000000000e+03
1.552000000000000000e+03
1.598000000000000000e+03
1.605000000000000000e+03
1.575000000000000000e+03
1.561000000000000000e+03
1.569000000000000000e+03
1.493000000000000000e+03
1.590000000000000000e+03
1.595000000000000000e+03
1.579000000000000000e+03
1.435000000000000000e+03
1.394000000000000000e+03
1.508000000000000000e+03
1.562000000000000000e+03
1.522000000000000000e+03
1.667000000000000000e+03
1.665000000000000000e+03
1.581000000000000000e+03
1.584000000000000000e+03
1.621000000000000000e+03
1.722000000000000000e+03
1.734000000000000000e+03
1.670000000000000000e+03
1.648000000000000000e+03
1.643000000000000000e+03
1.733000000000000000e+03
1.725000000000000000e+03
1.589000000000000000e+03
1.645000000000000000e+03
1.699000000000000000e+03
1.807000000000000000e+03
1.899000000000000000e+03
1.862000000000000000e+03
1.783000000000000000e+03
1.779000000000000000e+03
1.858000000000000000e+03
1.802000000000000000e+03
1.720000000000000000e+03
1.699000000000000000e+03
1.607000000000000000e+03
1.808000000000000000e+03
1.877000000000000000e+03
2.017000000000000000e+03
1.987000000000000000e+03
1.919000000000000000e+03
2.044000000000000000e+03
1.978000000000000000e+03
2.002000000000000000e+03
1.967000000000000000e+03
1.938000000000000000e+03
1.924000000000000000e+03
2.009000000000000000e+03
2.096000000000000000e+03
2.142000000000000000e+03
2.117000000000000000e+03
1.960000000000000000e+03
1.850000000000000000e+03
1.908000000000000000e+03
2.008000000000000000e+03
2.118000000000000000e+03
2.137000000000000000e+03
2.185000000000000000e+03
2.201000000000000000e+03
2.117000000000000000e+03
2.225000000000000000e+03
2.366000000000000000e+03
2.275000000000000000e+03
2.267000000000000000e+03
2.254000000000000000e+03
2.195000000000000000e+03
2.308000000000000000e+03
2.259000000000000000e+03
2.130000000000000000e+03
2.052000000000000000e+03
2.110000000000000000e+03
2.177000000000000000e+03
2.278000000000000000e+03
2.301000000000000000e+03
2.208000000000000000e+03
2.076000000000000000e+03
1.958000000000000000e+03
1.705000000000000000e+03
1.663000000000000000e+03
1.789000000000000000e+03
2.076000000000000000e+03
2.201000000000000000e+03
2.203000000000000000e+03
2.186000000000000000e+03
2.127000000000000000e+03
2.213000000000000000e+03
2.275000000000000000e+03
2.175000000000000000e+03
2.221000000000000000e+03
2.166000000000000000e+03
2.143000000000000000e+03
2.206000000000000000e+03
2.190000000000000000e+03
2.246000000000000000e+03
2.317000000000000000e+03
2.343000000000000000e+03
2.320000000000000000e+03
2.236000000000000000e+03
2.229000000000000000e+03
2.179000000000000000e+03
2.267000000000000000e+03
2.288000000000000000e+03
2.293000000000000000e+03
2.247000000000000000e+03
2.186000000000000000e+03
2.162000000000000000e+03
2.149000000000000000e+03
2.194000000000000000e+03
2.199000000000000000e+03
2.293000000000000000e+03
2.360000000000000000e+03
2.451000000000000000e+03
2.405000000000000000e+03
2.354000000000000000e+03
2.442000000000000000e+03
2.341000000000000000e+03
2.263000000000000000e+03
2.219000000000000000e+03
2.292000000000000000e+03
2.425000000000000000e+03
2.323000000000000000e+03
2.295000000000000000e+03
2.242000000000000000e+03
2.177000000000000000e+03
2.187000000000000000e+03
2.170000000000000000e+03
2.158000000000000000e+03
2.157000000000000000e+03
2.254000000000000000e+03
2.343000000000000000e+03
2.196000000000000000e+03
2.124000000000000000e+03
2.110000000000000000e+03
2.200000000000000000e+03
2.078000000000000000e+03
2.001000000000000000e+03
2.128000000000000000e+03
2.232000000000000000e+03
2.172000000000000000e+03
2.169000000000000000e+03
2.098000000000000000e+03
2.008000000000000000e+03
2.053000000000000000e+03
2.101000000000000000e+03
2.178000000000000000e+03
2.209000000000000000e+03
2.237000000000000000e+03
2.147000000000000000e+03
2.187000000000000000e+03
2.209000000000000000e+03
2.166000000000000000e+03
2.254000000000000000e+03
2.183000000000000000e+03
2.031000000000000000e+03
2.002000000000000000e+03
2.056000000000000000e+03
2.040000000000000000e+03
2.083000000000000000e+03
2.103000000000000000e+03
2.009000000000000000e+03
1.965000000000000000e+03
2.044000000000000000e+03
1.922000000000000000e+03
1.850000000000000000e+03
1.966000000000000000e+03
2.063000000000000000e+03
2.009000000000000000e+03
2.100000000000000000e+03
2.065000000000000000e+03
2.080000000000000000e+03
2.154000000000000000e+03
2.167000000000000000e+03
2.012000000000000000e+03
2.026000000000000000e+03
2.125000000000000000e+03
2.157000000000000000e+03
2.035000000000000000e+03
2.013000000000000000e+03
2.125000000000000000e+03
2.202000000000000000e+03
2.214000000000000000e+03
2.226000000000000000e+03
2.190000000000000000e+03
2.190000000000000000e+03
2.260000000000000000e+03
2.220000000000000000e+03
2.121000000000000000e+03
2.069000000000000000e+03
2.209000000000000000e+03
2.296000000000000000e+03
2.353000000000000000e+03
2.347000000000000000e+03
2.307000000000000000e+03
2.291000000000000000e+03
2.268000000000000000e+03
2.234000000000000000e+03
2.227000000000000000e+03
2.331000000000000000e+03
2.255000000000000000e+03
2.297000000000000000e+03
2.301000000000000000e+03
2.267000000000000000e+03
2.339000000000000000e+03
2.267000000000000000e+03
2.274000000000000000e+03
2.394000000000000000e+03
2.402000000000000000e+03
2.335000000000000000e+03
2.251000000000000000e+03
2.297000000000000000e+03
2.316000000000000000e+03
2.297000000000000000e+03
2.315000000000000000e+03
2.330000000000000000e+03
2.326000000000000000e+03
2.349000000000000000e+03
2.354000000000000000e+03
2.250000000000000000e+03
2.109000000000000000e+03
1.997000000000000000e+03
2.195000000000000000e+03
2.285000000000000000e+03
2.441000000000000000e+03
2.391000000000000000e+03
2.295000000000000000e+03
2.431000000000000000e+03
2.371000000000000000e+03
2.375000000000000000e+03
2.395000000000000000e+03
2.438000000000000000e+03
2.358000000000000000e+03
2.298000000000000000e+03
2.230000000000000000e+03
2.238000000000000000e+03
2.052000000000000000e+03
2.129000000000000000e+03
2.180000000000000000e+03
2.276000000000000000e+03
2.288000000000000000e+03
2.341000000000000000e+03
2.362000000000000000e+03
2.357000000000000000e+03
2.268000000000000000e+03
2.372000000000000000e+03
2.323000000000000000e+03
2.312000000000000000e+03
2.342000000000000000e+03
2.417000000000000000e+03
2.428000000000000000e+03
2.338000000000000000e+03
2.369000000000000000e+03
2.332000000000000000e+03
2.314000000000000000e+03
2.333000000000000000e+03
2.305000000000000000e+03
2.323000000000000000e+03
2.348000000000000000e+03
2.308000000000000000e+03
2.314000000000000000e+03
2.271000000000000000e+03
2.362000000000000000e+03
2.285000000000000000e+03
2.304000000000000000e+03
2.333000000000000000e+03
2.367000000000000000e+03
2.361000000000000000e+03
2.295000000000000000e+03
2.276000000000000000e+03
2.262000000000000000e+03
2.251000000000000000e+03
2.239000000000000000e+03
2.275000000000000000e+03
2.309000000000000000e+03
2.324000000000000000e+03
2.258000000000000000e+03
2.259000000000000000e+03
2.159000000000000000e+03
2.159000000000000000e+03
2.093000000000000000e+03
2.181000000000000000e+03
2.295000000000000000e+03
2.230000000000000000e+03
2.186000000000000000e+03
2.110000000000000000e+03
2.190000000000000000e+03
2.155000000000000000e+03
2.156000000000000000e+03
2.153000000000000000e+03
2.177000000000000000e+03
2.160000000000000000e+03
2.155000000000000000e+03
2.201000000000000000e+03
2.135000000000000000e+03
2.126000000000000000e+03
2.141000000000000000e+03
2.131000000000000000e+03
2.118000000000000000e+03
2.115000000000000000e+03
2.048000000000000000e+03
2.071000000000000000e+03
2.047000000000000000e+03
2.056000000000000000e+03
2.015000000000000000e+03
2.021000000000000000e+03
1.914000000000000000e+03
1.735000000000000000e+03
1.512000000000000000e+03
1.575000000000000000e+03
1.678000000000000000e+03
1.769000000000000000e+03
1.751000000000000000e+03
1.789000000000000000e+03
1.791000000000000000e+03
1.753000000000000000e+03
1.830000000000000000e+03
1.835000000000000000e+03
1.819000000000000000e+03
1.806000000000000000e+03
1.862000000000000000e+03
1.813000000000000000e+03
1.754000000000000000e+03
1.795000000000000000e+03
1.757000000000000000e+03
1.753000000000000000e+03
1.743000000000000000e+03
1.745000000000000000e+03
1.710000000000000000e+03
1.771000000000000000e+03
1.835000000000000000e+03
1.791000000000000000e+03
1.763000000000000000e+03
1.724000000000000000e+03
1.703000000000000000e+03
1.742000000000000000e+03
1.710000000000000000e+03
1.671000000000000000e+03
1.708000000000000000e+03
1.646000000000000000e+03
1.737000000000000000e+03
1.661000000000000000e+03
1.666000000000000000e+03
1.641000000000000000e+03
1.644000000000000000e+03
1.683000000000000000e+03
1.651000000000000000e+03
1.657000000000000000e+03
