1.180000000000000000e+02
1.240000000000000000e+02
1.190000000000000000e+02
1.020000000000000000e+02
1.240000000000000000e+02
1.330000000000000000e+02
1.120000000000000000e+02
1.190000000000000000e+02
1.160000000000000000e+02
1.170000000000000000e+02
1.220000000000000000e+02
1.160000000000000000e+02
1.110000000000000000e+02
1.210000000000000000e+02
1.110000000000000000e+02
1.200000000000000000e+02
1.210000000000000000e+02
1.260000000000000000e+02
1.270000000000000000e+02
1.150000000000000000e+02
1.200000000000000000e+02
1.220000000000000000e+02
1.210000000000000000e+02
1.260000000000000000e+02
1.190000000000000000e+02
1.360000000000000000e+02
1.130000000000000000e+02
1.310000000000000000e+02
1.130000000000000000e+02
1.260000000000000000e+02
1.250000000000000000e+02
1.260000000000000000e+02
1.180000000000000000e+02
1.220000000000000000e+02
1.360000000000000000e+02
1.150000000000000000e+02
1.210000000000000000e+02
1.160000000000000000e+02
1.210000000000000000e+02
1.210000000000000000e+02
1.190000000000000000e+02
1.230000000000000000e+02
1.240000000000000000e+02
1.350000000000000000e+02
1.350000000000000000e+02
1.310000000000000000e+02
1.700000000000000000e+02
1.210000000000000000e+02
1.580000000000000000e+02
1.260000000000000000e+02
1.220000000000000000e+02
1.360000000000000000e+02
1.460000000000000000e+02
1.360000000000000000e+02
1.330000000000000000e+02
1.440000000000000000e+02
1.490000000000000000e+02
1.400000000000000000e+02
1.490000000000000000e+02
1.460000000000000000e+02
1.440000000000000000e+02
1.430000000000000000e+02
1.410000000000000000e+02
1.500000000000000000e+02
1.490000000000000000e+02
1.490000000000000000e+02
1.340000000000000000e+02
1.380000000000000000e+02
1.450000000000000000e+02
1.260000000000000000e+02
1.420000000000000000e+02
1.440000000000000000e+02
1.440000000000000000e+02
1.350000000000000000e+02
1.450000000000000000e+02
1.570000000000000000e+02
1.680000000000000000e+02
1.600000000000000000e+02
1.460000000000000000e+02
1.580000000000000000e+02
1.590000000000000000e+02
1.680000000000000000e+02
1.450000000000000000e+02
1.570000000000000000e+02
1.370000000000000000e+02
1.580000000000000000e+02
1.610000000000000000e+02
1.510000000000000000e+02
1.590000000000000000e+02
1.470000000000000000e+02
1.530000000000000000e+02
1.620000000000000000e+02
1.500000000000000000e+02
1.790000000000000000e+02
1.950000000000000000e+02
1.750000000000000000e+02
1.560000000000000000e+02
1.600000000000000000e+02
1.830000000000000000e+02
1.660000000000000000e+02
1.500000000000000000e+02
1.720000000000000000e+02
1.530000000000000000e+02
1.630000000000000000e+02
1.610000000000000000e+02
1.890000000000000000e+02
1.840000000000000000e+02
1.790000000000000000e+02
1.710000000000000000e+02
1.700000000000000000e+02
1.700000000000000000e+02
2.050000000000000000e+02
2.020000000000000000e+02
1.780000000000000000e+02
1.930000000000000000e+02
1.840000000000000000e+02
1.990000000000000000e+02
2.040000000000000000e+02
1.760000000000000000e+02
1.630000000000000000e+02
1.800000000000000000e+02
1.790000000000000000e+02
1.800000000000000000e+02
1.800000000000000000e+02
1.700000000000000000e+02
1.770000000000000000e+02
1.830000000000000000e+02
1.920000000000000000e+02
1.970000000000000000e+02
2.130000000000000000e+02
2.100000000000000000e+02
2.180000000000000000e+02
2.370000000000000000e+02
2.300000000000000000e+02
2.230000000000000000e+02
2.200000000000000000e+02
2.440000000000000000e+02
2.300000000000000000e+02
2.450000000000000000e+02
2.500000000000000000e+02
2.570000000000000000e+02
2.490000000000000000e+02
2.410000000000000000e+02
2.700000000000000000e+02
2.250000000000000000e+02
2.180000000000000000e+02
2.300000000000000000e+02
2.620000000000000000e+02
2.690000000000000000e+02
2.350000000000000000e+02
2.320000000000000000e+02
2.490000000000000000e+02
2.360000000000000000e+02
2.580000000000000000e+02
2.670000000000000000e+02
2.650000000000000000e+02
2.670000000000000000e+02
2.810000000000000000e+02
2.680000000000000000e+02
2.750000000000000000e+02
2.740000000000000000e+02
2.750000000000000000e+02
2.580000000000000000e+02
2.760000000000000000e+02
2.780000000000000000e+02
3.120000000000000000e+02
3.180000000000000000e+02
3.200000000000000000e+02
3.250000000000000000e+02
3.240000000000000000e+02
3.130000000000000000e+02
3.200000000000000000e+02
3.770000000000000000e+02
3.870000000000000000e+02
3.600000000000000000e+02
3.620000000000000000e+02
3.490000000000000000e+02
3.590000000000000000e+02
3.070000000000000000e+02
3.210000000000000000e+02
3.410000000000000000e+02
3.750000000000000000e+02
3.470000000000000000e+02
3.740000000000000000e+02
3.590000000000000000e+02
3.700000000000000000e+02
4.020000000000000000e+02
4.020000000000000000e+02
4.170000000000000000e+02
4.350000000000000000e+02
3.690000000000000000e+02
4.000000000000000000e+02
4.240000000000000000e+02
4.270000000000000000e+02
3.830000000000000000e+02
4.300000000000000000e+02
4.280000000000000000e+02
4.850000000000000000e+02
4.900000000000000000e+02
4.990000000000000000e+02
5.200000000000000000e+02
5.200000000000000000e+02
5.150000000000000000e+02
4.720000000000000000e+02
4.740000000000000000e+02
4.330000000000000000e+02
4.240000000000000000e+02
4.900000000000000000e+02
5.040000000000000000e+02
5.160000000000000000e+02
4.710000000000000000e+02
4.610000000000000000e+02
4.810000000000000000e+02
5.010000000000000000e+02
5.210000000000000000e+02
5.230000000000000000e+02
4.860000000000000000e+02
5.500000000000000000e+02
5.150000000000000000e+02
5.180000000000000000e+02
5.390000000000000000e+02
5.240000000000000000e+02
5.840000000000000000e+02
5.940000000000000000e+02
5.840000000000000000e+02
5.430000000000000000e+02
5.290000000000000000e+02
5.800000000000000000e+02
5.640000000000000000e+02
6.080000000000000000e+02
5.940000000000000000e+02
5.910000000000000000e+02
5.650000000000000000e+02
6.050000000000000000e+02
5.920000000000000000e+02
6.250000000000000000e+02
6.710000000000000000e+02
6.740000000000000000e+02
6.190000000000000000e+02
6.130000000000000000e+02
6.620000000000000000e+02
6.340000000000000000e+02
6.680000000000000000e+02
6.340000000000000000e+02
6.550000000000000000e+02
6.640000000000000000e+02
6.730000000000000000e+02
6.760000000000000000e+02
6.930000000000000000e+02
6.500000000000000000e+02
6.800000000000000000e+02
6.790000000000000000e+02
6.450000000000000000e+02
7.030000000000000000e+02
6.280000000000000000e+02
6.400000000000000000e+02
5.590000000000000000e+02
6.100000000000000000e+02
6.060000000000000000e+02
5.960000000000000000e+02
6.480000000000000000e+02
6.140000000000000000e+02
5.770000000000000000e+02
6.520000000000000000e+02
7.040000000000000000e+02
7.360000000000000000e+02
7.090000000000000000e+02
6.550000000000000000e+02
6.490000000000000000e+02
6.650000000000000000e+02
6.120000000000000000e+02
6.750000000000000000e+02
7.100000000000000000e+02
6.820000000000000000e+02
6.460000000000000000e+02
6.850000000000000000e+02
7.220000000000000000e+02
7.760000000000000000e+02
6.930000000000000000e+02
7.250000000000000000e+02
7.030000000000000000e+02
7.050000000000000000e+02
7.360000000000000000e+02
7.140000000000000000e+02
6.420000000000000000e+02
6.510000000000000000e+02
6.510000000000000000e+02
6.600000000000000000e+02
6.360000000000000000e+02
6.200000000000000000e+02
6.470000000000000000e+02
5.900000000000000000e+02
6.280000000000000000e+02
6.250000000000000000e+02
6.400000000000000000e+02
6.870000000000000000e+02
7.210000000000000000e+02
6.610000000000000000e+02
6.220000000000000000e+02
6.920000000000000000e+02
6.830000000000000000e+02
7.150000000000000000e+02
7.390000000000000000e+02
7.290000000000000000e+02
7.370000000000000000e+02
7.230000000000000000e+02
6.710000000000000000e+02
6.420000000000000000e+02
6.700000000000000000e+02
7.260000000000000000e+02
7.340000000000000000e+02
7.260000000000000000e+02
6.970000000000000000e+02
6.970000000000000000e+02
6.970000000000000000e+02
7.730000000000000000e+02
7.600000000000000000e+02
6.980000000000000000e+02
6.990000000000000000e+02
7.310000000000000000e+02
7.340000000000000000e+02
7.290000000000000000e+02
6.810000000000000000e+02
6.550000000000000000e+02
7.020000000000000000e+02
7.650000000000000000e+02
7.590000000000000000e+02
6.860000000000000000e+02
5.950000000000000000e+02
6.610000000000000000e+02
7.220000000000000000e+02
6.910000000000000000e+02
7.840000000000000000e+02
7.430000000000000000e+02
7.860000000000000000e+02
7.770000000000000000e+02
7.700000000000000000e+02
7.080000000000000000e+02
7.870000000000000000e+02
8.480000000000000000e+02
8.380000000000000000e+02
7.680000000000000000e+02
8.290000000000000000e+02
8.780000000000000000e+02
9.400000000000000000e+02
9.600000000000000000e+02
8.320000000000000000e+02
8.300000000000000000e+02
9.040000000000000000e+02
9.250000000000000000e+02
7.880000000000000000e+02
7.800000000000000000e+02
8.760000000000000000e+02
9.520000000000000000e+02
9.980000000000000000e+02
1.037000000000000000e+03
1.100000000000000000e+03
1.057000000000000000e+03
1.009000000000000000e+03
1.045000000000000000e+03
1.155000000000000000e+03
1.152000000000000000e+03
1.138000000000000000e+03
1.127000000000000000e+03
1.031000000000000000e+03
9.870000000000000000e+02
1.108000000000000000e+03
1.157000000000000000e+03
1.162000000000000000e+03
1.159000000000000000e+03
1.166000000000000000e+03
1.293000000000000000e+03
1.322000000000000000e+03
1.249000000000000000e+03
1.191000000000000000e+03
1.145000000000000000e+03
1.266000000000000000e+03
1.336000000000000000e+03
1.250000000000000000e+03
1.187000000000000000e+03
1.118000000000000000e+03
1.161000000000000000e+03
1.121000000000000000e+03
1.052000000000000000e+03
1.123000000000000000e+03
1.209000000000000000e+03
1.295000000000000000e+03
1.266000000000000000e+03
1.225000000000000000e+03
1.175000000000000000e+03
1.170000000000000000e+03
1.270000000000000000e+03
1.281000000000000000e+03
1.271000000000000000e+03
1.250000000000000000e+03
1.256000000000000000e+03
1.261000000000000000e+03
1.251000000000000000e+03
1.290000000000000000e+03
1.193000000000000000e+03
1.237000000000000000e+03
1.239000000000000000e+03
1.270000000000000000e+03
1.264000000000000000e+03
1.307000000000000000e+03
1.303000000000000000e+03
1.322000000000000000e+03
1.245000000000000000e+03
1.244000000000000000e+03
1.334000000000000000e+03
1.375000000000000000e+03
1.404000000000000000e+03
1.343000000000000000e+03
1.369000000000000000e+03
1.424000000000000000e+03
1.446000000000000000e+03
1.448000000000000000e+03
1.470000000000000000e+03
1.454000000000000000e+03
1.457000000000000000e+03
1.433000000000000000e+03
1.384000000000000000e+03
1.489000000000000000e+03
1.508000000000000000e+03
1.518000000000000000e+03
1.367000000000000000e+03
1.288000000000000000e+03
1.423000000000000000e+03
1.440000000000000000e+03
1.456000000000000000e+03
1.519000000000000000e+03
1.561000000000000000e+03
1.522000000000000000e+03
1.476000000000000000e+03
1.504000000000000000e+03
1.594000000000000000e+03
1.623000000000000000e+03
1.560000000000000000e+03
1.516000000000000000e+03
1.552000000000000000e+03
1.553000000000000000e+03
1.595000000000000000e+03
1.509000000000000000e+03
1.496000000000000000e+03
1.617000000000000000e+03
1.623000000000000000e+03
1.731000000000000000e+03
1.715000000000000000e+03
1.620000000000000000e+03
1.610000000000000000e+03
1.663000000000000000e+03
1.671000000000000000e+03
1.582000000000000000e+03
1.512000000000000000e+03
1.488000000000000000e+03
1.602000000000000000e+03
1.806000000000000000e+03
1.865000000000000000e+03
1.805000000000000000e+03
1.801000000000000000e+03
1.836000000000000000e+03
1.801000000000000000e+03
1.818000000000000000e+03
1.835000000000000000e+03
1.798000000000000000e+03
1.776000000000000000e+03
1.899000000000000000e+03
1.928000000000000000e+03
1.939000000000000000e+03
1.913000000000000000e+03
1.892000000000000000e+03
1.715000000000000000e+03
1.737000000000000000e+03
1.847000000000000000e+03
1.874000000000000000e+03
1.957000000000000000e+03
1.955000000000000000e+03
1.951000000000000000e+03
1.990000000000000000e+03
2.004000000000000000e+03
2.070000000000000000e+03
2.107000000000000000e+03
2.090000000000000000e+03
2.056000000000000000e+03
2.057000000000000000e+03
2.093000000000000000e+03
2.046000000000000000e+03
2.004000000000000000e+03
1.925000000000000000e+03
1.891000000000000000e+03
2.003000000000000000e+03
2.041000000000000000e+03
2.112000000000000000e+03
2.039000000000000000e+03
1.931000000000000000e+03
1.847000000000000000e+03
1.519000000000000000e+03
1.485000000000000000e+03
1.699000000000000000e+03
1.934000000000000000e+03
2.019000000000000000e+03
2.035000000000000000e+03
2.010000000000000000e+03
2.010000000000000000e+03
2.048000000000000000e+03
2.083000000000000000e+03
2.078000000000000000e+03
1.977000000000000000e+03
1.960000000000000000e+03
1.996000000000000000e+03
2.083000000000000000e+03
2.085000000000000000e+03
2.071000000000000000e+03
2.093000000000000000e+03
2.201000000000000000e+03
2.199000000000000000e+03
2.127000000000000000e+03
2.026000000000000000e+03
2.015000000000000000e+03
2.031000000000000000e+03
2.126000000000000000e+03
2.135000000000000000e+03
2.029000000000000000e+03
2.034000000000000000e+03
2.014000000000000000e+03
1.965000000000000000e+03
2.010000000000000000e+03
2.059000000000000000e+03
2.100000000000000000e+03
2.473000000000000000e+03
2.203000000000000000e+03
2.213000000000000000e+03
2.239000000000000000e+03
2.240000000000000000e+03
2.182000000000000000e+03
2.123000000000000000e+03
2.090000000000000000e+03
2.406000000000000000e+03
2.177000000000000000e+03
2.192000000000000000e+03
2.118000000000000000e+03
2.045000000000000000e+03
2.025000000000000000e+03
2.006000000000000000e+03
2.009000000000000000e+03
2.068000000000000000e+03
2.002000000000000000e+03
2.063000000000000000e+03
2.085000000000000000e+03
2.047000000000000000e+03
1.997000000000000000e+03
1.964000000000000000e+03
1.911000000000000000e+03
1.898000000000000000e+03
1.818000000000000000e+03
1.947000000000000000e+03
1.952000000000000000e+03
1.982000000000000000e+03
1.948000000000000000e+03
1.873000000000000000e+03
1.850000000000000000e+03
1.837000000000000000e+03
1.932000000000000000e+03
1.992000000000000000e+03
2.050000000000000000e+03
2.029000000000000000e+03
1.950000000000000000e+03
1.980000000000000000e+03
2.044000000000000000e+03
2.084000000000000000e+03
1.991000000000000000e+03
1.977000000000000000e+03
1.868000000000000000e+03
1.873000000000000000e+03
1.909000000000000000e+03
1.850000000000000000e+03
1.842000000000000000e+03
1.893000000000000000e+03
1.867000000000000000e+03
1.823000000000000000e+03
1.801000000000000000e+03
1.736000000000000000e+03
1.662000000000000000e+03
1.766000000000000000e+03
1.830000000000000000e+03
1.951000000000000000e+03
1.920000000000000000e+03
1.821000000000000000e+03
1.860000000000000000e+03
1.977000000000000000e+03
1.999000000000000000e+03
1.893000000000000000e+03
1.866000000000000000e+03
1.880000000000000000e+03
1.990000000000000000e+03
1.866000000000000000e+03
1.934000000000000000e+03
1.937000000000000000e+03
2.064000000000000000e+03
2.028000000000000000e+03
2.008000000000000000e+03
2.029000000000000000e+03
1.974000000000000000e+03
2.084000000000000000e+03
2.057000000000000000e+03
1.952000000000000000e+03
1.915000000000000000e+03
1.936000000000000000e+03
2.057000000000000000e+03
2.222000000000000000e+03
2.160000000000000000e+03
2.146000000000000000e+03
2.160000000000000000e+03
2.071000000000000000e+03
2.036000000000000000e+03
2.080000000000000000e+03
2.109000000000000000e+03
2.085000000000000000e+03
2.095000000000000000e+03
2.100000000000000000e+03
2.116000000000000000e+03
2.098000000000000000e+03
2.070000000000000000e+03
2.107000000000000000e+03
2.129000000000000000e+03
2.229000000000000000e+03
2.093000000000000000e+03
2.056000000000000000e+03
2.166000000000000000e+03
2.135000000000000000e+03
2.143000000000000000e+03
2.142000000000000000e+03
2.096000000000000000e+03
2.061000000000000000e+03
2.087000000000000000e+03
2.135000000000000000e+03
2.116000000000000000e+03
1.864000000000000000e+03
1.843000000000000000e+03
1.959000000000000000e+03
2.099000000000000000e+03
2.197000000000000000e+03
2.169000000000000000e+03
2.135000000000000000e+03
2.214000000000000000e+03
2.218000000000000000e+03
2.190000000000000000e+03
2.199000000000000000e+03
2.130000000000000000e+03
2.172000000000000000e+03
2.105000000000000000e+03
2.060000000000000000e+03
1.999000000000000000e+03
1.940000000000000000e+03
1.984000000000000000e+03
2.083000000000000000e+03
2.121000000000000000e+03
2.107000000000000000e+03
2.189000000000000000e+03
2.153000000000000000e+03
2.167000000000000000e+03
2.118000000000000000e+03
2.166000000000000000e+03
2.127000000000000000e+03
2.126000000000000000e+03
2.126000000000000000e+03
2.173000000000000000e+03
2.208000000000000000e+03
2.154000000000000000e+03
2.132000000000000000e+03
2.133000000000000000e+03
2.195000000000000000e+03
2.144000000000000000e+03
2.160000000000000000e+03
2.248000000000000000e+03
2.174000000000000000e+03
2.115000000000000000e+03
2.108000000000000000e+03
2.085000000000000000e+03
2.140000000000000000e+03
2.152000000000000000e+03
2.187000000000000000e+03
2.200000000000000000e+03
2.202000000000000000e+03
2.185000000000000000e+03
2.184000000000000000e+03
2.099000000000000000e+03
2.100000000000000000e+03
2.040000000000000000e+03
2.030000000000000000e+03
2.005000000000000000e+03
2.158000000000000000e+03
2.085000000000000000e+03
2.112000000000000000e+03
2.077000000000000000e+03
2.011000000000000000e+03
1.980000000000000000e+03
2.030000000000000000e+03
2.076000000000000000e+03
2.083000000000000000e+03
2.067000000000000000e+03
2.008000000000000000e+03
1.968000000000000000e+03
2.085000000000000000e+03
2.071000000000000000e+03
2.003000000000000000e+03
1.969000000000000000e+03
2.004000000000000000e+03
2.022000000000000000e+03
2.019000000000000000e+03
1.971000000000000000e+03
1.978000000000000000e+03
2.000000000000000000e+03
2.008000000000000000e+03
1.943000000000000000e+03
1.966000000000000000e+03
1.945000000000000000e+03
1.909000000000000000e+03
1.885000000000000000e+03
1.835000000000000000e+03
1.873000000000000000e+03
1.846000000000000000e+03
1.862000000000000000e+03
1.742000000000000000e+03
1.642000000000000000e+03
1.414000000000000000e+03
1.457000000000000000e+03
1.569000000000000000e+03
1.620000000000000000e+03
1.649000000000000000e+03
1.601000000000000000e+03
1.574000000000000000e+03
1.634000000000000000e+03
1.672000000000000000e+03
1.754000000000000000e+03
1.654000000000000000e+03
1.701000000000000000e+03
1.713000000000000000e+03
1.661000000000000000e+03
1.669000000000000000e+03
1.656000000000000000e+03
1.623000000000000000e+03
1.615000000000000000e+03
1.642000000000000000e+03
1.563000000000000000e+03
1.621000000000000000e+03
1.679000000000000000e+03
1.586000000000000000e+03
1.680000000000000000e+03
1.594000000000000000e+03
1.547000000000000000e+03
1.538000000000000000e+03
1.592000000000000000e+03
1.552000000000000000e+03
1.564000000000000000e+03
1.554000000000000000e+03
1.593000000000000000e+03
1.525000000000000000e+03
1.577000000000000000e+03
1.504000000000000000e+03
1.552000000000000000e+03
1.535000000000000000e+03
1.462000000000000000e+03
1.570000000000000000e+03
1.505000000000000000e+03
