1.220000000000000000e+02
1.230000000000000000e+02
1.280000000000000000e+02
1.490000000000000000e+02
1.250000000000000000e+02
1.210000000000000000e+02
9.500000000000000000e+01
1.160000000000000000e+02
1.230000000000000000e+02
1.110000000000000000e+02
1.190000000000000000e+02
1.190000000000000000e+02
1.250000000000000000e+02
1.220000000000000000e+02
1.670000000000000000e+02
1.140000000000000000e+02
1.230000000000000000e+02
1.140000000000000000e+02
1.290000000000000000e+02
1.140000000000000000e+02
1.280000000000000000e+02
1.150000000000000000e+02
1.210000000000000000e+02
1.310000000000000000e+02
1.080000000000000000e+02
1.280000000000000000e+02
1.590000000000000000e+02
1.350000000000000000e+02
1.260000000000000000e+02
1.130000000000000000e+02
1.410000000000000000e+02
1.300000000000000000e+02
1.220000000000000000e+02
1.210000000000000000e+02
1.220000000000000000e+02
1.300000000000000000e+02
1.370000000000000000e+02
1.120000000000000000e+02
1.270000000000000000e+02
2.290000000000000000e+02
1.210000000000000000e+02
1.190000000000000000e+02
1.240000000000000000e+02
1.270000000000000000e+02
1.340000000000000000e+02
1.270000000000000000e+02
1.150000000000000000e+02
1.280000000000000000e+02
1.190000000000000000e+02
1.240000000000000000e+02
1.270000000000000000e+02
1.110000000000000000e+02
1.320000000000000000e+02
1.300000000000000000e+02
1.290000000000000000e+02
1.340000000000000000e+02
1.390000000000000000e+02
1.320000000000000000e+02
1.360000000000000000e+02
1.500000000000000000e+02
1.450000000000000000e+02
1.380000000000000000e+02
1.410000000000000000e+02
1.330000000000000000e+02
1.440000000000000000e+02
1.550000000000000000e+02
1.450000000000000000e+02
1.430000000000000000e+02
1.550000000000000000e+02
1.440000000000000000e+02
1.430000000000000000e+02
1.470000000000000000e+02
1.510000000000000000e+02
1.390000000000000000e+02
1.360000000000000000e+02
1.350000000000000000e+02
1.430000000000000000e+02
1.590000000000000000e+02
1.580000000000000000e+02
1.490000000000000000e+02
1.580000000000000000e+02
1.500000000000000000e+02
1.620000000000000000e+02
1.610000000000000000e+02
1.470000000000000000e+02
1.600000000000000000e+02
1.480000000000000000e+02
1.530000000000000000e+02
1.460000000000000000e+02
1.630000000000000000e+02
1.490000000000000000e+02
2.000000000000000000e+02
1.430000000000000000e+02
1.610000000000000000e+02
1.710000000000000000e+02
1.990000000000000000e+02
1.650000000000000000e+02
1.550000000000000000e+02
1.630000000000000000e+02
1.660000000000000000e+02
1.550000000000000000e+02
1.830000000000000000e+02
1.540000000000000000e+02
1.580000000000000000e+02
1.650000000000000000e+02
1.590000000000000000e+02
1.710000000000000000e+02
1.800000000000000000e+02
1.690000000000000000e+02
1.590000000000000000e+02
1.750000000000000000e+02
1.900000000000000000e+02
1.890000000000000000e+02
1.740000000000000000e+02
1.740000000000000000e+02
1.790000000000000000e+02
1.770000000000000000e+02
1.900000000000000000e+02
1.770000000000000000e+02
1.770000000000000000e+02
1.780000000000000000e+02
1.790000000000000000e+02
1.690000000000000000e+02
1.620000000000000000e+02
1.700000000000000000e+02
1.690000000000000000e+02
1.660000000000000000e+02
1.750000000000000000e+02
1.920000000000000000e+02
2.200000000000000000e+02
2.110000000000000000e+02
1.840000000000000000e+02
2.070000000000000000e+02
2.250000000000000000e+02
2.160000000000000000e+02
2.030000000000000000e+02
2.160000000000000000e+02
2.380000000000000000e+02
2.380000000000000000e+02
2.210000000000000000e+02
2.460000000000000000e+02
2.320000000000000000e+02
2.240000000000000000e+02
2.760000000000000000e+02
2.260000000000000000e+02
2.170000000000000000e+02
2.280000000000000000e+02
2.440000000000000000e+02
2.360000000000000000e+02
2.330000000000000000e+02
2.140000000000000000e+02
2.370000000000000000e+02
2.530000000000000000e+02
2.410000000000000000e+02
2.580000000000000000e+02
2.610000000000000000e+02
2.580000000000000000e+02
2.420000000000000000e+02
2.550000000000000000e+02
2.610000000000000000e+02
2.660000000000000000e+02
2.520000000000000000e+02
2.520000000000000000e+02
2.630000000000000000e+02
2.580000000000000000e+02
2.690000000000000000e+02
3.120000000000000000e+02
2.930000000000000000e+02
3.020000000000000000e+02
3.090000000000000000e+02
2.950000000000000000e+02
2.930000000000000000e+02
3.380000000000000000e+02
3.480000000000000000e+02
3.550000000000000000e+02
3.470000000000000000e+02
3.140000000000000000e+02
3.330000000000000000e+02
2.970000000000000000e+02
2.910000000000000000e+02
3.270000000000000000e+02
3.360000000000000000e+02
3.260000000000000000e+02
3.430000000000000000e+02
3.340000000000000000e+02
3.350000000000000000e+02
3.680000000000000000e+02
3.850000000000000000e+02
3.830000000000000000e+02
3.810000000000000000e+02
3.670000000000000000e+02
3.640000000000000000e+02
3.830000000000000000e+02
3.860000000000000000e+02
3.900000000000000000e+02
3.950000000000000000e+02
4.080000000000000000e+02
4.270000000000000000e+02
4.640000000000000000e+02
4.400000000000000000e+02
4.710000000000000000e+02
4.370000000000000000e+02
4.500000000000000000e+02
4.490000000000000000e+02
4.210000000000000000e+02
4.060000000000000000e+02
4.020000000000000000e+02
4.400000000000000000e+02
4.580000000000000000e+02
4.990000000000000000e+02
4.520000000000000000e+02
4.410000000000000000e+02
4.370000000000000000e+02
4.560000000000000000e+02
4.590000000000000000e+02
4.610000000000000000e+02
4.670000000000000000e+02
4.990000000000000000e+02
4.960000000000000000e+02
4.740000000000000000e+02
4.670000000000000000e+02
4.990000000000000000e+02
5.020000000000000000e+02
5.760000000000000000e+02
5.400000000000000000e+02
4.780000000000000000e+02
4.940000000000000000e+02
5.930000000000000000e+02
5.280000000000000000e+02
5.320000000000000000e+02
5.920000000000000000e+02
5.650000000000000000e+02
5.230000000000000000e+02
5.090000000000000000e+02
5.210000000000000000e+02
5.640000000000000000e+02
5.910000000000000000e+02
5.510000000000000000e+02
5.590000000000000000e+02
5.550000000000000000e+02
5.770000000000000000e+02
6.190000000000000000e+02
5.670000000000000000e+02
5.820000000000000000e+02
5.580000000000000000e+02
5.910000000000000000e+02
6.380000000000000000e+02
6.350000000000000000e+02
6.200000000000000000e+02
5.890000000000000000e+02
6.220000000000000000e+02
5.930000000000000000e+02
6.030000000000000000e+02
6.370000000000000000e+02
5.940000000000000000e+02
5.560000000000000000e+02
5.350000000000000000e+02
5.220000000000000000e+02
5.340000000000000000e+02
5.490000000000000000e+02
6.050000000000000000e+02
5.740000000000000000e+02
5.930000000000000000e+02
6.010000000000000000e+02
6.420000000000000000e+02
6.350000000000000000e+02
6.130000000000000000e+02
6.020000000000000000e+02
6.060000000000000000e+02
5.920000000000000000e+02
5.660000000000000000e+02
6.070000000000000000e+02
6.560000000000000000e+02
6.250000000000000000e+02
5.890000000000000000e+02
6.290000000000000000e+02
6.750000000000000000e+02
6.890000000000000000e+02
6.550000000000000000e+02
6.580000000000000000e+02
6.340000000000000000e+02
6.390000000000000000e+02
7.110000000000000000e+02
6.430000000000000000e+02
5.970000000000000000e+02
5.730000000000000000e+02
5.940000000000000000e+02
6.510000000000000000e+02
5.950000000000000000e+02
5.510000000000000000e+02
5.670000000000000000e+02
5.290000000000000000e+02
5.100000000000000000e+02
5.540000000000000000e+02
6.020000000000000000e+02
6.270000000000000000e+02
6.460000000000000000e+02
5.890000000000000000e+02
5.690000000000000000e+02
6.400000000000000000e+02
6.230000000000000000e+02
6.530000000000000000e+02
7.060000000000000000e+02
6.630000000000000000e+02
6.520000000000000000e+02
6.150000000000000000e+02
5.990000000000000000e+02
6.160000000000000000e+02
6.190000000000000000e+02
6.850000000000000000e+02
6.980000000000000000e+02
6.580000000000000000e+02
6.570000000000000000e+02
6.340000000000000000e+02
6.660000000000000000e+02
6.930000000000000000e+02
6.800000000000000000e+02
6.310000000000000000e+02
6.160000000000000000e+02
6.570000000000000000e+02
7.070000000000000000e+02
6.650000000000000000e+02
6.350000000000000000e+02
6.290000000000000000e+02
6.540000000000000000e+02
7.150000000000000000e+02
6.870000000000000000e+02
6.230000000000000000e+02
5.510000000000000000e+02
6.160000000000000000e+02
6.350000000000000000e+02
6.950000000000000000e+02
6.910000000000000000e+02
6.990000000000000000e+02
7.010000000000000000e+02
1.218000000000000000e+03
6.980000000000000000e+02
6.510000000000000000e+02
7.470000000000000000e+02
7.790000000000000000e+02
7.450000000000000000e+02
7.000000000000000000e+02
7.630000000000000000e+02
8.180000000000000000e+02
8.660000000000000000e+02
8.830000000000000000e+02
7.920000000000000000e+02
7.700000000000000000e+02
8.210000000000000000e+02
8.250000000000000000e+02
7.180000000000000000e+02
7.130000000000000000e+02
7.770000000000000000e+02
8.980000000000000000e+02
9.500000000000000000e+02
9.930000000000000000e+02
1.006000000000000000e+03
9.580000000000000000e+02
8.970000000000000000e+02
9.360000000000000000e+02
1.055000000000000000e+03
1.104000000000000000e+03
1.064000000000000000e+03
1.007000000000000000e+03
9.320000000000000000e+02
8.860000000000000000e+02
1.008000000000000000e+03
1.056000000000000000e+03
1.027000000000000000e+03
1.021000000000000000e+03
1.060000000000000000e+03
1.188000000000000000e+03
1.220000000000000000e+03
1.190000000000000000e+03
1.070000000000000000e+03
1.005000000000000000e+03
1.148000000000000000e+03
1.192000000000000000e+03
1.132000000000000000e+03
1.077000000000000000e+03
1.030000000000000000e+03
1.005000000000000000e+03
1.016000000000000000e+03
9.680000000000000000e+02
1.042000000000000000e+03
1.148000000000000000e+03
1.119000000000000000e+03
1.153000000000000000e+03
1.112000000000000000e+03
1.068000000000000000e+03
1.076000000000000000e+03
1.207000000000000000e+03
1.167000000000000000e+03
1.140000000000000000e+03
1.165000000000000000e+03
1.172000000000000000e+03
1.187000000000000000e+03
1.138000000000000000e+03
1.161000000000000000e+03
1.086000000000000000e+03
1.052000000000000000e+03
1.130000000000000000e+03
1.149000000000000000e+03
1.163000000000000000e+03
1.188000000000000000e+03
1.180000000000000000e+03
1.205000000000000000e+03
1.199000000000000000e+03
1.143000000000000000e+03
1.260000000000000000e+03
1.248000000000000000e+03
1.275000000000000000e+03
1.226000000000000000e+03
1.231000000000000000e+03
1.264000000000000000e+03
1.333000000000000000e+03
1.351000000000000000e+03
1.352000000000000000e+03
1.302000000000000000e+03
1.305000000000000000e+03
1.359000000000000000e+03
1.290000000000000000e+03
1.336000000000000000e+03
1.313000000000000000e+03
1.327000000000000000e+03
1.267000000000000000e+03
1.224000000000000000e+03
1.293000000000000000e+03
1.307000000000000000e+03
1.343000000000000000e+03
1.394000000000000000e+03
1.453000000000000000e+03
1.375000000000000000e+03
1.346000000000000000e+03
1.370000000000000000e+03
1.396000000000000000e+03
1.482000000000000000e+03
1.423000000000000000e+03
1.356000000000000000e+03
1.385000000000000000e+03
1.437000000000000000e+03
1.444000000000000000e+03
1.378000000000000000e+03
1.376000000000000000e+03
1.414000000000000000e+03
1.470000000000000000e+03
1.605000000000000000e+03
1.565000000000000000e+03
1.480000000000000000e+03
1.505000000000000000e+03
1.533000000000000000e+03
1.523000000000000000e+03
1.423000000000000000e+03
1.417000000000000000e+03
1.363000000000000000e+03
1.466000000000000000e+03
1.607000000000000000e+03
1.671000000000000000e+03
1.603000000000000000e+03
1.618000000000000000e+03
1.664000000000000000e+03
1.658000000000000000e+03
1.642000000000000000e+03
1.627000000000000000e+03
1.648000000000000000e+03
1.660000000000000000e+03
1.676000000000000000e+03
1.737000000000000000e+03
1.787000000000000000e+03
1.717000000000000000e+03
1.636000000000000000e+03
1.549000000000000000e+03
1.579000000000000000e+03
1.631000000000000000e+03
1.711000000000000000e+03
1.777000000000000000e+03
1.763000000000000000e+03
1.787000000000000000e+03
1.759000000000000000e+03
1.863000000000000000e+03
1.890000000000000000e+03
1.875000000000000000e+03
1.919000000000000000e+03
1.910000000000000000e+03
1.874000000000000000e+03
1.908000000000000000e+03
1.835000000000000000e+03
1.851000000000000000e+03
1.740000000000000000e+03
1.756000000000000000e+03
1.772000000000000000e+03
1.887000000000000000e+03
1.958000000000000000e+03
1.808000000000000000e+03
1.781000000000000000e+03
1.637000000000000000e+03
1.422000000000000000e+03
1.341000000000000000e+03
1.509000000000000000e+03
1.694000000000000000e+03
1.807000000000000000e+03
1.821000000000000000e+03
1.762000000000000000e+03
1.799000000000000000e+03
1.853000000000000000e+03
1.899000000000000000e+03
1.863000000000000000e+03
1.805000000000000000e+03
1.834000000000000000e+03
1.822000000000000000e+03
1.798000000000000000e+03
1.830000000000000000e+03
1.846000000000000000e+03
1.929000000000000000e+03
1.949000000000000000e+03
1.989000000000000000e+03
1.905000000000000000e+03
1.800000000000000000e+03
1.790000000000000000e+03
1.855000000000000000e+03
1.934000000000000000e+03
1.863000000000000000e+03
1.865000000000000000e+03
1.808000000000000000e+03
1.814000000000000000e+03
1.821000000000000000e+03
1.806000000000000000e+03
1.839000000000000000e+03
1.889000000000000000e+03
1.948000000000000000e+03
1.931000000000000000e+03
1.949000000000000000e+03
1.962000000000000000e+03
2.022000000000000000e+03
1.952000000000000000e+03
1.911000000000000000e+03
1.895000000000000000e+03
1.873000000000000000e+03
1.917000000000000000e+03
1.973000000000000000e+03
1.875000000000000000e+03
1.807000000000000000e+03
1.794000000000000000e+03
1.822000000000000000e+03
1.799000000000000000e+03
1.791000000000000000e+03
1.770000000000000000e+03
1.845000000000000000e+03
1.924000000000000000e+03
1.803000000000000000e+03
1.707000000000000000e+03
1.665000000000000000e+03
1.747000000000000000e+03
1.717000000000000000e+03
1.630000000000000000e+03
1.715000000000000000e+03
1.791000000000000000e+03
1.803000000000000000e+03
1.806000000000000000e+03
1.672000000000000000e+03
1.651000000000000000e+03
1.694000000000000000e+03
1.754000000000000000e+03
1.785000000000000000e+03
1.812000000000000000e+03
1.806000000000000000e+03
1.721000000000000000e+03
1.721000000000000000e+03
1.827000000000000000e+03
1.797000000000000000e+03
1.897000000000000000e+03
1.810000000000000000e+03
1.671000000000000000e+03
1.662000000000000000e+03
1.662000000000000000e+03
1.667000000000000000e+03
1.632000000000000000e+03
1.722000000000000000e+03
1.629000000000000000e+03
1.613000000000000000e+03
1.630000000000000000e+03
1.577000000000000000e+03
1.541000000000000000e+03
1.603000000000000000e+03
1.710000000000000000e+03
1.733000000000000000e+03
1.646000000000000000e+03
1.671000000000000000e+03
1.699000000000000000e+03
1.757000000000000000e+03
1.758000000000000000e+03
1.717000000000000000e+03
1.655000000000000000e+03
1.738000000000000000e+03
1.779000000000000000e+03
1.657000000000000000e+03
1.663000000000000000e+03
1.719000000000000000e+03
1.832000000000000000e+03
1.826000000000000000e+03
1.831000000000000000e+03
1.775000000000000000e+03
1.819000000000000000e+03
1.877000000000000000e+03
1.841000000000000000e+03
1.710000000000000000e+03
1.679000000000000000e+03
1.703000000000000000e+03
1.806000000000000000e+03
1.902000000000000000e+03
1.845000000000000000e+03
1.915000000000000000e+03
1.902000000000000000e+03
1.861000000000000000e+03
1.837000000000000000e+03
1.775000000000000000e+03
1.863000000000000000e+03
1.869000000000000000e+03
1.882000000000000000e+03
1.807000000000000000e+03
1.843000000000000000e+03
1.882000000000000000e+03
1.851000000000000000e+03
1.844000000000000000e+03
1.851000000000000000e+03
1.891000000000000000e+03
1.936000000000000000e+03
1.795000000000000000e+03
1.849000000000000000e+03
1.862000000000000000e+03
1.890000000000000000e+03
1.873000000000000000e+03
1.918000000000000000e+03
1.875000000000000000e+03
1.892000000000000000e+03
1.792000000000000000e+03
1.827000000000000000e+03
1.701000000000000000e+03
1.602000000000000000e+03
1.737000000000000000e+03
1.877000000000000000e+03
1.918000000000000000e+03
1.867000000000000000e+03
1.852000000000000000e+03
1.978000000000000000e+03
1.895000000000000000e+03
1.917000000000000000e+03
1.926000000000000000e+03
1.944000000000000000e+03
1.913000000000000000e+03
1.854000000000000000e+03
1.855000000000000000e+03
1.769000000000000000e+03
1.696000000000000000e+03
1.706000000000000000e+03
1.792000000000000000e+03
1.822000000000000000e+03
1.875000000000000000e+03
1.928000000000000000e+03
1.913000000000000000e+03
1.856000000000000000e+03
1.828000000000000000e+03
1.903000000000000000e+03
1.881000000000000000e+03
1.834000000000000000e+03
1.833000000000000000e+03
1.924000000000000000e+03
1.922000000000000000e+03
1.890000000000000000e+03
1.829000000000000000e+03
1.846000000000000000e+03
1.896000000000000000e+03
1.888000000000000000e+03
1.873000000000000000e+03
1.922000000000000000e+03
1.869000000000000000e+03
1.865000000000000000e+03
1.824000000000000000e+03
1.858000000000000000e+03
1.864000000000000000e+03
1.851000000000000000e+03
1.895000000000000000e+03
1.924000000000000000e+03
1.884000000000000000e+03
1.825000000000000000e+03
1.875000000000000000e+03
1.983000000000000000e+03
1.809000000000000000e+03
1.805000000000000000e+03
1.834000000000000000e+03
1.799000000000000000e+03
1.878000000000000000e+03
1.819000000000000000e+03
1.830000000000000000e+03
1.760000000000000000e+03
1.710000000000000000e+03
1.761000000000000000e+03
1.719000000000000000e+03
1.792000000000000000e+03
1.780000000000000000e+03
1.781000000000000000e+03
1.774000000000000000e+03
1.707000000000000000e+03
1.748000000000000000e+03
1.805000000000000000e+03
1.759000000000000000e+03
1.764000000000000000e+03
1.722000000000000000e+03
1.808000000000000000e+03
1.718000000000000000e+03
1.726000000000000000e+03
1.672000000000000000e+03
1.684000000000000000e+03
1.776000000000000000e+03
1.793000000000000000e+03
1.740000000000000000e+03
1.693000000000000000e+03
1.697000000000000000e+03
1.669000000000000000e+03
1.590000000000000000e+03
1.676000000000000000e+03
1.555000000000000000e+03
1.602000000000000000e+03
1.531000000000000000e+03
1.428000000000000000e+03
1.248000000000000000e+03
1.246000000000000000e+03
1.304000000000000000e+03
1.363000000000000000e+03
1.400000000000000000e+03
1.392000000000000000e+03
1.432000000000000000e+03
1.425000000000000000e+03
1.447000000000000000e+03
1.481000000000000000e+03
1.460000000000000000e+03
1.432000000000000000e+03
1.482000000000000000e+03
1.435000000000000000e+03
1.402000000000000000e+03
1.393000000000000000e+03
1.457000000000000000e+03
1.344000000000000000e+03
1.387000000000000000e+03
1.384000000000000000e+03
1.347000000000000000e+03
1.395000000000000000e+03
1.401000000000000000e+03
1.443000000000000000e+03
1.400000000000000000e+03
1.358000000000000000e+03
1.346000000000000000e+03
1.343000000000000000e+03
1.422000000000000000e+03
1.389000000000000000e+03
1.332000000000000000e+03
1.313000000000000000e+03
1.295000000000000000e+03
1.300000000000000000e+03
1.255000000000000000e+03
1.840000000000000000e+03
1.279000000000000000e+03
1.310000000000000000e+03
1.320000000000000000e+03
1.294000000000000000e+03
