1.210000000000000000e+02
1.160000000000000000e+02
1.190000000000000000e+02
1.240000000000000000e+02
1.170000000000000000e+02
1.150000000000000000e+02
1.160000000000000000e+02
1.460000000000000000e+02
1.240000000000000000e+02
1.100000000000000000e+02
1.310000000000000000e+02
1.200000000000000000e+02
1.160000000000000000e+02
1.240000000000000000e+02
1.240000000000000000e+02
1.150000000000000000e+02
1.160000000000000000e+02
1.120000000000000000e+02
1.160000000000000000e+02
1.210000000000000000e+02
1.190000000000000000e+02
1.090000000000000000e+02
1.170000000000000000e+02
1.240000000000000000e+02
1.140000000000000000e+02
1.270000000000000000e+02
1.230000000000000000e+02
1.260000000000000000e+02
1.160000000000000000e+02
1.210000000000000000e+02
1.140000000000000000e+02
1.270000000000000000e+02
1.280000000000000000e+02
1.130000000000000000e+02
1.300000000000000000e+02
1.200000000000000000e+02
1.220000000000000000e+02
1.170000000000000000e+02
1.190000000000000000e+02
1.250000000000000000e+02
1.210000000000000000e+02
1.240000000000000000e+02
1.220000000000000000e+02
1.260000000000000000e+02
1.260000000000000000e+02
1.260000000000000000e+02
1.240000000000000000e+02
1.160000000000000000e+02
1.170000000000000000e+02
1.290000000000000000e+02
1.320000000000000000e+02
1.370000000000000000e+02
1.360000000000000000e+02
1.270000000000000000e+02
1.390000000000000000e+02
1.410000000000000000e+02
1.430000000000000000e+02
1.400000000000000000e+02
1.390000000000000000e+02
1.460000000000000000e+02
1.430000000000000000e+02
1.540000000000000000e+02
1.480000000000000000e+02
1.390000000000000000e+02
1.360000000000000000e+02
1.340000000000000000e+02
1.400000000000000000e+02
1.450000000000000000e+02
1.430000000000000000e+02
1.530000000000000000e+02
1.400000000000000000e+02
1.400000000000000000e+02
1.500000000000000000e+02
1.540000000000000000e+02
1.420000000000000000e+02
1.530000000000000000e+02
1.600000000000000000e+02
1.610000000000000000e+02
1.650000000000000000e+02
1.520000000000000000e+02
1.590000000000000000e+02
1.610000000000000000e+02
1.590000000000000000e+02
1.470000000000000000e+02
1.640000000000000000e+02
1.510000000000000000e+02
1.660000000000000000e+02
1.550000000000000000e+02
1.510000000000000000e+02
1.490000000000000000e+02
1.620000000000000000e+02
1.520000000000000000e+02
1.750000000000000000e+02
1.700000000000000000e+02
2.060000000000000000e+02
1.640000000000000000e+02
1.570000000000000000e+02
1.670000000000000000e+02
1.690000000000000000e+02
1.640000000000000000e+02
1.570000000000000000e+02
1.540000000000000000e+02
1.580000000000000000e+02
1.630000000000000000e+02
1.650000000000000000e+02
1.620000000000000000e+02
1.770000000000000000e+02
1.690000000000000000e+02
1.620000000000000000e+02
1.820000000000000000e+02
1.970000000000000000e+02
1.830000000000000000e+02
1.980000000000000000e+02
1.770000000000000000e+02
1.770000000000000000e+02
1.670000000000000000e+02
1.940000000000000000e+02
2.090000000000000000e+02
1.700000000000000000e+02
1.830000000000000000e+02
2.020000000000000000e+02
1.880000000000000000e+02
1.870000000000000000e+02
1.720000000000000000e+02
1.790000000000000000e+02
1.810000000000000000e+02
1.770000000000000000e+02
1.820000000000000000e+02
2.010000000000000000e+02
2.150000000000000000e+02
2.350000000000000000e+02
2.070000000000000000e+02
2.050000000000000000e+02
2.220000000000000000e+02
2.100000000000000000e+02
2.190000000000000000e+02
2.260000000000000000e+02
2.230000000000000000e+02
2.450000000000000000e+02
2.480000000000000000e+02
2.550000000000000000e+02
2.440000000000000000e+02
2.380000000000000000e+02
2.340000000000000000e+02
2.200000000000000000e+02
2.230000000000000000e+02
2.290000000000000000e+02
2.360000000000000000e+02
2.560000000000000000e+02
2.410000000000000000e+02
2.300000000000000000e+02
2.580000000000000000e+02
2.600000000000000000e+02
2.600000000000000000e+02
2.500000000000000000e+02
2.520000000000000000e+02
2.480000000000000000e+02
2.520000000000000000e+02
2.570000000000000000e+02
2.610000000000000000e+02
2.640000000000000000e+02
2.480000000000000000e+02
2.490000000000000000e+02
2.500000000000000000e+02
2.750000000000000000e+02
2.850000000000000000e+02
3.170000000000000000e+02
3.180000000000000000e+02
3.200000000000000000e+02
3.260000000000000000e+02
3.020000000000000000e+02
3.220000000000000000e+02
3.530000000000000000e+02
3.690000000000000000e+02
3.920000000000000000e+02
4.520000000000000000e+02
3.360000000000000000e+02
3.390000000000000000e+02
3.350000000000000000e+02
3.210000000000000000e+02
3.480000000000000000e+02
4.520000000000000000e+02
3.660000000000000000e+02
3.460000000000000000e+02
3.580000000000000000e+02
3.770000000000000000e+02
3.890000000000000000e+02
3.960000000000000000e+02
4.160000000000000000e+02
3.970000000000000000e+02
3.860000000000000000e+02
3.940000000000000000e+02
3.960000000000000000e+02
3.890000000000000000e+02
3.870000000000000000e+02
3.770000000000000000e+02
4.160000000000000000e+02
4.610000000000000000e+02
4.750000000000000000e+02
4.830000000000000000e+02
4.860000000000000000e+02
4.600000000000000000e+02
4.790000000000000000e+02
4.620000000000000000e+02
4.420000000000000000e+02
4.400000000000000000e+02
4.170000000000000000e+02
4.430000000000000000e+02
4.970000000000000000e+02
5.120000000000000000e+02
4.490000000000000000e+02
4.390000000000000000e+02
4.830000000000000000e+02
4.820000000000000000e+02
4.650000000000000000e+02
4.660000000000000000e+02
4.750000000000000000e+02
5.220000000000000000e+02
5.160000000000000000e+02
4.990000000000000000e+02
4.920000000000000000e+02
4.950000000000000000e+02
5.530000000000000000e+02
5.600000000000000000e+02
5.350000000000000000e+02
5.440000000000000000e+02
5.150000000000000000e+02
5.590000000000000000e+02
5.570000000000000000e+02
5.780000000000000000e+02
5.760000000000000000e+02
5.750000000000000000e+02
5.460000000000000000e+02
5.700000000000000000e+02
5.920000000000000000e+02
6.200000000000000000e+02
6.060000000000000000e+02
6.040000000000000000e+02
5.850000000000000000e+02
5.680000000000000000e+02
6.370000000000000000e+02
6.290000000000000000e+02
6.050000000000000000e+02
6.380000000000000000e+02
6.050000000000000000e+02
6.540000000000000000e+02
6.540000000000000000e+02
6.310000000000000000e+02
6.490000000000000000e+02
6.300000000000000000e+02
6.040000000000000000e+02
6.050000000000000000e+02
6.020000000000000000e+02
6.220000000000000000e+02
6.200000000000000000e+02
5.650000000000000000e+02
5.500000000000000000e+02
9.210000000000000000e+02
5.680000000000000000e+02
5.970000000000000000e+02
6.180000000000000000e+02
5.970000000000000000e+02
5.700000000000000000e+02
5.920000000000000000e+02
6.700000000000000000e+02
6.600000000000000000e+02
6.780000000000000000e+02
6.440000000000000000e+02
6.210000000000000000e+02
6.280000000000000000e+02
5.650000000000000000e+02
6.440000000000000000e+02
6.680000000000000000e+02
6.470000000000000000e+02
6.130000000000000000e+02
6.830000000000000000e+02
6.890000000000000000e+02
6.880000000000000000e+02
7.220000000000000000e+02
6.540000000000000000e+02
6.740000000000000000e+02
6.790000000000000000e+02
7.160000000000000000e+02
6.650000000000000000e+02
5.970000000000000000e+02
6.010000000000000000e+02
6.510000000000000000e+02
6.320000000000000000e+02
6.500000000000000000e+02
5.980000000000000000e+02
5.950000000000000000e+02
5.870000000000000000e+02
5.690000000000000000e+02
5.810000000000000000e+02
5.960000000000000000e+02
6.350000000000000000e+02
6.740000000000000000e+02
6.350000000000000000e+02
6.070000000000000000e+02
6.840000000000000000e+02
6.750000000000000000e+02
7.050000000000000000e+02
7.350000000000000000e+02
7.020000000000000000e+02
6.480000000000000000e+02
7.060000000000000000e+02
6.420000000000000000e+02
6.390000000000000000e+02
6.040000000000000000e+02
6.920000000000000000e+02
7.490000000000000000e+02
7.040000000000000000e+02
6.670000000000000000e+02
6.920000000000000000e+02
6.850000000000000000e+02
7.230000000000000000e+02
7.080000000000000000e+02
6.910000000000000000e+02
6.610000000000000000e+02
7.030000000000000000e+02
6.990000000000000000e+02
6.680000000000000000e+02
6.910000000000000000e+02
6.790000000000000000e+02
6.950000000000000000e+02
7.390000000000000000e+02
7.570000000000000000e+02
6.510000000000000000e+02
5.340000000000000000e+02
5.900000000000000000e+02
6.780000000000000000e+02
6.630000000000000000e+02
7.500000000000000000e+02
7.370000000000000000e+02
7.120000000000000000e+02
7.800000000000000000e+02
7.100000000000000000e+02
7.000000000000000000e+02
7.670000000000000000e+02
8.120000000000000000e+02
8.040000000000000000e+02
7.400000000000000000e+02
8.040000000000000000e+02
8.380000000000000000e+02
8.880000000000000000e+02
8.800000000000000000e+02
8.450000000000000000e+02
8.000000000000000000e+02
8.800000000000000000e+02
8.730000000000000000e+02
7.680000000000000000e+02
7.460000000000000000e+02
8.250000000000000000e+02
9.050000000000000000e+02
1.019000000000000000e+03
1.024000000000000000e+03
1.013000000000000000e+03
9.820000000000000000e+02
9.540000000000000000e+02
1.022000000000000000e+03
1.153000000000000000e+03
1.103000000000000000e+03
1.105000000000000000e+03
1.077000000000000000e+03
1.016000000000000000e+03
9.660000000000000000e+02
1.046000000000000000e+03
1.099000000000000000e+03
1.043000000000000000e+03
1.061000000000000000e+03
1.120000000000000000e+03
1.245000000000000000e+03
1.318000000000000000e+03
1.179000000000000000e+03
1.147000000000000000e+03
1.125000000000000000e+03
1.194000000000000000e+03
1.153000000000000000e+03
1.231000000000000000e+03
1.102000000000000000e+03
1.102000000000000000e+03
1.037000000000000000e+03
1.051000000000000000e+03
1.027000000000000000e+03
1.112000000000000000e+03
1.189000000000000000e+03
1.231000000000000000e+03
1.238000000000000000e+03
1.159000000000000000e+03
1.116000000000000000e+03
1.103000000000000000e+03
1.230000000000000000e+03
1.228000000000000000e+03
1.195000000000000000e+03
1.188000000000000000e+03
1.199000000000000000e+03
1.265000000000000000e+03
1.237000000000000000e+03
1.191000000000000000e+03
1.113000000000000000e+03
1.143000000000000000e+03
1.166000000000000000e+03
1.191000000000000000e+03
1.199000000000000000e+03
1.267000000000000000e+03
1.278000000000000000e+03
1.261000000000000000e+03
1.223000000000000000e+03
1.206000000000000000e+03
1.266000000000000000e+03
1.329000000000000000e+03
1.274000000000000000e+03
1.327000000000000000e+03
1.293000000000000000e+03
1.353000000000000000e+03
1.395000000000000000e+03
1.384000000000000000e+03
1.422000000000000000e+03
1.407000000000000000e+03
1.403000000000000000e+03
1.374000000000000000e+03
1.377000000000000000e+03
1.429000000000000000e+03
1.426000000000000000e+03
1.439000000000000000e+03
1.305000000000000000e+03
1.303000000000000000e+03
1.347000000000000000e+03
1.405000000000000000e+03
1.395000000000000000e+03
1.530000000000000000e+03
1.491000000000000000e+03
1.443000000000000000e+03
1.439000000000000000e+03
1.430000000000000000e+03
1.489000000000000000e+03
1.594000000000000000e+03
1.450000000000000000e+03
1.447000000000000000e+03
1.472000000000000000e+03
1.482000000000000000e+03
1.500000000000000000e+03
1.417000000000000000e+03
1.458000000000000000e+03
1.488000000000000000e+03
1.580000000000000000e+03
1.624000000000000000e+03
1.606000000000000000e+03
1.541000000000000000e+03
1.600000000000000000e+03
1.600000000000000000e+03
1.569000000000000000e+03
1.484000000000000000e+03
1.486000000000000000e+03
1.449000000000000000e+03
1.569000000000000000e+03
2.086000000000000000e+03
1.709000000000000000e+03
1.737000000000000000e+03
1.723000000000000000e+03
1.735000000000000000e+03
1.752000000000000000e+03
1.722000000000000000e+03
1.755000000000000000e+03
1.723000000000000000e+03
1.703000000000000000e+03
1.688000000000000000e+03
1.817000000000000000e+03
1.814000000000000000e+03
1.819000000000000000e+03
1.690000000000000000e+03
1.645000000000000000e+03
1.662000000000000000e+03
1.752000000000000000e+03
1.798000000000000000e+03
1.901000000000000000e+03
1.890000000000000000e+03
1.857000000000000000e+03
1.908000000000000000e+03
1.928000000000000000e+03
2.019000000000000000e+03
2.073000000000000000e+03
1.978000000000000000e+03
1.997000000000000000e+03
1.989000000000000000e+03
2.070000000000000000e+03
1.974000000000000000e+03
1.912000000000000000e+03
1.838000000000000000e+03
1.838000000000000000e+03
1.920000000000000000e+03
1.977000000000000000e+03
2.004000000000000000e+03
1.985000000000000000e+03
1.861000000000000000e+03
1.649000000000000000e+03
1.483000000000000000e+03
1.428000000000000000e+03
1.606000000000000000e+03
1.818000000000000000e+03
1.958000000000000000e+03
1.931000000000000000e+03
1.928000000000000000e+03
1.905000000000000000e+03
1.928000000000000000e+03
1.996000000000000000e+03
1.887000000000000000e+03
1.881000000000000000e+03
1.882000000000000000e+03
1.965000000000000000e+03
1.956000000000000000e+03
1.907000000000000000e+03
1.902000000000000000e+03
2.001000000000000000e+03
1.978000000000000000e+03
2.097000000000000000e+03
2.027000000000000000e+03
1.941000000000000000e+03
1.951000000000000000e+03
1.989000000000000000e+03
1.955000000000000000e+03
1.991000000000000000e+03
1.986000000000000000e+03
1.942000000000000000e+03
1.926000000000000000e+03
1.939000000000000000e+03
1.874000000000000000e+03
1.893000000000000000e+03
1.981000000000000000e+03
2.061000000000000000e+03
2.106000000000000000e+03
2.065000000000000000e+03
2.095000000000000000e+03
2.127000000000000000e+03
2.071000000000000000e+03
2.064000000000000000e+03
1.975000000000000000e+03
1.998000000000000000e+03
2.046000000000000000e+03
2.066000000000000000e+03
2.032000000000000000e+03
1.934000000000000000e+03
1.860000000000000000e+03
1.900000000000000000e+03
1.992000000000000000e+03
1.940000000000000000e+03
1.924000000000000000e+03
1.925000000000000000e+03
1.957000000000000000e+03
1.945000000000000000e+03
1.857000000000000000e+03
1.824000000000000000e+03
1.887000000000000000e+03
1.811000000000000000e+03
1.730000000000000000e+03
1.894000000000000000e+03
1.901000000000000000e+03
1.850000000000000000e+03
1.858000000000000000e+03
1.841000000000000000e+03
1.769000000000000000e+03
1.778000000000000000e+03
1.848000000000000000e+03
1.820000000000000000e+03
1.943000000000000000e+03
1.907000000000000000e+03
1.877000000000000000e+03
1.888000000000000000e+03
1.956000000000000000e+03
1.910000000000000000e+03
1.975000000000000000e+03
1.863000000000000000e+03
1.788000000000000000e+03
1.717000000000000000e+03
1.761000000000000000e+03
1.778000000000000000e+03
1.726000000000000000e+03
1.805000000000000000e+03
1.706000000000000000e+03
1.711000000000000000e+03
1.732000000000000000e+03
1.648000000000000000e+03
1.602000000000000000e+03
1.721000000000000000e+03
1.770000000000000000e+03
1.756000000000000000e+03
1.736000000000000000e+03
1.761000000000000000e+03
1.859000000000000000e+03
1.876000000000000000e+03
1.877000000000000000e+03
1.805000000000000000e+03
1.807000000000000000e+03
1.830000000000000000e+03
1.832000000000000000e+03
1.783000000000000000e+03
1.790000000000000000e+03
1.843000000000000000e+03
1.937000000000000000e+03
1.904000000000000000e+03
1.890000000000000000e+03
1.936000000000000000e+03
1.922000000000000000e+03
1.979000000000000000e+03
1.984000000000000000e+03
1.845000000000000000e+03
1.856000000000000000e+03
1.841000000000000000e+03
1.983000000000000000e+03
2.053000000000000000e+03
2.042000000000000000e+03
2.016000000000000000e+03
2.035000000000000000e+03
1.994000000000000000e+03
1.967000000000000000e+03
1.957000000000000000e+03
2.012000000000000000e+03
1.975000000000000000e+03
2.012000000000000000e+03
1.919000000000000000e+03
1.983000000000000000e+03
1.961000000000000000e+03
1.995000000000000000e+03
1.985000000000000000e+03
2.022000000000000000e+03
2.054000000000000000e+03
2.006000000000000000e+03
1.951000000000000000e+03
2.018000000000000000e+03
2.025000000000000000e+03
2.029000000000000000e+03
1.989000000000000000e+03
1.979000000000000000e+03
2.041000000000000000e+03
1.995000000000000000e+03
2.002000000000000000e+03
2.010000000000000000e+03
1.775000000000000000e+03
1.735000000000000000e+03
1.850000000000000000e+03
1.993000000000000000e+03
2.072000000000000000e+03
2.054000000000000000e+03
2.062000000000000000e+03
2.088000000000000000e+03
2.054000000000000000e+03
2.056000000000000000e+03
2.088000000000000000e+03
2.104000000000000000e+03
2.045000000000000000e+03
1.989000000000000000e+03
1.969000000000000000e+03
1.905000000000000000e+03
1.820000000000000000e+03
1.887000000000000000e+03
1.935000000000000000e+03
1.970000000000000000e+03
1.971000000000000000e+03
2.037000000000000000e+03
2.110000000000000000e+03
1.978000000000000000e+03
1.908000000000000000e+03
2.026000000000000000e+03
2.018000000000000000e+03
2.009000000000000000e+03
2.012000000000000000e+03
2.049000000000000000e+03
2.100000000000000000e+03
2.037000000000000000e+03
2.002000000000000000e+03
2.013000000000000000e+03
2.014000000000000000e+03
1.997000000000000000e+03
2.014000000000000000e+03
2.076000000000000000e+03
2.071000000000000000e+03
2.012000000000000000e+03
1.990000000000000000e+03
2.000000000000000000e+03
1.984000000000000000e+03
1.946000000000000000e+03
2.017000000000000000e+03
2.032000000000000000e+03
2.056000000000000000e+03
1.996000000000000000e+03
2.017000000000000000e+03
1.955000000000000000e+03
1.989000000000000000e+03
1.924000000000000000e+03
1.901000000000000000e+03
1.974000000000000000e+03
1.914000000000000000e+03
1.974000000000000000e+03
1.976000000000000000e+03
1.915000000000000000e+03
1.888000000000000000e+03
1.877000000000000000e+03
1.877000000000000000e+03
1.853000000000000000e+03
1.974000000000000000e+03
1.937000000000000000e+03
1.878000000000000000e+03
1.903000000000000000e+03
1.878000000000000000e+03
1.977000000000000000e+03
1.874000000000000000e+03
1.876000000000000000e+03
1.882000000000000000e+03
1.913000000000000000e+03
1.895000000000000000e+03
1.864000000000000000e+03
1.809000000000000000e+03
1.861000000000000000e+03
1.835000000000000000e+03
1.903000000000000000e+03
1.820000000000000000e+03
1.846000000000000000e+03
1.806000000000000000e+03
1.791000000000000000e+03
1.750000000000000000e+03
1.761000000000000000e+03
1.729000000000000000e+03
1.672000000000000000e+03
1.659000000000000000e+03
1.464000000000000000e+03
1.342000000000000000e+03
1.322000000000000000e+03
1.436000000000000000e+03
1.531000000000000000e+03
1.528000000000000000e+03
1.521000000000000000e+03
1.496000000000000000e+03
1.549000000000000000e+03
1.527000000000000000e+03
1.576000000000000000e+03
1.582000000000000000e+03
1.589000000000000000e+03
1.606000000000000000e+03
1.586000000000000000e+03
1.553000000000000000e+03
1.569000000000000000e+03
1.539000000000000000e+03
1.484000000000000000e+03
1.461000000000000000e+03
1.490000000000000000e+03
1.478000000000000000e+03
1.511000000000000000e+03
1.497000000000000000e+03
1.554000000000000000e+03
1.572000000000000000e+03
1.432000000000000000e+03
1.415000000000000000e+03
1.483000000000000000e+03
1.496000000000000000e+03
1.452000000000000000e+03
1.417000000000000000e+03
1.411000000000000000e+03
1.438000000000000000e+03
1.417000000000000000e+03
1.432000000000000000e+03
1.435000000000000000e+03
1.363000000000000000e+03
1.445000000000000000e+03
1.434000000000000000e+03
1.417000000000000000e+03
