3.865000000000000000e+03
3.865000000000000000e+03
3.826000000000000000e+03
3.864000000000000000e+03
3.687000000000000000e+03
3.777000000000000000e+03
3.794000000000000000e+03
3.815000000000000000e+03
3.987000000000000000e+03
3.818000000000000000e+03
3.850000000000000000e+03
3.803000000000000000e+03
3.785000000000000000e+03
3.790000000000000000e+03
3.807000000000000000e+03
3.812000000000000000e+03
3.874000000000000000e+03
3.802000000000000000e+03
3.800000000000000000e+03
3.797000000000000000e+03
3.843000000000000000e+03
3.755000000000000000e+03
3.864000000000000000e+03
3.959000000000000000e+03
3.777000000000000000e+03
3.897000000000000000e+03
3.770000000000000000e+03
3.851000000000000000e+03
3.973000000000000000e+03
3.805000000000000000e+03
3.874000000000000000e+03
3.839000000000000000e+03
3.806000000000000000e+03
3.873000000000000000e+03
3.825000000000000000e+03
3.864000000000000000e+03
3.882000000000000000e+03
3.856000000000000000e+03
3.918000000000000000e+03
3.869000000000000000e+03
3.856000000000000000e+03
3.856000000000000000e+03
3.859000000000000000e+03
3.948000000000000000e+03
3.937000000000000000e+03
3.916000000000000000e+03
3.911000000000000000e+03
3.905000000000000000e+03
3.931000000000000000e+03
3.898000000000000000e+03
3.964000000000000000e+03
3.949000000000000000e+03
3.953000000000000000e+03
3.961000000000000000e+03
3.988000000000000000e+03
3.959000000000000000e+03
4.014000000000000000e+03
3.990000000000000000e+03
3.950000000000000000e+03
4.011000000000000000e+03
4.078000000000000000e+03
4.040000000000000000e+03
4.015000000000000000e+03
3.928000000000000000e+03
4.089000000000000000e+03
4.111000000000000000e+03
4.052000000000000000e+03
4.086000000000000000e+03
4.071000000000000000e+03
4.065000000000000000e+03
4.066000000000000000e+03
4.108000000000000000e+03
4.084000000000000000e+03
4.117000000000000000e+03
4.162000000000000000e+03
4.120000000000000000e+03
4.088000000000000000e+03
4.247000000000000000e+03
4.129000000000000000e+03
4.196000000000000000e+03
4.128000000000000000e+03
4.123000000000000000e+03
4.262000000000000000e+03
4.190000000000000000e+03
4.180000000000000000e+03
4.292000000000000000e+03
4.146000000000000000e+03
4.147000000000000000e+03
4.248000000000000000e+03
4.255000000000000000e+03
4.184000000000000000e+03
4.244000000000000000e+03
4.341000000000000000e+03
4.291000000000000000e+03
4.273000000000000000e+03
4.363000000000000000e+03
4.475000000000000000e+03
4.373000000000000000e+03
4.342000000000000000e+03
4.321000000000000000e+03
4.389000000000000000e+03
4.354000000000000000e+03
4.394000000000000000e+03
4.356000000000000000e+03
4.370000000000000000e+03
4.394000000000000000e+03
4.339000000000000000e+03
4.452000000000000000e+03
4.392000000000000000e+03
4.411000000000000000e+03
4.392000000000000000e+03
4.446000000000000000e+03
4.416000000000000000e+03
4.416000000000000000e+03
4.377000000000000000e+03
4.476000000000000000e+03
4.432000000000000000e+03
4.488000000000000000e+03
4.551000000000000000e+03
4.489000000000000000e+03
4.487000000000000000e+03
4.516000000000000000e+03
4.648000000000000000e+03
4.549000000000000000e+03
4.561000000000000000e+03
4.513000000000000000e+03
4.571000000000000000e+03
4.635000000000000000e+03
4.677000000000000000e+03
4.625000000000000000e+03
4.677000000000000000e+03
4.738000000000000000e+03
4.681000000000000000e+03
4.665000000000000000e+03
4.701000000000000000e+03
4.713000000000000000e+03
4.747000000000000000e+03
4.757000000000000000e+03
4.821000000000000000e+03
4.738000000000000000e+03
4.713000000000000000e+03
4.865000000000000000e+03
4.850000000000000000e+03
4.830000000000000000e+03
4.800000000000000000e+03
4.873000000000000000e+03
4.854000000000000000e+03
4.792000000000000000e+03
4.892000000000000000e+03
4.751000000000000000e+03
4.889000000000000000e+03
4.915000000000000000e+03
4.912000000000000000e+03
4.884000000000000000e+03
5.070000000000000000e+03
4.989000000000000000e+03
4.982000000000000000e+03
5.015000000000000000e+03
5.024000000000000000e+03
5.007000000000000000e+03
5.034000000000000000e+03
5.007000000000000000e+03
5.066000000000000000e+03
5.091000000000000000e+03
5.101000000000000000e+03
5.019000000000000000e+03
5.054000000000000000e+03
5.127000000000000000e+03
5.177000000000000000e+03
5.190000000000000000e+03
5.226000000000000000e+03
5.179000000000000000e+03
5.218000000000000000e+03
5.238000000000000000e+03
5.240000000000000000e+03
5.275000000000000000e+03
5.217000000000000000e+03
5.276000000000000000e+03
5.223000000000000000e+03
5.283000000000000000e+03
5.349000000000000000e+03
5.373000000000000000e+03
5.364000000000000000e+03
5.313000000000000000e+03
5.378000000000000000e+03
5.422000000000000000e+03
5.334000000000000000e+03
5.428000000000000000e+03
5.485000000000000000e+03
5.443000000000000000e+03
5.447000000000000000e+03
5.499000000000000000e+03
5.468000000000000000e+03
5.482000000000000000e+03
5.525000000000000000e+03
5.590000000000000000e+03
5.493000000000000000e+03
5.551000000000000000e+03
5.632000000000000000e+03
5.605000000000000000e+03
5.556000000000000000e+03
5.641000000000000000e+03
5.693000000000000000e+03
5.687000000000000000e+03
5.658000000000000000e+03
5.664000000000000000e+03
5.778000000000000000e+03
5.746000000000000000e+03
5.777000000000000000e+03
5.808000000000000000e+03
5.824000000000000000e+03
5.811000000000000000e+03
5.844000000000000000e+03
5.945000000000000000e+03
5.856000000000000000e+03
5.935000000000000000e+03
5.842000000000000000e+03
5.908000000000000000e+03
5.949000000000000000e+03
5.983000000000000000e+03
5.926000000000000000e+03
6.040000000000000000e+03
5.992000000000000000e+03
5.962000000000000000e+03
5.989000000000000000e+03
5.996000000000000000e+03
6.031000000000000000e+03
5.988000000000000000e+03
6.087000000000000000e+03
6.173000000000000000e+03
6.036000000000000000e+03
6.101000000000000000e+03
6.159000000000000000e+03
6.081000000000000000e+03
6.169000000000000000e+03
6.163000000000000000e+03
6.250000000000000000e+03
6.197000000000000000e+03
6.262000000000000000e+03
6.206000000000000000e+03
6.242000000000000000e+03
6.164000000000000000e+03
6.246000000000000000e+03
6.319000000000000000e+03
6.215000000000000000e+03
6.268000000000000000e+03
6.299000000000000000e+03
6.279000000000000000e+03
6.286000000000000000e+03
6.526000000000000000e+03
6.355000000000000000e+03
6.333000000000000000e+03
6.354000000000000000e+03
6.400000000000000000e+03
6.360000000000000000e+03
6.362000000000000000e+03
6.421000000000000000e+03
6.491000000000000000e+03
6.431000000000000000e+03
6.428000000000000000e+03
6.576000000000000000e+03
6.425000000000000000e+03
6.453000000000000000e+03
6.478000000000000000e+03
6.519000000000000000e+03
6.563000000000000000e+03
6.562000000000000000e+03
6.501000000000000000e+03
6.524000000000000000e+03
6.589000000000000000e+03
6.629000000000000000e+03
6.587000000000000000e+03
6.426000000000000000e+03
6.623000000000000000e+03
6.593000000000000000e+03
6.605000000000000000e+03
6.726000000000000000e+03
6.675000000000000000e+03
6.633000000000000000e+03
6.666000000000000000e+03
6.697000000000000000e+03
6.708000000000000000e+03
6.713000000000000000e+03
6.662000000000000000e+03
6.768000000000000000e+03
6.717000000000000000e+03
6.675000000000000000e+03
6.769000000000000000e+03
6.731000000000000000e+03
6.744000000000000000e+03
6.798000000000000000e+03
6.729000000000000000e+03
6.717000000000000000e+03
6.870000000000000000e+03
6.748000000000000000e+03
6.780000000000000000e+03
6.829000000000000000e+03
6.754000000000000000e+03
6.991000000000000000e+03
6.888000000000000000e+03
6.983000000000000000e+03
6.821000000000000000e+03
6.791000000000000000e+03
7.110000000000000000e+03
7.019000000000000000e+03
7.034000000000000000e+03
7.022000000000000000e+03
7.070000000000000000e+03
7.024000000000000000e+03
7.126000000000000000e+03
7.123000000000000000e+03
7.083000000000000000e+03
7.295000000000000000e+03
7.220000000000000000e+03
7.239000000000000000e+03
7.185000000000000000e+03
7.309000000000000000e+03
7.402000000000000000e+03
7.283000000000000000e+03
7.369000000000000000e+03
7.258000000000000000e+03
7.374000000000000000e+03
7.427000000000000000e+03
7.433000000000000000e+03
7.366000000000000000e+03
7.544000000000000000e+03
7.432000000000000000e+03
7.593000000000000000e+03
7.654000000000000000e+03
7.551000000000000000e+03
7.619000000000000000e+03
7.612000000000000000e+03
7.661000000000000000e+03
7.683000000000000000e+03
7.722000000000000000e+03
7.658000000000000000e+03
7.748000000000000000e+03
7.805000000000000000e+03
7.898000000000000000e+03
7.859000000000000000e+03
7.984000000000000000e+03
7.947000000000000000e+03
7.949000000000000000e+03
7.947000000000000000e+03
8.006000000000000000e+03
7.919000000000000000e+03
8.189000000000000000e+03
7.969000000000000000e+03
8.158000000000000000e+03
8.019000000000000000e+03
8.185000000000000000e+03
8.302000000000000000e+03
8.170000000000000000e+03
8.199000000000000000e+03
8.373000000000000000e+03
8.317000000000000000e+03
8.423000000000000000e+03
8.420000000000000000e+03
8.394000000000000000e+03
8.377000000000000000e+03
8.366000000000000000e+03
8.450000000000000000e+03
8.540000000000000000e+03
8.480000000000000000e+03
8.453000000000000000e+03
8.552000000000000000e+03
8.555000000000000000e+03
8.616000000000000000e+03
8.571000000000000000e+03
8.549000000000000000e+03
8.591000000000000000e+03
8.642000000000000000e+03
8.608000000000000000e+03
8.785000000000000000e+03
8.601000000000000000e+03
8.725000000000000000e+03
8.691000000000000000e+03
8.691000000000000000e+03
8.902000000000000000e+03
8.866000000000000000e+03
8.778000000000000000e+03
8.805000000000000000e+03
8.966000000000000000e+03
8.848000000000000000e+03
8.872000000000000000e+03
8.844000000000000000e+03
8.958000000000000000e+03
8.896000000000000000e+03
9.044000000000000000e+03
8.971000000000000000e+03
9.364000000000000000e+03
9.015000000000000000e+03
8.859000000000000000e+03
9.039000000000000000e+03
9.054000000000000000e+03
9.148000000000000000e+03
9.093000000000000000e+03
9.022000000000000000e+03
9.085000000000000000e+03
9.140000000000000000e+03
9.147000000000000000e+03
9.302000000000000000e+03
9.195000000000000000e+03
9.237000000000000000e+03
9.248000000000000000e+03
9.353000000000000000e+03
9.308000000000000000e+03
9.390000000000000000e+03
9.589000000000000000e+03
9.476000000000000000e+03
9.530000000000000000e+03
9.491000000000000000e+03
9.492000000000000000e+03
9.514000000000000000e+03
9.504000000000000000e+03
9.760000000000000000e+03
9.601000000000000000e+03
9.779000000000000000e+03
9.775000000000000000e+03
9.851000000000000000e+03
9.831000000000000000e+03
9.858000000000000000e+03
9.853000000000000000e+03
9.994000000000000000e+03
1.005400000000000000e+04
9.970000000000000000e+03
1.013600000000000000e+04
1.011300000000000000e+04
1.005900000000000000e+04
1.022800000000000000e+04
1.027600000000000000e+04
1.031900000000000000e+04
1.023400000000000000e+04
1.046900000000000000e+04
1.053500000000000000e+04
1.036400000000000000e+04
1.042600000000000000e+04
1.038700000000000000e+04
1.057000000000000000e+04
1.061000000000000000e+04
1.064300000000000000e+04
1.053100000000000000e+04
1.060900000000000000e+04
1.099200000000000000e+04
1.087200000000000000e+04
1.084600000000000000e+04
1.071000000000000000e+04
1.094500000000000000e+04
1.095600000000000000e+04
1.105200000000000000e+04
1.090700000000000000e+04
1.114000000000000000e+04
1.113300000000000000e+04
1.107200000000000000e+04
1.111200000000000000e+04
1.118900000000000000e+04
1.107500000000000000e+04
1.146200000000000000e+04
1.131600000000000000e+04
1.130400000000000000e+04
1.137000000000000000e+04
1.145800000000000000e+04
1.137500000000000000e+04
1.145200000000000000e+04
1.146000000000000000e+04
1.133200000000000000e+04
1.161100000000000000e+04
1.168100000000000000e+04
1.158400000000000000e+04
1.153500000000000000e+04
1.175500000000000000e+04
1.169800000000000000e+04
1.159800000000000000e+04
1.172300000000000000e+04
1.179800000000000000e+04
1.179300000000000000e+04
1.185900000000000000e+04
1.173100000000000000e+04
1.164100000000000000e+04
1.171500000000000000e+04
1.190600000000000000e+04
1.185800000000000000e+04
1.193300000000000000e+04
1.186600000000000000e+04
1.193800000000000000e+04
1.190700000000000000e+04
1.184400000000000000e+04
1.184100000000000000e+04
1.197100000000000000e+04
1.201200000000000000e+04
1.198900000000000000e+04
1.200800000000000000e+04
1.214500000000000000e+04
1.208500000000000000e+04
1.210700000000000000e+04
1.218200000000000000e+04
1.203900000000000000e+04
1.214100000000000000e+04
1.214900000000000000e+04
1.224500000000000000e+04
1.221600000000000000e+04
1.220200000000000000e+04
1.229000000000000000e+04
1.223700000000000000e+04
1.228100000000000000e+04
1.233200000000000000e+04
1.216700000000000000e+04
1.235600000000000000e+04
1.229000000000000000e+04
1.221300000000000000e+04
1.217900000000000000e+04
1.218600000000000000e+04
1.235200000000000000e+04
1.228800000000000000e+04
1.237000000000000000e+04
1.223700000000000000e+04
1.246000000000000000e+04
1.238700000000000000e+04
1.237200000000000000e+04
1.229900000000000000e+04
1.246500000000000000e+04
1.228700000000000000e+04
1.228200000000000000e+04
1.240400000000000000e+04
1.239400000000000000e+04
1.250200000000000000e+04
1.227400000000000000e+04
1.237600000000000000e+04
1.244300000000000000e+04
1.237500000000000000e+04
1.246400000000000000e+04
1.235200000000000000e+04
1.228700000000000000e+04
1.229800000000000000e+04
1.255700000000000000e+04
1.247200000000000000e+04
1.232000000000000000e+04
1.248100000000000000e+04
1.240000000000000000e+04
1.250600000000000000e+04
1.249600000000000000e+04
1.238000000000000000e+04
1.245300000000000000e+04
1.251200000000000000e+04
1.227900000000000000e+04
1.243200000000000000e+04
1.243900000000000000e+04
1.234900000000000000e+04
1.244000000000000000e+04
1.249700000000000000e+04
1.249100000000000000e+04
1.253400000000000000e+04
1.237300000000000000e+04
1.244800000000000000e+04
1.246900000000000000e+04
1.239300000000000000e+04
1.263600000000000000e+04
1.258200000000000000e+04
1.344300000000000000e+04
1.266100000000000000e+04
1.263000000000000000e+04
1.275500000000000000e+04
1.267200000000000000e+04
1.268600000000000000e+04
1.268500000000000000e+04
1.264000000000000000e+04
1.269000000000000000e+04
1.278800000000000000e+04
1.276000000000000000e+04
1.280500000000000000e+04
1.274000000000000000e+04
1.284700000000000000e+04
1.295200000000000000e+04
1.299600000000000000e+04
1.323800000000000000e+04
1.297100000000000000e+04
1.310600000000000000e+04
1.306300000000000000e+04
1.293900000000000000e+04
1.307500000000000000e+04
1.305400000000000000e+04
1.314300000000000000e+04
1.329300000000000000e+04
1.315700000000000000e+04
1.324200000000000000e+04
1.327900000000000000e+04
1.335400000000000000e+04
1.315000000000000000e+04
1.327300000000000000e+04
1.330300000000000000e+04
1.337800000000000000e+04
1.328300000000000000e+04
1.345100000000000000e+04
1.337400000000000000e+04
1.348600000000000000e+04
1.344700000000000000e+04
1.365300000000000000e+04
1.361400000000000000e+04
1.383100000000000000e+04
1.378300000000000000e+04
1.359700000000000000e+04
1.361300000000000000e+04
1.362400000000000000e+04
1.371400000000000000e+04
1.358200000000000000e+04
1.374200000000000000e+04
1.353300000000000000e+04
1.364300000000000000e+04
1.373100000000000000e+04
1.364700000000000000e+04
1.371200000000000000e+04
1.375700000000000000e+04
1.380500000000000000e+04
1.365300000000000000e+04
1.381000000000000000e+04
1.387500000000000000e+04
1.389800000000000000e+04
1.375700000000000000e+04
1.377700000000000000e+04
1.373200000000000000e+04
1.381000000000000000e+04
1.371200000000000000e+04
1.371000000000000000e+04
1.364100000000000000e+04
1.357100000000000000e+04
1.360300000000000000e+04
1.346400000000000000e+04
1.349100000000000000e+04
1.365700000000000000e+04
1.374600000000000000e+04
1.378100000000000000e+04
1.386400000000000000e+04
1.393700000000000000e+04
1.395000000000000000e+04
1.379900000000000000e+04
1.390500000000000000e+04
1.383500000000000000e+04
1.397400000000000000e+04
1.407200000000000000e+04
1.385300000000000000e+04
1.390100000000000000e+04
1.375000000000000000e+04
1.376000000000000000e+04
1.374000000000000000e+04
1.372600000000000000e+04
1.377000000000000000e+04
1.371200000000000000e+04
1.366000000000000000e+04
1.359100000000000000e+04
1.339900000000000000e+04
1.338300000000000000e+04
1.339100000000000000e+04
1.338400000000000000e+04
1.342600000000000000e+04
1.332500000000000000e+04
1.336100000000000000e+04
1.335000000000000000e+04
1.328000000000000000e+04
1.319500000000000000e+04
1.336100000000000000e+04
1.307300000000000000e+04
1.328800000000000000e+04
1.300700000000000000e+04
1.292100000000000000e+04
1.290500000000000000e+04
1.307400000000000000e+04
1.278300000000000000e+04
1.292900000000000000e+04
1.293400000000000000e+04
1.298100000000000000e+04
1.305500000000000000e+04
1.290600000000000000e+04
1.302100000000000000e+04
1.303200000000000000e+04
1.280900000000000000e+04
1.268600000000000000e+04
1.267500000000000000e+04
1.230100000000000000e+04
1.244400000000000000e+04
1.226200000000000000e+04
1.217600000000000000e+04
1.222200000000000000e+04
1.207400000000000000e+04
1.207500000000000000e+04
1.231500000000000000e+04
1.221900000000000000e+04
1.227100000000000000e+04
1.234400000000000000e+04
1.224600000000000000e+04
1.243800000000000000e+04
1.228200000000000000e+04
1.201300000000000000e+04
1.194300000000000000e+04
1.194800000000000000e+04
1.203200000000000000e+04
1.178400000000000000e+04
1.203000000000000000e+04
1.200900000000000000e+04
1.214000000000000000e+04
1.191500000000000000e+04
1.203100000000000000e+04
1.182300000000000000e+04
1.172600000000000000e+04
1.172700000000000000e+04
1.171700000000000000e+04
1.141800000000000000e+04
1.151700000000000000e+04
1.135100000000000000e+04
1.147300000000000000e+04
1.139400000000000000e+04
1.145600000000000000e+04
1.136200000000000000e+04
1.131800000000000000e+04
1.146600000000000000e+04
1.122400000000000000e+04
1.136000000000000000e+04
1.149100000000000000e+04
1.152700000000000000e+04
1.142400000000000000e+04
1.145500000000000000e+04
1.137500000000000000e+04
1.141400000000000000e+04
1.135800000000000000e+04
1.133500000000000000e+04
1.138900000000000000e+04
1.130900000000000000e+04
1.128400000000000000e+04
1.133500000000000000e+04
1.133400000000000000e+04
1.142500000000000000e+04
1.138100000000000000e+04
1.176300000000000000e+04
1.141800000000000000e+04
1.140000000000000000e+04
1.134500000000000000e+04
1.124600000000000000e+04
1.126600000000000000e+04
1.116700000000000000e+04
1.138000000000000000e+04
1.126600000000000000e+04
1.119900000000000000e+04
1.131500000000000000e+04
1.114900000000000000e+04
1.128300000000000000e+04
1.108800000000000000e+04
1.096600000000000000e+04
1.088500000000000000e+04
1.093400000000000000e+04
1.095300000000000000e+04
1.106000000000000000e+04
1.108300000000000000e+04
1.096100000000000000e+04
1.112300000000000000e+04
1.084100000000000000e+04
1.108000000000000000e+04
1.099400000000000000e+04
1.103000000000000000e+04
1.107000000000000000e+04
1.114200000000000000e+04
1.111900000000000000e+04
1.105200000000000000e+04
1.112400000000000000e+04
1.119600000000000000e+04
1.094000000000000000e+04
1.087800000000000000e+04
