3.587000000000000000e+03
3.529000000000000000e+03
3.506000000000000000e+03
3.541000000000000000e+03
3.542000000000000000e+03
3.606000000000000000e+03
3.521000000000000000e+03
3.568000000000000000e+03
3.489000000000000000e+03
3.607000000000000000e+03
3.571000000000000000e+03
3.486000000000000000e+03
3.623000000000000000e+03
3.494000000000000000e+03
3.521000000000000000e+03
3.554000000000000000e+03
3.512000000000000000e+03
3.553000000000000000e+03
3.583000000000000000e+03
3.557000000000000000e+03
3.575000000000000000e+03
3.572000000000000000e+03
3.546000000000000000e+03
3.598000000000000000e+03
3.473000000000000000e+03
3.625000000000000000e+03
3.607000000000000000e+03
3.555000000000000000e+03
3.532000000000000000e+03
3.613000000000000000e+03
3.609000000000000000e+03
3.573000000000000000e+03
3.661000000000000000e+03
3.540000000000000000e+03
3.606000000000000000e+03
3.562000000000000000e+03
3.566000000000000000e+03
3.673000000000000000e+03
3.608000000000000000e+03
3.623000000000000000e+03
3.535000000000000000e+03
3.596000000000000000e+03
3.586000000000000000e+03
3.672000000000000000e+03
3.605000000000000000e+03
3.629000000000000000e+03
3.612000000000000000e+03
3.599000000000000000e+03
3.699000000000000000e+03
4.145000000000000000e+03
3.626000000000000000e+03
3.648000000000000000e+03
3.658000000000000000e+03
3.702000000000000000e+03
3.741000000000000000e+03
3.775000000000000000e+03
3.719000000000000000e+03
3.772000000000000000e+03
3.695000000000000000e+03
3.697000000000000000e+03
3.762000000000000000e+03
3.761000000000000000e+03
3.736000000000000000e+03
3.686000000000000000e+03
3.710000000000000000e+03
3.771000000000000000e+03
3.762000000000000000e+03
3.728000000000000000e+03
3.807000000000000000e+03
3.775000000000000000e+03
3.829000000000000000e+03
3.723000000000000000e+03
3.840000000000000000e+03
3.870000000000000000e+03
3.846000000000000000e+03
3.822000000000000000e+03
3.882000000000000000e+03
3.788000000000000000e+03
3.900000000000000000e+03
3.911000000000000000e+03
3.899000000000000000e+03
3.907000000000000000e+03
3.903000000000000000e+03
3.896000000000000000e+03
3.942000000000000000e+03
3.917000000000000000e+03
4.001000000000000000e+03
3.910000000000000000e+03
3.919000000000000000e+03
3.931000000000000000e+03
4.029000000000000000e+03
4.021000000000000000e+03
3.923000000000000000e+03
3.990000000000000000e+03
4.038000000000000000e+03
4.026000000000000000e+03
3.993000000000000000e+03
3.974000000000000000e+03
4.036000000000000000e+03
3.975000000000000000e+03
4.064000000000000000e+03
3.982000000000000000e+03
3.987000000000000000e+03
4.060000000000000000e+03
4.117000000000000000e+03
4.084000000000000000e+03
4.083000000000000000e+03
4.038000000000000000e+03
4.104000000000000000e+03
4.153000000000000000e+03
4.119000000000000000e+03
4.013000000000000000e+03
4.159000000000000000e+03
4.120000000000000000e+03
4.158000000000000000e+03
4.166000000000000000e+03
4.237000000000000000e+03
4.173000000000000000e+03
4.220000000000000000e+03
4.203000000000000000e+03
4.179000000000000000e+03
4.185000000000000000e+03
4.253000000000000000e+03
4.187000000000000000e+03
4.434000000000000000e+03
4.289000000000000000e+03
4.297000000000000000e+03
4.225000000000000000e+03
4.257000000000000000e+03
4.300000000000000000e+03
4.233000000000000000e+03
4.330000000000000000e+03
4.302000000000000000e+03
4.277000000000000000e+03
4.311000000000000000e+03
4.317000000000000000e+03
4.400000000000000000e+03
4.316000000000000000e+03
4.313000000000000000e+03
4.366000000000000000e+03
4.434000000000000000e+03
4.508000000000000000e+03
4.491000000000000000e+03
4.486000000000000000e+03
4.443000000000000000e+03
4.456000000000000000e+03
5.007000000000000000e+03
4.494000000000000000e+03
4.447000000000000000e+03
4.549000000000000000e+03
4.547000000000000000e+03
4.558000000000000000e+03
4.648000000000000000e+03
4.582000000000000000e+03
4.554000000000000000e+03
4.637000000000000000e+03
4.588000000000000000e+03
4.608000000000000000e+03
4.632000000000000000e+03
4.575000000000000000e+03
4.589000000000000000e+03
4.636000000000000000e+03
4.723000000000000000e+03
4.644000000000000000e+03
4.710000000000000000e+03
4.741000000000000000e+03
4.720000000000000000e+03
4.749000000000000000e+03
4.715000000000000000e+03
4.731000000000000000e+03
4.773000000000000000e+03
4.748000000000000000e+03
4.773000000000000000e+03
4.806000000000000000e+03
4.829000000000000000e+03
4.794000000000000000e+03
4.832000000000000000e+03
4.989000000000000000e+03
4.912000000000000000e+03
4.806000000000000000e+03
4.936000000000000000e+03
4.916000000000000000e+03
4.818000000000000000e+03
4.980000000000000000e+03
4.871000000000000000e+03
4.959000000000000000e+03
5.084000000000000000e+03
4.976000000000000000e+03
4.999000000000000000e+03
5.014000000000000000e+03
5.061000000000000000e+03
4.979000000000000000e+03
4.967000000000000000e+03
5.058000000000000000e+03
5.100000000000000000e+03
5.138000000000000000e+03
5.118000000000000000e+03
5.121000000000000000e+03
5.156000000000000000e+03
5.195000000000000000e+03
5.167000000000000000e+03
5.228000000000000000e+03
5.134000000000000000e+03
5.259000000000000000e+03
5.210000000000000000e+03
5.262000000000000000e+03
5.315000000000000000e+03
5.220000000000000000e+03
5.350000000000000000e+03
5.352000000000000000e+03
5.315000000000000000e+03
5.426000000000000000e+03
5.332000000000000000e+03
5.400000000000000000e+03
5.480000000000000000e+03
5.473000000000000000e+03
5.387000000000000000e+03
5.359000000000000000e+03
5.371000000000000000e+03
5.399000000000000000e+03
5.469000000000000000e+03
5.525000000000000000e+03
5.442000000000000000e+03
5.621000000000000000e+03
5.458000000000000000e+03
5.577000000000000000e+03
5.513000000000000000e+03
5.568000000000000000e+03
5.586000000000000000e+03
5.571000000000000000e+03
5.602000000000000000e+03
5.629000000000000000e+03
5.627000000000000000e+03
5.620000000000000000e+03
5.665000000000000000e+03
5.684000000000000000e+03
5.698000000000000000e+03
5.737000000000000000e+03
5.772000000000000000e+03
5.746000000000000000e+03
5.668000000000000000e+03
5.671000000000000000e+03
5.729000000000000000e+03
5.699000000000000000e+03
5.728000000000000000e+03
5.708000000000000000e+03
5.874000000000000000e+03
5.782000000000000000e+03
5.841000000000000000e+03
5.792000000000000000e+03
5.775000000000000000e+03
5.848000000000000000e+03
5.832000000000000000e+03
5.817000000000000000e+03
5.787000000000000000e+03
5.830000000000000000e+03
5.904000000000000000e+03
5.864000000000000000e+03
5.930000000000000000e+03
5.933000000000000000e+03
5.860000000000000000e+03
5.920000000000000000e+03
5.856000000000000000e+03
5.984000000000000000e+03
5.946000000000000000e+03
5.944000000000000000e+03
6.039000000000000000e+03
6.063000000000000000e+03
6.063000000000000000e+03
5.951000000000000000e+03
6.079000000000000000e+03
6.117000000000000000e+03
6.121000000000000000e+03
6.050000000000000000e+03
6.009000000000000000e+03
6.090000000000000000e+03
6.266000000000000000e+03
6.129000000000000000e+03
6.147000000000000000e+03
6.141000000000000000e+03
6.211000000000000000e+03
6.095000000000000000e+03
6.153000000000000000e+03
6.221000000000000000e+03
6.214000000000000000e+03
6.193000000000000000e+03
6.225000000000000000e+03
6.090000000000000000e+03
6.229000000000000000e+03
6.235000000000000000e+03
6.298000000000000000e+03
6.250000000000000000e+03
6.300000000000000000e+03
6.285000000000000000e+03
6.397000000000000000e+03
6.243000000000000000e+03
6.328000000000000000e+03
6.388000000000000000e+03
6.325000000000000000e+03
6.401000000000000000e+03
6.350000000000000000e+03
6.411000000000000000e+03
6.492000000000000000e+03
6.645000000000000000e+03
6.490000000000000000e+03
6.527000000000000000e+03
6.498000000000000000e+03
6.483000000000000000e+03
6.714000000000000000e+03
6.492000000000000000e+03
6.538000000000000000e+03
6.683000000000000000e+03
6.706000000000000000e+03
6.715000000000000000e+03
6.712000000000000000e+03
6.708000000000000000e+03
6.697000000000000000e+03
6.680000000000000000e+03
6.729000000000000000e+03
6.760000000000000000e+03
6.767000000000000000e+03
6.817000000000000000e+03
6.884000000000000000e+03
6.938000000000000000e+03
7.000000000000000000e+03
6.838000000000000000e+03
6.877000000000000000e+03
6.980000000000000000e+03
7.007000000000000000e+03
7.019000000000000000e+03
6.951000000000000000e+03
7.017000000000000000e+03
7.200000000000000000e+03
7.145000000000000000e+03
7.085000000000000000e+03
7.242000000000000000e+03
7.246000000000000000e+03
7.183000000000000000e+03
7.169000000000000000e+03
7.250000000000000000e+03
7.271000000000000000e+03
7.296000000000000000e+03
7.266000000000000000e+03
7.390000000000000000e+03
7.232000000000000000e+03
7.693000000000000000e+03
7.523000000000000000e+03
7.532000000000000000e+03
7.531000000000000000e+03
7.519000000000000000e+03
7.562000000000000000e+03
7.446000000000000000e+03
7.555000000000000000e+03
7.581000000000000000e+03
7.609000000000000000e+03
7.752000000000000000e+03
7.704000000000000000e+03
7.689000000000000000e+03
7.733000000000000000e+03
7.757000000000000000e+03
7.811000000000000000e+03
7.819000000000000000e+03
7.794000000000000000e+03
7.798000000000000000e+03
7.761000000000000000e+03
7.861000000000000000e+03
7.838000000000000000e+03
7.991000000000000000e+03
8.003000000000000000e+03
7.902000000000000000e+03
7.910000000000000000e+03
8.024000000000000000e+03
7.914000000000000000e+03
7.965000000000000000e+03
7.979000000000000000e+03
7.968000000000000000e+03
8.023000000000000000e+03
8.044000000000000000e+03
7.917000000000000000e+03
8.042000000000000000e+03
8.096000000000000000e+03
8.109000000000000000e+03
8.127000000000000000e+03
8.201000000000000000e+03
8.164000000000000000e+03
8.120000000000000000e+03
8.146000000000000000e+03
8.150000000000000000e+03
8.270000000000000000e+03
8.167000000000000000e+03
8.199000000000000000e+03
8.324000000000000000e+03
8.288000000000000000e+03
8.364000000000000000e+03
8.350000000000000000e+03
8.358000000000000000e+03
8.352000000000000000e+03
8.476000000000000000e+03
8.391000000000000000e+03
8.379000000000000000e+03
8.428000000000000000e+03
8.504000000000000000e+03
8.751000000000000000e+03
8.601000000000000000e+03
8.534000000000000000e+03
8.527000000000000000e+03
8.652000000000000000e+03
8.653000000000000000e+03
8.758000000000000000e+03
8.768000000000000000e+03
8.745000000000000000e+03
8.656000000000000000e+03
8.706000000000000000e+03
8.903000000000000000e+03
8.843000000000000000e+03
8.885000000000000000e+03
8.887000000000000000e+03
8.943000000000000000e+03
9.009000000000000000e+03
8.977000000000000000e+03
9.061000000000000000e+03
9.001000000000000000e+03
9.137000000000000000e+03
9.206000000000000000e+03
9.266000000000000000e+03
9.285000000000000000e+03
9.338000000000000000e+03
9.229000000000000000e+03
9.352000000000000000e+03
9.428000000000000000e+03
9.426000000000000000e+03
9.292000000000000000e+03
9.509000000000000000e+03
9.512000000000000000e+03
9.492000000000000000e+03
9.608000000000000000e+03
9.612000000000000000e+03
9.554000000000000000e+03
9.627000000000000000e+03
9.667000000000000000e+03
9.755000000000000000e+03
9.896000000000000000e+03
9.712000000000000000e+03
9.850000000000000000e+03
9.921000000000000000e+03
9.925000000000000000e+03
1.005100000000000000e+04
1.002400000000000000e+04
9.971000000000000000e+03
1.010100000000000000e+04
1.007300000000000000e+04
1.014900000000000000e+04
1.022400000000000000e+04
1.017700000000000000e+04
1.022500000000000000e+04
1.027800000000000000e+04
1.029700000000000000e+04
1.030400000000000000e+04
1.049400000000000000e+04
1.048900000000000000e+04
1.037200000000000000e+04
1.044200000000000000e+04
1.050700000000000000e+04
1.066700000000000000e+04
1.049700000000000000e+04
1.064800000000000000e+04
1.071900000000000000e+04
1.060100000000000000e+04
1.069000000000000000e+04
1.093400000000000000e+04
1.071200000000000000e+04
1.073700000000000000e+04
1.085800000000000000e+04
1.081500000000000000e+04
1.069600000000000000e+04
1.080300000000000000e+04
1.088600000000000000e+04
1.088800000000000000e+04
1.101800000000000000e+04
1.084700000000000000e+04
1.087400000000000000e+04
1.076300000000000000e+04
1.101500000000000000e+04
1.097600000000000000e+04
1.088600000000000000e+04
1.093500000000000000e+04
1.103400000000000000e+04
1.107700000000000000e+04
1.114800000000000000e+04
1.103500000000000000e+04
1.109300000000000000e+04
1.113900000000000000e+04
1.120200000000000000e+04
1.127900000000000000e+04
1.123700000000000000e+04
1.124600000000000000e+04
1.120200000000000000e+04
1.119900000000000000e+04
1.119700000000000000e+04
1.132200000000000000e+04
1.133200000000000000e+04
1.134300000000000000e+04
1.135800000000000000e+04
1.135000000000000000e+04
1.124400000000000000e+04
1.138800000000000000e+04
1.128500000000000000e+04
1.135500000000000000e+04
1.140000000000000000e+04
1.136700000000000000e+04
1.148800000000000000e+04
1.131400000000000000e+04
1.139800000000000000e+04
1.136800000000000000e+04
1.127300000000000000e+04
1.142700000000000000e+04
1.151500000000000000e+04
1.133500000000000000e+04
1.135200000000000000e+04
1.135000000000000000e+04
1.143300000000000000e+04
1.143000000000000000e+04
1.147300000000000000e+04
1.146000000000000000e+04
1.126000000000000000e+04
1.152900000000000000e+04
1.144700000000000000e+04
1.148600000000000000e+04
1.148700000000000000e+04
1.143500000000000000e+04
1.146200000000000000e+04
1.140200000000000000e+04
1.155600000000000000e+04
1.139000000000000000e+04
1.136900000000000000e+04
1.132000000000000000e+04
1.167600000000000000e+04
1.146700000000000000e+04
1.148000000000000000e+04
1.149300000000000000e+04
1.155600000000000000e+04
1.153100000000000000e+04
1.141800000000000000e+04
1.154400000000000000e+04
1.138100000000000000e+04
1.149100000000000000e+04
1.149400000000000000e+04
1.139200000000000000e+04
1.152300000000000000e+04
1.152600000000000000e+04
1.151300000000000000e+04
1.150400000000000000e+04
1.167600000000000000e+04
1.165000000000000000e+04
1.163100000000000000e+04
1.156200000000000000e+04
1.162000000000000000e+04
1.166300000000000000e+04
1.156400000000000000e+04
1.171300000000000000e+04
1.161100000000000000e+04
1.174000000000000000e+04
1.174200000000000000e+04
1.173900000000000000e+04
1.186500000000000000e+04
1.175800000000000000e+04
1.178400000000000000e+04
1.177100000000000000e+04
1.178600000000000000e+04
1.190100000000000000e+04
1.185600000000000000e+04
1.192400000000000000e+04
1.187300000000000000e+04
1.204700000000000000e+04
1.197800000000000000e+04
1.202800000000000000e+04
1.207900000000000000e+04
1.207000000000000000e+04
1.208600000000000000e+04
1.207200000000000000e+04
1.198800000000000000e+04
1.207800000000000000e+04
1.217100000000000000e+04
1.222000000000000000e+04
1.215100000000000000e+04
1.233600000000000000e+04
1.217600000000000000e+04
1.218500000000000000e+04
1.238700000000000000e+04
1.224900000000000000e+04
1.235500000000000000e+04
1.235900000000000000e+04
1.231000000000000000e+04
1.216100000000000000e+04
1.237000000000000000e+04
1.238600000000000000e+04
1.249700000000000000e+04
1.248300000000000000e+04
1.247700000000000000e+04
1.244700000000000000e+04
1.251500000000000000e+04
1.251800000000000000e+04
1.257300000000000000e+04
1.266500000000000000e+04
1.258200000000000000e+04
1.260100000000000000e+04
1.277900000000000000e+04
1.272900000000000000e+04
1.271700000000000000e+04
1.274800000000000000e+04
1.268900000000000000e+04
1.287700000000000000e+04
1.282500000000000000e+04
1.287800000000000000e+04
1.287600000000000000e+04
1.291000000000000000e+04
1.302100000000000000e+04
1.315800000000000000e+04
1.286300000000000000e+04
1.281500000000000000e+04
1.292000000000000000e+04
1.295800000000000000e+04
1.301200000000000000e+04
1.310900000000000000e+04
1.299700000000000000e+04
1.312300000000000000e+04
1.316300000000000000e+04
1.303200000000000000e+04
1.307400000000000000e+04
1.304500000000000000e+04
1.310500000000000000e+04
1.311700000000000000e+04
1.313600000000000000e+04
1.322000000000000000e+04
1.300900000000000000e+04
1.302500000000000000e+04
1.303700000000000000e+04
1.290800000000000000e+04
1.292300000000000000e+04
1.285700000000000000e+04
1.295800000000000000e+04
1.288600000000000000e+04
1.345500000000000000e+04
1.304900000000000000e+04
1.280900000000000000e+04
1.275100000000000000e+04
1.283900000000000000e+04
1.271700000000000000e+04
1.273000000000000000e+04
1.274200000000000000e+04
1.270600000000000000e+04
1.253300000000000000e+04
1.259000000000000000e+04
1.255600000000000000e+04
1.241200000000000000e+04
1.240300000000000000e+04
1.234500000000000000e+04
1.240800000000000000e+04
1.235100000000000000e+04
1.231200000000000000e+04
1.237700000000000000e+04
1.240200000000000000e+04
1.257200000000000000e+04
1.240200000000000000e+04
1.228300000000000000e+04
1.223000000000000000e+04
1.201600000000000000e+04
1.204000000000000000e+04
1.207500000000000000e+04
1.204100000000000000e+04
1.182700000000000000e+04
1.187600000000000000e+04
1.179600000000000000e+04
1.198100000000000000e+04
1.194200000000000000e+04
1.182600000000000000e+04
1.184400000000000000e+04
1.194000000000000000e+04
1.195800000000000000e+04
1.183600000000000000e+04
1.181900000000000000e+04
1.174700000000000000e+04
1.171200000000000000e+04
1.156400000000000000e+04
1.163900000000000000e+04
1.169300000000000000e+04
1.157800000000000000e+04
1.159500000000000000e+04
1.143100000000000000e+04
1.146500000000000000e+04
1.119700000000000000e+04
1.114700000000000000e+04
1.105300000000000000e+04
1.099400000000000000e+04
1.109000000000000000e+04
1.094600000000000000e+04
1.106600000000000000e+04
1.142600000000000000e+04
1.112300000000000000e+04
1.121200000000000000e+04
1.103600000000000000e+04
1.120700000000000000e+04
1.097200000000000000e+04
1.104600000000000000e+04
1.093100000000000000e+04
1.087900000000000000e+04
1.071300000000000000e+04
1.079900000000000000e+04
1.055900000000000000e+04
1.064200000000000000e+04
1.068200000000000000e+04
1.063700000000000000e+04
1.065700000000000000e+04
1.058100000000000000e+04
1.049600000000000000e+04
1.021600000000000000e+04
1.037800000000000000e+04
1.041700000000000000e+04
1.013800000000000000e+04
1.040400000000000000e+04
1.037500000000000000e+04
1.051600000000000000e+04
1.035800000000000000e+04
1.038400000000000000e+04
1.048800000000000000e+04
1.054600000000000000e+04
1.029900000000000000e+04
1.025200000000000000e+04
1.008800000000000000e+04
1.019600000000000000e+04
1.008300000000000000e+04
1.002900000000000000e+04
1.000700000000000000e+04
1.005200000000000000e+04
9.991000000000000000e+03
9.933000000000000000e+03
1.006900000000000000e+04
1.006200000000000000e+04
9.992000000000000000e+03
1.010100000000000000e+04
1.012200000000000000e+04
1.003000000000000000e+04
1.008400000000000000e+04
1.010800000000000000e+04
1.012200000000000000e+04
1.008700000000000000e+04
1.012000000000000000e+04
1.022000000000000000e+04
1.019900000000000000e+04
1.031600000000000000e+04
1.027800000000000000e+04
1.030400000000000000e+04
1.035600000000000000e+04
1.033000000000000000e+04
1.022000000000000000e+04
1.007500000000000000e+04
1.006300000000000000e+04
9.823000000000000000e+03
9.999000000000000000e+03
1.008800000000000000e+04
1.011000000000000000e+04
1.015400000000000000e+04
1.021000000000000000e+04
1.033400000000000000e+04
9.879000000000000000e+03
