3.882000000000000000e+03
3.993000000000000000e+03
3.972000000000000000e+03
3.975000000000000000e+03
4.009000000000000000e+03
3.991000000000000000e+03
4.053000000000000000e+03
4.031000000000000000e+03
4.010000000000000000e+03
4.081000000000000000e+03
4.286000000000000000e+03
4.022000000000000000e+03
4.078000000000000000e+03
4.016000000000000000e+03
4.026000000000000000e+03
4.103000000000000000e+03
3.988000000000000000e+03
3.979000000000000000e+03
3.955000000000000000e+03
3.987000000000000000e+03
4.086000000000000000e+03
4.052000000000000000e+03
4.093000000000000000e+03
4.206000000000000000e+03
4.017000000000000000e+03
4.071000000000000000e+03
4.023000000000000000e+03
4.025000000000000000e+03
4.004000000000000000e+03
3.974000000000000000e+03
4.058000000000000000e+03
4.089000000000000000e+03
4.093000000000000000e+03
4.068000000000000000e+03
4.076000000000000000e+03
4.023000000000000000e+03
4.074000000000000000e+03
4.074000000000000000e+03
4.111000000000000000e+03
4.084000000000000000e+03
4.089000000000000000e+03
4.139000000000000000e+03
4.127000000000000000e+03
4.146000000000000000e+03
4.084000000000000000e+03
4.125000000000000000e+03
4.102000000000000000e+03
4.137000000000000000e+03
4.195000000000000000e+03
4.151000000000000000e+03
4.186000000000000000e+03
4.104000000000000000e+03
4.182000000000000000e+03
4.126000000000000000e+03
4.238000000000000000e+03
4.140000000000000000e+03
4.243000000000000000e+03
4.151000000000000000e+03
4.396000000000000000e+03
4.275000000000000000e+03
4.248000000000000000e+03
4.258000000000000000e+03
4.225000000000000000e+03
4.203000000000000000e+03
4.282000000000000000e+03
4.308000000000000000e+03
4.236000000000000000e+03
4.377000000000000000e+03
4.370000000000000000e+03
4.304000000000000000e+03
4.312000000000000000e+03
4.352000000000000000e+03
4.325000000000000000e+03
4.295000000000000000e+03
4.423000000000000000e+03
4.327000000000000000e+03
4.343000000000000000e+03
4.349000000000000000e+03
4.421000000000000000e+03
4.321000000000000000e+03
4.449000000000000000e+03
4.414000000000000000e+03
4.406000000000000000e+03
4.413000000000000000e+03
4.481000000000000000e+03
4.470000000000000000e+03
4.475000000000000000e+03
4.456000000000000000e+03
4.401000000000000000e+03
4.477000000000000000e+03
4.464000000000000000e+03
4.473000000000000000e+03
4.404000000000000000e+03
4.478000000000000000e+03
4.609000000000000000e+03
4.496000000000000000e+03
4.578000000000000000e+03
4.568000000000000000e+03
4.563000000000000000e+03
4.561000000000000000e+03
4.603000000000000000e+03
4.608000000000000000e+03
4.660000000000000000e+03
4.638000000000000000e+03
4.637000000000000000e+03
4.657000000000000000e+03
4.708000000000000000e+03
4.639000000000000000e+03
4.616000000000000000e+03
4.709000000000000000e+03
4.645000000000000000e+03
4.663000000000000000e+03
4.685000000000000000e+03
4.764000000000000000e+03
4.666000000000000000e+03
4.705000000000000000e+03
4.781000000000000000e+03
4.734000000000000000e+03
4.711000000000000000e+03
4.768000000000000000e+03
4.806000000000000000e+03
4.785000000000000000e+03
6.612000000000000000e+03
4.849000000000000000e+03
4.868000000000000000e+03
4.863000000000000000e+03
4.873000000000000000e+03
4.800000000000000000e+03
4.881000000000000000e+03
4.884000000000000000e+03
4.909000000000000000e+03
4.865000000000000000e+03
4.971000000000000000e+03
4.929000000000000000e+03
4.956000000000000000e+03
4.954000000000000000e+03
4.986000000000000000e+03
4.945000000000000000e+03
5.030000000000000000e+03
5.076000000000000000e+03
5.080000000000000000e+03
4.995000000000000000e+03
5.050000000000000000e+03
5.087000000000000000e+03
5.107000000000000000e+03
5.160000000000000000e+03
5.266000000000000000e+03
5.123000000000000000e+03
5.161000000000000000e+03
5.162000000000000000e+03
5.204000000000000000e+03
5.192000000000000000e+03
5.214000000000000000e+03
5.265000000000000000e+03
5.296000000000000000e+03
5.303000000000000000e+03
5.316000000000000000e+03
5.279000000000000000e+03
5.350000000000000000e+03
5.300000000000000000e+03
5.377000000000000000e+03
5.308000000000000000e+03
5.409000000000000000e+03
5.407000000000000000e+03
5.436000000000000000e+03
5.481000000000000000e+03
5.484000000000000000e+03
5.422000000000000000e+03
5.602000000000000000e+03
5.503000000000000000e+03
5.626000000000000000e+03
5.596000000000000000e+03
5.476000000000000000e+03
5.611000000000000000e+03
5.538000000000000000e+03
5.632000000000000000e+03
5.567000000000000000e+03
5.516000000000000000e+03
5.549000000000000000e+03
5.691000000000000000e+03
5.723000000000000000e+03
5.757000000000000000e+03
5.576000000000000000e+03
5.733000000000000000e+03
5.781000000000000000e+03
5.793000000000000000e+03
5.749000000000000000e+03
5.696000000000000000e+03
5.650000000000000000e+03
5.813000000000000000e+03
5.825000000000000000e+03
5.822000000000000000e+03
5.891000000000000000e+03
5.835000000000000000e+03
5.877000000000000000e+03
5.905000000000000000e+03
5.939000000000000000e+03
5.957000000000000000e+03
6.038000000000000000e+03
6.021000000000000000e+03
6.049000000000000000e+03
6.001000000000000000e+03
6.033000000000000000e+03
6.004000000000000000e+03
6.086000000000000000e+03
6.078000000000000000e+03
6.025000000000000000e+03
6.102000000000000000e+03
6.199000000000000000e+03
6.156000000000000000e+03
6.119000000000000000e+03
6.206000000000000000e+03
6.168000000000000000e+03
6.181000000000000000e+03
6.347000000000000000e+03
6.265000000000000000e+03
6.275000000000000000e+03
6.256000000000000000e+03
6.322000000000000000e+03
6.450000000000000000e+03
6.345000000000000000e+03
6.309000000000000000e+03
6.335000000000000000e+03
6.367000000000000000e+03
6.476000000000000000e+03
6.478000000000000000e+03
6.470000000000000000e+03
6.477000000000000000e+03
6.482000000000000000e+03
6.524000000000000000e+03
6.519000000000000000e+03
6.603000000000000000e+03
6.474000000000000000e+03
6.504000000000000000e+03
6.591000000000000000e+03
6.565000000000000000e+03
6.578000000000000000e+03
6.567000000000000000e+03
6.652000000000000000e+03
6.685000000000000000e+03
6.662000000000000000e+03
6.651000000000000000e+03
6.565000000000000000e+03
6.708000000000000000e+03
6.701000000000000000e+03
6.724000000000000000e+03
6.709000000000000000e+03
6.754000000000000000e+03
6.787000000000000000e+03
6.689000000000000000e+03
6.700000000000000000e+03
6.893000000000000000e+03
6.884000000000000000e+03
6.842000000000000000e+03
6.985000000000000000e+03
6.819000000000000000e+03
6.921000000000000000e+03
6.823000000000000000e+03
6.899000000000000000e+03
6.906000000000000000e+03
6.874000000000000000e+03
6.881000000000000000e+03
7.013000000000000000e+03
6.914000000000000000e+03
7.104000000000000000e+03
7.039000000000000000e+03
6.957000000000000000e+03
7.033000000000000000e+03
7.051000000000000000e+03
7.076000000000000000e+03
7.133000000000000000e+03
7.162000000000000000e+03
7.074000000000000000e+03
7.102000000000000000e+03
7.055000000000000000e+03
7.130000000000000000e+03
7.087000000000000000e+03
7.175000000000000000e+03
7.104000000000000000e+03
7.122000000000000000e+03
7.160000000000000000e+03
7.225000000000000000e+03
7.177000000000000000e+03
7.231000000000000000e+03
7.203000000000000000e+03
7.459000000000000000e+03
7.262000000000000000e+03
7.254000000000000000e+03
7.233000000000000000e+03
7.302000000000000000e+03
7.473000000000000000e+03
7.272000000000000000e+03
7.319000000000000000e+03
7.370000000000000000e+03
7.304000000000000000e+03
7.442000000000000000e+03
7.432000000000000000e+03
7.390000000000000000e+03
7.428000000000000000e+03
7.475000000000000000e+03
7.376000000000000000e+03
7.471000000000000000e+03
7.376000000000000000e+03
7.552000000000000000e+03
7.529000000000000000e+03
7.548000000000000000e+03
7.533000000000000000e+03
7.464000000000000000e+03
7.587000000000000000e+03
7.622000000000000000e+03
7.599000000000000000e+03
7.741000000000000000e+03
7.748000000000000000e+03
7.670000000000000000e+03
7.755000000000000000e+03
7.813000000000000000e+03
7.970000000000000000e+03
7.908000000000000000e+03
7.883000000000000000e+03
7.786000000000000000e+03
8.002000000000000000e+03
7.971000000000000000e+03
8.016000000000000000e+03
7.942000000000000000e+03
8.000000000000000000e+03
8.020000000000000000e+03
8.149000000000000000e+03
8.036000000000000000e+03
8.100000000000000000e+03
8.112000000000000000e+03
8.080000000000000000e+03
8.221000000000000000e+03
8.224000000000000000e+03
8.295000000000000000e+03
8.411000000000000000e+03
8.375000000000000000e+03
8.266000000000000000e+03
8.399000000000000000e+03
8.429000000000000000e+03
8.449000000000000000e+03
8.478000000000000000e+03
8.571000000000000000e+03
8.429000000000000000e+03
8.469000000000000000e+03
8.521000000000000000e+03
8.595000000000000000e+03
8.606000000000000000e+03
8.621000000000000000e+03
8.641000000000000000e+03
8.690000000000000000e+03
8.781000000000000000e+03
8.712000000000000000e+03
8.822000000000000000e+03
8.801000000000000000e+03
8.872000000000000000e+03
8.758000000000000000e+03
8.980000000000000000e+03
9.008000000000000000e+03
8.945000000000000000e+03
9.087000000000000000e+03
8.891000000000000000e+03
9.015000000000000000e+03
9.104000000000000000e+03
9.046000000000000000e+03
9.114000000000000000e+03
9.222000000000000000e+03
9.121000000000000000e+03
9.195000000000000000e+03
9.211000000000000000e+03
9.244000000000000000e+03
9.096000000000000000e+03
9.257000000000000000e+03
9.325000000000000000e+03
9.333000000000000000e+03
9.311000000000000000e+03
9.188000000000000000e+03
9.317000000000000000e+03
9.365000000000000000e+03
9.285000000000000000e+03
9.289000000000000000e+03
9.275000000000000000e+03
9.461000000000000000e+03
9.441000000000000000e+03
9.386000000000000000e+03
9.606000000000000000e+03
9.422000000000000000e+03
9.501000000000000000e+03
9.442000000000000000e+03
9.588000000000000000e+03
9.515000000000000000e+03
9.568000000000000000e+03
9.589000000000000000e+03
9.676000000000000000e+03
9.575000000000000000e+03
9.741000000000000000e+03
9.736000000000000000e+03
9.678000000000000000e+03
9.784000000000000000e+03
9.729000000000000000e+03
9.749000000000000000e+03
9.880000000000000000e+03
9.972000000000000000e+03
9.924000000000000000e+03
9.921000000000000000e+03
9.977000000000000000e+03
1.006700000000000000e+04
9.940000000000000000e+03
1.000400000000000000e+04
1.001300000000000000e+04
1.016600000000000000e+04
1.018600000000000000e+04
1.013200000000000000e+04
1.008400000000000000e+04
1.018200000000000000e+04
1.036300000000000000e+04
1.033200000000000000e+04
1.039900000000000000e+04
1.041900000000000000e+04
1.043500000000000000e+04
1.047400000000000000e+04
1.065100000000000000e+04
1.066900000000000000e+04
1.063800000000000000e+04
1.049800000000000000e+04
1.072400000000000000e+04
1.080600000000000000e+04
1.064600000000000000e+04
1.075200000000000000e+04
1.090300000000000000e+04
1.087900000000000000e+04
1.098300000000000000e+04
1.103500000000000000e+04
1.092300000000000000e+04
1.107400000000000000e+04
1.117300000000000000e+04
1.124900000000000000e+04
1.119400000000000000e+04
1.122900000000000000e+04
1.126300000000000000e+04
1.148100000000000000e+04
1.122500000000000000e+04
1.149200000000000000e+04
1.137000000000000000e+04
1.144200000000000000e+04
1.146200000000000000e+04
1.159700000000000000e+04
1.158300000000000000e+04
1.162000000000000000e+04
1.167100000000000000e+04
1.181500000000000000e+04
1.159400000000000000e+04
1.184500000000000000e+04
1.179100000000000000e+04
1.188100000000000000e+04
1.185800000000000000e+04
1.207200000000000000e+04
1.207400000000000000e+04
1.199300000000000000e+04
1.197000000000000000e+04
1.191900000000000000e+04
1.214400000000000000e+04
1.206400000000000000e+04
1.219000000000000000e+04
1.225100000000000000e+04
1.234500000000000000e+04
1.234300000000000000e+04
1.226700000000000000e+04
1.241900000000000000e+04
1.244500000000000000e+04
1.234500000000000000e+04
1.233000000000000000e+04
1.240600000000000000e+04
1.249700000000000000e+04
1.240500000000000000e+04
1.234900000000000000e+04
1.241100000000000000e+04
1.251600000000000000e+04
1.237000000000000000e+04
1.262200000000000000e+04
1.251400000000000000e+04
1.257000000000000000e+04
1.252400000000000000e+04
1.248700000000000000e+04
1.262400000000000000e+04
1.262300000000000000e+04
1.271500000000000000e+04
1.260800000000000000e+04
1.281300000000000000e+04
1.260800000000000000e+04
1.272500000000000000e+04
1.276200000000000000e+04
1.280700000000000000e+04
1.275000000000000000e+04
1.287100000000000000e+04
1.293400000000000000e+04
1.286800000000000000e+04
1.298500000000000000e+04
1.296300000000000000e+04
1.298100000000000000e+04
1.292800000000000000e+04
1.301200000000000000e+04
1.298100000000000000e+04
1.307000000000000000e+04
1.305400000000000000e+04
1.314300000000000000e+04
1.304000000000000000e+04
1.309000000000000000e+04
1.313200000000000000e+04
1.311600000000000000e+04
1.310500000000000000e+04
1.312300000000000000e+04
1.305200000000000000e+04
1.317200000000000000e+04
1.319100000000000000e+04
1.317700000000000000e+04
1.306600000000000000e+04
1.308400000000000000e+04
1.302700000000000000e+04
1.308900000000000000e+04
1.307400000000000000e+04
1.316300000000000000e+04
1.302400000000000000e+04
1.310100000000000000e+04
1.311400000000000000e+04
1.314000000000000000e+04
1.326100000000000000e+04
1.311500000000000000e+04
1.325000000000000000e+04
1.312300000000000000e+04
1.313600000000000000e+04
1.310200000000000000e+04
1.374500000000000000e+04
1.308000000000000000e+04
1.307000000000000000e+04
1.329600000000000000e+04
1.314700000000000000e+04
1.329400000000000000e+04
1.314400000000000000e+04
1.335200000000000000e+04
1.337500000000000000e+04
1.323800000000000000e+04
1.323600000000000000e+04
1.327200000000000000e+04
1.324700000000000000e+04
1.315800000000000000e+04
1.337900000000000000e+04
1.331500000000000000e+04
1.332300000000000000e+04
1.326500000000000000e+04
1.331500000000000000e+04
1.341000000000000000e+04
1.327000000000000000e+04
1.329300000000000000e+04
1.340500000000000000e+04
1.351800000000000000e+04
1.335100000000000000e+04
1.346000000000000000e+04
1.350200000000000000e+04
1.360500000000000000e+04
1.351200000000000000e+04
1.348900000000000000e+04
1.372300000000000000e+04
1.365200000000000000e+04
1.376100000000000000e+04
1.364400000000000000e+04
1.365800000000000000e+04
1.387700000000000000e+04
1.364400000000000000e+04
1.372500000000000000e+04
1.379500000000000000e+04
1.367900000000000000e+04
1.404600000000000000e+04
1.398000000000000000e+04
1.441000000000000000e+04
1.407700000000000000e+04
1.385800000000000000e+04
1.412400000000000000e+04
1.411600000000000000e+04
1.408300000000000000e+04
1.404600000000000000e+04
1.417100000000000000e+04
1.411100000000000000e+04
1.411600000000000000e+04
1.429000000000000000e+04
1.417500000000000000e+04
1.428500000000000000e+04
1.432900000000000000e+04
1.433100000000000000e+04
1.434000000000000000e+04
1.422900000000000000e+04
1.425300000000000000e+04
1.442500000000000000e+04
1.428100000000000000e+04
1.447200000000000000e+04
1.439400000000000000e+04
1.447800000000000000e+04
1.435400000000000000e+04
1.454200000000000000e+04
1.452400000000000000e+04
1.458300000000000000e+04
1.457600000000000000e+04
1.444800000000000000e+04
1.441500000000000000e+04
1.452700000000000000e+04
1.449000000000000000e+04
1.469200000000000000e+04
1.462400000000000000e+04
1.458600000000000000e+04
1.463000000000000000e+04
1.452700000000000000e+04
1.464300000000000000e+04
1.457100000000000000e+04
1.452400000000000000e+04
1.460700000000000000e+04
1.442600000000000000e+04
1.468900000000000000e+04
1.457800000000000000e+04
1.464300000000000000e+04
1.481700000000000000e+04
1.478800000000000000e+04
1.461300000000000000e+04
1.472700000000000000e+04
1.461800000000000000e+04
1.476100000000000000e+04
1.476000000000000000e+04
1.452600000000000000e+04
1.455300000000000000e+04
1.461100000000000000e+04
1.461700000000000000e+04
1.468300000000000000e+04
1.449900000000000000e+04
1.446500000000000000e+04
1.464500000000000000e+04
1.450100000000000000e+04
1.436600000000000000e+04
1.414600000000000000e+04
1.440600000000000000e+04
1.428600000000000000e+04
1.427700000000000000e+04
1.440000000000000000e+04
1.440700000000000000e+04
1.448300000000000000e+04
1.455900000000000000e+04
1.451800000000000000e+04
1.463900000000000000e+04
1.460200000000000000e+04
1.452500000000000000e+04
1.452900000000000000e+04
1.455100000000000000e+04
1.429300000000000000e+04
1.437100000000000000e+04
1.420200000000000000e+04
1.397000000000000000e+04
1.405800000000000000e+04
1.379300000000000000e+04
1.368900000000000000e+04
1.355500000000000000e+04
1.365600000000000000e+04
1.372400000000000000e+04
1.370500000000000000e+04
1.376200000000000000e+04
1.374200000000000000e+04
1.386700000000000000e+04
1.368300000000000000e+04
1.367000000000000000e+04
1.370000000000000000e+04
1.372000000000000000e+04
1.367700000000000000e+04
1.364600000000000000e+04
1.381100000000000000e+04
1.370700000000000000e+04
1.365500000000000000e+04
1.363800000000000000e+04
1.358400000000000000e+04
1.363800000000000000e+04
1.354900000000000000e+04
1.344600000000000000e+04
1.348000000000000000e+04
1.330700000000000000e+04
1.332700000000000000e+04
1.310500000000000000e+04
1.311200000000000000e+04
1.298700000000000000e+04
1.280100000000000000e+04
1.304100000000000000e+04
1.280500000000000000e+04
1.284300000000000000e+04
1.289800000000000000e+04
1.280200000000000000e+04
1.277300000000000000e+04
1.289800000000000000e+04
1.270200000000000000e+04
1.277200000000000000e+04
1.276000000000000000e+04
1.281300000000000000e+04
1.258700000000000000e+04
1.237900000000000000e+04
1.252300000000000000e+04
1.245500000000000000e+04
1.250900000000000000e+04
1.272600000000000000e+04
1.290900000000000000e+04
1.290900000000000000e+04
1.281300000000000000e+04
1.281000000000000000e+04
1.277200000000000000e+04
1.263300000000000000e+04
1.274500000000000000e+04
1.241300000000000000e+04
1.252800000000000000e+04
1.238400000000000000e+04
1.245400000000000000e+04
1.315400000000000000e+04
1.257800000000000000e+04
1.243500000000000000e+04
1.256000000000000000e+04
1.226800000000000000e+04
1.223900000000000000e+04
1.202800000000000000e+04
1.199300000000000000e+04
1.184400000000000000e+04
1.184700000000000000e+04
1.175800000000000000e+04
1.205500000000000000e+04
1.192600000000000000e+04
1.202800000000000000e+04
1.215000000000000000e+04
1.204300000000000000e+04
1.202500000000000000e+04
1.192000000000000000e+04
1.180300000000000000e+04
1.144400000000000000e+04
1.128900000000000000e+04
1.119000000000000000e+04
1.111600000000000000e+04
1.109700000000000000e+04
1.116800000000000000e+04
1.114200000000000000e+04
1.135500000000000000e+04
1.144700000000000000e+04
1.155800000000000000e+04
1.183100000000000000e+04
1.178800000000000000e+04
1.189000000000000000e+04
1.181400000000000000e+04
1.178800000000000000e+04
1.179700000000000000e+04
1.164800000000000000e+04
1.152700000000000000e+04
1.164300000000000000e+04
1.162400000000000000e+04
1.167700000000000000e+04
1.163600000000000000e+04
1.151300000000000000e+04
1.162900000000000000e+04
1.140300000000000000e+04
1.125700000000000000e+04
1.116400000000000000e+04
1.105300000000000000e+04
1.107700000000000000e+04
1.116100000000000000e+04
1.094900000000000000e+04
1.098700000000000000e+04
1.085800000000000000e+04
1.081400000000000000e+04
