3.827000000000000000e+03
3.811000000000000000e+03
3.787000000000000000e+03
3.717000000000000000e+03
3.815000000000000000e+03
3.845000000000000000e+03
3.825000000000000000e+03
3.813000000000000000e+03
3.830000000000000000e+03
3.814000000000000000e+03
3.766000000000000000e+03
3.845000000000000000e+03
3.822000000000000000e+03
3.811000000000000000e+03
3.807000000000000000e+03
3.807000000000000000e+03
3.869000000000000000e+03
3.907000000000000000e+03
3.865000000000000000e+03
3.881000000000000000e+03
3.837000000000000000e+03
3.833000000000000000e+03
3.881000000000000000e+03
3.798000000000000000e+03
3.845000000000000000e+03
3.822000000000000000e+03
3.845000000000000000e+03
3.878000000000000000e+03
3.899000000000000000e+03
3.918000000000000000e+03
3.879000000000000000e+03
3.842000000000000000e+03
3.871000000000000000e+03
3.909000000000000000e+03
3.884000000000000000e+03
3.849000000000000000e+03
3.800000000000000000e+03
3.878000000000000000e+03
3.922000000000000000e+03
3.951000000000000000e+03
3.957000000000000000e+03
3.955000000000000000e+03
3.900000000000000000e+03
3.876000000000000000e+03
3.890000000000000000e+03
3.917000000000000000e+03
3.989000000000000000e+03
3.967000000000000000e+03
4.015000000000000000e+03
3.932000000000000000e+03
3.977000000000000000e+03
3.962000000000000000e+03
3.942000000000000000e+03
3.998000000000000000e+03
4.048000000000000000e+03
3.973000000000000000e+03
4.072000000000000000e+03
4.051000000000000000e+03
3.984000000000000000e+03
4.016000000000000000e+03
4.142000000000000000e+03
4.096000000000000000e+03
4.086000000000000000e+03
4.068000000000000000e+03
4.031000000000000000e+03
4.087000000000000000e+03
4.131000000000000000e+03
4.107000000000000000e+03
4.087000000000000000e+03
4.349000000000000000e+03
4.134000000000000000e+03
4.134000000000000000e+03
4.130000000000000000e+03
4.161000000000000000e+03
4.134000000000000000e+03
4.207000000000000000e+03
4.459000000000000000e+03
4.148000000000000000e+03
4.209000000000000000e+03
4.219000000000000000e+03
4.233000000000000000e+03
4.197000000000000000e+03
4.236000000000000000e+03
4.225000000000000000e+03
4.217000000000000000e+03
4.318000000000000000e+03
4.193000000000000000e+03
4.275000000000000000e+03
4.262000000000000000e+03
4.234000000000000000e+03
4.232000000000000000e+03
4.305000000000000000e+03
4.245000000000000000e+03
4.347000000000000000e+03
4.284000000000000000e+03
4.359000000000000000e+03
4.373000000000000000e+03
4.354000000000000000e+03
4.318000000000000000e+03
4.295000000000000000e+03
4.337000000000000000e+03
4.261000000000000000e+03
4.327000000000000000e+03
4.380000000000000000e+03
4.370000000000000000e+03
4.358000000000000000e+03
4.413000000000000000e+03
4.406000000000000000e+03
4.411000000000000000e+03
4.396000000000000000e+03
4.512000000000000000e+03
4.498000000000000000e+03
4.447000000000000000e+03
4.446000000000000000e+03
4.528000000000000000e+03
4.511000000000000000e+03
4.483000000000000000e+03
4.577000000000000000e+03
4.500000000000000000e+03
4.467000000000000000e+03
4.530000000000000000e+03
4.529000000000000000e+03
4.713000000000000000e+03
4.612000000000000000e+03
4.566000000000000000e+03
4.636000000000000000e+03
4.657000000000000000e+03
4.621000000000000000e+03
4.660000000000000000e+03
4.651000000000000000e+03
4.615000000000000000e+03
4.637000000000000000e+03
4.701000000000000000e+03
4.712000000000000000e+03
4.733000000000000000e+03
4.753000000000000000e+03
4.746000000000000000e+03
4.774000000000000000e+03
4.831000000000000000e+03
4.838000000000000000e+03
4.809000000000000000e+03
4.764000000000000000e+03
4.823000000000000000e+03
4.865000000000000000e+03
4.879000000000000000e+03
4.869000000000000000e+03
4.880000000000000000e+03
4.850000000000000000e+03
4.857000000000000000e+03
4.994000000000000000e+03
4.922000000000000000e+03
4.980000000000000000e+03
4.919000000000000000e+03
4.970000000000000000e+03
5.059000000000000000e+03
5.016000000000000000e+03
5.027000000000000000e+03
5.074000000000000000e+03
5.004000000000000000e+03
5.026000000000000000e+03
4.983000000000000000e+03
5.050000000000000000e+03
5.112000000000000000e+03
5.168000000000000000e+03
5.112000000000000000e+03
5.081000000000000000e+03
5.224000000000000000e+03
5.147000000000000000e+03
5.256000000000000000e+03
5.199000000000000000e+03
5.218000000000000000e+03
5.200000000000000000e+03
5.265000000000000000e+03
5.163000000000000000e+03
5.194000000000000000e+03
5.319000000000000000e+03
5.331000000000000000e+03
5.305000000000000000e+03
5.297000000000000000e+03
5.380000000000000000e+03
5.453000000000000000e+03
5.382000000000000000e+03
5.314000000000000000e+03
5.401000000000000000e+03
5.408000000000000000e+03
6.541000000000000000e+03
5.415000000000000000e+03
5.500000000000000000e+03
5.429000000000000000e+03
5.503000000000000000e+03
5.493000000000000000e+03
5.565000000000000000e+03
5.508000000000000000e+03
5.529000000000000000e+03
5.558000000000000000e+03
5.494000000000000000e+03
5.625000000000000000e+03
5.619000000000000000e+03
5.593000000000000000e+03
5.607000000000000000e+03
5.732000000000000000e+03
5.698000000000000000e+03
5.626000000000000000e+03
5.621000000000000000e+03
5.758000000000000000e+03
5.791000000000000000e+03
5.739000000000000000e+03
5.776000000000000000e+03
5.810000000000000000e+03
5.795000000000000000e+03
5.845000000000000000e+03
5.949000000000000000e+03
5.847000000000000000e+03
5.852000000000000000e+03
5.850000000000000000e+03
5.906000000000000000e+03
5.973000000000000000e+03
5.954000000000000000e+03
5.983000000000000000e+03
5.987000000000000000e+03
6.040000000000000000e+03
6.034000000000000000e+03
6.072000000000000000e+03
6.113000000000000000e+03
6.029000000000000000e+03
6.096000000000000000e+03
6.623000000000000000e+03
6.087000000000000000e+03
6.197000000000000000e+03
6.097000000000000000e+03
6.176000000000000000e+03
6.046000000000000000e+03
6.193000000000000000e+03
6.242000000000000000e+03
6.113000000000000000e+03
6.224000000000000000e+03
6.211000000000000000e+03
6.258000000000000000e+03
6.268000000000000000e+03
6.313000000000000000e+03
6.328000000000000000e+03
6.385000000000000000e+03
6.259000000000000000e+03
6.351000000000000000e+03
6.290000000000000000e+03
6.339000000000000000e+03
6.285000000000000000e+03
6.390000000000000000e+03
6.414000000000000000e+03
6.356000000000000000e+03
6.382000000000000000e+03
6.397000000000000000e+03
6.439000000000000000e+03
6.347000000000000000e+03
6.436000000000000000e+03
6.471000000000000000e+03
6.417000000000000000e+03
6.489000000000000000e+03
6.565000000000000000e+03
6.452000000000000000e+03
6.497000000000000000e+03
6.462000000000000000e+03
6.690000000000000000e+03
6.569000000000000000e+03
6.499000000000000000e+03
6.586000000000000000e+03
6.576000000000000000e+03
6.640000000000000000e+03
6.641000000000000000e+03
6.590000000000000000e+03
6.619000000000000000e+03
6.620000000000000000e+03
6.680000000000000000e+03
6.613000000000000000e+03
6.756000000000000000e+03
6.630000000000000000e+03
6.656000000000000000e+03
6.679000000000000000e+03
6.817000000000000000e+03
6.776000000000000000e+03
6.744000000000000000e+03
6.712000000000000000e+03
6.781000000000000000e+03
6.705000000000000000e+03
6.812000000000000000e+03
6.836000000000000000e+03
6.719000000000000000e+03
6.762000000000000000e+03
6.769000000000000000e+03
6.808000000000000000e+03
6.880000000000000000e+03
8.449000000000000000e+03
6.792000000000000000e+03
6.877000000000000000e+03
6.919000000000000000e+03
6.863000000000000000e+03
6.905000000000000000e+03
6.815000000000000000e+03
6.950000000000000000e+03
6.993000000000000000e+03
6.893000000000000000e+03
7.018000000000000000e+03
7.046000000000000000e+03
6.956000000000000000e+03
7.078000000000000000e+03
7.078000000000000000e+03
7.156000000000000000e+03
7.107000000000000000e+03
7.027000000000000000e+03
7.204000000000000000e+03
7.199000000000000000e+03
7.148000000000000000e+03
7.266000000000000000e+03
7.346000000000000000e+03
7.256000000000000000e+03
7.410000000000000000e+03
7.415000000000000000e+03
7.388000000000000000e+03
7.459000000000000000e+03
7.360000000000000000e+03
7.435000000000000000e+03
7.430000000000000000e+03
7.435000000000000000e+03
7.617000000000000000e+03
7.575000000000000000e+03
7.562000000000000000e+03
7.591000000000000000e+03
7.545000000000000000e+03
7.598000000000000000e+03
7.645000000000000000e+03
7.691000000000000000e+03
7.750000000000000000e+03
7.746000000000000000e+03
7.780000000000000000e+03
7.818000000000000000e+03
7.729000000000000000e+03
7.856000000000000000e+03
8.028000000000000000e+03
8.055000000000000000e+03
7.924000000000000000e+03
7.982000000000000000e+03
8.052000000000000000e+03
8.028000000000000000e+03
8.049000000000000000e+03
8.120000000000000000e+03
8.059000000000000000e+03
8.127000000000000000e+03
8.127000000000000000e+03
8.206000000000000000e+03
8.236000000000000000e+03
8.313000000000000000e+03
8.313000000000000000e+03
8.297000000000000000e+03
8.295000000000000000e+03
8.340000000000000000e+03
8.390000000000000000e+03
8.417000000000000000e+03
8.386000000000000000e+03
8.502000000000000000e+03
8.527000000000000000e+03
8.487000000000000000e+03
8.546000000000000000e+03
8.507000000000000000e+03
8.600000000000000000e+03
8.590000000000000000e+03
8.497000000000000000e+03
8.704000000000000000e+03
8.558000000000000000e+03
8.628000000000000000e+03
8.756000000000000000e+03
8.725000000000000000e+03
8.659000000000000000e+03
8.659000000000000000e+03
8.735000000000000000e+03
8.727000000000000000e+03
8.854000000000000000e+03
8.858000000000000000e+03
8.878000000000000000e+03
8.757000000000000000e+03
8.874000000000000000e+03
8.672000000000000000e+03
9.020000000000000000e+03
8.812000000000000000e+03
8.886000000000000000e+03
8.935000000000000000e+03
8.779000000000000000e+03
9.084000000000000000e+03
8.952000000000000000e+03
8.943000000000000000e+03
9.054000000000000000e+03
9.049000000000000000e+03
9.151000000000000000e+03
9.168000000000000000e+03
9.089000000000000000e+03
9.199000000000000000e+03
9.105000000000000000e+03
9.222000000000000000e+03
9.176000000000000000e+03
9.326000000000000000e+03
9.341000000000000000e+03
9.230000000000000000e+03
9.276000000000000000e+03
9.291000000000000000e+03
9.407000000000000000e+03
9.402000000000000000e+03
9.403000000000000000e+03
9.543000000000000000e+03
9.482000000000000000e+03
9.473000000000000000e+03
9.420000000000000000e+03
9.621000000000000000e+03
9.585000000000000000e+03
9.536000000000000000e+03
9.666000000000000000e+03
9.655000000000000000e+03
9.785000000000000000e+03
9.761000000000000000e+03
9.823000000000000000e+03
9.856000000000000000e+03
9.818000000000000000e+03
9.970000000000000000e+03
1.005400000000000000e+04
9.994000000000000000e+03
1.001200000000000000e+04
1.023100000000000000e+04
1.011200000000000000e+04
1.017600000000000000e+04
1.025600000000000000e+04
1.029100000000000000e+04
1.031000000000000000e+04
1.030300000000000000e+04
1.038000000000000000e+04
1.031200000000000000e+04
1.052600000000000000e+04
1.041600000000000000e+04
1.052900000000000000e+04
1.063500000000000000e+04
1.049600000000000000e+04
1.065100000000000000e+04
1.057600000000000000e+04
1.068900000000000000e+04
1.079800000000000000e+04
1.082300000000000000e+04
1.081700000000000000e+04
1.098800000000000000e+04
1.083700000000000000e+04
1.103500000000000000e+04
1.099000000000000000e+04
1.117700000000000000e+04
1.086400000000000000e+04
1.113400000000000000e+04
1.124900000000000000e+04
1.113200000000000000e+04
1.126900000000000000e+04
1.123500000000000000e+04
1.121900000000000000e+04
1.126500000000000000e+04
1.133500000000000000e+04
1.151300000000000000e+04
1.138500000000000000e+04
1.149000000000000000e+04
1.144600000000000000e+04
1.160100000000000000e+04
1.173700000000000000e+04
1.149000000000000000e+04
1.161600000000000000e+04
1.153900000000000000e+04
1.169700000000000000e+04
1.160100000000000000e+04
1.170300000000000000e+04
1.176800000000000000e+04
1.178600000000000000e+04
1.175300000000000000e+04
1.183700000000000000e+04
1.180600000000000000e+04
1.194300000000000000e+04
1.194800000000000000e+04
1.198200000000000000e+04
1.179800000000000000e+04
1.199500000000000000e+04
1.180100000000000000e+04
1.193900000000000000e+04
1.208400000000000000e+04
1.186800000000000000e+04
1.210200000000000000e+04
1.201000000000000000e+04
1.201800000000000000e+04
1.208700000000000000e+04
1.198300000000000000e+04
1.207600000000000000e+04
1.199900000000000000e+04
1.214000000000000000e+04
1.211700000000000000e+04
1.209400000000000000e+04
1.223500000000000000e+04
1.216500000000000000e+04
1.234000000000000000e+04
1.231800000000000000e+04
1.234400000000000000e+04
1.239400000000000000e+04
1.222900000000000000e+04
1.224800000000000000e+04
1.230400000000000000e+04
1.243500000000000000e+04
1.242700000000000000e+04
1.229700000000000000e+04
1.240400000000000000e+04
1.251900000000000000e+04
1.234900000000000000e+04
1.243000000000000000e+04
1.243300000000000000e+04
1.247100000000000000e+04
1.245700000000000000e+04
1.262200000000000000e+04
1.243500000000000000e+04
1.249800000000000000e+04
1.239000000000000000e+04
1.249000000000000000e+04
1.245200000000000000e+04
1.236100000000000000e+04
1.251500000000000000e+04
1.244800000000000000e+04
1.250300000000000000e+04
1.237500000000000000e+04
1.243400000000000000e+04
1.242200000000000000e+04
1.247900000000000000e+04
1.240200000000000000e+04
1.253300000000000000e+04
1.247600000000000000e+04
1.251500000000000000e+04
1.252500000000000000e+04
1.241100000000000000e+04
1.255400000000000000e+04
1.252700000000000000e+04
1.262200000000000000e+04
1.247300000000000000e+04
1.248200000000000000e+04
1.244000000000000000e+04
1.262200000000000000e+04
1.242000000000000000e+04
1.247000000000000000e+04
1.256000000000000000e+04
1.247600000000000000e+04
1.240700000000000000e+04
1.261500000000000000e+04
1.261600000000000000e+04
1.257200000000000000e+04
1.251600000000000000e+04
1.263000000000000000e+04
1.261000000000000000e+04
1.259900000000000000e+04
1.260400000000000000e+04
1.288300000000000000e+04
1.249500000000000000e+04
1.271500000000000000e+04
1.293800000000000000e+04
1.271200000000000000e+04
1.280100000000000000e+04
1.270100000000000000e+04
1.280600000000000000e+04
1.283600000000000000e+04
1.275100000000000000e+04
1.282200000000000000e+04
1.293000000000000000e+04
1.283900000000000000e+04
1.293200000000000000e+04
1.303400000000000000e+04
1.287900000000000000e+04
1.290700000000000000e+04
1.300500000000000000e+04
1.308300000000000000e+04
1.312300000000000000e+04
1.307700000000000000e+04
1.309700000000000000e+04
1.316500000000000000e+04
1.301800000000000000e+04
1.319300000000000000e+04
1.336200000000000000e+04
1.318900000000000000e+04
1.326200000000000000e+04
1.330000000000000000e+04
1.331700000000000000e+04
1.329500000000000000e+04
1.334500000000000000e+04
1.343100000000000000e+04
1.331100000000000000e+04
1.345400000000000000e+04
1.331700000000000000e+04
1.348500000000000000e+04
1.337300000000000000e+04
1.360900000000000000e+04
1.337100000000000000e+04
1.344600000000000000e+04
1.347000000000000000e+04
1.346200000000000000e+04
1.355700000000000000e+04
1.358900000000000000e+04
1.359100000000000000e+04
1.366400000000000000e+04
1.375600000000000000e+04
1.377700000000000000e+04
1.358900000000000000e+04
1.395800000000000000e+04
1.374000000000000000e+04
1.377100000000000000e+04
1.374600000000000000e+04
1.383700000000000000e+04
1.386400000000000000e+04
1.387500000000000000e+04
1.399800000000000000e+04
1.405100000000000000e+04
1.403300000000000000e+04
1.387100000000000000e+04
1.391400000000000000e+04
1.380400000000000000e+04
1.377400000000000000e+04
1.394900000000000000e+04
1.355800000000000000e+04
1.394000000000000000e+04
1.384700000000000000e+04
1.379900000000000000e+04
1.375300000000000000e+04
1.371600000000000000e+04
1.375500000000000000e+04
1.388500000000000000e+04
1.383700000000000000e+04
1.384600000000000000e+04
1.381100000000000000e+04
1.391300000000000000e+04
1.403300000000000000e+04
1.416500000000000000e+04
1.417600000000000000e+04
1.398100000000000000e+04
1.422600000000000000e+04
1.419000000000000000e+04
1.407400000000000000e+04
1.410300000000000000e+04
1.395300000000000000e+04
1.409600000000000000e+04
1.402300000000000000e+04
1.410700000000000000e+04
1.389300000000000000e+04
1.408100000000000000e+04
1.416300000000000000e+04
1.403800000000000000e+04
1.390600000000000000e+04
1.387400000000000000e+04
1.384600000000000000e+04
1.378500000000000000e+04
1.368300000000000000e+04
1.348300000000000000e+04
1.349500000000000000e+04
1.334400000000000000e+04
1.327000000000000000e+04
1.314600000000000000e+04
1.310500000000000000e+04
1.329000000000000000e+04
1.316700000000000000e+04
1.326300000000000000e+04
1.309200000000000000e+04
1.317300000000000000e+04
1.309600000000000000e+04
1.321300000000000000e+04
1.314500000000000000e+04
1.336700000000000000e+04
1.333800000000000000e+04
1.326000000000000000e+04
1.320600000000000000e+04
1.310100000000000000e+04
1.311000000000000000e+04
1.307600000000000000e+04
1.280700000000000000e+04
1.292000000000000000e+04
1.265300000000000000e+04
1.271200000000000000e+04
1.275100000000000000e+04
1.259000000000000000e+04
1.391600000000000000e+04
1.246500000000000000e+04
1.250400000000000000e+04
1.250100000000000000e+04
1.253900000000000000e+04
1.250700000000000000e+04
1.236600000000000000e+04
1.241500000000000000e+04
1.256200000000000000e+04
1.245800000000000000e+04
1.242200000000000000e+04
1.245500000000000000e+04
1.220900000000000000e+04
1.224800000000000000e+04
1.210300000000000000e+04
1.201900000000000000e+04
1.179300000000000000e+04
1.182500000000000000e+04
1.195900000000000000e+04
1.185000000000000000e+04
1.194900000000000000e+04
1.215000000000000000e+04
1.193800000000000000e+04
1.200200000000000000e+04
1.192800000000000000e+04
1.165400000000000000e+04
1.156300000000000000e+04
1.150400000000000000e+04
1.143900000000000000e+04
1.159600000000000000e+04
1.139900000000000000e+04
1.156900000000000000e+04
1.116300000000000000e+04
1.120500000000000000e+04
1.128300000000000000e+04
1.116100000000000000e+04
1.109400000000000000e+04
1.120600000000000000e+04
1.113700000000000000e+04
1.127700000000000000e+04
1.125300000000000000e+04
1.120400000000000000e+04
1.134000000000000000e+04
1.145800000000000000e+04
1.121400000000000000e+04
1.133700000000000000e+04
1.138800000000000000e+04
1.139600000000000000e+04
1.149500000000000000e+04
1.149600000000000000e+04
1.145400000000000000e+04
1.135200000000000000e+04
1.144000000000000000e+04
1.155300000000000000e+04
1.136000000000000000e+04
1.148700000000000000e+04
1.146800000000000000e+04
1.149100000000000000e+04
1.137400000000000000e+04
1.147100000000000000e+04
1.145000000000000000e+04
1.132000000000000000e+04
1.125300000000000000e+04
1.122300000000000000e+04
1.113300000000000000e+04
1.127200000000000000e+04
1.113900000000000000e+04
1.151300000000000000e+04
1.101400000000000000e+04
1.114900000000000000e+04
1.109600000000000000e+04
1.118600000000000000e+04
1.100500000000000000e+04
1.111500000000000000e+04
1.128600000000000000e+04
1.128300000000000000e+04
1.125900000000000000e+04
1.121400000000000000e+04
1.125400000000000000e+04
1.131100000000000000e+04
1.129300000000000000e+04
1.115000000000000000e+04
1.124400000000000000e+04
1.111500000000000000e+04
1.108900000000000000e+04
1.100600000000000000e+04
1.077100000000000000e+04
