3.562000000000000000e+03
3.518000000000000000e+03
3.508000000000000000e+03
3.594000000000000000e+03
3.614000000000000000e+03
3.519000000000000000e+03
3.615000000000000000e+03
3.571000000000000000e+03
3.580000000000000000e+03
3.536000000000000000e+03
3.565000000000000000e+03
3.589000000000000000e+03
3.538000000000000000e+03
3.596000000000000000e+03
3.540000000000000000e+03
3.514000000000000000e+03
3.602000000000000000e+03
3.596000000000000000e+03
3.524000000000000000e+03
3.583000000000000000e+03
3.611000000000000000e+03
3.491000000000000000e+03
3.611000000000000000e+03
3.564000000000000000e+03
3.658000000000000000e+03
3.621000000000000000e+03
3.622000000000000000e+03
3.674000000000000000e+03
3.607000000000000000e+03
3.668000000000000000e+03
3.593000000000000000e+03
3.616000000000000000e+03
3.611000000000000000e+03
3.649000000000000000e+03
3.516000000000000000e+03
3.678000000000000000e+03
3.728000000000000000e+03
3.630000000000000000e+03
3.662000000000000000e+03
3.644000000000000000e+03
3.620000000000000000e+03
3.624000000000000000e+03
3.648000000000000000e+03
3.676000000000000000e+03
3.663000000000000000e+03
3.703000000000000000e+03
3.671000000000000000e+03
3.708000000000000000e+03
3.695000000000000000e+03
3.657000000000000000e+03
3.741000000000000000e+03
3.741000000000000000e+03
3.743000000000000000e+03
3.702000000000000000e+03
3.737000000000000000e+03
3.758000000000000000e+03
3.750000000000000000e+03
3.770000000000000000e+03
3.731000000000000000e+03
3.726000000000000000e+03
3.756000000000000000e+03
3.783000000000000000e+03
3.792000000000000000e+03
3.810000000000000000e+03
3.787000000000000000e+03
3.792000000000000000e+03
3.930000000000000000e+03
3.835000000000000000e+03
3.840000000000000000e+03
3.941000000000000000e+03
3.836000000000000000e+03
3.883000000000000000e+03
3.865000000000000000e+03
3.915000000000000000e+03
3.830000000000000000e+03
4.000000000000000000e+03
3.938000000000000000e+03
3.837000000000000000e+03
4.010000000000000000e+03
3.911000000000000000e+03
3.943000000000000000e+03
3.992000000000000000e+03
3.957000000000000000e+03
3.952000000000000000e+03
3.886000000000000000e+03
3.917000000000000000e+03
4.091000000000000000e+03
4.006000000000000000e+03
3.907000000000000000e+03
4.032000000000000000e+03
3.934000000000000000e+03
3.981000000000000000e+03
4.027000000000000000e+03
4.026000000000000000e+03
4.124000000000000000e+03
4.015000000000000000e+03
4.029000000000000000e+03
4.033000000000000000e+03
4.028000000000000000e+03
4.035000000000000000e+03
4.109000000000000000e+03
4.098000000000000000e+03
4.114000000000000000e+03
4.111000000000000000e+03
4.065000000000000000e+03
4.309000000000000000e+03
4.151000000000000000e+03
4.108000000000000000e+03
4.089000000000000000e+03
4.149000000000000000e+03
4.125000000000000000e+03
4.170000000000000000e+03
4.287000000000000000e+03
4.126000000000000000e+03
4.162000000000000000e+03
4.173000000000000000e+03
4.219000000000000000e+03
4.225000000000000000e+03
4.227000000000000000e+03
4.263000000000000000e+03
4.198000000000000000e+03
4.290000000000000000e+03
4.218000000000000000e+03
4.270000000000000000e+03
4.349000000000000000e+03
4.291000000000000000e+03
4.276000000000000000e+03
4.327000000000000000e+03
4.324000000000000000e+03
4.345000000000000000e+03
4.350000000000000000e+03
4.359000000000000000e+03
4.437000000000000000e+03
4.411000000000000000e+03
4.354000000000000000e+03
4.480000000000000000e+03
4.417000000000000000e+03
4.405000000000000000e+03
4.422000000000000000e+03
4.483000000000000000e+03
4.472000000000000000e+03
4.465000000000000000e+03
4.458000000000000000e+03
4.507000000000000000e+03
4.478000000000000000e+03
4.520000000000000000e+03
4.573000000000000000e+03
4.556000000000000000e+03
4.482000000000000000e+03
4.596000000000000000e+03
4.723000000000000000e+03
4.634000000000000000e+03
4.639000000000000000e+03
4.563000000000000000e+03
4.595000000000000000e+03
4.609000000000000000e+03
4.616000000000000000e+03
4.666000000000000000e+03
4.654000000000000000e+03
4.670000000000000000e+03
4.626000000000000000e+03
4.831000000000000000e+03
4.659000000000000000e+03
4.708000000000000000e+03
4.668000000000000000e+03
4.731000000000000000e+03
4.793000000000000000e+03
4.810000000000000000e+03
4.816000000000000000e+03
4.783000000000000000e+03
4.746000000000000000e+03
4.873000000000000000e+03
4.851000000000000000e+03
4.888000000000000000e+03
4.809000000000000000e+03
4.948000000000000000e+03
4.854000000000000000e+03
4.978000000000000000e+03
4.999000000000000000e+03
4.969000000000000000e+03
4.935000000000000000e+03
4.975000000000000000e+03
4.959000000000000000e+03
5.225000000000000000e+03
5.109000000000000000e+03
5.001000000000000000e+03
5.006000000000000000e+03
5.022000000000000000e+03
5.113000000000000000e+03
5.106000000000000000e+03
5.105000000000000000e+03
5.100000000000000000e+03
5.080000000000000000e+03
5.153000000000000000e+03
5.167000000000000000e+03
5.150000000000000000e+03
5.208000000000000000e+03
5.184000000000000000e+03
5.286000000000000000e+03
5.301000000000000000e+03
5.288000000000000000e+03
5.236000000000000000e+03
5.255000000000000000e+03
5.299000000000000000e+03
5.293000000000000000e+03
5.272000000000000000e+03
5.348000000000000000e+03
5.358000000000000000e+03
5.397000000000000000e+03
5.341000000000000000e+03
5.415000000000000000e+03
5.403000000000000000e+03
5.531000000000000000e+03
5.406000000000000000e+03
5.409000000000000000e+03
5.478000000000000000e+03
5.462000000000000000e+03
5.429000000000000000e+03
5.563000000000000000e+03
5.569000000000000000e+03
5.515000000000000000e+03
5.491000000000000000e+03
5.485000000000000000e+03
5.569000000000000000e+03
5.674000000000000000e+03
5.617000000000000000e+03
5.669000000000000000e+03
5.601000000000000000e+03
5.626000000000000000e+03
5.740000000000000000e+03
5.661000000000000000e+03
5.646000000000000000e+03
5.690000000000000000e+03
5.696000000000000000e+03
5.635000000000000000e+03
5.701000000000000000e+03
5.755000000000000000e+03
5.832000000000000000e+03
5.775000000000000000e+03
5.730000000000000000e+03
5.830000000000000000e+03
5.705000000000000000e+03
5.939000000000000000e+03
5.833000000000000000e+03
5.812000000000000000e+03
5.812000000000000000e+03
5.794000000000000000e+03
5.921000000000000000e+03
5.921000000000000000e+03
5.912000000000000000e+03
5.960000000000000000e+03
5.976000000000000000e+03
5.965000000000000000e+03
5.966000000000000000e+03
6.016000000000000000e+03
6.004000000000000000e+03
6.032000000000000000e+03
5.986000000000000000e+03
6.076000000000000000e+03
6.011000000000000000e+03
5.975000000000000000e+03
6.067000000000000000e+03
6.047000000000000000e+03
6.112000000000000000e+03
6.097000000000000000e+03
6.069000000000000000e+03
6.105000000000000000e+03
6.098000000000000000e+03
6.120000000000000000e+03
6.145000000000000000e+03
6.222000000000000000e+03
6.170000000000000000e+03
6.164000000000000000e+03
6.287000000000000000e+03
6.274000000000000000e+03
6.176000000000000000e+03
6.207000000000000000e+03
6.295000000000000000e+03
6.254000000000000000e+03
6.219000000000000000e+03
6.255000000000000000e+03
6.330000000000000000e+03
6.301000000000000000e+03
6.179000000000000000e+03
6.349000000000000000e+03
6.350000000000000000e+03
6.304000000000000000e+03
6.298000000000000000e+03
6.370000000000000000e+03
6.369000000000000000e+03
6.311000000000000000e+03
6.395000000000000000e+03
6.403000000000000000e+03
6.287000000000000000e+03
6.414000000000000000e+03
6.385000000000000000e+03
6.345000000000000000e+03
6.454000000000000000e+03
6.362000000000000000e+03
6.459000000000000000e+03
6.506000000000000000e+03
6.501000000000000000e+03
6.496000000000000000e+03
6.512000000000000000e+03
6.590000000000000000e+03
6.743000000000000000e+03
6.590000000000000000e+03
6.655000000000000000e+03
6.708000000000000000e+03
6.635000000000000000e+03
6.725000000000000000e+03
6.984000000000000000e+03
6.769000000000000000e+03
6.755000000000000000e+03
6.793000000000000000e+03
6.722000000000000000e+03
6.760000000000000000e+03
6.814000000000000000e+03
6.873000000000000000e+03
6.954000000000000000e+03
6.923000000000000000e+03
6.892000000000000000e+03
6.860000000000000000e+03
7.057000000000000000e+03
6.935000000000000000e+03
7.046000000000000000e+03
7.016000000000000000e+03
7.035000000000000000e+03
7.102000000000000000e+03
7.054000000000000000e+03
7.120000000000000000e+03
7.144000000000000000e+03
7.181000000000000000e+03
7.188000000000000000e+03
7.247000000000000000e+03
7.248000000000000000e+03
7.356000000000000000e+03
7.290000000000000000e+03
7.291000000000000000e+03
7.329000000000000000e+03
7.356000000000000000e+03
7.483000000000000000e+03
7.451000000000000000e+03
7.517000000000000000e+03
7.493000000000000000e+03
7.524000000000000000e+03
7.517000000000000000e+03
7.673000000000000000e+03
7.537000000000000000e+03
7.562000000000000000e+03
7.591000000000000000e+03
7.593000000000000000e+03
7.657000000000000000e+03
7.645000000000000000e+03
7.763000000000000000e+03
7.781000000000000000e+03
7.821000000000000000e+03
7.822000000000000000e+03
7.897000000000000000e+03
7.858000000000000000e+03
7.838000000000000000e+03
7.917000000000000000e+03
7.944000000000000000e+03
7.885000000000000000e+03
7.968000000000000000e+03
7.932000000000000000e+03
7.954000000000000000e+03
8.031000000000000000e+03
8.105000000000000000e+03
8.107000000000000000e+03
8.063000000000000000e+03
7.976000000000000000e+03
8.126000000000000000e+03
8.114000000000000000e+03
8.166000000000000000e+03
8.149000000000000000e+03
8.203000000000000000e+03
8.299000000000000000e+03
8.228000000000000000e+03
8.236000000000000000e+03
8.174000000000000000e+03
8.233000000000000000e+03
8.090000000000000000e+03
8.211000000000000000e+03
8.195000000000000000e+03
8.236000000000000000e+03
8.282000000000000000e+03
8.307000000000000000e+03
8.329000000000000000e+03
8.362000000000000000e+03
8.323000000000000000e+03
8.427000000000000000e+03
8.433000000000000000e+03
8.522000000000000000e+03
8.556000000000000000e+03
8.450000000000000000e+03
8.478000000000000000e+03
8.590000000000000000e+03
8.556000000000000000e+03
8.488000000000000000e+03
8.643000000000000000e+03
8.607000000000000000e+03
8.683000000000000000e+03
8.655000000000000000e+03
8.795000000000000000e+03
8.745000000000000000e+03
8.666000000000000000e+03
8.861000000000000000e+03
8.610000000000000000e+03
8.893000000000000000e+03
8.713000000000000000e+03
8.864000000000000000e+03
9.010000000000000000e+03
8.952000000000000000e+03
9.122000000000000000e+03
8.961000000000000000e+03
9.003000000000000000e+03
8.947000000000000000e+03
9.083000000000000000e+03
9.119000000000000000e+03
9.257000000000000000e+03
9.265000000000000000e+03
9.181000000000000000e+03
9.257000000000000000e+03
9.377000000000000000e+03
9.386000000000000000e+03
9.258000000000000000e+03
9.350000000000000000e+03
9.417000000000000000e+03
9.489000000000000000e+03
9.575000000000000000e+03
9.491000000000000000e+03
9.672000000000000000e+03
9.581000000000000000e+03
9.870000000000000000e+03
9.853000000000000000e+03
9.881000000000000000e+03
9.708000000000000000e+03
9.889000000000000000e+03
9.899000000000000000e+03
9.829000000000000000e+03
9.966000000000000000e+03
1.000400000000000000e+04
9.998000000000000000e+03
1.007700000000000000e+04
1.006900000000000000e+04
1.019100000000000000e+04
1.004800000000000000e+04
1.013200000000000000e+04
1.024200000000000000e+04
1.022600000000000000e+04
1.037800000000000000e+04
1.033200000000000000e+04
1.051500000000000000e+04
1.037100000000000000e+04
1.042300000000000000e+04
1.060800000000000000e+04
1.059500000000000000e+04
1.049000000000000000e+04
1.060200000000000000e+04
1.065800000000000000e+04
1.077100000000000000e+04
1.070600000000000000e+04
1.068300000000000000e+04
1.101600000000000000e+04
1.080700000000000000e+04
1.082500000000000000e+04
1.082400000000000000e+04
1.083700000000000000e+04
1.102800000000000000e+04
1.083700000000000000e+04
1.094200000000000000e+04
1.114400000000000000e+04
1.108500000000000000e+04
1.091200000000000000e+04
1.113400000000000000e+04
1.097100000000000000e+04
1.096800000000000000e+04
1.107700000000000000e+04
1.108800000000000000e+04
1.124700000000000000e+04
1.108500000000000000e+04
1.124700000000000000e+04
1.104500000000000000e+04
1.093100000000000000e+04
1.096100000000000000e+04
1.110600000000000000e+04
1.108100000000000000e+04
1.121400000000000000e+04
1.111800000000000000e+04
1.110600000000000000e+04
1.143100000000000000e+04
1.119400000000000000e+04
1.135100000000000000e+04
1.127500000000000000e+04
1.140300000000000000e+04
1.120100000000000000e+04
1.131100000000000000e+04
1.146600000000000000e+04
1.140500000000000000e+04
1.143300000000000000e+04
1.140500000000000000e+04
1.150100000000000000e+04
1.139600000000000000e+04
1.139700000000000000e+04
1.142200000000000000e+04
1.167300000000000000e+04
1.140200000000000000e+04
1.151900000000000000e+04
1.168200000000000000e+04
1.153500000000000000e+04
1.164900000000000000e+04
1.154300000000000000e+04
1.160500000000000000e+04
1.151500000000000000e+04
1.164100000000000000e+04
1.148600000000000000e+04
1.164100000000000000e+04
1.167800000000000000e+04
1.159300000000000000e+04
1.163000000000000000e+04
1.154300000000000000e+04
1.146200000000000000e+04
1.172000000000000000e+04
1.163000000000000000e+04
1.165900000000000000e+04
1.150500000000000000e+04
1.160300000000000000e+04
1.157100000000000000e+04
1.168000000000000000e+04
1.148900000000000000e+04
1.158200000000000000e+04
1.161400000000000000e+04
1.164200000000000000e+04
1.162000000000000000e+04
1.161700000000000000e+04
1.159900000000000000e+04
1.168300000000000000e+04
1.155600000000000000e+04
1.173600000000000000e+04
1.166600000000000000e+04
1.175000000000000000e+04
1.167700000000000000e+04
1.162000000000000000e+04
1.171500000000000000e+04
1.164700000000000000e+04
1.172300000000000000e+04
1.171300000000000000e+04
1.164300000000000000e+04
1.175300000000000000e+04
1.151400000000000000e+04
1.171400000000000000e+04
1.181800000000000000e+04
1.176500000000000000e+04
1.178600000000000000e+04
1.175900000000000000e+04
1.197100000000000000e+04
1.185600000000000000e+04
1.179300000000000000e+04
1.182300000000000000e+04
1.187700000000000000e+04
1.189000000000000000e+04
1.181200000000000000e+04
1.195700000000000000e+04
1.183400000000000000e+04
1.197800000000000000e+04
1.197500000000000000e+04
1.205900000000000000e+04
1.190600000000000000e+04
1.200000000000000000e+04
1.207200000000000000e+04
1.200500000000000000e+04
1.213300000000000000e+04
1.207900000000000000e+04
1.215600000000000000e+04
1.215900000000000000e+04
1.234900000000000000e+04
1.231800000000000000e+04
1.214200000000000000e+04
1.219500000000000000e+04
1.221300000000000000e+04
1.223700000000000000e+04
1.214700000000000000e+04
1.219600000000000000e+04
1.225400000000000000e+04
1.215400000000000000e+04
1.221800000000000000e+04
1.234600000000000000e+04
1.246700000000000000e+04
1.244000000000000000e+04
1.242000000000000000e+04
1.248400000000000000e+04
1.249500000000000000e+04
1.260600000000000000e+04
1.276400000000000000e+04
1.285900000000000000e+04
1.271500000000000000e+04
1.271300000000000000e+04
1.359600000000000000e+04
1.273500000000000000e+04
1.276200000000000000e+04
1.298900000000000000e+04
1.308100000000000000e+04
1.285600000000000000e+04
1.285800000000000000e+04
1.286800000000000000e+04
1.291700000000000000e+04
1.274900000000000000e+04
1.277600000000000000e+04
1.290700000000000000e+04
1.281900000000000000e+04
1.279800000000000000e+04
1.286500000000000000e+04
1.289200000000000000e+04
1.283800000000000000e+04
1.320100000000000000e+04
1.291200000000000000e+04
1.299300000000000000e+04
1.289900000000000000e+04
1.297200000000000000e+04
1.312200000000000000e+04
1.310800000000000000e+04
1.311700000000000000e+04
1.320200000000000000e+04
1.333500000000000000e+04
1.326300000000000000e+04
1.334700000000000000e+04
1.297000000000000000e+04
1.313100000000000000e+04
1.313700000000000000e+04
1.328600000000000000e+04
1.319000000000000000e+04
1.305200000000000000e+04
1.321800000000000000e+04
1.318500000000000000e+04
1.316300000000000000e+04
1.315600000000000000e+04
1.328800000000000000e+04
1.319100000000000000e+04
1.319400000000000000e+04
1.324500000000000000e+04
1.307900000000000000e+04
1.308700000000000000e+04
1.289400000000000000e+04
1.286300000000000000e+04
1.295700000000000000e+04
1.283000000000000000e+04
1.301000000000000000e+04
1.289500000000000000e+04
1.290500000000000000e+04
1.280100000000000000e+04
1.275600000000000000e+04
1.280700000000000000e+04
1.271400000000000000e+04
1.275300000000000000e+04
1.283300000000000000e+04
1.275200000000000000e+04
1.273700000000000000e+04
1.283500000000000000e+04
1.269700000000000000e+04
1.274200000000000000e+04
1.259500000000000000e+04
1.259700000000000000e+04
1.239700000000000000e+04
1.217300000000000000e+04
1.225200000000000000e+04
1.222200000000000000e+04
1.197800000000000000e+04
1.193000000000000000e+04
1.194500000000000000e+04
1.192300000000000000e+04
1.194400000000000000e+04
1.184300000000000000e+04
1.172000000000000000e+04
1.170500000000000000e+04
1.162200000000000000e+04
1.162400000000000000e+04
1.155400000000000000e+04
1.128400000000000000e+04
1.123700000000000000e+04
1.127900000000000000e+04
1.131200000000000000e+04
1.116000000000000000e+04
1.123200000000000000e+04
1.113300000000000000e+04
1.120200000000000000e+04
1.130300000000000000e+04
1.130000000000000000e+04
1.135500000000000000e+04
1.126600000000000000e+04
1.150800000000000000e+04
1.162500000000000000e+04
1.142800000000000000e+04
1.156200000000000000e+04
1.164400000000000000e+04
1.156300000000000000e+04
1.150200000000000000e+04
1.144300000000000000e+04
1.155900000000000000e+04
1.136300000000000000e+04
1.116500000000000000e+04
1.108300000000000000e+04
1.132100000000000000e+04
1.111300000000000000e+04
1.130200000000000000e+04
1.135400000000000000e+04
1.141700000000000000e+04
1.131000000000000000e+04
1.153000000000000000e+04
1.139200000000000000e+04
1.120800000000000000e+04
1.113700000000000000e+04
1.106000000000000000e+04
1.098300000000000000e+04
1.093500000000000000e+04
1.094800000000000000e+04
1.113000000000000000e+04
1.093900000000000000e+04
1.142600000000000000e+04
1.110600000000000000e+04
1.110800000000000000e+04
1.106400000000000000e+04
1.117300000000000000e+04
1.093900000000000000e+04
1.089100000000000000e+04
1.084400000000000000e+04
1.078800000000000000e+04
1.065400000000000000e+04
1.056500000000000000e+04
1.066600000000000000e+04
1.064800000000000000e+04
1.057200000000000000e+04
1.070000000000000000e+04
1.065400000000000000e+04
1.036000000000000000e+04
1.062800000000000000e+04
1.065100000000000000e+04
1.060800000000000000e+04
1.069500000000000000e+04
1.085200000000000000e+04
1.095600000000000000e+04
1.107700000000000000e+04
1.111900000000000000e+04
1.114200000000000000e+04
1.111100000000000000e+04
1.107500000000000000e+04
1.082200000000000000e+04
1.068600000000000000e+04
1.059600000000000000e+04
1.056500000000000000e+04
1.057000000000000000e+04
1.044400000000000000e+04
1.060300000000000000e+04
1.054700000000000000e+04
1.060200000000000000e+04
1.046700000000000000e+04
1.033500000000000000e+04
1.025800000000000000e+04
1.012900000000000000e+04
1.009500000000000000e+04
1.010200000000000000e+04
1.000200000000000000e+04
1.006300000000000000e+04
9.925000000000000000e+03
9.786000000000000000e+03
