3.930000000000000000e+03
3.938000000000000000e+03
3.929000000000000000e+03
3.926000000000000000e+03
3.983000000000000000e+03
3.959000000000000000e+03
4.012000000000000000e+03
3.938000000000000000e+03
4.024000000000000000e+03
3.973000000000000000e+03
3.889000000000000000e+03
3.923000000000000000e+03
3.804000000000000000e+03
3.799000000000000000e+03
3.746000000000000000e+03
3.778000000000000000e+03
3.793000000000000000e+03
3.840000000000000000e+03
3.793000000000000000e+03
3.831000000000000000e+03
3.851000000000000000e+03
3.930000000000000000e+03
4.008000000000000000e+03
4.034000000000000000e+03
4.202000000000000000e+03
3.962000000000000000e+03
4.028000000000000000e+03
4.019000000000000000e+03
3.968000000000000000e+03
3.987000000000000000e+03
3.944000000000000000e+03
3.988000000000000000e+03
3.981000000000000000e+03
3.992000000000000000e+03
4.029000000000000000e+03
3.944000000000000000e+03
4.175000000000000000e+03
3.941000000000000000e+03
3.979000000000000000e+03
4.033000000000000000e+03
4.059000000000000000e+03
4.030000000000000000e+03
4.065000000000000000e+03
4.074000000000000000e+03
4.017000000000000000e+03
4.086000000000000000e+03
4.064000000000000000e+03
4.045000000000000000e+03
4.068000000000000000e+03
4.026000000000000000e+03
4.031000000000000000e+03
4.072000000000000000e+03
4.093000000000000000e+03
4.127000000000000000e+03
4.103000000000000000e+03
4.085000000000000000e+03
4.159000000000000000e+03
4.154000000000000000e+03
4.145000000000000000e+03
4.206000000000000000e+03
4.190000000000000000e+03
4.170000000000000000e+03
4.239000000000000000e+03
4.253000000000000000e+03
4.163000000000000000e+03
4.200000000000000000e+03
4.247000000000000000e+03
4.286000000000000000e+03
4.238000000000000000e+03
4.210000000000000000e+03
4.196000000000000000e+03
4.250000000000000000e+03
4.363000000000000000e+03
4.512000000000000000e+03
4.252000000000000000e+03
4.280000000000000000e+03
4.292000000000000000e+03
4.329000000000000000e+03
4.383000000000000000e+03
4.283000000000000000e+03
4.348000000000000000e+03
4.388000000000000000e+03
4.405000000000000000e+03
4.529000000000000000e+03
4.302000000000000000e+03
4.395000000000000000e+03
4.395000000000000000e+03
4.445000000000000000e+03
4.414000000000000000e+03
4.380000000000000000e+03
4.357000000000000000e+03
4.477000000000000000e+03
4.410000000000000000e+03
4.487000000000000000e+03
4.439000000000000000e+03
4.466000000000000000e+03
4.389000000000000000e+03
4.540000000000000000e+03
4.458000000000000000e+03
4.465000000000000000e+03
4.456000000000000000e+03
4.466000000000000000e+03
4.556000000000000000e+03
4.567000000000000000e+03
4.525000000000000000e+03
4.556000000000000000e+03
4.607000000000000000e+03
4.600000000000000000e+03
4.653000000000000000e+03
4.529000000000000000e+03
4.559000000000000000e+03
4.550000000000000000e+03
4.624000000000000000e+03
4.653000000000000000e+03
4.594000000000000000e+03
4.669000000000000000e+03
4.676000000000000000e+03
4.680000000000000000e+03
4.678000000000000000e+03
4.699000000000000000e+03
4.582000000000000000e+03
4.731000000000000000e+03
4.727000000000000000e+03
4.788000000000000000e+03
4.702000000000000000e+03
4.799000000000000000e+03
4.826000000000000000e+03
4.742000000000000000e+03
4.788000000000000000e+03
4.799000000000000000e+03
4.826000000000000000e+03
4.907000000000000000e+03
4.891000000000000000e+03
4.831000000000000000e+03
4.902000000000000000e+03
4.852000000000000000e+03
4.845000000000000000e+03
4.906000000000000000e+03
4.897000000000000000e+03
5.007000000000000000e+03
5.035000000000000000e+03
5.029000000000000000e+03
4.911000000000000000e+03
5.009000000000000000e+03
5.002000000000000000e+03
4.969000000000000000e+03
4.978000000000000000e+03
4.953000000000000000e+03
5.025000000000000000e+03
5.156000000000000000e+03
5.098000000000000000e+03
5.135000000000000000e+03
5.126000000000000000e+03
5.226000000000000000e+03
5.132000000000000000e+03
5.084000000000000000e+03
5.149000000000000000e+03
5.215000000000000000e+03
5.331000000000000000e+03
5.287000000000000000e+03
5.255000000000000000e+03
5.262000000000000000e+03
5.357000000000000000e+03
5.254000000000000000e+03
5.305000000000000000e+03
5.294000000000000000e+03
5.411000000000000000e+03
5.342000000000000000e+03
5.395000000000000000e+03
5.385000000000000000e+03
5.411000000000000000e+03
5.405000000000000000e+03
5.328000000000000000e+03
5.434000000000000000e+03
5.429000000000000000e+03
5.458000000000000000e+03
5.453000000000000000e+03
5.531000000000000000e+03
5.568000000000000000e+03
5.521000000000000000e+03
5.543000000000000000e+03
5.597000000000000000e+03
5.582000000000000000e+03
5.640000000000000000e+03
5.566000000000000000e+03
5.613000000000000000e+03
5.618000000000000000e+03
5.655000000000000000e+03
5.879000000000000000e+03
5.699000000000000000e+03
5.685000000000000000e+03
5.752000000000000000e+03
5.705000000000000000e+03
5.702000000000000000e+03
5.913000000000000000e+03
5.778000000000000000e+03
5.823000000000000000e+03
5.749000000000000000e+03
5.784000000000000000e+03
5.766000000000000000e+03
5.807000000000000000e+03
5.817000000000000000e+03
6.001000000000000000e+03
5.907000000000000000e+03
5.900000000000000000e+03
5.954000000000000000e+03
5.930000000000000000e+03
5.858000000000000000e+03
5.966000000000000000e+03
6.044000000000000000e+03
5.963000000000000000e+03
5.988000000000000000e+03
5.999000000000000000e+03
6.012000000000000000e+03
6.127000000000000000e+03
6.014000000000000000e+03
6.132000000000000000e+03
6.446000000000000000e+03
6.180000000000000000e+03
6.317000000000000000e+03
6.228000000000000000e+03
6.243000000000000000e+03
6.224000000000000000e+03
6.372000000000000000e+03
6.353000000000000000e+03
6.275000000000000000e+03
6.301000000000000000e+03
6.364000000000000000e+03
6.296000000000000000e+03
6.317000000000000000e+03
6.322000000000000000e+03
6.322000000000000000e+03
6.391000000000000000e+03
6.444000000000000000e+03
6.382000000000000000e+03
6.408000000000000000e+03
6.384000000000000000e+03
6.485000000000000000e+03
6.476000000000000000e+03
6.483000000000000000e+03
6.427000000000000000e+03
6.616000000000000000e+03
6.573000000000000000e+03
6.559000000000000000e+03
6.565000000000000000e+03
6.553000000000000000e+03
6.596000000000000000e+03
6.625000000000000000e+03
6.729000000000000000e+03
6.617000000000000000e+03
6.610000000000000000e+03
6.656000000000000000e+03
6.689000000000000000e+03
6.774000000000000000e+03
6.681000000000000000e+03
6.759000000000000000e+03
6.680000000000000000e+03
6.738000000000000000e+03
6.703000000000000000e+03
6.770000000000000000e+03
6.774000000000000000e+03
6.771000000000000000e+03
6.747000000000000000e+03
6.786000000000000000e+03
6.876000000000000000e+03
6.820000000000000000e+03
6.846000000000000000e+03
6.881000000000000000e+03
6.847000000000000000e+03
6.819000000000000000e+03
6.896000000000000000e+03
6.803000000000000000e+03
6.930000000000000000e+03
6.961000000000000000e+03
6.890000000000000000e+03
7.016000000000000000e+03
6.945000000000000000e+03
6.939000000000000000e+03
6.990000000000000000e+03
6.892000000000000000e+03
6.992000000000000000e+03
6.942000000000000000e+03
6.918000000000000000e+03
7.023000000000000000e+03
7.020000000000000000e+03
6.956000000000000000e+03
7.052000000000000000e+03
6.959000000000000000e+03
7.038000000000000000e+03
7.064000000000000000e+03
7.107000000000000000e+03
7.104000000000000000e+03
7.045000000000000000e+03
7.044000000000000000e+03
7.247000000000000000e+03
7.189000000000000000e+03
7.155000000000000000e+03
7.213000000000000000e+03
7.136000000000000000e+03
7.217000000000000000e+03
7.193000000000000000e+03
7.337000000000000000e+03
7.338000000000000000e+03
7.379000000000000000e+03
7.261000000000000000e+03
7.382000000000000000e+03
7.473000000000000000e+03
7.567000000000000000e+03
7.373000000000000000e+03
7.437000000000000000e+03
7.547000000000000000e+03
7.401000000000000000e+03
7.426000000000000000e+03
7.533000000000000000e+03
7.569000000000000000e+03
7.473000000000000000e+03
7.605000000000000000e+03
7.768000000000000000e+03
7.637000000000000000e+03
7.750000000000000000e+03
7.805000000000000000e+03
7.766000000000000000e+03
7.819000000000000000e+03
7.833000000000000000e+03
8.111000000000000000e+03
7.898000000000000000e+03
7.736000000000000000e+03
7.953000000000000000e+03
7.989000000000000000e+03
7.893000000000000000e+03
7.931000000000000000e+03
7.984000000000000000e+03
8.046000000000000000e+03
8.066000000000000000e+03
7.965000000000000000e+03
8.193000000000000000e+03
8.063000000000000000e+03
8.207000000000000000e+03
8.224000000000000000e+03
8.198000000000000000e+03
8.234000000000000000e+03
8.373000000000000000e+03
8.354000000000000000e+03
8.327000000000000000e+03
8.287000000000000000e+03
8.323000000000000000e+03
8.513000000000000000e+03
8.436000000000000000e+03
8.486000000000000000e+03
8.414000000000000000e+03
8.638000000000000000e+03
8.630000000000000000e+03
8.563000000000000000e+03
8.647000000000000000e+03
8.571000000000000000e+03
8.696000000000000000e+03
8.679000000000000000e+03
8.749000000000000000e+03
8.674000000000000000e+03
1.145800000000000000e+04
8.816000000000000000e+03
8.821000000000000000e+03
8.813000000000000000e+03
8.832000000000000000e+03
8.895000000000000000e+03
8.883000000000000000e+03
8.901000000000000000e+03
8.893000000000000000e+03
8.952000000000000000e+03
8.990000000000000000e+03
9.086000000000000000e+03
8.961000000000000000e+03
9.070000000000000000e+03
8.984000000000000000e+03
9.239000000000000000e+03
9.112000000000000000e+03
9.174000000000000000e+03
9.204000000000000000e+03
9.143000000000000000e+03
9.249000000000000000e+03
9.028000000000000000e+03
9.276000000000000000e+03
9.316000000000000000e+03
9.298000000000000000e+03
9.342000000000000000e+03
9.392000000000000000e+03
9.171000000000000000e+03
9.211000000000000000e+03
9.228000000000000000e+03
9.284000000000000000e+03
9.336000000000000000e+03
9.421000000000000000e+03
9.405000000000000000e+03
9.460000000000000000e+03
9.395000000000000000e+03
9.531000000000000000e+03
9.605000000000000000e+03
9.541000000000000000e+03
9.507000000000000000e+03
9.470000000000000000e+03
9.585000000000000000e+03
9.573000000000000000e+03
9.634000000000000000e+03
9.622000000000000000e+03
9.740000000000000000e+03
9.754000000000000000e+03
9.750000000000000000e+03
9.860000000000000000e+03
9.960000000000000000e+03
9.980000000000000000e+03
9.944000000000000000e+03
9.819000000000000000e+03
1.002700000000000000e+04
1.002400000000000000e+04
1.009100000000000000e+04
1.002300000000000000e+04
1.018900000000000000e+04
1.020200000000000000e+04
1.020700000000000000e+04
1.027800000000000000e+04
1.030900000000000000e+04
1.038600000000000000e+04
1.032300000000000000e+04
1.045400000000000000e+04
1.058400000000000000e+04
1.048600000000000000e+04
1.054700000000000000e+04
1.053800000000000000e+04
1.059200000000000000e+04
1.067500000000000000e+04
1.142400000000000000e+04
1.065800000000000000e+04
1.079100000000000000e+04
1.082400000000000000e+04
1.073400000000000000e+04
1.079900000000000000e+04
1.096700000000000000e+04
1.098100000000000000e+04
1.103900000000000000e+04
1.096800000000000000e+04
1.121000000000000000e+04
1.113800000000000000e+04
1.122600000000000000e+04
1.122900000000000000e+04
1.122000000000000000e+04
1.121900000000000000e+04
1.131100000000000000e+04
1.133100000000000000e+04
1.130100000000000000e+04
1.158700000000000000e+04
1.160900000000000000e+04
1.155400000000000000e+04
1.160100000000000000e+04
1.164100000000000000e+04
1.164900000000000000e+04
1.161300000000000000e+04
1.168700000000000000e+04
1.173400000000000000e+04
1.180100000000000000e+04
1.188500000000000000e+04
1.185700000000000000e+04
1.179000000000000000e+04
1.196000000000000000e+04
1.199000000000000000e+04
1.187000000000000000e+04
1.203800000000000000e+04
1.195200000000000000e+04
1.205200000000000000e+04
1.206700000000000000e+04
1.202400000000000000e+04
1.217500000000000000e+04
1.225600000000000000e+04
1.219100000000000000e+04
1.216200000000000000e+04
1.214700000000000000e+04
1.211400000000000000e+04
1.219600000000000000e+04
1.227400000000000000e+04
1.220700000000000000e+04
1.213300000000000000e+04
1.229100000000000000e+04
1.230000000000000000e+04
1.226700000000000000e+04
1.233400000000000000e+04
1.230100000000000000e+04
1.232200000000000000e+04
1.237200000000000000e+04
1.254900000000000000e+04
1.248000000000000000e+04
1.259800000000000000e+04
1.243100000000000000e+04
1.252000000000000000e+04
1.257800000000000000e+04
1.247600000000000000e+04
1.266000000000000000e+04
1.258500000000000000e+04
1.277200000000000000e+04
1.270300000000000000e+04
1.275500000000000000e+04
1.265900000000000000e+04
1.265300000000000000e+04
1.279100000000000000e+04
1.275300000000000000e+04
1.288200000000000000e+04
1.277400000000000000e+04
1.280200000000000000e+04
1.280600000000000000e+04
1.259300000000000000e+04
1.270400000000000000e+04
1.272700000000000000e+04
1.307900000000000000e+04
1.295600000000000000e+04
1.279800000000000000e+04
1.284700000000000000e+04
1.290200000000000000e+04
1.282900000000000000e+04
1.287900000000000000e+04
1.289200000000000000e+04
1.283300000000000000e+04
1.276700000000000000e+04
1.281300000000000000e+04
1.284100000000000000e+04
1.286400000000000000e+04
1.278200000000000000e+04
1.280600000000000000e+04
1.282500000000000000e+04
1.302500000000000000e+04
1.297100000000000000e+04
1.288700000000000000e+04
1.287900000000000000e+04
1.304500000000000000e+04
1.294500000000000000e+04
1.293000000000000000e+04
1.301700000000000000e+04
1.301000000000000000e+04
1.299300000000000000e+04
1.293700000000000000e+04
1.297200000000000000e+04
1.294200000000000000e+04
1.300300000000000000e+04
1.290500000000000000e+04
1.293300000000000000e+04
1.285900000000000000e+04
1.312800000000000000e+04
1.296600000000000000e+04
1.303400000000000000e+04
1.303700000000000000e+04
1.287400000000000000e+04
1.301600000000000000e+04
1.305100000000000000e+04
1.318700000000000000e+04
1.298100000000000000e+04
1.306400000000000000e+04
1.312000000000000000e+04
1.317800000000000000e+04
1.321700000000000000e+04
1.301700000000000000e+04
1.324000000000000000e+04
1.330000000000000000e+04
1.330300000000000000e+04
1.323300000000000000e+04
1.329300000000000000e+04
1.345500000000000000e+04
1.352700000000000000e+04
1.326600000000000000e+04
1.342200000000000000e+04
1.333800000000000000e+04
1.352900000000000000e+04
1.342600000000000000e+04
1.336800000000000000e+04
1.346700000000000000e+04
1.345100000000000000e+04
1.351000000000000000e+04
1.356300000000000000e+04
1.350400000000000000e+04
1.352500000000000000e+04
1.358200000000000000e+04
1.367200000000000000e+04
1.375700000000000000e+04
1.371200000000000000e+04
1.363300000000000000e+04
1.368000000000000000e+04
1.378000000000000000e+04
1.384500000000000000e+04
1.378700000000000000e+04
1.383700000000000000e+04
1.379200000000000000e+04
1.375600000000000000e+04
1.385400000000000000e+04
1.379800000000000000e+04
1.391000000000000000e+04
1.386800000000000000e+04
1.399900000000000000e+04
1.392000000000000000e+04
1.391600000000000000e+04
1.410400000000000000e+04
1.409500000000000000e+04
1.407000000000000000e+04
1.420700000000000000e+04
1.415100000000000000e+04
1.407500000000000000e+04
1.422100000000000000e+04
1.423100000000000000e+04
1.429800000000000000e+04
1.434500000000000000e+04
1.421400000000000000e+04
1.418600000000000000e+04
1.443300000000000000e+04
1.425500000000000000e+04
1.440900000000000000e+04
1.428400000000000000e+04
1.415900000000000000e+04
1.419300000000000000e+04
1.433800000000000000e+04
1.427300000000000000e+04
1.418700000000000000e+04
1.435400000000000000e+04
1.428600000000000000e+04
1.415900000000000000e+04
1.421400000000000000e+04
1.419400000000000000e+04
1.440000000000000000e+04
1.420400000000000000e+04
1.432900000000000000e+04
1.432300000000000000e+04
1.412300000000000000e+04
1.410000000000000000e+04
1.425200000000000000e+04
1.422900000000000000e+04
1.454100000000000000e+04
1.443800000000000000e+04
1.454700000000000000e+04
1.434000000000000000e+04
1.426900000000000000e+04
1.437000000000000000e+04
1.433200000000000000e+04
1.428600000000000000e+04
1.425100000000000000e+04
1.438200000000000000e+04
1.438300000000000000e+04
1.442400000000000000e+04
1.440000000000000000e+04
1.427700000000000000e+04
1.398700000000000000e+04
1.405000000000000000e+04
1.393100000000000000e+04
1.397500000000000000e+04
1.384600000000000000e+04
1.391400000000000000e+04
1.384800000000000000e+04
1.370900000000000000e+04
1.381000000000000000e+04
1.368400000000000000e+04
1.351200000000000000e+04
1.349500000000000000e+04
1.336200000000000000e+04
1.359100000000000000e+04
1.340300000000000000e+04
1.333500000000000000e+04
1.347300000000000000e+04
1.343100000000000000e+04
1.340500000000000000e+04
1.345800000000000000e+04
1.346500000000000000e+04
1.343400000000000000e+04
1.322600000000000000e+04
1.322100000000000000e+04
1.312700000000000000e+04
1.305300000000000000e+04
1.306300000000000000e+04
1.287200000000000000e+04
1.305000000000000000e+04
1.305700000000000000e+04
1.292600000000000000e+04
1.281000000000000000e+04
1.279200000000000000e+04
1.292800000000000000e+04
1.270600000000000000e+04
1.256000000000000000e+04
1.239900000000000000e+04
1.228000000000000000e+04
1.216300000000000000e+04
1.221600000000000000e+04
1.208300000000000000e+04
1.224200000000000000e+04
1.227100000000000000e+04
1.245400000000000000e+04
1.251600000000000000e+04
1.258600000000000000e+04
1.258000000000000000e+04
1.265400000000000000e+04
1.243500000000000000e+04
1.231100000000000000e+04
1.226700000000000000e+04
1.225200000000000000e+04
1.239500000000000000e+04
1.236100000000000000e+04
1.240100000000000000e+04
1.223700000000000000e+04
1.235500000000000000e+04
1.216500000000000000e+04
1.212100000000000000e+04
1.214100000000000000e+04
1.222100000000000000e+04
1.199400000000000000e+04
1.210900000000000000e+04
1.220600000000000000e+04
1.204600000000000000e+04
1.189400000000000000e+04
1.186400000000000000e+04
1.185300000000000000e+04
1.178000000000000000e+04
1.169600000000000000e+04
1.159100000000000000e+04
1.160400000000000000e+04
1.165400000000000000e+04
1.150400000000000000e+04
1.151500000000000000e+04
1.142100000000000000e+04
1.158800000000000000e+04
1.132000000000000000e+04
1.153200000000000000e+04
1.171700000000000000e+04
1.160500000000000000e+04
1.154300000000000000e+04
1.164800000000000000e+04
1.171600000000000000e+04
1.163800000000000000e+04
1.184900000000000000e+04
1.163400000000000000e+04
1.155100000000000000e+04
1.152300000000000000e+04
1.129200000000000000e+04
1.121700000000000000e+04
1.133100000000000000e+04
1.125700000000000000e+04
1.122500000000000000e+04
1.108300000000000000e+04
1.137400000000000000e+04
1.128100000000000000e+04
1.130500000000000000e+04
1.131400000000000000e+04
1.147400000000000000e+04
1.139200000000000000e+04
1.144600000000000000e+04
1.143400000000000000e+04
1.158000000000000000e+04
1.149500000000000000e+04
1.143100000000000000e+04
1.139900000000000000e+04
1.135500000000000000e+04
1.146300000000000000e+04
1.147300000000000000e+04
1.168200000000000000e+04
1.147300000000000000e+04
1.153400000000000000e+04
1.181700000000000000e+04
1.144500000000000000e+04
1.132300000000000000e+04
1.123400000000000000e+04
1.127200000000000000e+04
1.111000000000000000e+04
1.108100000000000000e+04
1.096600000000000000e+04
1.071500000000000000e+04
