3.486000000000000000e+03
3.537000000000000000e+03
3.564000000000000000e+03
3.518000000000000000e+03
3.599000000000000000e+03
3.592000000000000000e+03
3.521000000000000000e+03
3.556000000000000000e+03
3.516000000000000000e+03
3.534000000000000000e+03
3.580000000000000000e+03
3.550000000000000000e+03
3.936000000000000000e+03
3.459000000000000000e+03
3.507000000000000000e+03
3.560000000000000000e+03
3.603000000000000000e+03
3.620000000000000000e+03
3.501000000000000000e+03
3.561000000000000000e+03
3.519000000000000000e+03
3.558000000000000000e+03
3.579000000000000000e+03
3.482000000000000000e+03
3.574000000000000000e+03
3.537000000000000000e+03
3.543000000000000000e+03
3.582000000000000000e+03
3.551000000000000000e+03
3.640000000000000000e+03
3.570000000000000000e+03
3.598000000000000000e+03
3.628000000000000000e+03
3.634000000000000000e+03
3.576000000000000000e+03
3.676000000000000000e+03
3.600000000000000000e+03
3.604000000000000000e+03
3.615000000000000000e+03
3.619000000000000000e+03
3.604000000000000000e+03
3.676000000000000000e+03
3.631000000000000000e+03
3.661000000000000000e+03
3.581000000000000000e+03
3.624000000000000000e+03
3.627000000000000000e+03
3.682000000000000000e+03
3.634000000000000000e+03
3.641000000000000000e+03
3.675000000000000000e+03
3.689000000000000000e+03
3.663000000000000000e+03
3.656000000000000000e+03
3.697000000000000000e+03
3.757000000000000000e+03
3.706000000000000000e+03
3.733000000000000000e+03
3.743000000000000000e+03
3.746000000000000000e+03
3.681000000000000000e+03
3.695000000000000000e+03
3.766000000000000000e+03
3.770000000000000000e+03
3.792000000000000000e+03
3.818000000000000000e+03
3.814000000000000000e+03
3.795000000000000000e+03
3.795000000000000000e+03
3.843000000000000000e+03
3.919000000000000000e+03
3.888000000000000000e+03
3.777000000000000000e+03
3.821000000000000000e+03
3.901000000000000000e+03
3.850000000000000000e+03
3.864000000000000000e+03
3.910000000000000000e+03
3.894000000000000000e+03
3.921000000000000000e+03
3.911000000000000000e+03
3.920000000000000000e+03
3.872000000000000000e+03
3.960000000000000000e+03
3.922000000000000000e+03
3.921000000000000000e+03
3.999000000000000000e+03
3.936000000000000000e+03
3.931000000000000000e+03
3.951000000000000000e+03
3.974000000000000000e+03
3.921000000000000000e+03
4.032000000000000000e+03
3.981000000000000000e+03
3.962000000000000000e+03
4.051000000000000000e+03
4.053000000000000000e+03
4.139000000000000000e+03
4.110000000000000000e+03
3.988000000000000000e+03
4.005000000000000000e+03
4.106000000000000000e+03
4.054000000000000000e+03
4.079000000000000000e+03
4.099000000000000000e+03
4.065000000000000000e+03
4.147000000000000000e+03
4.051000000000000000e+03
4.061000000000000000e+03
4.093000000000000000e+03
4.126000000000000000e+03
4.102000000000000000e+03
4.181000000000000000e+03
4.145000000000000000e+03
4.137000000000000000e+03
4.135000000000000000e+03
4.176000000000000000e+03
4.117000000000000000e+03
4.286000000000000000e+03
4.222000000000000000e+03
4.210000000000000000e+03
4.187000000000000000e+03
4.169000000000000000e+03
4.292000000000000000e+03
4.295000000000000000e+03
4.236000000000000000e+03
4.274000000000000000e+03
4.345000000000000000e+03
4.343000000000000000e+03
4.253000000000000000e+03
4.244000000000000000e+03
4.340000000000000000e+03
4.370000000000000000e+03
4.285000000000000000e+03
4.401000000000000000e+03
4.332000000000000000e+03
4.351000000000000000e+03
4.360000000000000000e+03
4.345000000000000000e+03
4.382000000000000000e+03
4.427000000000000000e+03
4.421000000000000000e+03
4.643000000000000000e+03
4.465000000000000000e+03
4.475000000000000000e+03
4.473000000000000000e+03
4.530000000000000000e+03
4.442000000000000000e+03
4.569000000000000000e+03
4.493000000000000000e+03
4.650000000000000000e+03
4.571000000000000000e+03
4.540000000000000000e+03
4.657000000000000000e+03
4.534000000000000000e+03
4.596000000000000000e+03
4.649000000000000000e+03
4.640000000000000000e+03
4.645000000000000000e+03
4.864000000000000000e+03
4.696000000000000000e+03
4.682000000000000000e+03
4.720000000000000000e+03
4.689000000000000000e+03
4.756000000000000000e+03
4.719000000000000000e+03
4.832000000000000000e+03
4.699000000000000000e+03
4.750000000000000000e+03
4.847000000000000000e+03
4.858000000000000000e+03
4.796000000000000000e+03
4.709000000000000000e+03
4.891000000000000000e+03
4.941000000000000000e+03
4.783000000000000000e+03
5.080000000000000000e+03
4.985000000000000000e+03
4.882000000000000000e+03
4.950000000000000000e+03
4.881000000000000000e+03
4.987000000000000000e+03
4.926000000000000000e+03
4.972000000000000000e+03
4.831000000000000000e+03
4.986000000000000000e+03
4.998000000000000000e+03
5.003000000000000000e+03
5.011000000000000000e+03
5.078000000000000000e+03
5.028000000000000000e+03
5.059000000000000000e+03
5.169000000000000000e+03
5.102000000000000000e+03
5.096000000000000000e+03
5.127000000000000000e+03
5.178000000000000000e+03
5.077000000000000000e+03
5.124000000000000000e+03
5.111000000000000000e+03
5.210000000000000000e+03
5.252000000000000000e+03
5.170000000000000000e+03
5.220000000000000000e+03
5.258000000000000000e+03
5.339000000000000000e+03
5.223000000000000000e+03
5.328000000000000000e+03
5.319000000000000000e+03
5.308000000000000000e+03
5.210000000000000000e+03
5.261000000000000000e+03
5.387000000000000000e+03
5.405000000000000000e+03
5.403000000000000000e+03
5.367000000000000000e+03
5.430000000000000000e+03
5.466000000000000000e+03
5.393000000000000000e+03
5.374000000000000000e+03
5.549000000000000000e+03
5.479000000000000000e+03
5.579000000000000000e+03
5.493000000000000000e+03
5.600000000000000000e+03
5.649000000000000000e+03
5.573000000000000000e+03
5.606000000000000000e+03
5.665000000000000000e+03
5.639000000000000000e+03
5.649000000000000000e+03
5.622000000000000000e+03
5.699000000000000000e+03
5.758000000000000000e+03
5.662000000000000000e+03
5.577000000000000000e+03
5.687000000000000000e+03
5.629000000000000000e+03
5.776000000000000000e+03
5.732000000000000000e+03
5.742000000000000000e+03
5.714000000000000000e+03
5.734000000000000000e+03
5.759000000000000000e+03
5.712000000000000000e+03
5.771000000000000000e+03
5.752000000000000000e+03
5.763000000000000000e+03
5.754000000000000000e+03
5.780000000000000000e+03
5.874000000000000000e+03
5.911000000000000000e+03
5.854000000000000000e+03
5.955000000000000000e+03
5.940000000000000000e+03
5.835000000000000000e+03
5.973000000000000000e+03
5.903000000000000000e+03
5.937000000000000000e+03
5.931000000000000000e+03
5.986000000000000000e+03
5.950000000000000000e+03
5.986000000000000000e+03
6.014000000000000000e+03
6.018000000000000000e+03
5.920000000000000000e+03
6.096000000000000000e+03
6.128000000000000000e+03
6.063000000000000000e+03
6.068000000000000000e+03
6.087000000000000000e+03
6.083000000000000000e+03
6.187000000000000000e+03
6.145000000000000000e+03
6.119000000000000000e+03
6.073000000000000000e+03
6.234000000000000000e+03
6.161000000000000000e+03
6.226000000000000000e+03
6.162000000000000000e+03
6.278000000000000000e+03
6.255000000000000000e+03
6.229000000000000000e+03
6.151000000000000000e+03
6.252000000000000000e+03
6.279000000000000000e+03
6.173000000000000000e+03
6.294000000000000000e+03
6.265000000000000000e+03
6.347000000000000000e+03
6.282000000000000000e+03
6.321000000000000000e+03
6.319000000000000000e+03
6.281000000000000000e+03
6.189000000000000000e+03
6.352000000000000000e+03
6.386000000000000000e+03
6.402000000000000000e+03
6.281000000000000000e+03
6.397000000000000000e+03
6.451000000000000000e+03
6.591000000000000000e+03
6.404000000000000000e+03
6.409000000000000000e+03
6.681000000000000000e+03
6.554000000000000000e+03
6.534000000000000000e+03
6.532000000000000000e+03
6.561000000000000000e+03
6.878000000000000000e+03
6.543000000000000000e+03
6.680000000000000000e+03
6.700000000000000000e+03
6.718000000000000000e+03
6.731000000000000000e+03
6.782000000000000000e+03
6.743000000000000000e+03
6.804000000000000000e+03
6.895000000000000000e+03
6.734000000000000000e+03
6.864000000000000000e+03
6.861000000000000000e+03
6.976000000000000000e+03
6.841000000000000000e+03
6.828000000000000000e+03
6.923000000000000000e+03
6.866000000000000000e+03
7.032000000000000000e+03
7.002000000000000000e+03
7.079000000000000000e+03
7.018000000000000000e+03
7.080000000000000000e+03
7.079000000000000000e+03
7.587000000000000000e+03
7.046000000000000000e+03
7.156000000000000000e+03
7.171000000000000000e+03
7.254000000000000000e+03
7.234000000000000000e+03
7.292000000000000000e+03
7.424000000000000000e+03
7.289000000000000000e+03
7.312000000000000000e+03
7.339000000000000000e+03
7.383000000000000000e+03
7.544000000000000000e+03
7.426000000000000000e+03
7.583000000000000000e+03
7.637000000000000000e+03
7.470000000000000000e+03
7.524000000000000000e+03
7.535000000000000000e+03
7.498000000000000000e+03
7.594000000000000000e+03
7.724000000000000000e+03
7.672000000000000000e+03
7.606000000000000000e+03
7.763000000000000000e+03
7.747000000000000000e+03
7.772000000000000000e+03
7.779000000000000000e+03
7.780000000000000000e+03
7.898000000000000000e+03
7.797000000000000000e+03
7.828000000000000000e+03
7.942000000000000000e+03
7.812000000000000000e+03
7.872000000000000000e+03
7.961000000000000000e+03
8.035000000000000000e+03
7.964000000000000000e+03
8.027000000000000000e+03
7.972000000000000000e+03
8.061000000000000000e+03
7.969000000000000000e+03
8.036000000000000000e+03
8.030000000000000000e+03
8.047000000000000000e+03
8.038000000000000000e+03
8.066000000000000000e+03
8.163000000000000000e+03
8.156000000000000000e+03
8.233000000000000000e+03
8.136000000000000000e+03
8.236000000000000000e+03
8.238000000000000000e+03
8.180000000000000000e+03
8.158000000000000000e+03
8.299000000000000000e+03
8.256000000000000000e+03
8.312000000000000000e+03
8.255000000000000000e+03
8.388000000000000000e+03
8.361000000000000000e+03
8.392000000000000000e+03
8.428000000000000000e+03
8.410000000000000000e+03
8.516000000000000000e+03
8.497000000000000000e+03
8.431000000000000000e+03
8.508000000000000000e+03
8.591000000000000000e+03
8.612000000000000000e+03
8.642000000000000000e+03
8.537000000000000000e+03
9.291000000000000000e+03
8.642000000000000000e+03
8.748000000000000000e+03
8.719000000000000000e+03
8.746000000000000000e+03
8.770000000000000000e+03
8.887000000000000000e+03
8.828000000000000000e+03
8.861000000000000000e+03
8.871000000000000000e+03
8.912000000000000000e+03
8.934000000000000000e+03
9.047000000000000000e+03
9.081000000000000000e+03
8.922000000000000000e+03
9.099000000000000000e+03
9.039000000000000000e+03
9.126000000000000000e+03
9.162000000000000000e+03
9.276000000000000000e+03
9.202000000000000000e+03
9.253000000000000000e+03
9.320000000000000000e+03
9.344000000000000000e+03
9.300000000000000000e+03
9.399000000000000000e+03
9.550000000000000000e+03
9.460000000000000000e+03
9.624000000000000000e+03
9.648000000000000000e+03
9.618000000000000000e+03
9.679000000000000000e+03
9.800000000000000000e+03
9.711000000000000000e+03
9.752000000000000000e+03
9.860000000000000000e+03
9.785000000000000000e+03
9.883000000000000000e+03
9.897000000000000000e+03
9.947000000000000000e+03
1.007200000000000000e+04
1.002600000000000000e+04
9.961000000000000000e+03
1.016600000000000000e+04
1.015400000000000000e+04
1.022300000000000000e+04
1.023900000000000000e+04
1.027800000000000000e+04
1.033100000000000000e+04
1.039500000000000000e+04
1.018500000000000000e+04
1.041300000000000000e+04
1.033500000000000000e+04
1.049300000000000000e+04
1.051300000000000000e+04
1.047300000000000000e+04
1.047000000000000000e+04
1.044900000000000000e+04
1.066600000000000000e+04
1.069400000000000000e+04
1.068900000000000000e+04
1.071100000000000000e+04
1.078100000000000000e+04
1.082800000000000000e+04
1.075200000000000000e+04
1.088900000000000000e+04
1.085400000000000000e+04
1.076100000000000000e+04
1.085900000000000000e+04
1.083600000000000000e+04
1.088600000000000000e+04
1.089600000000000000e+04
1.088600000000000000e+04
1.101300000000000000e+04
1.085500000000000000e+04
1.093500000000000000e+04
1.101200000000000000e+04
1.100400000000000000e+04
1.098200000000000000e+04
1.095300000000000000e+04
1.111700000000000000e+04
1.102400000000000000e+04
1.107200000000000000e+04
1.099500000000000000e+04
1.106600000000000000e+04
1.104500000000000000e+04
1.114800000000000000e+04
1.134700000000000000e+04
1.123300000000000000e+04
1.110400000000000000e+04
1.126600000000000000e+04
1.119900000000000000e+04
1.120900000000000000e+04
1.143300000000000000e+04
1.133100000000000000e+04
1.140700000000000000e+04
1.124500000000000000e+04
1.139300000000000000e+04
1.137800000000000000e+04
1.138600000000000000e+04
1.127000000000000000e+04
1.147400000000000000e+04
1.149800000000000000e+04
1.140400000000000000e+04
1.149900000000000000e+04
1.145900000000000000e+04
1.151600000000000000e+04
1.147900000000000000e+04
1.148400000000000000e+04
1.148200000000000000e+04
1.142200000000000000e+04
1.160000000000000000e+04
1.148500000000000000e+04
1.144700000000000000e+04
1.145200000000000000e+04
1.145900000000000000e+04
1.149600000000000000e+04
1.147700000000000000e+04
1.143400000000000000e+04
1.144700000000000000e+04
1.153800000000000000e+04
1.149900000000000000e+04
1.147400000000000000e+04
1.165200000000000000e+04
1.158900000000000000e+04
1.140800000000000000e+04
1.148600000000000000e+04
1.154700000000000000e+04
1.152400000000000000e+04
1.142100000000000000e+04
1.158000000000000000e+04
1.155600000000000000e+04
1.136600000000000000e+04
1.159600000000000000e+04
1.149800000000000000e+04
1.156400000000000000e+04
1.146400000000000000e+04
1.152700000000000000e+04
1.155100000000000000e+04
1.154400000000000000e+04
1.172800000000000000e+04
1.155500000000000000e+04
1.163700000000000000e+04
1.149400000000000000e+04
1.164000000000000000e+04
1.166700000000000000e+04
1.150900000000000000e+04
1.154200000000000000e+04
1.173100000000000000e+04
1.153600000000000000e+04
1.163800000000000000e+04
1.161700000000000000e+04
1.172700000000000000e+04
1.181000000000000000e+04
1.151200000000000000e+04
1.177100000000000000e+04
1.175000000000000000e+04
1.178200000000000000e+04
1.185500000000000000e+04
1.182400000000000000e+04
1.184600000000000000e+04
1.193500000000000000e+04
1.185500000000000000e+04
1.181300000000000000e+04
1.188300000000000000e+04
1.190700000000000000e+04
1.179000000000000000e+04
1.182200000000000000e+04
1.182900000000000000e+04
1.209800000000000000e+04
1.199300000000000000e+04
1.201600000000000000e+04
1.197200000000000000e+04
1.226200000000000000e+04
1.230800000000000000e+04
1.226200000000000000e+04
1.234700000000000000e+04
1.232700000000000000e+04
1.219600000000000000e+04
1.218700000000000000e+04
1.223200000000000000e+04
1.225000000000000000e+04
1.226900000000000000e+04
1.217900000000000000e+04
1.223400000000000000e+04
1.236700000000000000e+04
1.239600000000000000e+04
1.243700000000000000e+04
1.247800000000000000e+04
1.233500000000000000e+04
1.243400000000000000e+04
1.239600000000000000e+04
1.251300000000000000e+04
1.282700000000000000e+04
1.254600000000000000e+04
1.246400000000000000e+04
1.251500000000000000e+04
1.271800000000000000e+04
1.267000000000000000e+04
1.270300000000000000e+04
1.269600000000000000e+04
1.275300000000000000e+04
1.282400000000000000e+04
1.266800000000000000e+04
1.274600000000000000e+04
1.270400000000000000e+04
1.280200000000000000e+04
1.290300000000000000e+04
1.292700000000000000e+04
1.272800000000000000e+04
1.291600000000000000e+04
1.297500000000000000e+04
1.304100000000000000e+04
1.289000000000000000e+04
1.302000000000000000e+04
1.283100000000000000e+04
1.299800000000000000e+04
1.295700000000000000e+04
1.310800000000000000e+04
1.312400000000000000e+04
1.299700000000000000e+04
1.313500000000000000e+04
1.297400000000000000e+04
1.307900000000000000e+04
1.288000000000000000e+04
1.297800000000000000e+04
1.304600000000000000e+04
1.318400000000000000e+04
1.302600000000000000e+04
1.292000000000000000e+04
1.298400000000000000e+04
1.300800000000000000e+04
1.305500000000000000e+04
1.295900000000000000e+04
1.293200000000000000e+04
1.278300000000000000e+04
1.306800000000000000e+04
1.282100000000000000e+04
1.272500000000000000e+04
1.286400000000000000e+04
1.277000000000000000e+04
1.275100000000000000e+04
1.287300000000000000e+04
1.269000000000000000e+04
1.271900000000000000e+04
1.268800000000000000e+04
1.263700000000000000e+04
1.264900000000000000e+04
1.266700000000000000e+04
1.258900000000000000e+04
1.256700000000000000e+04
1.266900000000000000e+04
1.262500000000000000e+04
1.246900000000000000e+04
1.246500000000000000e+04
1.255700000000000000e+04
1.263700000000000000e+04
1.253800000000000000e+04
1.265000000000000000e+04
1.247300000000000000e+04
1.238900000000000000e+04
1.233000000000000000e+04
1.232000000000000000e+04
1.239600000000000000e+04
1.206200000000000000e+04
1.205400000000000000e+04
1.214700000000000000e+04
1.233100000000000000e+04
1.204000000000000000e+04
1.207200000000000000e+04
1.194700000000000000e+04
1.202500000000000000e+04
1.190100000000000000e+04
1.177600000000000000e+04
1.185600000000000000e+04
1.160600000000000000e+04
1.146500000000000000e+04
1.147300000000000000e+04
1.151500000000000000e+04
1.152400000000000000e+04
1.148400000000000000e+04
1.152600000000000000e+04
1.140200000000000000e+04
1.149000000000000000e+04
1.130700000000000000e+04
1.140300000000000000e+04
1.134000000000000000e+04
1.130300000000000000e+04
1.125900000000000000e+04
1.131800000000000000e+04
1.143700000000000000e+04
1.148800000000000000e+04
1.143300000000000000e+04
1.139700000000000000e+04
1.152800000000000000e+04
1.137800000000000000e+04
1.121200000000000000e+04
1.120900000000000000e+04
1.115400000000000000e+04
1.111200000000000000e+04
1.081100000000000000e+04
1.091100000000000000e+04
1.076900000000000000e+04
1.072000000000000000e+04
1.071100000000000000e+04
1.064100000000000000e+04
1.069800000000000000e+04
1.072500000000000000e+04
1.083100000000000000e+04
1.073300000000000000e+04
1.078200000000000000e+04
1.072300000000000000e+04
1.071800000000000000e+04
1.046500000000000000e+04
1.044900000000000000e+04
1.054700000000000000e+04
1.042500000000000000e+04
1.046800000000000000e+04
1.055800000000000000e+04
1.038500000000000000e+04
1.053400000000000000e+04
1.054200000000000000e+04
1.064400000000000000e+04
1.044800000000000000e+04
1.049400000000000000e+04
1.043500000000000000e+04
1.053500000000000000e+04
1.044300000000000000e+04
1.041500000000000000e+04
1.044000000000000000e+04
1.045400000000000000e+04
1.022500000000000000e+04
1.024100000000000000e+04
1.033300000000000000e+04
1.036400000000000000e+04
1.031500000000000000e+04
1.037400000000000000e+04
1.043800000000000000e+04
1.027800000000000000e+04
1.038700000000000000e+04
1.032900000000000000e+04
1.031900000000000000e+04
1.029500000000000000e+04
1.019900000000000000e+04
1.027800000000000000e+04
1.019300000000000000e+04
1.024500000000000000e+04
1.024600000000000000e+04
1.049700000000000000e+04
1.011900000000000000e+04
1.008500000000000000e+04
1.002200000000000000e+04
9.972000000000000000e+03
9.982000000000000000e+03
9.950000000000000000e+03
9.958000000000000000e+03
1.004700000000000000e+04
9.715000000000000000e+03
9.887000000000000000e+03
9.643000000000000000e+03
