3.559000000000000000e+03
3.467000000000000000e+03
3.501000000000000000e+03
3.743000000000000000e+03
3.515000000000000000e+03
3.530000000000000000e+03
3.509000000000000000e+03
3.493000000000000000e+03
3.573000000000000000e+03
3.509000000000000000e+03
3.579000000000000000e+03
3.574000000000000000e+03
3.638000000000000000e+03
3.541000000000000000e+03
3.557000000000000000e+03
3.541000000000000000e+03
3.543000000000000000e+03
3.532000000000000000e+03
3.581000000000000000e+03
3.542000000000000000e+03
3.550000000000000000e+03
3.541000000000000000e+03
3.559000000000000000e+03
3.542000000000000000e+03
3.511000000000000000e+03
3.536000000000000000e+03
3.493000000000000000e+03
3.614000000000000000e+03
3.543000000000000000e+03
3.590000000000000000e+03
3.596000000000000000e+03
3.586000000000000000e+03
3.591000000000000000e+03
3.525000000000000000e+03
3.575000000000000000e+03
3.608000000000000000e+03
3.551000000000000000e+03
3.605000000000000000e+03
3.569000000000000000e+03
3.598000000000000000e+03
3.600000000000000000e+03
3.626000000000000000e+03
3.662000000000000000e+03
3.569000000000000000e+03
3.664000000000000000e+03
3.560000000000000000e+03
3.588000000000000000e+03
3.655000000000000000e+03
3.670000000000000000e+03
3.679000000000000000e+03
3.639000000000000000e+03
3.579000000000000000e+03
3.637000000000000000e+03
3.724000000000000000e+03
3.689000000000000000e+03
3.769000000000000000e+03
3.698000000000000000e+03
3.758000000000000000e+03
3.736000000000000000e+03
3.773000000000000000e+03
3.730000000000000000e+03
3.723000000000000000e+03
3.720000000000000000e+03
3.807000000000000000e+03
3.765000000000000000e+03
3.740000000000000000e+03
3.741000000000000000e+03
3.791000000000000000e+03
3.705000000000000000e+03
3.729000000000000000e+03
3.811000000000000000e+03
3.841000000000000000e+03
3.738000000000000000e+03
3.809000000000000000e+03
3.854000000000000000e+03
3.845000000000000000e+03
3.806000000000000000e+03
3.839000000000000000e+03
3.817000000000000000e+03
3.871000000000000000e+03
3.842000000000000000e+03
3.927000000000000000e+03
3.893000000000000000e+03
3.846000000000000000e+03
3.858000000000000000e+03
3.839000000000000000e+03
3.897000000000000000e+03
4.006000000000000000e+03
3.904000000000000000e+03
3.948000000000000000e+03
3.934000000000000000e+03
3.917000000000000000e+03
3.967000000000000000e+03
4.055000000000000000e+03
3.880000000000000000e+03
3.960000000000000000e+03
4.038000000000000000e+03
4.022000000000000000e+03
4.009000000000000000e+03
3.976000000000000000e+03
3.991000000000000000e+03
4.055000000000000000e+03
4.051000000000000000e+03
3.994000000000000000e+03
4.080000000000000000e+03
4.065000000000000000e+03
4.069000000000000000e+03
4.065000000000000000e+03
4.123000000000000000e+03
4.083000000000000000e+03
4.078000000000000000e+03
4.026000000000000000e+03
4.149000000000000000e+03
4.114000000000000000e+03
4.174000000000000000e+03
4.139000000000000000e+03
4.187000000000000000e+03
4.153000000000000000e+03
4.216000000000000000e+03
4.143000000000000000e+03
4.217000000000000000e+03
4.234000000000000000e+03
4.193000000000000000e+03
4.244000000000000000e+03
4.206000000000000000e+03
4.150000000000000000e+03
4.231000000000000000e+03
4.249000000000000000e+03
4.308000000000000000e+03
4.243000000000000000e+03
4.276000000000000000e+03
4.313000000000000000e+03
4.378000000000000000e+03
4.303000000000000000e+03
4.326000000000000000e+03
4.348000000000000000e+03
4.413000000000000000e+03
4.343000000000000000e+03
4.430000000000000000e+03
4.419000000000000000e+03
4.372000000000000000e+03
4.369000000000000000e+03
4.446000000000000000e+03
4.356000000000000000e+03
4.418000000000000000e+03
4.463000000000000000e+03
4.426000000000000000e+03
4.451000000000000000e+03
4.483000000000000000e+03
4.492000000000000000e+03
4.457000000000000000e+03
4.552000000000000000e+03
4.565000000000000000e+03
4.509000000000000000e+03
4.639000000000000000e+03
4.589000000000000000e+03
4.584000000000000000e+03
4.533000000000000000e+03
4.562000000000000000e+03
4.622000000000000000e+03
4.625000000000000000e+03
4.655000000000000000e+03
4.721000000000000000e+03
4.683000000000000000e+03
4.680000000000000000e+03
4.697000000000000000e+03
4.726000000000000000e+03
4.726000000000000000e+03
4.761000000000000000e+03
4.748000000000000000e+03
4.773000000000000000e+03
4.719000000000000000e+03
4.763000000000000000e+03
4.790000000000000000e+03
4.787000000000000000e+03
4.754000000000000000e+03
4.830000000000000000e+03
4.870000000000000000e+03
4.779000000000000000e+03
4.881000000000000000e+03
4.851000000000000000e+03
4.883000000000000000e+03
4.896000000000000000e+03
5.013000000000000000e+03
4.989000000000000000e+03
4.933000000000000000e+03
4.954000000000000000e+03
4.924000000000000000e+03
5.002000000000000000e+03
4.894000000000000000e+03
4.981000000000000000e+03
4.964000000000000000e+03
5.064000000000000000e+03
5.048000000000000000e+03
5.040000000000000000e+03
5.113000000000000000e+03
5.123000000000000000e+03
5.147000000000000000e+03
5.111000000000000000e+03
5.116000000000000000e+03
5.141000000000000000e+03
5.113000000000000000e+03
5.174000000000000000e+03
5.150000000000000000e+03
5.156000000000000000e+03
5.237000000000000000e+03
5.269000000000000000e+03
5.236000000000000000e+03
5.248000000000000000e+03
5.268000000000000000e+03
5.297000000000000000e+03
5.330000000000000000e+03
5.328000000000000000e+03
5.399000000000000000e+03
5.388000000000000000e+03
5.565000000000000000e+03
5.435000000000000000e+03
5.404000000000000000e+03
5.437000000000000000e+03
5.411000000000000000e+03
5.429000000000000000e+03
5.478000000000000000e+03
5.488000000000000000e+03
5.518000000000000000e+03
5.450000000000000000e+03
5.593000000000000000e+03
5.579000000000000000e+03
5.464000000000000000e+03
5.619000000000000000e+03
5.515000000000000000e+03
5.573000000000000000e+03
5.514000000000000000e+03
5.667000000000000000e+03
5.681000000000000000e+03
5.694000000000000000e+03
5.698000000000000000e+03
5.679000000000000000e+03
5.658000000000000000e+03
5.701000000000000000e+03
5.719000000000000000e+03
5.627000000000000000e+03
5.778000000000000000e+03
5.735000000000000000e+03
5.706000000000000000e+03
5.737000000000000000e+03
5.722000000000000000e+03
5.800000000000000000e+03
5.777000000000000000e+03
5.836000000000000000e+03
5.822000000000000000e+03
5.800000000000000000e+03
5.907000000000000000e+03
5.810000000000000000e+03
5.887000000000000000e+03
5.892000000000000000e+03
5.887000000000000000e+03
5.893000000000000000e+03
5.871000000000000000e+03
5.934000000000000000e+03
5.891000000000000000e+03
5.865000000000000000e+03
5.973000000000000000e+03
5.913000000000000000e+03
6.020000000000000000e+03
5.910000000000000000e+03
6.010000000000000000e+03
6.074000000000000000e+03
5.933000000000000000e+03
6.036000000000000000e+03
6.095000000000000000e+03
6.127000000000000000e+03
5.996000000000000000e+03
6.110000000000000000e+03
6.071000000000000000e+03
6.114000000000000000e+03
6.230000000000000000e+03
6.104000000000000000e+03
6.084000000000000000e+03
6.193000000000000000e+03
6.140000000000000000e+03
6.135000000000000000e+03
6.192000000000000000e+03
6.179000000000000000e+03
6.213000000000000000e+03
6.163000000000000000e+03
6.298000000000000000e+03
6.256000000000000000e+03
6.198000000000000000e+03
6.222000000000000000e+03
6.194000000000000000e+03
6.252000000000000000e+03
6.328000000000000000e+03
6.135000000000000000e+03
6.276000000000000000e+03
6.139000000000000000e+03
6.280000000000000000e+03
6.312000000000000000e+03
6.297000000000000000e+03
6.239000000000000000e+03
6.402000000000000000e+03
6.367000000000000000e+03
6.423000000000000000e+03
6.302000000000000000e+03
6.482000000000000000e+03
6.423000000000000000e+03
6.529000000000000000e+03
6.534000000000000000e+03
6.440000000000000000e+03
6.520000000000000000e+03
6.705000000000000000e+03
6.654000000000000000e+03
6.672000000000000000e+03
6.691000000000000000e+03
6.596000000000000000e+03
6.614000000000000000e+03
6.639000000000000000e+03
6.648000000000000000e+03
6.709000000000000000e+03
6.747000000000000000e+03
6.771000000000000000e+03
6.745000000000000000e+03
6.667000000000000000e+03
7.070000000000000000e+03
6.830000000000000000e+03
6.989000000000000000e+03
6.873000000000000000e+03
6.957000000000000000e+03
6.935000000000000000e+03
7.055000000000000000e+03
6.922000000000000000e+03
7.026000000000000000e+03
7.133000000000000000e+03
7.122000000000000000e+03
7.238000000000000000e+03
7.024000000000000000e+03
7.076000000000000000e+03
7.102000000000000000e+03
7.171000000000000000e+03
7.332000000000000000e+03
7.256000000000000000e+03
7.204000000000000000e+03
7.180000000000000000e+03
7.257000000000000000e+03
7.331000000000000000e+03
7.375000000000000000e+03
7.376000000000000000e+03
7.388000000000000000e+03
7.449000000000000000e+03
7.486000000000000000e+03
7.485000000000000000e+03
7.468000000000000000e+03
7.439000000000000000e+03
7.598000000000000000e+03
7.571000000000000000e+03
7.677000000000000000e+03
7.580000000000000000e+03
7.606000000000000000e+03
7.663000000000000000e+03
7.642000000000000000e+03
7.742000000000000000e+03
7.779000000000000000e+03
7.744000000000000000e+03
7.745000000000000000e+03
7.663000000000000000e+03
7.868000000000000000e+03
7.885000000000000000e+03
7.811000000000000000e+03
7.941000000000000000e+03
7.914000000000000000e+03
7.828000000000000000e+03
7.921000000000000000e+03
7.934000000000000000e+03
7.937000000000000000e+03
7.939000000000000000e+03
7.979000000000000000e+03
7.913000000000000000e+03
8.016000000000000000e+03
7.957000000000000000e+03
7.958000000000000000e+03
8.041000000000000000e+03
8.025000000000000000e+03
7.980000000000000000e+03
8.094000000000000000e+03
8.063000000000000000e+03
8.202000000000000000e+03
8.197000000000000000e+03
8.083000000000000000e+03
8.151000000000000000e+03
8.326000000000000000e+03
8.215000000000000000e+03
8.230000000000000000e+03
8.189000000000000000e+03
8.430000000000000000e+03
8.264000000000000000e+03
8.333000000000000000e+03
8.439000000000000000e+03
8.394000000000000000e+03
8.232000000000000000e+03
8.240000000000000000e+03
8.425000000000000000e+03
8.345000000000000000e+03
8.524000000000000000e+03
8.460000000000000000e+03
8.515000000000000000e+03
8.485000000000000000e+03
8.625000000000000000e+03
8.567000000000000000e+03
8.487000000000000000e+03
8.670000000000000000e+03
8.665000000000000000e+03
8.686000000000000000e+03
8.513000000000000000e+03
8.662000000000000000e+03
8.732000000000000000e+03
8.782000000000000000e+03
8.800000000000000000e+03
8.893000000000000000e+03
8.832000000000000000e+03
8.936000000000000000e+03
8.884000000000000000e+03
8.931000000000000000e+03
8.954000000000000000e+03
9.000000000000000000e+03
9.091000000000000000e+03
9.087000000000000000e+03
9.113000000000000000e+03
9.247000000000000000e+03
9.339000000000000000e+03
9.330000000000000000e+03
9.374000000000000000e+03
9.426000000000000000e+03
9.313000000000000000e+03
9.409000000000000000e+03
9.304000000000000000e+03
9.548000000000000000e+03
9.687000000000000000e+03
9.453000000000000000e+03
9.518000000000000000e+03
9.663000000000000000e+03
9.547000000000000000e+03
9.690000000000000000e+03
9.762000000000000000e+03
1.009500000000000000e+04
9.866000000000000000e+03
9.858000000000000000e+03
9.816000000000000000e+03
9.876000000000000000e+03
1.006200000000000000e+04
9.855000000000000000e+03
1.003100000000000000e+04
1.027900000000000000e+04
1.008000000000000000e+04
1.019600000000000000e+04
1.035300000000000000e+04
1.019000000000000000e+04
1.024200000000000000e+04
1.030000000000000000e+04
1.037100000000000000e+04
1.034200000000000000e+04
1.038800000000000000e+04
1.042000000000000000e+04
1.041900000000000000e+04
1.054600000000000000e+04
1.046300000000000000e+04
1.044400000000000000e+04
1.047200000000000000e+04
1.110100000000000000e+04
1.059900000000000000e+04
1.065000000000000000e+04
1.063900000000000000e+04
1.065500000000000000e+04
1.080600000000000000e+04
1.081300000000000000e+04
1.069600000000000000e+04
1.070100000000000000e+04
1.065000000000000000e+04
1.085200000000000000e+04
1.084100000000000000e+04
1.072700000000000000e+04
1.079800000000000000e+04
1.082700000000000000e+04
1.083100000000000000e+04
1.095300000000000000e+04
1.092900000000000000e+04
1.073500000000000000e+04
1.101700000000000000e+04
1.093000000000000000e+04
1.099300000000000000e+04
1.090200000000000000e+04
1.101000000000000000e+04
1.100900000000000000e+04
1.105100000000000000e+04
1.099300000000000000e+04
1.107900000000000000e+04
1.115200000000000000e+04
1.133400000000000000e+04
1.120100000000000000e+04
1.130500000000000000e+04
1.131800000000000000e+04
1.132400000000000000e+04
1.125500000000000000e+04
1.109400000000000000e+04
1.129300000000000000e+04
1.112000000000000000e+04
1.140000000000000000e+04
1.131800000000000000e+04
1.131900000000000000e+04
1.140500000000000000e+04
1.137500000000000000e+04
1.128800000000000000e+04
1.136400000000000000e+04
1.126100000000000000e+04
1.130100000000000000e+04
1.131800000000000000e+04
1.149500000000000000e+04
1.134400000000000000e+04
1.146900000000000000e+04
1.126600000000000000e+04
1.139900000000000000e+04
1.138500000000000000e+04
1.138800000000000000e+04
1.131000000000000000e+04
1.128800000000000000e+04
1.125000000000000000e+04
1.120600000000000000e+04
1.145100000000000000e+04
1.137600000000000000e+04
1.137100000000000000e+04
1.142300000000000000e+04
1.136000000000000000e+04
1.127700000000000000e+04
1.140800000000000000e+04
1.137700000000000000e+04
1.125800000000000000e+04
1.142800000000000000e+04
1.132500000000000000e+04
1.140300000000000000e+04
1.130900000000000000e+04
1.125500000000000000e+04
1.143200000000000000e+04
1.148900000000000000e+04
1.143400000000000000e+04
1.144600000000000000e+04
1.140200000000000000e+04
1.140700000000000000e+04
1.128600000000000000e+04
1.126400000000000000e+04
1.156700000000000000e+04
1.143600000000000000e+04
1.155000000000000000e+04
1.148000000000000000e+04
1.150000000000000000e+04
1.165300000000000000e+04
1.163900000000000000e+04
1.152400000000000000e+04
1.156000000000000000e+04
1.151900000000000000e+04
1.178900000000000000e+04
1.166200000000000000e+04
1.173100000000000000e+04
1.157600000000000000e+04
1.154100000000000000e+04
1.177400000000000000e+04
1.155100000000000000e+04
1.163300000000000000e+04
1.170300000000000000e+04
1.170900000000000000e+04
1.190700000000000000e+04
1.191700000000000000e+04
1.193400000000000000e+04
1.188500000000000000e+04
1.186500000000000000e+04
1.190100000000000000e+04
1.187300000000000000e+04
1.195100000000000000e+04
1.188900000000000000e+04
1.194100000000000000e+04
1.202200000000000000e+04
1.207800000000000000e+04
1.206500000000000000e+04
1.201000000000000000e+04
1.220500000000000000e+04
1.199600000000000000e+04
1.214400000000000000e+04
1.207800000000000000e+04
1.214400000000000000e+04
1.213700000000000000e+04
1.208400000000000000e+04
1.231500000000000000e+04
1.230000000000000000e+04
1.239900000000000000e+04
1.224600000000000000e+04
1.231500000000000000e+04
1.231800000000000000e+04
1.236000000000000000e+04
1.237000000000000000e+04
1.226700000000000000e+04
1.246900000000000000e+04
1.252700000000000000e+04
1.226800000000000000e+04
1.229600000000000000e+04
1.240600000000000000e+04
1.248600000000000000e+04
1.233400000000000000e+04
1.254700000000000000e+04
1.261200000000000000e+04
1.253900000000000000e+04
1.261500000000000000e+04
1.268400000000000000e+04
1.264500000000000000e+04
1.258300000000000000e+04
1.267300000000000000e+04
1.252500000000000000e+04
1.278800000000000000e+04
1.284500000000000000e+04
1.269400000000000000e+04
1.288600000000000000e+04
1.273000000000000000e+04
1.267200000000000000e+04
1.274600000000000000e+04
1.289200000000000000e+04
1.295500000000000000e+04
1.298700000000000000e+04
1.290300000000000000e+04
1.286300000000000000e+04
1.297100000000000000e+04
1.280500000000000000e+04
1.291700000000000000e+04
1.307700000000000000e+04
1.295000000000000000e+04
1.296100000000000000e+04
1.292600000000000000e+04
1.287700000000000000e+04
1.303300000000000000e+04
1.295100000000000000e+04
1.294600000000000000e+04
1.287200000000000000e+04
1.300600000000000000e+04
1.291400000000000000e+04
1.298100000000000000e+04
1.268400000000000000e+04
1.290400000000000000e+04
1.274700000000000000e+04
1.290400000000000000e+04
1.288200000000000000e+04
1.269100000000000000e+04
1.278700000000000000e+04
1.270100000000000000e+04
1.256800000000000000e+04
1.266800000000000000e+04
1.269800000000000000e+04
1.253700000000000000e+04
1.246900000000000000e+04
1.257500000000000000e+04
1.269100000000000000e+04
1.256000000000000000e+04
1.254500000000000000e+04
1.257800000000000000e+04
1.238500000000000000e+04
1.247000000000000000e+04
1.251600000000000000e+04
1.241300000000000000e+04
1.250800000000000000e+04
1.233000000000000000e+04
1.236400000000000000e+04
1.238800000000000000e+04
1.235400000000000000e+04
1.223500000000000000e+04
1.222800000000000000e+04
1.201200000000000000e+04
1.202400000000000000e+04
1.207500000000000000e+04
1.208100000000000000e+04
1.188400000000000000e+04
1.192700000000000000e+04
1.209900000000000000e+04
1.199300000000000000e+04
1.189400000000000000e+04
1.221600000000000000e+04
1.195000000000000000e+04
1.193000000000000000e+04
1.199300000000000000e+04
1.174400000000000000e+04
1.168300000000000000e+04
1.163900000000000000e+04
1.160800000000000000e+04
1.159000000000000000e+04
1.150700000000000000e+04
1.142200000000000000e+04
1.159000000000000000e+04
1.143100000000000000e+04
1.116800000000000000e+04
1.104900000000000000e+04
1.099900000000000000e+04
1.095600000000000000e+04
1.099300000000000000e+04
1.102400000000000000e+04
1.115300000000000000e+04
1.128900000000000000e+04
1.128300000000000000e+04
1.107400000000000000e+04
1.120400000000000000e+04
1.111700000000000000e+04
1.100200000000000000e+04
1.095000000000000000e+04
1.096300000000000000e+04
1.073100000000000000e+04
1.068600000000000000e+04
1.075200000000000000e+04
1.074000000000000000e+04
1.063400000000000000e+04
1.064200000000000000e+04
1.043100000000000000e+04
1.072400000000000000e+04
1.048800000000000000e+04
1.051200000000000000e+04
1.076000000000000000e+04
1.051300000000000000e+04
1.038300000000000000e+04
1.053600000000000000e+04
1.039600000000000000e+04
1.039100000000000000e+04
1.046100000000000000e+04
1.040900000000000000e+04
1.054800000000000000e+04
1.034300000000000000e+04
1.039700000000000000e+04
1.041700000000000000e+04
1.023700000000000000e+04
1.028300000000000000e+04
1.009400000000000000e+04
1.007800000000000000e+04
1.009700000000000000e+04
1.008200000000000000e+04
1.010200000000000000e+04
1.025500000000000000e+04
1.023200000000000000e+04
1.012500000000000000e+04
1.004700000000000000e+04
9.868000000000000000e+03
9.965000000000000000e+03
9.863000000000000000e+03
9.885000000000000000e+03
9.806000000000000000e+03
9.931000000000000000e+03
9.949000000000000000e+03
9.913000000000000000e+03
1.009400000000000000e+04
1.015600000000000000e+04
1.020900000000000000e+04
1.029700000000000000e+04
1.029300000000000000e+04
1.016000000000000000e+04
1.006400000000000000e+04
1.006200000000000000e+04
9.982000000000000000e+03
9.790000000000000000e+03
1.001500000000000000e+04
9.892000000000000000e+03
1.002800000000000000e+04
9.984000000000000000e+03
1.009200000000000000e+04
1.004100000000000000e+04
1.004300000000000000e+04
9.772000000000000000e+03
