3.611000000000000000e+03
3.645000000000000000e+03
3.654000000000000000e+03
3.674000000000000000e+03
3.640000000000000000e+03
3.566000000000000000e+03
3.606000000000000000e+03
3.640000000000000000e+03
3.664000000000000000e+03
3.615000000000000000e+03
3.644000000000000000e+03
3.596000000000000000e+03
3.568000000000000000e+03
3.660000000000000000e+03
3.665000000000000000e+03
3.615000000000000000e+03
3.688000000000000000e+03
3.688000000000000000e+03
3.592000000000000000e+03
3.645000000000000000e+03
3.614000000000000000e+03
3.651000000000000000e+03
3.600000000000000000e+03
3.651000000000000000e+03
3.733000000000000000e+03
3.723000000000000000e+03
3.634000000000000000e+03
3.651000000000000000e+03
3.613000000000000000e+03
3.698000000000000000e+03
3.713000000000000000e+03
3.687000000000000000e+03
3.662000000000000000e+03
3.805000000000000000e+03
3.684000000000000000e+03
3.706000000000000000e+03
3.721000000000000000e+03
3.700000000000000000e+03
3.718000000000000000e+03
3.712000000000000000e+03
3.751000000000000000e+03
3.682000000000000000e+03
3.780000000000000000e+03
3.839000000000000000e+03
3.763000000000000000e+03
3.738000000000000000e+03
3.992000000000000000e+03
3.739000000000000000e+03
3.785000000000000000e+03
3.713000000000000000e+03
3.848000000000000000e+03
3.787000000000000000e+03
3.858000000000000000e+03
3.785000000000000000e+03
3.845000000000000000e+03
3.807000000000000000e+03
4.018000000000000000e+03
3.867000000000000000e+03
3.818000000000000000e+03
3.862000000000000000e+03
3.909000000000000000e+03
3.887000000000000000e+03
3.870000000000000000e+03
3.923000000000000000e+03
4.055000000000000000e+03
3.937000000000000000e+03
3.841000000000000000e+03
3.963000000000000000e+03
3.926000000000000000e+03
3.966000000000000000e+03
3.897000000000000000e+03
3.934000000000000000e+03
3.917000000000000000e+03
3.964000000000000000e+03
3.947000000000000000e+03
3.929000000000000000e+03
3.979000000000000000e+03
3.997000000000000000e+03
3.956000000000000000e+03
3.990000000000000000e+03
3.954000000000000000e+03
3.926000000000000000e+03
4.033000000000000000e+03
4.072000000000000000e+03
4.020000000000000000e+03
4.064000000000000000e+03
4.071000000000000000e+03
4.094000000000000000e+03
4.027000000000000000e+03
4.064000000000000000e+03
4.051000000000000000e+03
4.130000000000000000e+03
4.103000000000000000e+03
4.061000000000000000e+03
4.136000000000000000e+03
4.206000000000000000e+03
4.127000000000000000e+03
4.137000000000000000e+03
4.134000000000000000e+03
4.128000000000000000e+03
4.096000000000000000e+03
4.133000000000000000e+03
4.217000000000000000e+03
4.200000000000000000e+03
4.087000000000000000e+03
4.231000000000000000e+03
4.106000000000000000e+03
4.142000000000000000e+03
4.251000000000000000e+03
4.178000000000000000e+03
4.218000000000000000e+03
4.324000000000000000e+03
4.256000000000000000e+03
4.273000000000000000e+03
4.316000000000000000e+03
4.239000000000000000e+03
4.339000000000000000e+03
4.287000000000000000e+03
4.218000000000000000e+03
4.295000000000000000e+03
4.269000000000000000e+03
4.313000000000000000e+03
4.306000000000000000e+03
4.347000000000000000e+03
4.397000000000000000e+03
4.570000000000000000e+03
4.382000000000000000e+03
4.456000000000000000e+03
4.426000000000000000e+03
4.485000000000000000e+03
4.447000000000000000e+03
4.460000000000000000e+03
4.491000000000000000e+03
4.508000000000000000e+03
4.498000000000000000e+03
4.485000000000000000e+03
4.504000000000000000e+03
4.562000000000000000e+03
4.572000000000000000e+03
4.572000000000000000e+03
4.557000000000000000e+03
4.611000000000000000e+03
4.611000000000000000e+03
4.587000000000000000e+03
4.572000000000000000e+03
4.610000000000000000e+03
4.602000000000000000e+03
4.674000000000000000e+03
4.681000000000000000e+03
4.651000000000000000e+03
4.680000000000000000e+03
4.731000000000000000e+03
4.695000000000000000e+03
4.718000000000000000e+03
4.694000000000000000e+03
4.764000000000000000e+03
4.774000000000000000e+03
4.781000000000000000e+03
4.820000000000000000e+03
4.868000000000000000e+03
4.860000000000000000e+03
4.860000000000000000e+03
4.794000000000000000e+03
4.784000000000000000e+03
4.880000000000000000e+03
4.803000000000000000e+03
4.891000000000000000e+03
4.903000000000000000e+03
4.928000000000000000e+03
5.119000000000000000e+03
4.909000000000000000e+03
4.942000000000000000e+03
5.045000000000000000e+03
4.992000000000000000e+03
5.085000000000000000e+03
5.045000000000000000e+03
5.059000000000000000e+03
5.006000000000000000e+03
5.091000000000000000e+03
5.153000000000000000e+03
5.050000000000000000e+03
5.041000000000000000e+03
5.156000000000000000e+03
5.082000000000000000e+03
5.097000000000000000e+03
5.180000000000000000e+03
5.162000000000000000e+03
5.195000000000000000e+03
5.164000000000000000e+03
5.210000000000000000e+03
5.172000000000000000e+03
5.235000000000000000e+03
5.397000000000000000e+03
5.448000000000000000e+03
5.312000000000000000e+03
5.328000000000000000e+03
5.282000000000000000e+03
5.265000000000000000e+03
5.416000000000000000e+03
5.347000000000000000e+03
5.352000000000000000e+03
5.387000000000000000e+03
5.333000000000000000e+03
5.423000000000000000e+03
5.470000000000000000e+03
5.383000000000000000e+03
5.446000000000000000e+03
5.522000000000000000e+03
5.497000000000000000e+03
5.479000000000000000e+03
5.538000000000000000e+03
5.499000000000000000e+03
5.604000000000000000e+03
5.578000000000000000e+03
5.573000000000000000e+03
5.632000000000000000e+03
5.513000000000000000e+03
5.636000000000000000e+03
5.564000000000000000e+03
5.669000000000000000e+03
5.596000000000000000e+03
5.682000000000000000e+03
5.644000000000000000e+03
5.752000000000000000e+03
5.649000000000000000e+03
5.996000000000000000e+03
5.739000000000000000e+03
5.724000000000000000e+03
5.783000000000000000e+03
5.741000000000000000e+03
5.835000000000000000e+03
5.785000000000000000e+03
5.831000000000000000e+03
5.830000000000000000e+03
5.902000000000000000e+03
5.869000000000000000e+03
5.841000000000000000e+03
5.930000000000000000e+03
5.847000000000000000e+03
6.032000000000000000e+03
6.010000000000000000e+03
5.886000000000000000e+03
5.952000000000000000e+03
6.022000000000000000e+03
5.987000000000000000e+03
5.996000000000000000e+03
6.088000000000000000e+03
5.963000000000000000e+03
5.900000000000000000e+03
5.997000000000000000e+03
5.975000000000000000e+03
6.079000000000000000e+03
6.153000000000000000e+03
6.096000000000000000e+03
6.274000000000000000e+03
6.102000000000000000e+03
6.173000000000000000e+03
6.093000000000000000e+03
6.104000000000000000e+03
6.147000000000000000e+03
6.128000000000000000e+03
6.237000000000000000e+03
6.177000000000000000e+03
6.231000000000000000e+03
6.237000000000000000e+03
6.275000000000000000e+03
6.221000000000000000e+03
6.273000000000000000e+03
6.269000000000000000e+03
6.330000000000000000e+03
6.273000000000000000e+03
6.361000000000000000e+03
6.345000000000000000e+03
6.453000000000000000e+03
6.316000000000000000e+03
6.538000000000000000e+03
6.386000000000000000e+03
6.329000000000000000e+03
6.370000000000000000e+03
6.328000000000000000e+03
6.487000000000000000e+03
6.455000000000000000e+03
6.389000000000000000e+03
6.527000000000000000e+03
6.444000000000000000e+03
6.485000000000000000e+03
6.482000000000000000e+03
6.373000000000000000e+03
6.510000000000000000e+03
6.511000000000000000e+03
6.522000000000000000e+03
6.483000000000000000e+03
6.542000000000000000e+03
6.587000000000000000e+03
6.589000000000000000e+03
6.499000000000000000e+03
6.554000000000000000e+03
6.504000000000000000e+03
6.578000000000000000e+03
6.694000000000000000e+03
6.562000000000000000e+03
6.824000000000000000e+03
6.647000000000000000e+03
6.684000000000000000e+03
6.728000000000000000e+03
6.736000000000000000e+03
6.703000000000000000e+03
6.817000000000000000e+03
6.819000000000000000e+03
6.855000000000000000e+03
6.932000000000000000e+03
6.873000000000000000e+03
6.858000000000000000e+03
6.862000000000000000e+03
6.830000000000000000e+03
6.984000000000000000e+03
6.917000000000000000e+03
6.936000000000000000e+03
6.991000000000000000e+03
7.076000000000000000e+03
7.163000000000000000e+03
7.009000000000000000e+03
7.136000000000000000e+03
7.141000000000000000e+03
7.267000000000000000e+03
7.218000000000000000e+03
7.257000000000000000e+03
7.292000000000000000e+03
7.318000000000000000e+03
7.277000000000000000e+03
7.292000000000000000e+03
7.397000000000000000e+03
7.332000000000000000e+03
7.323000000000000000e+03
7.398000000000000000e+03
7.404000000000000000e+03
7.514000000000000000e+03
7.508000000000000000e+03
7.550000000000000000e+03
7.472000000000000000e+03
7.584000000000000000e+03
7.531000000000000000e+03
7.612000000000000000e+03
7.523000000000000000e+03
7.619000000000000000e+03
7.795000000000000000e+03
7.670000000000000000e+03
7.651000000000000000e+03
7.858000000000000000e+03
7.753000000000000000e+03
7.857000000000000000e+03
7.755000000000000000e+03
7.901000000000000000e+03
8.143000000000000000e+03
7.910000000000000000e+03
7.901000000000000000e+03
7.898000000000000000e+03
7.954000000000000000e+03
7.954000000000000000e+03
8.072000000000000000e+03
8.126000000000000000e+03
8.040000000000000000e+03
8.144000000000000000e+03
8.172000000000000000e+03
8.044000000000000000e+03
8.080000000000000000e+03
8.091000000000000000e+03
8.144000000000000000e+03
8.263000000000000000e+03
8.172000000000000000e+03
8.195000000000000000e+03
8.373000000000000000e+03
8.219000000000000000e+03
8.257000000000000000e+03
8.324000000000000000e+03
8.414000000000000000e+03
8.330000000000000000e+03
8.309000000000000000e+03
8.337000000000000000e+03
8.432000000000000000e+03
8.332000000000000000e+03
8.459000000000000000e+03
8.430000000000000000e+03
8.378000000000000000e+03
8.435000000000000000e+03
8.700000000000000000e+03
8.698000000000000000e+03
8.495000000000000000e+03
8.528000000000000000e+03
8.550000000000000000e+03
8.571000000000000000e+03
8.675000000000000000e+03
8.658000000000000000e+03
8.640000000000000000e+03
8.559000000000000000e+03
8.853000000000000000e+03
8.609000000000000000e+03
8.644000000000000000e+03
8.708000000000000000e+03
8.793000000000000000e+03
8.754000000000000000e+03
8.898000000000000000e+03
8.768000000000000000e+03
8.767000000000000000e+03
8.870000000000000000e+03
8.952000000000000000e+03
8.936000000000000000e+03
8.912000000000000000e+03
9.010000000000000000e+03
8.979000000000000000e+03
9.044000000000000000e+03
9.064000000000000000e+03
9.072000000000000000e+03
9.188000000000000000e+03
9.194000000000000000e+03
9.227000000000000000e+03
9.307000000000000000e+03
9.316000000000000000e+03
9.331000000000000000e+03
9.392000000000000000e+03
9.353000000000000000e+03
9.398000000000000000e+03
9.456000000000000000e+03
9.525000000000000000e+03
9.495000000000000000e+03
9.598000000000000000e+03
9.699000000000000000e+03
9.611000000000000000e+03
9.613000000000000000e+03
9.769000000000000000e+03
9.791000000000000000e+03
9.833000000000000000e+03
9.657000000000000000e+03
9.901000000000000000e+03
9.758000000000000000e+03
9.933000000000000000e+03
9.957000000000000000e+03
9.974000000000000000e+03
9.913000000000000000e+03
1.013900000000000000e+04
1.017300000000000000e+04
1.030200000000000000e+04
1.020700000000000000e+04
1.027800000000000000e+04
1.035000000000000000e+04
1.039800000000000000e+04
1.026000000000000000e+04
1.035800000000000000e+04
1.035500000000000000e+04
1.043900000000000000e+04
1.060400000000000000e+04
1.052000000000000000e+04
1.045200000000000000e+04
1.064100000000000000e+04
1.055700000000000000e+04
1.059900000000000000e+04
1.073600000000000000e+04
1.087600000000000000e+04
1.079800000000000000e+04
1.078600000000000000e+04
1.068100000000000000e+04
1.086300000000000000e+04
1.087200000000000000e+04
1.104000000000000000e+04
1.101200000000000000e+04
1.114100000000000000e+04
1.106200000000000000e+04
1.097900000000000000e+04
1.118700000000000000e+04
1.113600000000000000e+04
1.116100000000000000e+04
1.120300000000000000e+04
1.127400000000000000e+04
1.119400000000000000e+04
1.123200000000000000e+04
1.134600000000000000e+04
1.123400000000000000e+04
1.127600000000000000e+04
1.118700000000000000e+04
1.123100000000000000e+04
1.139900000000000000e+04
1.128700000000000000e+04
1.124700000000000000e+04
1.135700000000000000e+04
1.135700000000000000e+04
1.131000000000000000e+04
1.147800000000000000e+04
1.141300000000000000e+04
1.133400000000000000e+04
1.144200000000000000e+04
1.157200000000000000e+04
1.139200000000000000e+04
1.142500000000000000e+04
1.160300000000000000e+04
1.178400000000000000e+04
1.154400000000000000e+04
1.164800000000000000e+04
1.161400000000000000e+04
1.171000000000000000e+04
1.171200000000000000e+04
1.174000000000000000e+04
1.185600000000000000e+04
1.179600000000000000e+04
1.184300000000000000e+04
1.176300000000000000e+04
1.169500000000000000e+04
1.174400000000000000e+04
1.174800000000000000e+04
1.179800000000000000e+04
1.174500000000000000e+04
1.182200000000000000e+04
1.176800000000000000e+04
1.176800000000000000e+04
1.176800000000000000e+04
1.182600000000000000e+04
1.176400000000000000e+04
1.177600000000000000e+04
1.180700000000000000e+04
1.175900000000000000e+04
1.183600000000000000e+04
1.173900000000000000e+04
1.176700000000000000e+04
1.179800000000000000e+04
1.179700000000000000e+04
1.180700000000000000e+04
1.177800000000000000e+04
1.194500000000000000e+04
1.183500000000000000e+04
1.178900000000000000e+04
1.197000000000000000e+04
1.181600000000000000e+04
1.186500000000000000e+04
1.184600000000000000e+04
1.284600000000000000e+04
1.177200000000000000e+04
1.182000000000000000e+04
1.179800000000000000e+04
1.185200000000000000e+04
1.182800000000000000e+04
1.186000000000000000e+04
1.190800000000000000e+04
1.186000000000000000e+04
1.179100000000000000e+04
1.203900000000000000e+04
1.192800000000000000e+04
1.184400000000000000e+04
1.190400000000000000e+04
1.192200000000000000e+04
1.192500000000000000e+04
1.183900000000000000e+04
1.194800000000000000e+04
1.203200000000000000e+04
1.186000000000000000e+04
1.213300000000000000e+04
1.195400000000000000e+04
1.210800000000000000e+04
1.215200000000000000e+04
1.209600000000000000e+04
1.235000000000000000e+04
1.205200000000000000e+04
1.219200000000000000e+04
1.210000000000000000e+04
1.202800000000000000e+04
1.213200000000000000e+04
1.204400000000000000e+04
1.222400000000000000e+04
1.201600000000000000e+04
1.213500000000000000e+04
1.225500000000000000e+04
1.220800000000000000e+04
1.219900000000000000e+04
1.224300000000000000e+04
1.235000000000000000e+04
1.226600000000000000e+04
1.235200000000000000e+04
1.232200000000000000e+04
1.227400000000000000e+04
1.254000000000000000e+04
1.248300000000000000e+04
1.253600000000000000e+04
1.248800000000000000e+04
1.262700000000000000e+04
1.250000000000000000e+04
1.257400000000000000e+04
1.260700000000000000e+04
1.260400000000000000e+04
1.245000000000000000e+04
1.267500000000000000e+04
1.254000000000000000e+04
1.276200000000000000e+04
1.264300000000000000e+04
1.267600000000000000e+04
1.286900000000000000e+04
1.278000000000000000e+04
1.278000000000000000e+04
1.283800000000000000e+04
1.288300000000000000e+04
1.290200000000000000e+04
1.289600000000000000e+04
1.290700000000000000e+04
1.294400000000000000e+04
1.290200000000000000e+04
1.288700000000000000e+04
1.290300000000000000e+04
1.291400000000000000e+04
1.302700000000000000e+04
1.297600000000000000e+04
1.308200000000000000e+04
1.312500000000000000e+04
1.301100000000000000e+04
1.312600000000000000e+04
1.326300000000000000e+04
1.322800000000000000e+04
1.313800000000000000e+04
1.323300000000000000e+04
1.320300000000000000e+04
1.309800000000000000e+04
1.326000000000000000e+04
1.351100000000000000e+04
1.325400000000000000e+04
1.319400000000000000e+04
1.324800000000000000e+04
1.320400000000000000e+04
1.331400000000000000e+04
1.323900000000000000e+04
1.327600000000000000e+04
1.342800000000000000e+04
1.329200000000000000e+04
1.323900000000000000e+04
1.345400000000000000e+04
1.333500000000000000e+04
1.337500000000000000e+04
1.326000000000000000e+04
1.353000000000000000e+04
1.335600000000000000e+04
1.343800000000000000e+04
1.335700000000000000e+04
1.336800000000000000e+04
1.336800000000000000e+04
1.320000000000000000e+04
1.333900000000000000e+04
1.326600000000000000e+04
1.320800000000000000e+04
1.318400000000000000e+04
1.313200000000000000e+04
1.323400000000000000e+04
1.335600000000000000e+04
1.304800000000000000e+04
1.316800000000000000e+04
1.314300000000000000e+04
1.306400000000000000e+04
1.314400000000000000e+04
1.314300000000000000e+04
1.301900000000000000e+04
1.306200000000000000e+04
1.297600000000000000e+04
1.325600000000000000e+04
1.301400000000000000e+04
1.271400000000000000e+04
1.267600000000000000e+04
1.253600000000000000e+04
1.266700000000000000e+04
1.258400000000000000e+04
1.265600000000000000e+04
1.259500000000000000e+04
1.271500000000000000e+04
1.262600000000000000e+04
1.245500000000000000e+04
1.251900000000000000e+04
1.256200000000000000e+04
1.254900000000000000e+04
1.263100000000000000e+04
1.253400000000000000e+04
1.242900000000000000e+04
1.257600000000000000e+04
1.249000000000000000e+04
1.225700000000000000e+04
1.235100000000000000e+04
1.231700000000000000e+04
1.248700000000000000e+04
1.235100000000000000e+04
1.242500000000000000e+04
1.242900000000000000e+04
1.238900000000000000e+04
1.231300000000000000e+04
1.214900000000000000e+04
1.224200000000000000e+04
1.221300000000000000e+04
1.229700000000000000e+04
1.200500000000000000e+04
1.222600000000000000e+04
1.207100000000000000e+04
1.191800000000000000e+04
1.188500000000000000e+04
1.182100000000000000e+04
1.168700000000000000e+04
1.155400000000000000e+04
1.136300000000000000e+04
1.126600000000000000e+04
1.126600000000000000e+04
1.110900000000000000e+04
1.100700000000000000e+04
1.124100000000000000e+04
1.124800000000000000e+04
1.113200000000000000e+04
1.112600000000000000e+04
1.114900000000000000e+04
1.108100000000000000e+04
1.092700000000000000e+04
1.096800000000000000e+04
1.103200000000000000e+04
1.098900000000000000e+04
1.104100000000000000e+04
1.123300000000000000e+04
1.130400000000000000e+04
1.112300000000000000e+04
1.108200000000000000e+04
1.099400000000000000e+04
1.091000000000000000e+04
1.082300000000000000e+04
1.074500000000000000e+04
1.086000000000000000e+04
1.083600000000000000e+04
1.095100000000000000e+04
1.077800000000000000e+04
1.071700000000000000e+04
1.070000000000000000e+04
1.064700000000000000e+04
1.037300000000000000e+04
1.040000000000000000e+04
1.014900000000000000e+04
1.012400000000000000e+04
1.014900000000000000e+04
9.942000000000000000e+03
1.002800000000000000e+04
1.003700000000000000e+04
9.967000000000000000e+03
9.985000000000000000e+03
1.007200000000000000e+04
1.033500000000000000e+04
1.012600000000000000e+04
1.031400000000000000e+04
1.036100000000000000e+04
1.016800000000000000e+04
1.012100000000000000e+04
1.016000000000000000e+04
1.004000000000000000e+04
9.997000000000000000e+03
1.018300000000000000e+04
1.023000000000000000e+04
1.013200000000000000e+04
1.027100000000000000e+04
1.025300000000000000e+04
1.037300000000000000e+04
1.023500000000000000e+04
1.030400000000000000e+04
1.025700000000000000e+04
1.019800000000000000e+04
1.030200000000000000e+04
1.032900000000000000e+04
1.046300000000000000e+04
1.045300000000000000e+04
1.049600000000000000e+04
1.059100000000000000e+04
1.035000000000000000e+04
