3.803000000000000000e+03
3.713000000000000000e+03
3.765000000000000000e+03
3.781000000000000000e+03
3.750000000000000000e+03
3.770000000000000000e+03
3.806000000000000000e+03
3.805000000000000000e+03
3.741000000000000000e+03
3.784000000000000000e+03
3.783000000000000000e+03
3.708000000000000000e+03
3.793000000000000000e+03
3.829000000000000000e+03
3.804000000000000000e+03
3.773000000000000000e+03
3.787000000000000000e+03
3.774000000000000000e+03
3.813000000000000000e+03
3.840000000000000000e+03
3.734000000000000000e+03
3.814000000000000000e+03
3.763000000000000000e+03
3.769000000000000000e+03
3.763000000000000000e+03
3.740000000000000000e+03
3.808000000000000000e+03
3.786000000000000000e+03
3.773000000000000000e+03
3.730000000000000000e+03
3.832000000000000000e+03
3.791000000000000000e+03
3.871000000000000000e+03
3.845000000000000000e+03
3.811000000000000000e+03
3.868000000000000000e+03
3.825000000000000000e+03
3.862000000000000000e+03
3.973000000000000000e+03
3.817000000000000000e+03
3.843000000000000000e+03
3.882000000000000000e+03
3.915000000000000000e+03
3.846000000000000000e+03
3.874000000000000000e+03
3.877000000000000000e+03
3.832000000000000000e+03
3.937000000000000000e+03
3.908000000000000000e+03
3.915000000000000000e+03
3.917000000000000000e+03
3.920000000000000000e+03
3.925000000000000000e+03
3.876000000000000000e+03
3.914000000000000000e+03
3.853000000000000000e+03
3.955000000000000000e+03
4.005000000000000000e+03
3.984000000000000000e+03
3.960000000000000000e+03
3.957000000000000000e+03
4.005000000000000000e+03
4.022000000000000000e+03
3.976000000000000000e+03
4.044000000000000000e+03
3.989000000000000000e+03
4.046000000000000000e+03
4.035000000000000000e+03
4.087000000000000000e+03
4.096000000000000000e+03
4.094000000000000000e+03
4.111000000000000000e+03
4.057000000000000000e+03
4.086000000000000000e+03
4.160000000000000000e+03
4.164000000000000000e+03
4.082000000000000000e+03
4.145000000000000000e+03
4.060000000000000000e+03
4.164000000000000000e+03
4.148000000000000000e+03
4.187000000000000000e+03
4.189000000000000000e+03
4.272000000000000000e+03
4.171000000000000000e+03
4.252000000000000000e+03
4.241000000000000000e+03
4.285000000000000000e+03
4.120000000000000000e+03
4.161000000000000000e+03
4.224000000000000000e+03
4.226000000000000000e+03
4.266000000000000000e+03
4.283000000000000000e+03
4.218000000000000000e+03
4.364000000000000000e+03
4.268000000000000000e+03
4.303000000000000000e+03
4.282000000000000000e+03
4.252000000000000000e+03
4.347000000000000000e+03
4.308000000000000000e+03
4.369000000000000000e+03
4.291000000000000000e+03
4.300000000000000000e+03
4.441000000000000000e+03
6.604000000000000000e+03
4.337000000000000000e+03
4.389000000000000000e+03
4.403000000000000000e+03
4.273000000000000000e+03
4.472000000000000000e+03
4.402000000000000000e+03
4.461000000000000000e+03
4.433000000000000000e+03
4.462000000000000000e+03
4.443000000000000000e+03
4.411000000000000000e+03
4.405000000000000000e+03
4.521000000000000000e+03
4.455000000000000000e+03
4.473000000000000000e+03
4.534000000000000000e+03
4.545000000000000000e+03
4.557000000000000000e+03
4.577000000000000000e+03
4.533000000000000000e+03
4.552000000000000000e+03
4.622000000000000000e+03
4.617000000000000000e+03
4.557000000000000000e+03
4.658000000000000000e+03
4.648000000000000000e+03
4.632000000000000000e+03
4.653000000000000000e+03
4.745000000000000000e+03
4.896000000000000000e+03
4.695000000000000000e+03
4.708000000000000000e+03
4.713000000000000000e+03
4.777000000000000000e+03
4.751000000000000000e+03
4.798000000000000000e+03
4.768000000000000000e+03
4.742000000000000000e+03
4.769000000000000000e+03
4.841000000000000000e+03
4.764000000000000000e+03
4.800000000000000000e+03
4.844000000000000000e+03
4.957000000000000000e+03
4.817000000000000000e+03
4.912000000000000000e+03
4.911000000000000000e+03
4.904000000000000000e+03
4.953000000000000000e+03
4.981000000000000000e+03
4.896000000000000000e+03
5.009000000000000000e+03
5.020000000000000000e+03
4.985000000000000000e+03
5.001000000000000000e+03
5.011000000000000000e+03
4.965000000000000000e+03
5.012000000000000000e+03
5.046000000000000000e+03
5.074000000000000000e+03
5.118000000000000000e+03
5.074000000000000000e+03
5.100000000000000000e+03
5.159000000000000000e+03
5.215000000000000000e+03
5.124000000000000000e+03
5.167000000000000000e+03
5.179000000000000000e+03
5.257000000000000000e+03
5.250000000000000000e+03
5.327000000000000000e+03
5.186000000000000000e+03
5.266000000000000000e+03
5.286000000000000000e+03
5.267000000000000000e+03
5.322000000000000000e+03
5.283000000000000000e+03
5.339000000000000000e+03
5.235000000000000000e+03
5.238000000000000000e+03
5.268000000000000000e+03
5.406000000000000000e+03
5.402000000000000000e+03
5.434000000000000000e+03
5.464000000000000000e+03
5.548000000000000000e+03
5.448000000000000000e+03
5.496000000000000000e+03
5.467000000000000000e+03
5.515000000000000000e+03
5.456000000000000000e+03
5.552000000000000000e+03
5.556000000000000000e+03
5.413000000000000000e+03
5.586000000000000000e+03
5.611000000000000000e+03
5.599000000000000000e+03
5.640000000000000000e+03
5.613000000000000000e+03
5.692000000000000000e+03
5.638000000000000000e+03
5.718000000000000000e+03
5.723000000000000000e+03
5.713000000000000000e+03
5.768000000000000000e+03
5.815000000000000000e+03
5.775000000000000000e+03
5.862000000000000000e+03
5.869000000000000000e+03
5.775000000000000000e+03
5.854000000000000000e+03
5.861000000000000000e+03
5.843000000000000000e+03
5.773000000000000000e+03
5.850000000000000000e+03
5.919000000000000000e+03
5.941000000000000000e+03
5.962000000000000000e+03
6.006000000000000000e+03
5.947000000000000000e+03
5.949000000000000000e+03
5.949000000000000000e+03
5.975000000000000000e+03
6.072000000000000000e+03
6.077000000000000000e+03
6.141000000000000000e+03
6.062000000000000000e+03
6.314000000000000000e+03
6.100000000000000000e+03
6.194000000000000000e+03
6.177000000000000000e+03
6.159000000000000000e+03
6.152000000000000000e+03
6.240000000000000000e+03
6.136000000000000000e+03
6.226000000000000000e+03
6.209000000000000000e+03
6.191000000000000000e+03
6.199000000000000000e+03
6.235000000000000000e+03
6.252000000000000000e+03
6.246000000000000000e+03
6.301000000000000000e+03
6.306000000000000000e+03
6.281000000000000000e+03
6.224000000000000000e+03
6.283000000000000000e+03
6.334000000000000000e+03
6.288000000000000000e+03
6.386000000000000000e+03
6.311000000000000000e+03
6.378000000000000000e+03
6.372000000000000000e+03
6.411000000000000000e+03
6.464000000000000000e+03
6.421000000000000000e+03
6.496000000000000000e+03
6.388000000000000000e+03
6.417000000000000000e+03
6.412000000000000000e+03
6.490000000000000000e+03
6.548000000000000000e+03
6.519000000000000000e+03
6.525000000000000000e+03
6.511000000000000000e+03
6.571000000000000000e+03
6.527000000000000000e+03
6.478000000000000000e+03
6.485000000000000000e+03
6.478000000000000000e+03
6.662000000000000000e+03
6.546000000000000000e+03
6.584000000000000000e+03
6.574000000000000000e+03
6.536000000000000000e+03
6.591000000000000000e+03
6.668000000000000000e+03
6.676000000000000000e+03
6.680000000000000000e+03
6.692000000000000000e+03
6.773000000000000000e+03
6.732000000000000000e+03
6.704000000000000000e+03
6.660000000000000000e+03
6.700000000000000000e+03
6.686000000000000000e+03
6.736000000000000000e+03
6.795000000000000000e+03
6.839000000000000000e+03
6.823000000000000000e+03
6.860000000000000000e+03
6.804000000000000000e+03
6.801000000000000000e+03
6.897000000000000000e+03
6.854000000000000000e+03
6.879000000000000000e+03
6.863000000000000000e+03
6.942000000000000000e+03
6.973000000000000000e+03
7.007000000000000000e+03
6.953000000000000000e+03
7.033000000000000000e+03
6.911000000000000000e+03
7.013000000000000000e+03
7.221000000000000000e+03
7.094000000000000000e+03
7.129000000000000000e+03
7.181000000000000000e+03
7.222000000000000000e+03
7.261000000000000000e+03
7.211000000000000000e+03
7.274000000000000000e+03
7.246000000000000000e+03
8.124000000000000000e+03
7.321000000000000000e+03
7.258000000000000000e+03
7.268000000000000000e+03
7.328000000000000000e+03
7.483000000000000000e+03
7.426000000000000000e+03
7.523000000000000000e+03
7.448000000000000000e+03
7.604000000000000000e+03
7.526000000000000000e+03
7.495000000000000000e+03
7.713000000000000000e+03
7.611000000000000000e+03
7.692000000000000000e+03
7.712000000000000000e+03
7.734000000000000000e+03
7.674000000000000000e+03
7.809000000000000000e+03
7.775000000000000000e+03
7.876000000000000000e+03
7.828000000000000000e+03
7.956000000000000000e+03
7.906000000000000000e+03
7.878000000000000000e+03
8.016000000000000000e+03
7.891000000000000000e+03
8.052000000000000000e+03
8.036000000000000000e+03
7.987000000000000000e+03
8.143000000000000000e+03
8.178000000000000000e+03
8.072000000000000000e+03
8.151000000000000000e+03
8.222000000000000000e+03
8.226000000000000000e+03
8.200000000000000000e+03
8.283000000000000000e+03
8.297000000000000000e+03
8.276000000000000000e+03
8.427000000000000000e+03
8.335000000000000000e+03
8.346000000000000000e+03
8.350000000000000000e+03
8.368000000000000000e+03
8.362000000000000000e+03
8.338000000000000000e+03
8.408000000000000000e+03
8.768000000000000000e+03
8.520000000000000000e+03
8.572000000000000000e+03
8.507000000000000000e+03
8.548000000000000000e+03
8.468000000000000000e+03
8.808000000000000000e+03
8.575000000000000000e+03
8.638000000000000000e+03
8.524000000000000000e+03
8.612000000000000000e+03
8.700000000000000000e+03
8.714000000000000000e+03
8.636000000000000000e+03
8.671000000000000000e+03
8.639000000000000000e+03
8.844000000000000000e+03
8.820000000000000000e+03
8.808000000000000000e+03
8.782000000000000000e+03
8.914000000000000000e+03
8.940000000000000000e+03
9.032000000000000000e+03
8.864000000000000000e+03
8.944000000000000000e+03
9.008000000000000000e+03
8.956000000000000000e+03
8.948000000000000000e+03
9.107000000000000000e+03
9.212000000000000000e+03
9.080000000000000000e+03
8.975000000000000000e+03
9.135000000000000000e+03
9.118000000000000000e+03
9.271000000000000000e+03
9.135000000000000000e+03
9.278000000000000000e+03
9.301000000000000000e+03
9.267000000000000000e+03
9.205000000000000000e+03
9.326000000000000000e+03
9.347000000000000000e+03
9.385000000000000000e+03
9.498000000000000000e+03
9.465000000000000000e+03
9.523000000000000000e+03
9.414000000000000000e+03
9.417000000000000000e+03
9.663000000000000000e+03
9.710000000000000000e+03
9.581000000000000000e+03
9.703000000000000000e+03
9.742000000000000000e+03
9.762000000000000000e+03
9.667000000000000000e+03
9.742000000000000000e+03
9.777000000000000000e+03
9.852000000000000000e+03
9.984000000000000000e+03
9.962000000000000000e+03
9.943000000000000000e+03
1.011000000000000000e+04
1.010700000000000000e+04
1.022400000000000000e+04
1.005900000000000000e+04
1.011700000000000000e+04
1.027100000000000000e+04
1.031000000000000000e+04
1.038300000000000000e+04
1.031400000000000000e+04
1.060100000000000000e+04
1.043300000000000000e+04
1.043900000000000000e+04
1.039400000000000000e+04
1.058700000000000000e+04
1.063400000000000000e+04
1.055700000000000000e+04
1.064500000000000000e+04
1.078800000000000000e+04
1.071400000000000000e+04
1.081500000000000000e+04
1.095300000000000000e+04
1.093400000000000000e+04
1.091900000000000000e+04
1.091100000000000000e+04
1.105300000000000000e+04
1.104900000000000000e+04
1.109200000000000000e+04
1.108500000000000000e+04
1.121800000000000000e+04
1.105700000000000000e+04
1.117800000000000000e+04
1.105200000000000000e+04
1.119400000000000000e+04
1.144800000000000000e+04
1.134100000000000000e+04
1.140700000000000000e+04
1.132300000000000000e+04
1.150300000000000000e+04
1.146000000000000000e+04
1.153300000000000000e+04
1.151000000000000000e+04
1.145300000000000000e+04
1.150900000000000000e+04
1.166400000000000000e+04
1.149400000000000000e+04
1.152000000000000000e+04
1.164200000000000000e+04
1.166500000000000000e+04
1.165100000000000000e+04
1.161900000000000000e+04
1.165200000000000000e+04
1.166700000000000000e+04
1.167400000000000000e+04
1.159000000000000000e+04
1.165000000000000000e+04
1.170000000000000000e+04
1.176200000000000000e+04
1.176400000000000000e+04
1.174400000000000000e+04
1.172700000000000000e+04
1.193500000000000000e+04
1.181900000000000000e+04
1.179200000000000000e+04
1.181900000000000000e+04
1.188600000000000000e+04
1.205800000000000000e+04
1.188600000000000000e+04
1.189100000000000000e+04
1.209000000000000000e+04
1.206000000000000000e+04
1.210300000000000000e+04
1.217200000000000000e+04
1.198100000000000000e+04
1.216000000000000000e+04
1.203900000000000000e+04
1.203300000000000000e+04
1.203900000000000000e+04
1.209300000000000000e+04
1.211500000000000000e+04
1.228100000000000000e+04
1.210100000000000000e+04
1.224100000000000000e+04
1.210500000000000000e+04
1.219700000000000000e+04
1.210200000000000000e+04
1.216200000000000000e+04
1.219000000000000000e+04
1.215400000000000000e+04
1.220900000000000000e+04
1.219600000000000000e+04
1.231200000000000000e+04
1.220700000000000000e+04
1.207900000000000000e+04
1.231000000000000000e+04
1.219900000000000000e+04
1.223600000000000000e+04
1.223400000000000000e+04
1.221800000000000000e+04
1.223200000000000000e+04
1.228100000000000000e+04
1.229500000000000000e+04
1.224300000000000000e+04
1.232800000000000000e+04
1.217600000000000000e+04
1.227400000000000000e+04
1.215300000000000000e+04
1.203700000000000000e+04
1.240300000000000000e+04
1.225200000000000000e+04
1.222300000000000000e+04
1.223700000000000000e+04
1.226200000000000000e+04
1.232100000000000000e+04
1.219200000000000000e+04
1.233000000000000000e+04
1.232100000000000000e+04
1.247500000000000000e+04
1.228500000000000000e+04
1.213900000000000000e+04
1.234400000000000000e+04
1.225300000000000000e+04
1.234900000000000000e+04
1.225000000000000000e+04
1.228900000000000000e+04
1.233600000000000000e+04
1.230500000000000000e+04
1.242200000000000000e+04
1.254000000000000000e+04
1.224900000000000000e+04
1.242000000000000000e+04
1.259700000000000000e+04
1.246400000000000000e+04
1.256300000000000000e+04
1.240900000000000000e+04
1.247100000000000000e+04
1.250200000000000000e+04
1.255500000000000000e+04
1.244600000000000000e+04
1.270600000000000000e+04
1.260100000000000000e+04
1.254700000000000000e+04
1.256500000000000000e+04
1.260000000000000000e+04
1.273600000000000000e+04
1.278100000000000000e+04
1.273300000000000000e+04
1.282500000000000000e+04
1.280300000000000000e+04
1.285200000000000000e+04
1.290100000000000000e+04
1.294200000000000000e+04
1.300600000000000000e+04
1.309300000000000000e+04
1.312300000000000000e+04
1.305800000000000000e+04
1.303600000000000000e+04
1.310300000000000000e+04
1.296500000000000000e+04
1.309300000000000000e+04
1.316000000000000000e+04
1.322700000000000000e+04
1.320200000000000000e+04
1.312200000000000000e+04
1.312500000000000000e+04
1.339100000000000000e+04
1.327700000000000000e+04
1.335200000000000000e+04
1.340300000000000000e+04
1.332900000000000000e+04
1.340500000000000000e+04
1.334600000000000000e+04
1.343600000000000000e+04
1.353000000000000000e+04
1.341800000000000000e+04
1.339300000000000000e+04
1.362400000000000000e+04
1.341600000000000000e+04
1.350800000000000000e+04
1.358700000000000000e+04
1.339000000000000000e+04
1.343600000000000000e+04
1.343200000000000000e+04
1.355100000000000000e+04
1.377700000000000000e+04
1.345200000000000000e+04
1.350000000000000000e+04
1.350700000000000000e+04
1.345000000000000000e+04
1.364900000000000000e+04
1.353200000000000000e+04
1.369500000000000000e+04
1.366500000000000000e+04
1.379500000000000000e+04
1.360200000000000000e+04
1.353600000000000000e+04
1.361300000000000000e+04
1.347800000000000000e+04
1.358600000000000000e+04
1.359500000000000000e+04
1.360700000000000000e+04
1.365800000000000000e+04
1.369100000000000000e+04
1.369100000000000000e+04
1.377300000000000000e+04
1.366900000000000000e+04
1.388700000000000000e+04
1.359300000000000000e+04
1.380600000000000000e+04
1.379800000000000000e+04
1.374500000000000000e+04
1.379000000000000000e+04
1.383300000000000000e+04
1.373500000000000000e+04
1.359500000000000000e+04
1.374100000000000000e+04
1.386000000000000000e+04
1.367800000000000000e+04
1.367400000000000000e+04
1.359400000000000000e+04
1.348600000000000000e+04
1.366300000000000000e+04
1.363200000000000000e+04
1.360000000000000000e+04
1.350400000000000000e+04
1.338700000000000000e+04
1.344600000000000000e+04
1.321500000000000000e+04
1.331200000000000000e+04
1.331500000000000000e+04
1.307000000000000000e+04
1.299900000000000000e+04
1.316200000000000000e+04
1.295600000000000000e+04
1.283700000000000000e+04
1.270300000000000000e+04
1.285000000000000000e+04
1.269200000000000000e+04
1.279200000000000000e+04
1.279700000000000000e+04
1.330900000000000000e+04
1.290000000000000000e+04
1.261500000000000000e+04
1.285900000000000000e+04
1.263400000000000000e+04
1.252900000000000000e+04
1.256000000000000000e+04
1.251800000000000000e+04
1.240500000000000000e+04
1.253200000000000000e+04
1.254900000000000000e+04
1.249500000000000000e+04
1.262300000000000000e+04
1.269300000000000000e+04
1.244800000000000000e+04
1.238900000000000000e+04
1.231000000000000000e+04
1.238200000000000000e+04
1.232500000000000000e+04
1.229900000000000000e+04
1.218900000000000000e+04
1.227900000000000000e+04
1.204300000000000000e+04
1.214100000000000000e+04
1.213000000000000000e+04
1.211800000000000000e+04
1.223700000000000000e+04
1.220900000000000000e+04
1.240100000000000000e+04
1.222300000000000000e+04
1.229200000000000000e+04
1.215700000000000000e+04
1.224100000000000000e+04
1.201300000000000000e+04
1.203300000000000000e+04
1.197200000000000000e+04
1.191400000000000000e+04
1.175400000000000000e+04
1.178100000000000000e+04
1.176600000000000000e+04
1.201900000000000000e+04
1.181100000000000000e+04
1.189200000000000000e+04
1.183000000000000000e+04
1.170000000000000000e+04
1.162100000000000000e+04
1.148500000000000000e+04
1.131900000000000000e+04
1.116000000000000000e+04
1.113900000000000000e+04
1.105300000000000000e+04
1.108100000000000000e+04
1.106600000000000000e+04
1.121200000000000000e+04
1.123400000000000000e+04
1.123000000000000000e+04
1.140900000000000000e+04
1.156700000000000000e+04
1.133500000000000000e+04
1.123200000000000000e+04
1.130700000000000000e+04
1.109700000000000000e+04
1.105800000000000000e+04
1.133800000000000000e+04
1.111900000000000000e+04
1.102500000000000000e+04
1.095700000000000000e+04
1.090300000000000000e+04
1.087100000000000000e+04
1.081700000000000000e+04
1.074600000000000000e+04
1.075400000000000000e+04
1.078200000000000000e+04
1.075800000000000000e+04
1.069300000000000000e+04
1.075900000000000000e+04
1.085100000000000000e+04
1.079100000000000000e+04
1.073900000000000000e+04
1.060100000000000000e+04
1.066900000000000000e+04
1.070200000000000000e+04
1.085400000000000000e+04
1.084600000000000000e+04
1.095000000000000000e+04
1.090500000000000000e+04
1.095500000000000000e+04
1.092000000000000000e+04
1.085500000000000000e+04
1.085600000000000000e+04
1.090100000000000000e+04
1.089400000000000000e+04
1.091100000000000000e+04
1.085400000000000000e+04
1.067900000000000000e+04
1.076500000000000000e+04
1.052800000000000000e+04
