3.930000000000000000e+03
3.906000000000000000e+03
3.970000000000000000e+03
4.044000000000000000e+03
3.950000000000000000e+03
4.047000000000000000e+03
4.128000000000000000e+03
4.008000000000000000e+03
4.051000000000000000e+03
4.088000000000000000e+03
4.034000000000000000e+03
4.052000000000000000e+03
3.940000000000000000e+03
3.902000000000000000e+03
4.287000000000000000e+03
4.055000000000000000e+03
3.875000000000000000e+03
4.063000000000000000e+03
3.983000000000000000e+03
4.089000000000000000e+03
4.046000000000000000e+03
3.998000000000000000e+03
4.158000000000000000e+03
4.038000000000000000e+03
4.033000000000000000e+03
4.100000000000000000e+03
4.084000000000000000e+03
4.083000000000000000e+03
4.060000000000000000e+03
4.106000000000000000e+03
4.144000000000000000e+03
4.224000000000000000e+03
4.038000000000000000e+03
4.023000000000000000e+03
4.056000000000000000e+03
4.072000000000000000e+03
4.155000000000000000e+03
4.076000000000000000e+03
4.166000000000000000e+03
4.088000000000000000e+03
4.127000000000000000e+03
4.177000000000000000e+03
4.111000000000000000e+03
4.368000000000000000e+03
4.080000000000000000e+03
4.109000000000000000e+03
4.154000000000000000e+03
4.170000000000000000e+03
4.055000000000000000e+03
4.135000000000000000e+03
4.154000000000000000e+03
4.111000000000000000e+03
4.268000000000000000e+03
4.114000000000000000e+03
4.177000000000000000e+03
4.148000000000000000e+03
4.150000000000000000e+03
4.211000000000000000e+03
4.247000000000000000e+03
4.294000000000000000e+03
4.119000000000000000e+03
4.232000000000000000e+03
4.218000000000000000e+03
4.305000000000000000e+03
4.272000000000000000e+03
4.349000000000000000e+03
4.336000000000000000e+03
4.367000000000000000e+03
4.385000000000000000e+03
4.316000000000000000e+03
4.402000000000000000e+03
4.367000000000000000e+03
4.322000000000000000e+03
4.317000000000000000e+03
4.392000000000000000e+03
4.320000000000000000e+03
4.342000000000000000e+03
4.332000000000000000e+03
4.418000000000000000e+03
4.471000000000000000e+03
4.460000000000000000e+03
4.504000000000000000e+03
4.468000000000000000e+03
4.407000000000000000e+03
4.498000000000000000e+03
4.471000000000000000e+03
4.471000000000000000e+03
4.476000000000000000e+03
4.430000000000000000e+03
4.443000000000000000e+03
4.501000000000000000e+03
4.514000000000000000e+03
4.484000000000000000e+03
4.596000000000000000e+03
4.482000000000000000e+03
4.570000000000000000e+03
4.463000000000000000e+03
4.616000000000000000e+03
4.543000000000000000e+03
4.559000000000000000e+03
4.560000000000000000e+03
4.561000000000000000e+03
4.647000000000000000e+03
4.842000000000000000e+03
4.622000000000000000e+03
4.599000000000000000e+03
4.582000000000000000e+03
4.630000000000000000e+03
4.648000000000000000e+03
4.636000000000000000e+03
4.721000000000000000e+03
4.651000000000000000e+03
4.680000000000000000e+03
4.743000000000000000e+03
4.752000000000000000e+03
4.689000000000000000e+03
4.673000000000000000e+03
4.792000000000000000e+03
4.709000000000000000e+03
4.703000000000000000e+03
4.758000000000000000e+03
4.818000000000000000e+03
5.067000000000000000e+03
4.801000000000000000e+03
4.857000000000000000e+03
4.931000000000000000e+03
5.076000000000000000e+03
4.910000000000000000e+03
4.861000000000000000e+03
4.918000000000000000e+03
4.869000000000000000e+03
4.899000000000000000e+03
4.840000000000000000e+03
4.881000000000000000e+03
5.031000000000000000e+03
4.921000000000000000e+03
4.942000000000000000e+03
5.039000000000000000e+03
5.014000000000000000e+03
5.010000000000000000e+03
5.030000000000000000e+03
5.003000000000000000e+03
5.038000000000000000e+03
5.071000000000000000e+03
5.112000000000000000e+03
5.120000000000000000e+03
5.153000000000000000e+03
5.107000000000000000e+03
5.121000000000000000e+03
5.164000000000000000e+03
5.148000000000000000e+03
5.241000000000000000e+03
5.246000000000000000e+03
5.301000000000000000e+03
5.243000000000000000e+03
5.235000000000000000e+03
5.318000000000000000e+03
5.343000000000000000e+03
5.350000000000000000e+03
5.313000000000000000e+03
5.362000000000000000e+03
5.400000000000000000e+03
5.394000000000000000e+03
5.416000000000000000e+03
5.434000000000000000e+03
5.480000000000000000e+03
5.347000000000000000e+03
5.472000000000000000e+03
5.527000000000000000e+03
5.423000000000000000e+03
5.404000000000000000e+03
5.534000000000000000e+03
5.516000000000000000e+03
5.553000000000000000e+03
5.562000000000000000e+03
5.548000000000000000e+03
5.636000000000000000e+03
5.588000000000000000e+03
5.617000000000000000e+03
5.691000000000000000e+03
5.667000000000000000e+03
5.655000000000000000e+03
5.660000000000000000e+03
5.737000000000000000e+03
5.722000000000000000e+03
5.746000000000000000e+03
5.649000000000000000e+03
5.824000000000000000e+03
5.782000000000000000e+03
5.811000000000000000e+03
5.860000000000000000e+03
5.885000000000000000e+03
5.903000000000000000e+03
5.931000000000000000e+03
5.906000000000000000e+03
5.943000000000000000e+03
5.909000000000000000e+03
5.906000000000000000e+03
5.870000000000000000e+03
5.943000000000000000e+03
6.090000000000000000e+03
5.982000000000000000e+03
5.987000000000000000e+03
6.031000000000000000e+03
6.049000000000000000e+03
6.180000000000000000e+03
6.152000000000000000e+03
6.133000000000000000e+03
6.209000000000000000e+03
6.130000000000000000e+03
6.251000000000000000e+03
6.172000000000000000e+03
6.186000000000000000e+03
6.229000000000000000e+03
6.247000000000000000e+03
6.214000000000000000e+03
6.300000000000000000e+03
6.276000000000000000e+03
6.197000000000000000e+03
6.242000000000000000e+03
6.419000000000000000e+03
6.316000000000000000e+03
6.340000000000000000e+03
6.305000000000000000e+03
6.419000000000000000e+03
6.406000000000000000e+03
6.447000000000000000e+03
6.444000000000000000e+03
6.389000000000000000e+03
6.486000000000000000e+03
6.524000000000000000e+03
6.529000000000000000e+03
6.575000000000000000e+03
6.501000000000000000e+03
6.599000000000000000e+03
6.436000000000000000e+03
6.581000000000000000e+03
6.549000000000000000e+03
6.633000000000000000e+03
6.730000000000000000e+03
6.623000000000000000e+03
6.745000000000000000e+03
6.618000000000000000e+03
6.618000000000000000e+03
6.631000000000000000e+03
6.785000000000000000e+03
6.710000000000000000e+03
6.783000000000000000e+03
6.676000000000000000e+03
6.853000000000000000e+03
6.777000000000000000e+03
6.843000000000000000e+03
7.013000000000000000e+03
6.748000000000000000e+03
6.805000000000000000e+03
6.857000000000000000e+03
6.893000000000000000e+03
6.830000000000000000e+03
6.876000000000000000e+03
6.894000000000000000e+03
6.898000000000000000e+03
7.137000000000000000e+03
6.927000000000000000e+03
6.907000000000000000e+03
6.879000000000000000e+03
7.012000000000000000e+03
6.986000000000000000e+03
7.085000000000000000e+03
6.946000000000000000e+03
7.045000000000000000e+03
7.024000000000000000e+03
7.048000000000000000e+03
7.010000000000000000e+03
7.144000000000000000e+03
7.053000000000000000e+03
7.163000000000000000e+03
7.215000000000000000e+03
7.180000000000000000e+03
7.051000000000000000e+03
7.214000000000000000e+03
7.153000000000000000e+03
7.198000000000000000e+03
7.152000000000000000e+03
7.173000000000000000e+03
7.216000000000000000e+03
7.126000000000000000e+03
7.168000000000000000e+03
7.251000000000000000e+03
7.253000000000000000e+03
7.335000000000000000e+03
7.291000000000000000e+03
7.327000000000000000e+03
7.262000000000000000e+03
7.349000000000000000e+03
7.282000000000000000e+03
7.362000000000000000e+03
7.425000000000000000e+03
7.408000000000000000e+03
7.458000000000000000e+03
7.416000000000000000e+03
7.479000000000000000e+03
7.389000000000000000e+03
7.388000000000000000e+03
7.600000000000000000e+03
7.639000000000000000e+03
7.529000000000000000e+03
7.518000000000000000e+03
7.603000000000000000e+03
7.616000000000000000e+03
7.662000000000000000e+03
7.637000000000000000e+03
7.700000000000000000e+03
7.673000000000000000e+03
7.796000000000000000e+03
7.807000000000000000e+03
7.778000000000000000e+03
7.903000000000000000e+03
7.801000000000000000e+03
7.891000000000000000e+03
7.905000000000000000e+03
7.859000000000000000e+03
8.014000000000000000e+03
7.957000000000000000e+03
8.005000000000000000e+03
8.034000000000000000e+03
7.958000000000000000e+03
8.040000000000000000e+03
7.974000000000000000e+03
8.094000000000000000e+03
8.135000000000000000e+03
8.051000000000000000e+03
8.248000000000000000e+03
8.284000000000000000e+03
8.127000000000000000e+03
8.314000000000000000e+03
8.301000000000000000e+03
8.367000000000000000e+03
8.319000000000000000e+03
8.549000000000000000e+03
8.336000000000000000e+03
8.509000000000000000e+03
8.426000000000000000e+03
8.553000000000000000e+03
8.578000000000000000e+03
8.431000000000000000e+03
8.590000000000000000e+03
8.588000000000000000e+03
8.726000000000000000e+03
8.683000000000000000e+03
8.694000000000000000e+03
8.728000000000000000e+03
8.767000000000000000e+03
8.796000000000000000e+03
8.730000000000000000e+03
8.888000000000000000e+03
8.951000000000000000e+03
8.842000000000000000e+03
8.780000000000000000e+03
8.988000000000000000e+03
8.992000000000000000e+03
8.965000000000000000e+03
9.043000000000000000e+03
9.087000000000000000e+03
9.060000000000000000e+03
8.911000000000000000e+03
9.098000000000000000e+03
9.106000000000000000e+03
9.018000000000000000e+03
9.328000000000000000e+03
9.097000000000000000e+03
9.184000000000000000e+03
9.116000000000000000e+03
9.223000000000000000e+03
9.183000000000000000e+03
9.274000000000000000e+03
9.207000000000000000e+03
9.300000000000000000e+03
9.382000000000000000e+03
9.281000000000000000e+03
9.316000000000000000e+03
9.305000000000000000e+03
9.467000000000000000e+03
9.336000000000000000e+03
9.449000000000000000e+03
9.367000000000000000e+03
9.433000000000000000e+03
9.490000000000000000e+03
9.580000000000000000e+03
9.657000000000000000e+03
9.485000000000000000e+03
9.662000000000000000e+03
9.623000000000000000e+03
9.579000000000000000e+03
9.662000000000000000e+03
9.754000000000000000e+03
9.687000000000000000e+03
9.730000000000000000e+03
9.717000000000000000e+03
9.852000000000000000e+03
9.812000000000000000e+03
9.722000000000000000e+03
9.820000000000000000e+03
9.774000000000000000e+03
9.827000000000000000e+03
9.944000000000000000e+03
1.004700000000000000e+04
9.888000000000000000e+03
1.013200000000000000e+04
1.024200000000000000e+04
1.017100000000000000e+04
1.017700000000000000e+04
1.019600000000000000e+04
1.026700000000000000e+04
1.020400000000000000e+04
1.036900000000000000e+04
1.032900000000000000e+04
1.037100000000000000e+04
1.042200000000000000e+04
1.025100000000000000e+04
1.044500000000000000e+04
1.054500000000000000e+04
1.052900000000000000e+04
1.057600000000000000e+04
1.054500000000000000e+04
1.053700000000000000e+04
1.070600000000000000e+04
1.066900000000000000e+04
1.085500000000000000e+04
1.088900000000000000e+04
1.084500000000000000e+04
1.088000000000000000e+04
1.091300000000000000e+04
1.096100000000000000e+04
1.100600000000000000e+04
1.108600000000000000e+04
1.104800000000000000e+04
1.116600000000000000e+04
1.118500000000000000e+04
1.132800000000000000e+04
1.126700000000000000e+04
1.124000000000000000e+04
1.150700000000000000e+04
1.140100000000000000e+04
1.149500000000000000e+04
1.167000000000000000e+04
1.149600000000000000e+04
1.155000000000000000e+04
1.152600000000000000e+04
1.174100000000000000e+04
1.167500000000000000e+04
1.168000000000000000e+04
1.182400000000000000e+04
1.183600000000000000e+04
1.178100000000000000e+04
1.192900000000000000e+04
1.210400000000000000e+04
1.194400000000000000e+04
1.205600000000000000e+04
1.207400000000000000e+04
1.195000000000000000e+04
1.208400000000000000e+04
1.212000000000000000e+04
1.208300000000000000e+04
1.217600000000000000e+04
1.230300000000000000e+04
1.228300000000000000e+04
1.234700000000000000e+04
1.224200000000000000e+04
1.236400000000000000e+04
1.228900000000000000e+04
1.259000000000000000e+04
1.234200000000000000e+04
1.241100000000000000e+04
1.238300000000000000e+04
1.235700000000000000e+04
1.253500000000000000e+04
1.236700000000000000e+04
1.247700000000000000e+04
1.239400000000000000e+04
1.262200000000000000e+04
1.246900000000000000e+04
1.259400000000000000e+04
1.259800000000000000e+04
1.241500000000000000e+04
1.252400000000000000e+04
1.263000000000000000e+04
1.254700000000000000e+04
1.248300000000000000e+04
1.271800000000000000e+04
1.272400000000000000e+04
1.288000000000000000e+04
1.268500000000000000e+04
1.275400000000000000e+04
1.269600000000000000e+04
1.274000000000000000e+04
1.267600000000000000e+04
1.303000000000000000e+04
1.311900000000000000e+04
1.294300000000000000e+04
1.289100000000000000e+04
1.301200000000000000e+04
1.311200000000000000e+04
1.292200000000000000e+04
1.315000000000000000e+04
1.307800000000000000e+04
1.303900000000000000e+04
1.290000000000000000e+04
1.306800000000000000e+04
1.298000000000000000e+04
1.302800000000000000e+04
1.318600000000000000e+04
1.312700000000000000e+04
1.323900000000000000e+04
1.309600000000000000e+04
1.295500000000000000e+04
1.294700000000000000e+04
1.308100000000000000e+04
1.294900000000000000e+04
1.313100000000000000e+04
1.311300000000000000e+04
1.305700000000000000e+04
1.319300000000000000e+04
1.309800000000000000e+04
1.312200000000000000e+04
1.313800000000000000e+04
1.323400000000000000e+04
1.323800000000000000e+04
1.328400000000000000e+04
1.314800000000000000e+04
1.297600000000000000e+04
1.320700000000000000e+04
1.315600000000000000e+04
1.315200000000000000e+04
1.311900000000000000e+04
1.318400000000000000e+04
1.322200000000000000e+04
1.325200000000000000e+04
1.315500000000000000e+04
1.329000000000000000e+04
1.321500000000000000e+04
1.325200000000000000e+04
1.317900000000000000e+04
1.317800000000000000e+04
1.305100000000000000e+04
1.324200000000000000e+04
1.316300000000000000e+04
1.316600000000000000e+04
1.324800000000000000e+04
1.323300000000000000e+04
1.333600000000000000e+04
1.336600000000000000e+04
1.342700000000000000e+04
1.337200000000000000e+04
1.321800000000000000e+04
1.346700000000000000e+04
1.330700000000000000e+04
1.326600000000000000e+04
1.349900000000000000e+04
1.351600000000000000e+04
1.333800000000000000e+04
1.340500000000000000e+04
1.358400000000000000e+04
1.352100000000000000e+04
1.342700000000000000e+04
1.359900000000000000e+04
1.349300000000000000e+04
1.354800000000000000e+04
1.371300000000000000e+04
1.386600000000000000e+04
1.372600000000000000e+04
1.386200000000000000e+04
1.381200000000000000e+04
1.391800000000000000e+04
1.397900000000000000e+04
1.381600000000000000e+04
1.396400000000000000e+04
1.397200000000000000e+04
1.398000000000000000e+04
1.401800000000000000e+04
1.404300000000000000e+04
1.400300000000000000e+04
1.400000000000000000e+04
1.414000000000000000e+04
1.415500000000000000e+04
1.425400000000000000e+04
1.413300000000000000e+04
1.425500000000000000e+04
1.416700000000000000e+04
1.445400000000000000e+04
1.425200000000000000e+04
1.429800000000000000e+04
1.441400000000000000e+04
1.422500000000000000e+04
1.434000000000000000e+04
1.439600000000000000e+04
1.450300000000000000e+04
1.444400000000000000e+04
1.439000000000000000e+04
1.445200000000000000e+04
1.423200000000000000e+04
1.444600000000000000e+04
1.458400000000000000e+04
1.438800000000000000e+04
1.439200000000000000e+04
1.424700000000000000e+04
1.436700000000000000e+04
1.463200000000000000e+04
1.453900000000000000e+04
1.440800000000000000e+04
1.452200000000000000e+04
1.451400000000000000e+04
1.451500000000000000e+04
1.449700000000000000e+04
1.450800000000000000e+04
1.453500000000000000e+04
1.448300000000000000e+04
1.449000000000000000e+04
1.465800000000000000e+04
1.450700000000000000e+04
1.457000000000000000e+04
1.453700000000000000e+04
1.451100000000000000e+04
1.460000000000000000e+04
1.453300000000000000e+04
1.452700000000000000e+04
1.447400000000000000e+04
1.454100000000000000e+04
1.442700000000000000e+04
1.472600000000000000e+04
1.443000000000000000e+04
1.432000000000000000e+04
1.446200000000000000e+04
1.439700000000000000e+04
1.428800000000000000e+04
1.432400000000000000e+04
1.449500000000000000e+04
1.434300000000000000e+04
1.423700000000000000e+04
1.440700000000000000e+04
1.428400000000000000e+04
1.441000000000000000e+04
1.454100000000000000e+04
1.442200000000000000e+04
1.464500000000000000e+04
1.465900000000000000e+04
1.465500000000000000e+04
1.453800000000000000e+04
1.451900000000000000e+04
1.449000000000000000e+04
1.447300000000000000e+04
1.428900000000000000e+04
1.401900000000000000e+04
1.399000000000000000e+04
1.398700000000000000e+04
1.399700000000000000e+04
1.384200000000000000e+04
1.380100000000000000e+04
1.378400000000000000e+04
1.389000000000000000e+04
1.376500000000000000e+04
1.381500000000000000e+04
1.368100000000000000e+04
1.376800000000000000e+04
1.360000000000000000e+04
1.370900000000000000e+04
1.357400000000000000e+04
1.384100000000000000e+04
1.376700000000000000e+04
1.379900000000000000e+04
1.392600000000000000e+04
1.382000000000000000e+04
1.375300000000000000e+04
1.370900000000000000e+04
1.374200000000000000e+04
1.381600000000000000e+04
1.360400000000000000e+04
1.364100000000000000e+04
1.354200000000000000e+04
1.333900000000000000e+04
1.330400000000000000e+04
1.310000000000000000e+04
1.303800000000000000e+04
1.299200000000000000e+04
1.288600000000000000e+04
1.273100000000000000e+04
1.283100000000000000e+04
1.276700000000000000e+04
1.284700000000000000e+04
1.284300000000000000e+04
1.280600000000000000e+04
1.274500000000000000e+04
1.270200000000000000e+04
1.274500000000000000e+04
1.255800000000000000e+04
1.251600000000000000e+04
1.249300000000000000e+04
1.239100000000000000e+04
1.229300000000000000e+04
1.243900000000000000e+04
1.254300000000000000e+04
1.264900000000000000e+04
1.282600000000000000e+04
1.275700000000000000e+04
1.275000000000000000e+04
1.265800000000000000e+04
1.244500000000000000e+04
1.242400000000000000e+04
1.242600000000000000e+04
1.233500000000000000e+04
1.213500000000000000e+04
1.234100000000000000e+04
1.226000000000000000e+04
1.227600000000000000e+04
1.236600000000000000e+04
1.229800000000000000e+04
1.233700000000000000e+04
1.215600000000000000e+04
1.203500000000000000e+04
1.194700000000000000e+04
1.176800000000000000e+04
1.174200000000000000e+04
1.172000000000000000e+04
1.162500000000000000e+04
1.172900000000000000e+04
1.179500000000000000e+04
1.182800000000000000e+04
1.188700000000000000e+04
1.188600000000000000e+04
1.178200000000000000e+04
1.178100000000000000e+04
1.162300000000000000e+04
1.139400000000000000e+04
1.125900000000000000e+04
1.127200000000000000e+04
1.104900000000000000e+04
1.109400000000000000e+04
1.121200000000000000e+04
1.108900000000000000e+04
1.132800000000000000e+04
1.143800000000000000e+04
1.160400000000000000e+04
1.172800000000000000e+04
1.178900000000000000e+04
1.170300000000000000e+04
1.179200000000000000e+04
1.171100000000000000e+04
1.163100000000000000e+04
1.165300000000000000e+04
1.153400000000000000e+04
1.155600000000000000e+04
1.154500000000000000e+04
1.144900000000000000e+04
1.147400000000000000e+04
1.149100000000000000e+04
1.131600000000000000e+04
1.130100000000000000e+04
1.117300000000000000e+04
1.122700000000000000e+04
1.113700000000000000e+04
1.111200000000000000e+04
1.101300000000000000e+04
1.100500000000000000e+04
1.076100000000000000e+04
1.090100000000000000e+04
1.076300000000000000e+04
