3.801000000000000000e+03
3.858000000000000000e+03
3.850000000000000000e+03
3.843000000000000000e+03
3.834000000000000000e+03
3.829000000000000000e+03
3.823000000000000000e+03
3.807000000000000000e+03
3.785000000000000000e+03
3.791000000000000000e+03
4.125000000000000000e+03
3.829000000000000000e+03
3.838000000000000000e+03
3.898000000000000000e+03
3.849000000000000000e+03
3.817000000000000000e+03
3.913000000000000000e+03
3.867000000000000000e+03
3.799000000000000000e+03
3.842000000000000000e+03
3.850000000000000000e+03
3.850000000000000000e+03
3.853000000000000000e+03
3.818000000000000000e+03
3.859000000000000000e+03
3.804000000000000000e+03
3.872000000000000000e+03
3.885000000000000000e+03
3.903000000000000000e+03
3.826000000000000000e+03
3.880000000000000000e+03
3.844000000000000000e+03
4.805000000000000000e+03
3.829000000000000000e+03
3.915000000000000000e+03
3.916000000000000000e+03
3.852000000000000000e+03
3.933000000000000000e+03
3.922000000000000000e+03
3.869000000000000000e+03
3.952000000000000000e+03
3.923000000000000000e+03
3.946000000000000000e+03
3.995000000000000000e+03
3.937000000000000000e+03
3.848000000000000000e+03
3.985000000000000000e+03
3.984000000000000000e+03
3.922000000000000000e+03
3.962000000000000000e+03
3.896000000000000000e+03
3.942000000000000000e+03
3.851000000000000000e+03
3.947000000000000000e+03
4.008000000000000000e+03
4.015000000000000000e+03
3.947000000000000000e+03
3.981000000000000000e+03
4.046000000000000000e+03
4.072000000000000000e+03
4.009000000000000000e+03
4.018000000000000000e+03
4.073000000000000000e+03
4.011000000000000000e+03
4.051000000000000000e+03
4.057000000000000000e+03
4.064000000000000000e+03
4.101000000000000000e+03
4.098000000000000000e+03
4.089000000000000000e+03
4.105000000000000000e+03
4.163000000000000000e+03
4.185000000000000000e+03
4.195000000000000000e+03
4.181000000000000000e+03
4.157000000000000000e+03
4.153000000000000000e+03
4.154000000000000000e+03
4.146000000000000000e+03
4.213000000000000000e+03
4.277000000000000000e+03
4.257000000000000000e+03
4.244000000000000000e+03
4.211000000000000000e+03
4.177000000000000000e+03
4.269000000000000000e+03
4.225000000000000000e+03
4.272000000000000000e+03
4.282000000000000000e+03
4.334000000000000000e+03
4.333000000000000000e+03
4.322000000000000000e+03
4.207000000000000000e+03
4.255000000000000000e+03
4.511000000000000000e+03
4.374000000000000000e+03
4.408000000000000000e+03
4.354000000000000000e+03
4.365000000000000000e+03
4.297000000000000000e+03
4.387000000000000000e+03
4.420000000000000000e+03
4.323000000000000000e+03
4.385000000000000000e+03
4.409000000000000000e+03
4.486000000000000000e+03
4.308000000000000000e+03
4.461000000000000000e+03
4.469000000000000000e+03
4.377000000000000000e+03
4.536000000000000000e+03
4.424000000000000000e+03
4.469000000000000000e+03
4.502000000000000000e+03
4.470000000000000000e+03
4.508000000000000000e+03
4.572000000000000000e+03
4.501000000000000000e+03
4.575000000000000000e+03
4.531000000000000000e+03
4.611000000000000000e+03
4.551000000000000000e+03
4.613000000000000000e+03
4.642000000000000000e+03
4.570000000000000000e+03
4.650000000000000000e+03
4.574000000000000000e+03
4.633000000000000000e+03
4.607000000000000000e+03
4.727000000000000000e+03
4.699000000000000000e+03
4.671000000000000000e+03
4.682000000000000000e+03
4.830000000000000000e+03
4.902000000000000000e+03
4.718000000000000000e+03
4.750000000000000000e+03
4.755000000000000000e+03
4.860000000000000000e+03
4.788000000000000000e+03
4.835000000000000000e+03
4.820000000000000000e+03
4.809000000000000000e+03
4.864000000000000000e+03
4.843000000000000000e+03
4.894000000000000000e+03
4.891000000000000000e+03
4.894000000000000000e+03
4.912000000000000000e+03
4.889000000000000000e+03
4.960000000000000000e+03
5.042000000000000000e+03
4.992000000000000000e+03
5.035000000000000000e+03
4.941000000000000000e+03
4.991000000000000000e+03
4.912000000000000000e+03
5.075000000000000000e+03
5.053000000000000000e+03
5.186000000000000000e+03
5.073000000000000000e+03
6.671000000000000000e+03
5.029000000000000000e+03
5.161000000000000000e+03
5.135000000000000000e+03
5.078000000000000000e+03
5.201000000000000000e+03
5.134000000000000000e+03
5.218000000000000000e+03
5.182000000000000000e+03
5.112000000000000000e+03
5.197000000000000000e+03
5.220000000000000000e+03
5.248000000000000000e+03
5.192000000000000000e+03
5.384000000000000000e+03
5.302000000000000000e+03
5.272000000000000000e+03
5.315000000000000000e+03
5.407000000000000000e+03
5.415000000000000000e+03
5.327000000000000000e+03
5.432000000000000000e+03
5.394000000000000000e+03
5.369000000000000000e+03
5.417000000000000000e+03
5.489000000000000000e+03
5.564000000000000000e+03
5.564000000000000000e+03
5.494000000000000000e+03
5.602000000000000000e+03
5.541000000000000000e+03
5.600000000000000000e+03
5.548000000000000000e+03
5.547000000000000000e+03
5.520000000000000000e+03
5.581000000000000000e+03
5.711000000000000000e+03
5.696000000000000000e+03
5.669000000000000000e+03
5.731000000000000000e+03
5.650000000000000000e+03
5.737000000000000000e+03
5.692000000000000000e+03
5.769000000000000000e+03
5.774000000000000000e+03
5.799000000000000000e+03
5.793000000000000000e+03
5.840000000000000000e+03
5.782000000000000000e+03
5.876000000000000000e+03
5.733000000000000000e+03
5.878000000000000000e+03
5.920000000000000000e+03
5.903000000000000000e+03
5.916000000000000000e+03
5.977000000000000000e+03
6.055000000000000000e+03
5.924000000000000000e+03
5.978000000000000000e+03
6.007000000000000000e+03
6.097000000000000000e+03
6.077000000000000000e+03
6.203000000000000000e+03
6.112000000000000000e+03
6.022000000000000000e+03
6.121000000000000000e+03
6.041000000000000000e+03
6.162000000000000000e+03
6.148000000000000000e+03
6.151000000000000000e+03
6.197000000000000000e+03
6.149000000000000000e+03
6.231000000000000000e+03
6.215000000000000000e+03
6.185000000000000000e+03
6.266000000000000000e+03
6.273000000000000000e+03
6.245000000000000000e+03
6.261000000000000000e+03
6.085000000000000000e+03
6.284000000000000000e+03
6.354000000000000000e+03
6.297000000000000000e+03
6.362000000000000000e+03
6.373000000000000000e+03
6.332000000000000000e+03
6.375000000000000000e+03
6.518000000000000000e+03
6.424000000000000000e+03
6.373000000000000000e+03
6.503000000000000000e+03
6.473000000000000000e+03
6.455000000000000000e+03
6.483000000000000000e+03
6.446000000000000000e+03
6.474000000000000000e+03
6.478000000000000000e+03
6.429000000000000000e+03
6.541000000000000000e+03
6.531000000000000000e+03
6.455000000000000000e+03
6.532000000000000000e+03
6.482000000000000000e+03
6.546000000000000000e+03
6.585000000000000000e+03
6.634000000000000000e+03
9.868000000000000000e+03
6.636000000000000000e+03
6.616000000000000000e+03
6.721000000000000000e+03
6.696000000000000000e+03
6.675000000000000000e+03
6.751000000000000000e+03
6.648000000000000000e+03
6.774000000000000000e+03
6.692000000000000000e+03
6.789000000000000000e+03
6.625000000000000000e+03
6.683000000000000000e+03
6.743000000000000000e+03
6.695000000000000000e+03
6.769000000000000000e+03
6.790000000000000000e+03
6.890000000000000000e+03
6.878000000000000000e+03
6.849000000000000000e+03
6.810000000000000000e+03
6.784000000000000000e+03
6.795000000000000000e+03
6.871000000000000000e+03
6.814000000000000000e+03
6.879000000000000000e+03
6.799000000000000000e+03
6.986000000000000000e+03
6.922000000000000000e+03
6.883000000000000000e+03
6.921000000000000000e+03
6.817000000000000000e+03
6.915000000000000000e+03
6.955000000000000000e+03
7.093000000000000000e+03
6.982000000000000000e+03
7.018000000000000000e+03
7.118000000000000000e+03
7.037000000000000000e+03
7.125000000000000000e+03
7.183000000000000000e+03
7.251000000000000000e+03
7.231000000000000000e+03
7.181000000000000000e+03
7.338000000000000000e+03
7.313000000000000000e+03
7.253000000000000000e+03
7.253000000000000000e+03
7.278000000000000000e+03
7.263000000000000000e+03
7.446000000000000000e+03
7.385000000000000000e+03
7.445000000000000000e+03
7.412000000000000000e+03
7.418000000000000000e+03
7.468000000000000000e+03
7.449000000000000000e+03
7.569000000000000000e+03
7.663000000000000000e+03
7.632000000000000000e+03
7.563000000000000000e+03
7.569000000000000000e+03
7.710000000000000000e+03
7.722000000000000000e+03
7.712000000000000000e+03
7.801000000000000000e+03
7.725000000000000000e+03
7.875000000000000000e+03
7.848000000000000000e+03
7.811000000000000000e+03
7.958000000000000000e+03
7.965000000000000000e+03
7.846000000000000000e+03
7.960000000000000000e+03
7.942000000000000000e+03
8.172000000000000000e+03
8.089000000000000000e+03
8.007000000000000000e+03
7.984000000000000000e+03
8.171000000000000000e+03
8.187000000000000000e+03
8.213000000000000000e+03
9.014000000000000000e+03
8.220000000000000000e+03
8.241000000000000000e+03
8.393000000000000000e+03
8.337000000000000000e+03
8.427000000000000000e+03
8.239000000000000000e+03
8.429000000000000000e+03
8.442000000000000000e+03
8.490000000000000000e+03
8.518000000000000000e+03
8.490000000000000000e+03
8.453000000000000000e+03
8.496000000000000000e+03
8.583000000000000000e+03
8.639000000000000000e+03
8.596000000000000000e+03
8.657000000000000000e+03
8.655000000000000000e+03
8.665000000000000000e+03
8.746000000000000000e+03
8.731000000000000000e+03
8.854000000000000000e+03
8.765000000000000000e+03
8.742000000000000000e+03
8.772000000000000000e+03
8.793000000000000000e+03
8.791000000000000000e+03
8.777000000000000000e+03
9.160000000000000000e+03
8.836000000000000000e+03
9.118000000000000000e+03
8.801000000000000000e+03
8.974000000000000000e+03
9.028000000000000000e+03
8.903000000000000000e+03
9.024000000000000000e+03
9.069000000000000000e+03
9.023000000000000000e+03
9.135000000000000000e+03
9.030000000000000000e+03
9.071000000000000000e+03
9.094000000000000000e+03
9.081000000000000000e+03
9.122000000000000000e+03
9.192000000000000000e+03
9.166000000000000000e+03
9.192000000000000000e+03
9.245000000000000000e+03
9.316000000000000000e+03
9.388000000000000000e+03
9.244000000000000000e+03
9.391000000000000000e+03
9.453000000000000000e+03
9.468000000000000000e+03
9.419000000000000000e+03
9.431000000000000000e+03
9.421000000000000000e+03
9.529000000000000000e+03
9.547000000000000000e+03
9.530000000000000000e+03
9.561000000000000000e+03
9.710000000000000000e+03
9.657000000000000000e+03
9.606000000000000000e+03
9.612000000000000000e+03
9.750000000000000000e+03
9.788000000000000000e+03
9.765000000000000000e+03
9.848000000000000000e+03
9.916000000000000000e+03
9.971000000000000000e+03
1.006800000000000000e+04
1.003700000000000000e+04
9.919000000000000000e+03
1.001200000000000000e+04
1.005700000000000000e+04
1.007200000000000000e+04
1.018900000000000000e+04
1.023300000000000000e+04
1.024300000000000000e+04
1.037000000000000000e+04
1.038000000000000000e+04
1.038200000000000000e+04
1.043300000000000000e+04
1.058600000000000000e+04
1.065100000000000000e+04
1.072300000000000000e+04
1.059900000000000000e+04
1.066500000000000000e+04
1.059500000000000000e+04
1.074900000000000000e+04
1.066100000000000000e+04
1.081800000000000000e+04
1.092100000000000000e+04
1.099300000000000000e+04
1.084500000000000000e+04
1.104900000000000000e+04
1.106400000000000000e+04
1.107000000000000000e+04
1.108100000000000000e+04
1.115700000000000000e+04
1.122600000000000000e+04
1.123200000000000000e+04
1.123200000000000000e+04
1.143700000000000000e+04
1.125800000000000000e+04
1.128800000000000000e+04
1.137900000000000000e+04
1.150300000000000000e+04
1.141400000000000000e+04
1.140400000000000000e+04
1.152800000000000000e+04
1.148100000000000000e+04
1.154500000000000000e+04
1.164300000000000000e+04
1.170400000000000000e+04
1.164800000000000000e+04
1.172500000000000000e+04
1.176100000000000000e+04
1.169300000000000000e+04
1.168800000000000000e+04
1.178000000000000000e+04
1.190500000000000000e+04
1.174600000000000000e+04
1.180900000000000000e+04
1.188800000000000000e+04
1.196800000000000000e+04
1.183700000000000000e+04
1.204000000000000000e+04
1.187700000000000000e+04
1.198300000000000000e+04
1.187600000000000000e+04
1.205800000000000000e+04
1.216000000000000000e+04
1.207400000000000000e+04
1.203800000000000000e+04
1.207600000000000000e+04
1.195900000000000000e+04
1.191100000000000000e+04
1.207900000000000000e+04
1.222300000000000000e+04
1.229100000000000000e+04
1.211800000000000000e+04
1.215800000000000000e+04
1.223000000000000000e+04
1.247000000000000000e+04
1.246200000000000000e+04
1.222700000000000000e+04
1.220400000000000000e+04
1.239500000000000000e+04
1.232300000000000000e+04
1.234800000000000000e+04
1.247400000000000000e+04
1.228700000000000000e+04
1.249700000000000000e+04
1.250500000000000000e+04
1.250300000000000000e+04
1.247500000000000000e+04
1.241300000000000000e+04
1.242500000000000000e+04
1.234900000000000000e+04
1.246100000000000000e+04
1.237400000000000000e+04
1.260600000000000000e+04
1.265000000000000000e+04
1.255300000000000000e+04
1.248900000000000000e+04
1.242400000000000000e+04
1.229900000000000000e+04
1.243100000000000000e+04
1.251400000000000000e+04
1.256100000000000000e+04
1.243600000000000000e+04
1.247400000000000000e+04
1.249000000000000000e+04
1.242700000000000000e+04
1.251800000000000000e+04
1.256800000000000000e+04
1.255200000000000000e+04
1.251100000000000000e+04
1.254900000000000000e+04
1.241100000000000000e+04
1.256800000000000000e+04
1.262800000000000000e+04
1.246600000000000000e+04
1.254100000000000000e+04
1.248100000000000000e+04
1.258800000000000000e+04
1.246700000000000000e+04
1.249100000000000000e+04
1.254500000000000000e+04
1.270600000000000000e+04
1.257900000000000000e+04
1.261800000000000000e+04
1.266100000000000000e+04
1.253700000000000000e+04
1.253900000000000000e+04
1.261300000000000000e+04
1.273900000000000000e+04
1.252500000000000000e+04
1.260600000000000000e+04
1.262100000000000000e+04
1.279700000000000000e+04
1.264200000000000000e+04
1.266200000000000000e+04
1.266400000000000000e+04
1.280900000000000000e+04
1.283400000000000000e+04
1.281600000000000000e+04
1.298700000000000000e+04
1.272700000000000000e+04
1.279700000000000000e+04
1.275500000000000000e+04
1.289200000000000000e+04
1.278200000000000000e+04
1.294200000000000000e+04
1.287800000000000000e+04
1.290100000000000000e+04
1.304000000000000000e+04
1.291900000000000000e+04
1.306000000000000000e+04
1.305900000000000000e+04
1.315800000000000000e+04
1.338700000000000000e+04
1.308600000000000000e+04
1.313200000000000000e+04
1.312200000000000000e+04
1.336300000000000000e+04
1.323000000000000000e+04
1.318800000000000000e+04
1.344300000000000000e+04
1.321100000000000000e+04
1.322200000000000000e+04
1.347900000000000000e+04
1.325200000000000000e+04
1.334100000000000000e+04
1.330200000000000000e+04
1.343500000000000000e+04
1.346500000000000000e+04
1.364000000000000000e+04
1.360100000000000000e+04
1.363100000000000000e+04
1.350900000000000000e+04
1.356500000000000000e+04
1.358000000000000000e+04
1.370900000000000000e+04
1.376600000000000000e+04
1.363800000000000000e+04
1.364600000000000000e+04
1.371600000000000000e+04
1.371000000000000000e+04
1.376400000000000000e+04
1.389500000000000000e+04
1.384000000000000000e+04
1.396400000000000000e+04
1.393600000000000000e+04
1.383500000000000000e+04
1.400600000000000000e+04
1.397100000000000000e+04
1.388700000000000000e+04
1.390300000000000000e+04
1.404500000000000000e+04
1.403200000000000000e+04
1.399400000000000000e+04
1.405700000000000000e+04
1.379700000000000000e+04
1.396100000000000000e+04
1.375200000000000000e+04
1.378400000000000000e+04
1.371700000000000000e+04
1.378100000000000000e+04
1.384200000000000000e+04
1.365100000000000000e+04
1.358300000000000000e+04
1.387000000000000000e+04
1.389700000000000000e+04
1.393500000000000000e+04
1.379300000000000000e+04
1.400100000000000000e+04
1.396700000000000000e+04
1.414900000000000000e+04
1.434600000000000000e+04
1.416900000000000000e+04
1.431000000000000000e+04
1.428500000000000000e+04
1.414600000000000000e+04
1.392700000000000000e+04
1.391700000000000000e+04
1.403600000000000000e+04
1.409000000000000000e+04
1.403200000000000000e+04
1.402900000000000000e+04
1.393800000000000000e+04
1.412000000000000000e+04
1.396800000000000000e+04
1.400300000000000000e+04
1.397400000000000000e+04
1.401500000000000000e+04
1.375200000000000000e+04
1.393200000000000000e+04
1.372200000000000000e+04
1.359500000000000000e+04
1.355700000000000000e+04
1.348700000000000000e+04
1.335200000000000000e+04
1.344400000000000000e+04
1.313700000000000000e+04
1.327700000000000000e+04
1.296200000000000000e+04
1.328800000000000000e+04
1.306700000000000000e+04
1.325300000000000000e+04
1.322900000000000000e+04
1.320700000000000000e+04
1.314300000000000000e+04
1.315300000000000000e+04
1.300600000000000000e+04
1.304100000000000000e+04
1.295300000000000000e+04
1.285400000000000000e+04
1.287400000000000000e+04
1.272300000000000000e+04
1.267700000000000000e+04
1.270200000000000000e+04
1.246700000000000000e+04
1.272700000000000000e+04
1.259700000000000000e+04
1.265400000000000000e+04
1.261600000000000000e+04
1.266500000000000000e+04
1.261000000000000000e+04
1.247700000000000000e+04
1.229600000000000000e+04
1.237600000000000000e+04
1.249700000000000000e+04
1.230700000000000000e+04
1.234100000000000000e+04
1.250000000000000000e+04
1.244800000000000000e+04
1.267800000000000000e+04
1.241700000000000000e+04
1.235000000000000000e+04
1.215500000000000000e+04
1.226800000000000000e+04
1.212000000000000000e+04
1.198500000000000000e+04
1.201900000000000000e+04
1.209700000000000000e+04
1.195100000000000000e+04
1.200800000000000000e+04
1.206200000000000000e+04
1.183000000000000000e+04
1.198200000000000000e+04
1.174600000000000000e+04
1.168300000000000000e+04
1.163600000000000000e+04
1.161900000000000000e+04
1.151900000000000000e+04
1.165600000000000000e+04
1.149000000000000000e+04
1.127200000000000000e+04
1.128900000000000000e+04
1.134600000000000000e+04
1.138000000000000000e+04
1.125900000000000000e+04
1.120300000000000000e+04
1.104200000000000000e+04
1.120400000000000000e+04
1.097500000000000000e+04
1.106600000000000000e+04
1.106500000000000000e+04
1.110000000000000000e+04
1.112300000000000000e+04
1.132600000000000000e+04
1.131200000000000000e+04
1.135300000000000000e+04
1.151200000000000000e+04
1.142600000000000000e+04
1.154700000000000000e+04
1.140300000000000000e+04
1.137000000000000000e+04
1.129600000000000000e+04
1.135600000000000000e+04
1.149400000000000000e+04
1.145000000000000000e+04
1.144800000000000000e+04
1.143100000000000000e+04
1.166400000000000000e+04
1.140000000000000000e+04
1.138400000000000000e+04
1.122700000000000000e+04
1.116600000000000000e+04
1.118000000000000000e+04
1.112400000000000000e+04
1.111200000000000000e+04
1.114500000000000000e+04
1.110000000000000000e+04
1.107500000000000000e+04
1.109900000000000000e+04
1.108400000000000000e+04
1.126200000000000000e+04
1.126300000000000000e+04
1.119400000000000000e+04
1.132500000000000000e+04
1.150800000000000000e+04
1.146400000000000000e+04
1.117700000000000000e+04
1.130000000000000000e+04
1.111000000000000000e+04
1.117500000000000000e+04
1.116800000000000000e+04
1.132100000000000000e+04
1.113900000000000000e+04
1.103600000000000000e+04
1.087700000000000000e+04
