3.922000000000000000e+03
3.920000000000000000e+03
3.917000000000000000e+03
3.902000000000000000e+03
3.993000000000000000e+03
3.976000000000000000e+03
4.096000000000000000e+03
4.122000000000000000e+03
4.039000000000000000e+03
4.241000000000000000e+03
4.004000000000000000e+03
4.024000000000000000e+03
3.964000000000000000e+03
3.977000000000000000e+03
3.965000000000000000e+03
3.943000000000000000e+03
3.932000000000000000e+03
3.991000000000000000e+03
3.990000000000000000e+03
4.017000000000000000e+03
3.998000000000000000e+03
4.048000000000000000e+03
3.974000000000000000e+03
4.075000000000000000e+03
4.009000000000000000e+03
4.036000000000000000e+03
4.047000000000000000e+03
3.932000000000000000e+03
4.122000000000000000e+03
3.990000000000000000e+03
4.096000000000000000e+03
4.042000000000000000e+03
4.052000000000000000e+03
4.039000000000000000e+03
4.079000000000000000e+03
4.044000000000000000e+03
4.007000000000000000e+03
4.075000000000000000e+03
4.001000000000000000e+03
4.154000000000000000e+03
4.128000000000000000e+03
4.097000000000000000e+03
4.097000000000000000e+03
4.118000000000000000e+03
4.284000000000000000e+03
4.319000000000000000e+03
4.110000000000000000e+03
4.054000000000000000e+03
4.052000000000000000e+03
4.183000000000000000e+03
4.154000000000000000e+03
4.091000000000000000e+03
4.119000000000000000e+03
4.204000000000000000e+03
4.257000000000000000e+03
4.215000000000000000e+03
4.146000000000000000e+03
4.185000000000000000e+03
4.208000000000000000e+03
4.201000000000000000e+03
4.205000000000000000e+03
4.287000000000000000e+03
4.186000000000000000e+03
4.260000000000000000e+03
4.217000000000000000e+03
4.174000000000000000e+03
4.269000000000000000e+03
4.368000000000000000e+03
4.300000000000000000e+03
4.309000000000000000e+03
4.219000000000000000e+03
4.278000000000000000e+03
4.299000000000000000e+03
4.363000000000000000e+03
4.329000000000000000e+03
4.329000000000000000e+03
4.356000000000000000e+03
4.426000000000000000e+03
4.393000000000000000e+03
4.409000000000000000e+03
4.305000000000000000e+03
4.427000000000000000e+03
4.440000000000000000e+03
4.437000000000000000e+03
4.498000000000000000e+03
4.473000000000000000e+03
4.458000000000000000e+03
4.484000000000000000e+03
4.469000000000000000e+03
4.495000000000000000e+03
4.402000000000000000e+03
4.436000000000000000e+03
4.531000000000000000e+03
4.474000000000000000e+03
4.505000000000000000e+03
4.548000000000000000e+03
4.536000000000000000e+03
4.522000000000000000e+03
4.547000000000000000e+03
4.553000000000000000e+03
4.519000000000000000e+03
4.515000000000000000e+03
4.635000000000000000e+03
4.538000000000000000e+03
4.558000000000000000e+03
4.598000000000000000e+03
4.649000000000000000e+03
4.630000000000000000e+03
4.651000000000000000e+03
4.671000000000000000e+03
4.615000000000000000e+03
4.657000000000000000e+03
4.759000000000000000e+03
4.674000000000000000e+03
4.710000000000000000e+03
4.709000000000000000e+03
4.762000000000000000e+03
4.717000000000000000e+03
4.783000000000000000e+03
4.795000000000000000e+03
4.693000000000000000e+03
4.835000000000000000e+03
4.729000000000000000e+03
4.766000000000000000e+03
4.834000000000000000e+03
4.790000000000000000e+03
4.845000000000000000e+03
4.785000000000000000e+03
5.024000000000000000e+03
4.803000000000000000e+03
4.971000000000000000e+03
4.849000000000000000e+03
4.917000000000000000e+03
4.952000000000000000e+03
4.934000000000000000e+03
4.938000000000000000e+03
4.953000000000000000e+03
4.929000000000000000e+03
5.036000000000000000e+03
5.067000000000000000e+03
5.024000000000000000e+03
5.042000000000000000e+03
5.058000000000000000e+03
5.055000000000000000e+03
5.141000000000000000e+03
5.119000000000000000e+03
5.188000000000000000e+03
5.128000000000000000e+03
5.045000000000000000e+03
5.150000000000000000e+03
5.122000000000000000e+03
5.136000000000000000e+03
5.143000000000000000e+03
5.202000000000000000e+03
5.227000000000000000e+03
5.212000000000000000e+03
5.259000000000000000e+03
5.238000000000000000e+03
5.228000000000000000e+03
5.389000000000000000e+03
5.284000000000000000e+03
5.337000000000000000e+03
5.364000000000000000e+03
5.400000000000000000e+03
5.386000000000000000e+03
5.388000000000000000e+03
5.274000000000000000e+03
5.384000000000000000e+03
5.435000000000000000e+03
5.459000000000000000e+03
5.487000000000000000e+03
5.511000000000000000e+03
5.515000000000000000e+03
5.510000000000000000e+03
5.545000000000000000e+03
5.565000000000000000e+03
5.566000000000000000e+03
5.598000000000000000e+03
5.635000000000000000e+03
5.649000000000000000e+03
5.646000000000000000e+03
5.688000000000000000e+03
5.703000000000000000e+03
5.722000000000000000e+03
5.669000000000000000e+03
5.775000000000000000e+03
5.819000000000000000e+03
5.681000000000000000e+03
5.791000000000000000e+03
5.745000000000000000e+03
5.821000000000000000e+03
5.789000000000000000e+03
5.909000000000000000e+03
5.838000000000000000e+03
5.806000000000000000e+03
5.830000000000000000e+03
5.825000000000000000e+03
5.897000000000000000e+03
5.872000000000000000e+03
6.000000000000000000e+03
5.888000000000000000e+03
5.882000000000000000e+03
6.206000000000000000e+03
5.923000000000000000e+03
6.019000000000000000e+03
6.060000000000000000e+03
6.103000000000000000e+03
6.336000000000000000e+03
6.174000000000000000e+03
6.214000000000000000e+03
6.063000000000000000e+03
6.269000000000000000e+03
6.095000000000000000e+03
6.116000000000000000e+03
6.188000000000000000e+03
6.346000000000000000e+03
6.305000000000000000e+03
6.225000000000000000e+03
6.260000000000000000e+03
6.247000000000000000e+03
6.375000000000000000e+03
6.297000000000000000e+03
6.254000000000000000e+03
6.399000000000000000e+03
6.309000000000000000e+03
6.410000000000000000e+03
6.473000000000000000e+03
6.563000000000000000e+03
6.461000000000000000e+03
6.622000000000000000e+03
6.475000000000000000e+03
6.438000000000000000e+03
6.494000000000000000e+03
6.529000000000000000e+03
6.584000000000000000e+03
6.489000000000000000e+03
6.604000000000000000e+03
6.619000000000000000e+03
6.517000000000000000e+03
6.624000000000000000e+03
6.669000000000000000e+03
6.628000000000000000e+03
6.677000000000000000e+03
6.693000000000000000e+03
6.587000000000000000e+03
6.642000000000000000e+03
6.764000000000000000e+03
6.705000000000000000e+03
6.621000000000000000e+03
6.789000000000000000e+03
6.727000000000000000e+03
6.800000000000000000e+03
6.758000000000000000e+03
6.742000000000000000e+03
6.862000000000000000e+03
6.685000000000000000e+03
6.800000000000000000e+03
6.840000000000000000e+03
6.812000000000000000e+03
6.916000000000000000e+03
6.957000000000000000e+03
6.968000000000000000e+03
6.919000000000000000e+03
6.876000000000000000e+03
6.856000000000000000e+03
6.990000000000000000e+03
6.844000000000000000e+03
6.913000000000000000e+03
7.027000000000000000e+03
7.019000000000000000e+03
7.051000000000000000e+03
7.007000000000000000e+03
6.974000000000000000e+03
7.058000000000000000e+03
7.098000000000000000e+03
7.049000000000000000e+03
7.018000000000000000e+03
7.076000000000000000e+03
7.067000000000000000e+03
7.044000000000000000e+03
7.069000000000000000e+03
7.143000000000000000e+03
7.280000000000000000e+03
7.109000000000000000e+03
7.111000000000000000e+03
7.181000000000000000e+03
7.117000000000000000e+03
7.116000000000000000e+03
7.113000000000000000e+03
7.265000000000000000e+03
7.246000000000000000e+03
7.249000000000000000e+03
7.384000000000000000e+03
7.353000000000000000e+03
7.286000000000000000e+03
7.263000000000000000e+03
7.338000000000000000e+03
7.392000000000000000e+03
7.333000000000000000e+03
7.412000000000000000e+03
7.397000000000000000e+03
7.403000000000000000e+03
7.484000000000000000e+03
7.538000000000000000e+03
7.415000000000000000e+03
7.525000000000000000e+03
7.833000000000000000e+03
7.559000000000000000e+03
7.512000000000000000e+03
7.726000000000000000e+03
7.510000000000000000e+03
7.721000000000000000e+03
7.718000000000000000e+03
7.707000000000000000e+03
7.612000000000000000e+03
7.828000000000000000e+03
7.902000000000000000e+03
7.740000000000000000e+03
7.761000000000000000e+03
7.800000000000000000e+03
7.839000000000000000e+03
7.919000000000000000e+03
7.936000000000000000e+03
7.898000000000000000e+03
7.903000000000000000e+03
8.117000000000000000e+03
7.953000000000000000e+03
8.071000000000000000e+03
8.071000000000000000e+03
8.222000000000000000e+03
8.062000000000000000e+03
8.270000000000000000e+03
8.241000000000000000e+03
8.458000000000000000e+03
8.076000000000000000e+03
8.215000000000000000e+03
8.371000000000000000e+03
8.326000000000000000e+03
8.284000000000000000e+03
8.375000000000000000e+03
8.470000000000000000e+03
8.418000000000000000e+03
8.459000000000000000e+03
8.523000000000000000e+03
8.538000000000000000e+03
8.552000000000000000e+03
8.552000000000000000e+03
8.550000000000000000e+03
8.626000000000000000e+03
8.567000000000000000e+03
8.679000000000000000e+03
8.715000000000000000e+03
8.796000000000000000e+03
8.832000000000000000e+03
8.829000000000000000e+03
8.810000000000000000e+03
8.802000000000000000e+03
8.880000000000000000e+03
8.876000000000000000e+03
9.014000000000000000e+03
9.075000000000000000e+03
8.955000000000000000e+03
8.936000000000000000e+03
9.023000000000000000e+03
8.956000000000000000e+03
9.018000000000000000e+03
9.005000000000000000e+03
9.163000000000000000e+03
9.201000000000000000e+03
9.163000000000000000e+03
9.255000000000000000e+03
9.197000000000000000e+03
9.217000000000000000e+03
9.161000000000000000e+03
9.214000000000000000e+03
9.234000000000000000e+03
9.234000000000000000e+03
9.466000000000000000e+03
9.274000000000000000e+03
9.327000000000000000e+03
9.248000000000000000e+03
9.268000000000000000e+03
9.379000000000000000e+03
9.392000000000000000e+03
9.358000000000000000e+03
9.468000000000000000e+03
9.427000000000000000e+03
9.358000000000000000e+03
9.503000000000000000e+03
9.435000000000000000e+03
9.536000000000000000e+03
9.522000000000000000e+03
9.912000000000000000e+03
9.613000000000000000e+03
9.589000000000000000e+03
9.595000000000000000e+03
9.760000000000000000e+03
9.764000000000000000e+03
9.734000000000000000e+03
9.642000000000000000e+03
9.634000000000000000e+03
1.006800000000000000e+04
9.772000000000000000e+03
9.888000000000000000e+03
9.799000000000000000e+03
9.900000000000000000e+03
9.940000000000000000e+03
9.908000000000000000e+03
1.010400000000000000e+04
9.894000000000000000e+03
1.019200000000000000e+04
1.007500000000000000e+04
1.003200000000000000e+04
1.012300000000000000e+04
1.030800000000000000e+04
1.017200000000000000e+04
1.024500000000000000e+04
1.024400000000000000e+04
1.030900000000000000e+04
1.043600000000000000e+04
1.040700000000000000e+04
1.058900000000000000e+04
1.069200000000000000e+04
1.071300000000000000e+04
1.061100000000000000e+04
1.057800000000000000e+04
1.053300000000000000e+04
1.064700000000000000e+04
1.090200000000000000e+04
1.077800000000000000e+04
1.089500000000000000e+04
1.089000000000000000e+04
1.087400000000000000e+04
1.085900000000000000e+04
1.108400000000000000e+04
1.093000000000000000e+04
1.114400000000000000e+04
1.124800000000000000e+04
1.119700000000000000e+04
1.123600000000000000e+04
1.131600000000000000e+04
1.115600000000000000e+04
1.143600000000000000e+04
1.150500000000000000e+04
1.133600000000000000e+04
1.146700000000000000e+04
1.151600000000000000e+04
1.154400000000000000e+04
1.166600000000000000e+04
1.159100000000000000e+04
1.158200000000000000e+04
1.163500000000000000e+04
1.182000000000000000e+04
1.177200000000000000e+04
1.182900000000000000e+04
1.174700000000000000e+04
1.184200000000000000e+04
1.179500000000000000e+04
1.190000000000000000e+04
1.207800000000000000e+04
1.204100000000000000e+04
1.180800000000000000e+04
1.219400000000000000e+04
1.211200000000000000e+04
1.211200000000000000e+04
1.217800000000000000e+04
1.222800000000000000e+04
1.241600000000000000e+04
1.221900000000000000e+04
1.224400000000000000e+04
1.226300000000000000e+04
1.217500000000000000e+04
1.232000000000000000e+04
1.239700000000000000e+04
1.235600000000000000e+04
1.243800000000000000e+04
1.231400000000000000e+04
1.230000000000000000e+04
1.234600000000000000e+04
1.241500000000000000e+04
1.249500000000000000e+04
1.248000000000000000e+04
1.256000000000000000e+04
1.254700000000000000e+04
1.251400000000000000e+04
1.254100000000000000e+04
1.258300000000000000e+04
1.252800000000000000e+04
1.266100000000000000e+04
1.251500000000000000e+04
1.261400000000000000e+04
1.255700000000000000e+04
1.260700000000000000e+04
1.271700000000000000e+04
1.271300000000000000e+04
1.276400000000000000e+04
1.285400000000000000e+04
1.291700000000000000e+04
1.298900000000000000e+04
1.275800000000000000e+04
1.288300000000000000e+04
1.278300000000000000e+04
1.312200000000000000e+04
1.284500000000000000e+04
1.280000000000000000e+04
1.308900000000000000e+04
1.300100000000000000e+04
1.304400000000000000e+04
1.295800000000000000e+04
1.309500000000000000e+04
1.296500000000000000e+04
1.292100000000000000e+04
1.299900000000000000e+04
1.296000000000000000e+04
1.286200000000000000e+04
1.306500000000000000e+04
1.289300000000000000e+04
1.313700000000000000e+04
1.296400000000000000e+04
1.316000000000000000e+04
1.320100000000000000e+04
1.310600000000000000e+04
1.299700000000000000e+04
1.303200000000000000e+04
1.302800000000000000e+04
1.313000000000000000e+04
1.307100000000000000e+04
1.304200000000000000e+04
1.315500000000000000e+04
1.314300000000000000e+04
1.303100000000000000e+04
1.309400000000000000e+04
1.317100000000000000e+04
1.324100000000000000e+04
1.310500000000000000e+04
1.314200000000000000e+04
1.317200000000000000e+04
1.322200000000000000e+04
1.310200000000000000e+04
1.322600000000000000e+04
1.317100000000000000e+04
1.309500000000000000e+04
1.318700000000000000e+04
1.320700000000000000e+04
1.315900000000000000e+04
1.317400000000000000e+04
1.320900000000000000e+04
1.316200000000000000e+04
1.335400000000000000e+04
1.311700000000000000e+04
1.324800000000000000e+04
1.332500000000000000e+04
1.323100000000000000e+04
1.335900000000000000e+04
1.335000000000000000e+04
1.346400000000000000e+04
1.344500000000000000e+04
1.338500000000000000e+04
1.334100000000000000e+04
1.361600000000000000e+04
1.338700000000000000e+04
1.336900000000000000e+04
1.348200000000000000e+04
1.349700000000000000e+04
1.363100000000000000e+04
1.344900000000000000e+04
1.361800000000000000e+04
1.353600000000000000e+04
1.359000000000000000e+04
1.361700000000000000e+04
1.366200000000000000e+04
1.373100000000000000e+04
1.382300000000000000e+04
1.387200000000000000e+04
1.383800000000000000e+04
1.370300000000000000e+04
1.387700000000000000e+04
1.387300000000000000e+04
1.391200000000000000e+04
1.392700000000000000e+04
1.396900000000000000e+04
1.390500000000000000e+04
1.396600000000000000e+04
1.394800000000000000e+04
1.412500000000000000e+04
1.424900000000000000e+04
1.401300000000000000e+04
1.418300000000000000e+04
1.410400000000000000e+04
1.421800000000000000e+04
1.432200000000000000e+04
1.435800000000000000e+04
1.431800000000000000e+04
1.422400000000000000e+04
1.457100000000000000e+04
1.421200000000000000e+04
1.407100000000000000e+04
1.446400000000000000e+04
1.430800000000000000e+04
1.435300000000000000e+04
1.417500000000000000e+04
1.434100000000000000e+04
1.449200000000000000e+04
1.448300000000000000e+04
1.423000000000000000e+04
1.426500000000000000e+04
1.432200000000000000e+04
1.438400000000000000e+04
1.442900000000000000e+04
1.437900000000000000e+04
1.451300000000000000e+04
1.444000000000000000e+04
1.433200000000000000e+04
1.428100000000000000e+04
1.458200000000000000e+04
1.439800000000000000e+04
1.447900000000000000e+04
1.436000000000000000e+04
1.441000000000000000e+04
1.442400000000000000e+04
1.460800000000000000e+04
1.447700000000000000e+04
1.459200000000000000e+04
1.472400000000000000e+04
1.452800000000000000e+04
1.460300000000000000e+04
1.445300000000000000e+04
1.447200000000000000e+04
1.430400000000000000e+04
1.442700000000000000e+04
1.434900000000000000e+04
1.440200000000000000e+04
1.448700000000000000e+04
1.427200000000000000e+04
1.436900000000000000e+04
1.448600000000000000e+04
1.436000000000000000e+04
1.444100000000000000e+04
1.442700000000000000e+04
1.448600000000000000e+04
1.438300000000000000e+04
1.442400000000000000e+04
1.420600000000000000e+04
1.419300000000000000e+04
1.418000000000000000e+04
1.427000000000000000e+04
1.404000000000000000e+04
1.396800000000000000e+04
1.417000000000000000e+04
1.417200000000000000e+04
1.412300000000000000e+04
1.415500000000000000e+04
1.407600000000000000e+04
1.438700000000000000e+04
1.404400000000000000e+04
1.394500000000000000e+04
1.373300000000000000e+04
1.384700000000000000e+04
1.393700000000000000e+04
1.390400000000000000e+04
1.369300000000000000e+04
1.384100000000000000e+04
1.366100000000000000e+04
1.363000000000000000e+04
1.362700000000000000e+04
1.379000000000000000e+04
1.374600000000000000e+04
1.368100000000000000e+04
1.380300000000000000e+04
1.376600000000000000e+04
1.392300000000000000e+04
1.365900000000000000e+04
1.367400000000000000e+04
1.366500000000000000e+04
1.349900000000000000e+04
1.332500000000000000e+04
1.331000000000000000e+04
1.326700000000000000e+04
1.325400000000000000e+04
1.310600000000000000e+04
1.311000000000000000e+04
1.295500000000000000e+04
1.299700000000000000e+04
1.281500000000000000e+04
1.276300000000000000e+04
1.261600000000000000e+04
1.254200000000000000e+04
1.272600000000000000e+04
1.239000000000000000e+04
1.249700000000000000e+04
1.252800000000000000e+04
1.243200000000000000e+04
1.241600000000000000e+04
1.235100000000000000e+04
1.239800000000000000e+04
1.239100000000000000e+04
1.232000000000000000e+04
1.230800000000000000e+04
1.232600000000000000e+04
1.247100000000000000e+04
1.249300000000000000e+04
1.246400000000000000e+04
1.253600000000000000e+04
1.249500000000000000e+04
1.262600000000000000e+04
1.254200000000000000e+04
1.241600000000000000e+04
1.256700000000000000e+04
1.247300000000000000e+04
1.259100000000000000e+04
1.233900000000000000e+04
1.230700000000000000e+04
1.223700000000000000e+04
1.228900000000000000e+04
1.221400000000000000e+04
1.213700000000000000e+04
1.184100000000000000e+04
1.177400000000000000e+04
1.161800000000000000e+04
1.162700000000000000e+04
1.163700000000000000e+04
1.175800000000000000e+04
1.166700000000000000e+04
1.186300000000000000e+04
1.171700000000000000e+04
1.180200000000000000e+04
1.175100000000000000e+04
1.143700000000000000e+04
1.124900000000000000e+04
1.132100000000000000e+04
1.119900000000000000e+04
1.126100000000000000e+04
1.119400000000000000e+04
1.115400000000000000e+04
1.125800000000000000e+04
1.120900000000000000e+04
1.130900000000000000e+04
1.107500000000000000e+04
1.130800000000000000e+04
1.123900000000000000e+04
1.132600000000000000e+04
1.132900000000000000e+04
1.142100000000000000e+04
1.143200000000000000e+04
1.146200000000000000e+04
1.171600000000000000e+04
1.178200000000000000e+04
1.184900000000000000e+04
1.176300000000000000e+04
1.189500000000000000e+04
1.161900000000000000e+04
1.145200000000000000e+04
1.170600000000000000e+04
1.160600000000000000e+04
1.142100000000000000e+04
1.137700000000000000e+04
1.139100000000000000e+04
1.147900000000000000e+04
1.123500000000000000e+04
1.119700000000000000e+04
1.105000000000000000e+04
1.094200000000000000e+04
1.099000000000000000e+04
1.112200000000000000e+04
1.083700000000000000e+04
