3.410000000000000000e+03
3.465000000000000000e+03
3.498000000000000000e+03
3.464000000000000000e+03
3.476000000000000000e+03
3.492000000000000000e+03
3.381000000000000000e+03
3.400000000000000000e+03
3.435000000000000000e+03
3.447000000000000000e+03
3.524000000000000000e+03
3.405000000000000000e+03
3.404000000000000000e+03
3.369000000000000000e+03
3.385000000000000000e+03
3.348000000000000000e+03
3.345000000000000000e+03
3.347000000000000000e+03
3.397000000000000000e+03
3.378000000000000000e+03
3.372000000000000000e+03
3.434000000000000000e+03
3.441000000000000000e+03
3.506000000000000000e+03
3.492000000000000000e+03
3.495000000000000000e+03
3.491000000000000000e+03
3.470000000000000000e+03
3.487000000000000000e+03
3.503000000000000000e+03
3.510000000000000000e+03
3.530000000000000000e+03
3.467000000000000000e+03
3.549000000000000000e+03
3.621000000000000000e+03
3.563000000000000000e+03
3.572000000000000000e+03
3.485000000000000000e+03
3.550000000000000000e+03
3.517000000000000000e+03
3.529000000000000000e+03
3.563000000000000000e+03
3.566000000000000000e+03
3.596000000000000000e+03
3.565000000000000000e+03
3.610000000000000000e+03
3.550000000000000000e+03
3.524000000000000000e+03
3.592000000000000000e+03
3.594000000000000000e+03
3.595000000000000000e+03
3.919000000000000000e+03
3.620000000000000000e+03
3.616000000000000000e+03
3.560000000000000000e+03
3.646000000000000000e+03
3.682000000000000000e+03
3.655000000000000000e+03
3.663000000000000000e+03
3.643000000000000000e+03
3.724000000000000000e+03
3.711000000000000000e+03
3.642000000000000000e+03
3.626000000000000000e+03
3.758000000000000000e+03
3.687000000000000000e+03
3.685000000000000000e+03
3.748000000000000000e+03
3.751000000000000000e+03
3.748000000000000000e+03
3.646000000000000000e+03
3.749000000000000000e+03
3.756000000000000000e+03
3.798000000000000000e+03
3.815000000000000000e+03
3.719000000000000000e+03
3.741000000000000000e+03
3.719000000000000000e+03
3.707000000000000000e+03
3.757000000000000000e+03
3.813000000000000000e+03
3.841000000000000000e+03
3.854000000000000000e+03
3.822000000000000000e+03
3.814000000000000000e+03
3.918000000000000000e+03
3.853000000000000000e+03
3.808000000000000000e+03
3.812000000000000000e+03
3.859000000000000000e+03
3.843000000000000000e+03
3.905000000000000000e+03
3.871000000000000000e+03
3.920000000000000000e+03
3.965000000000000000e+03
3.861000000000000000e+03
3.893000000000000000e+03
3.953000000000000000e+03
3.947000000000000000e+03
3.930000000000000000e+03
3.922000000000000000e+03
3.922000000000000000e+03
3.885000000000000000e+03
4.009000000000000000e+03
3.903000000000000000e+03
3.992000000000000000e+03
3.980000000000000000e+03
4.017000000000000000e+03
3.970000000000000000e+03
4.098000000000000000e+03
4.019000000000000000e+03
3.943000000000000000e+03
4.014000000000000000e+03
4.027000000000000000e+03
4.080000000000000000e+03
4.033000000000000000e+03
4.118000000000000000e+03
4.035000000000000000e+03
4.089000000000000000e+03
4.235000000000000000e+03
4.062000000000000000e+03
4.084000000000000000e+03
4.098000000000000000e+03
4.185000000000000000e+03
4.166000000000000000e+03
4.164000000000000000e+03
4.171000000000000000e+03
4.207000000000000000e+03
4.173000000000000000e+03
4.236000000000000000e+03
4.223000000000000000e+03
4.237000000000000000e+03
4.229000000000000000e+03
4.333000000000000000e+03
4.227000000000000000e+03
4.290000000000000000e+03
4.146000000000000000e+03
4.205000000000000000e+03
4.265000000000000000e+03
4.250000000000000000e+03
4.324000000000000000e+03
4.307000000000000000e+03
4.385000000000000000e+03
4.269000000000000000e+03
4.296000000000000000e+03
4.411000000000000000e+03
4.441000000000000000e+03
4.382000000000000000e+03
4.410000000000000000e+03
4.395000000000000000e+03
4.462000000000000000e+03
4.433000000000000000e+03
4.436000000000000000e+03
4.343000000000000000e+03
4.453000000000000000e+03
4.495000000000000000e+03
4.478000000000000000e+03
4.696000000000000000e+03
4.586000000000000000e+03
4.545000000000000000e+03
4.502000000000000000e+03
4.528000000000000000e+03
4.544000000000000000e+03
4.559000000000000000e+03
4.562000000000000000e+03
4.580000000000000000e+03
4.548000000000000000e+03
4.587000000000000000e+03
4.665000000000000000e+03
4.596000000000000000e+03
4.640000000000000000e+03
4.692000000000000000e+03
4.698000000000000000e+03
4.738000000000000000e+03
4.751000000000000000e+03
4.892000000000000000e+03
4.895000000000000000e+03
4.755000000000000000e+03
4.747000000000000000e+03
4.750000000000000000e+03
4.748000000000000000e+03
4.765000000000000000e+03
4.698000000000000000e+03
4.758000000000000000e+03
4.800000000000000000e+03
4.824000000000000000e+03
4.818000000000000000e+03
4.776000000000000000e+03
4.879000000000000000e+03
4.868000000000000000e+03
4.900000000000000000e+03
4.951000000000000000e+03
4.827000000000000000e+03
4.893000000000000000e+03
4.899000000000000000e+03
4.939000000000000000e+03
5.017000000000000000e+03
4.905000000000000000e+03
4.985000000000000000e+03
4.990000000000000000e+03
5.025000000000000000e+03
5.078000000000000000e+03
5.069000000000000000e+03
5.062000000000000000e+03
5.120000000000000000e+03
5.101000000000000000e+03
5.131000000000000000e+03
5.138000000000000000e+03
5.279000000000000000e+03
5.183000000000000000e+03
5.166000000000000000e+03
5.177000000000000000e+03
5.131000000000000000e+03
5.257000000000000000e+03
5.193000000000000000e+03
5.335000000000000000e+03
5.282000000000000000e+03
5.458000000000000000e+03
5.330000000000000000e+03
5.369000000000000000e+03
5.297000000000000000e+03
5.343000000000000000e+03
5.360000000000000000e+03
5.380000000000000000e+03
5.429000000000000000e+03
5.389000000000000000e+03
5.398000000000000000e+03
5.416000000000000000e+03
5.559000000000000000e+03
5.390000000000000000e+03
5.489000000000000000e+03
5.380000000000000000e+03
5.508000000000000000e+03
5.438000000000000000e+03
5.543000000000000000e+03
5.522000000000000000e+03
5.539000000000000000e+03
5.788000000000000000e+03
5.667000000000000000e+03
5.542000000000000000e+03
5.575000000000000000e+03
5.601000000000000000e+03
5.600000000000000000e+03
5.533000000000000000e+03
5.664000000000000000e+03
5.665000000000000000e+03
5.546000000000000000e+03
5.664000000000000000e+03
5.693000000000000000e+03
5.679000000000000000e+03
5.841000000000000000e+03
5.703000000000000000e+03
5.643000000000000000e+03
5.742000000000000000e+03
5.769000000000000000e+03
5.734000000000000000e+03
5.778000000000000000e+03
5.761000000000000000e+03
5.780000000000000000e+03
5.801000000000000000e+03
5.759000000000000000e+03
5.711000000000000000e+03
5.849000000000000000e+03
5.804000000000000000e+03
5.769000000000000000e+03
5.890000000000000000e+03
5.729000000000000000e+03
5.889000000000000000e+03
5.875000000000000000e+03
5.917000000000000000e+03
5.840000000000000000e+03
5.905000000000000000e+03
5.969000000000000000e+03
5.985000000000000000e+03
5.878000000000000000e+03
5.928000000000000000e+03
6.010000000000000000e+03
5.937000000000000000e+03
6.010000000000000000e+03
6.031000000000000000e+03
6.015000000000000000e+03
6.012000000000000000e+03
6.006000000000000000e+03
6.043000000000000000e+03
6.053000000000000000e+03
6.025000000000000000e+03
6.040000000000000000e+03
6.076000000000000000e+03
6.109000000000000000e+03
6.133000000000000000e+03
6.002000000000000000e+03
6.156000000000000000e+03
6.204000000000000000e+03
6.125000000000000000e+03
6.129000000000000000e+03
6.164000000000000000e+03
6.148000000000000000e+03
6.292000000000000000e+03
6.213000000000000000e+03
6.294000000000000000e+03
6.280000000000000000e+03
6.327000000000000000e+03
6.255000000000000000e+03
6.274000000000000000e+03
6.308000000000000000e+03
6.244000000000000000e+03
6.306000000000000000e+03
6.414000000000000000e+03
6.363000000000000000e+03
6.299000000000000000e+03
6.423000000000000000e+03
6.451000000000000000e+03
6.447000000000000000e+03
6.394000000000000000e+03
6.446000000000000000e+03
6.485000000000000000e+03
6.542000000000000000e+03
6.546000000000000000e+03
6.584000000000000000e+03
6.555000000000000000e+03
6.578000000000000000e+03
6.680000000000000000e+03
6.623000000000000000e+03
6.743000000000000000e+03
6.658000000000000000e+03
6.683000000000000000e+03
6.680000000000000000e+03
6.821000000000000000e+03
6.769000000000000000e+03
6.788000000000000000e+03
6.837000000000000000e+03
6.827000000000000000e+03
6.914000000000000000e+03
6.926000000000000000e+03
7.088000000000000000e+03
6.985000000000000000e+03
6.985000000000000000e+03
7.199000000000000000e+03
6.927000000000000000e+03
7.051000000000000000e+03
7.034000000000000000e+03
7.053000000000000000e+03
7.097000000000000000e+03
7.410000000000000000e+03
7.206000000000000000e+03
7.203000000000000000e+03
7.270000000000000000e+03
7.221000000000000000e+03
7.236000000000000000e+03
7.248000000000000000e+03
7.254000000000000000e+03
7.216000000000000000e+03
7.373000000000000000e+03
7.215000000000000000e+03
7.332000000000000000e+03
7.392000000000000000e+03
7.416000000000000000e+03
7.390000000000000000e+03
7.538000000000000000e+03
7.564000000000000000e+03
7.507000000000000000e+03
7.563000000000000000e+03
7.531000000000000000e+03
7.540000000000000000e+03
7.580000000000000000e+03
7.645000000000000000e+03
7.601000000000000000e+03
7.605000000000000000e+03
7.583000000000000000e+03
7.723000000000000000e+03
7.706000000000000000e+03
7.805000000000000000e+03
7.830000000000000000e+03
7.834000000000000000e+03
7.781000000000000000e+03
7.744000000000000000e+03
7.858000000000000000e+03
7.744000000000000000e+03
7.911000000000000000e+03
7.894000000000000000e+03
7.820000000000000000e+03
7.923000000000000000e+03
8.040000000000000000e+03
7.854000000000000000e+03
7.867000000000000000e+03
7.975000000000000000e+03
7.965000000000000000e+03
7.836000000000000000e+03
7.983000000000000000e+03
8.025000000000000000e+03
8.021000000000000000e+03
8.106000000000000000e+03
8.040000000000000000e+03
8.070000000000000000e+03
8.169000000000000000e+03
8.054000000000000000e+03
8.143000000000000000e+03
8.131000000000000000e+03
8.212000000000000000e+03
8.186000000000000000e+03
8.231000000000000000e+03
8.202000000000000000e+03
8.130000000000000000e+03
8.252000000000000000e+03
8.356000000000000000e+03
8.354000000000000000e+03
8.439000000000000000e+03
8.384000000000000000e+03
8.376000000000000000e+03
8.376000000000000000e+03
8.379000000000000000e+03
8.497000000000000000e+03
8.432000000000000000e+03
8.512000000000000000e+03
8.568000000000000000e+03
8.629000000000000000e+03
8.694000000000000000e+03
8.740000000000000000e+03
8.775000000000000000e+03
8.743000000000000000e+03
8.778000000000000000e+03
8.712000000000000000e+03
8.960000000000000000e+03
8.882000000000000000e+03
8.830000000000000000e+03
8.903000000000000000e+03
8.912000000000000000e+03
8.976000000000000000e+03
8.991000000000000000e+03
9.036000000000000000e+03
9.178000000000000000e+03
9.152000000000000000e+03
9.184000000000000000e+03
9.222000000000000000e+03
9.244000000000000000e+03
9.287000000000000000e+03
9.351000000000000000e+03
9.264000000000000000e+03
9.411000000000000000e+03
9.451000000000000000e+03
9.365000000000000000e+03
9.581000000000000000e+03
9.459000000000000000e+03
9.590000000000000000e+03
9.518000000000000000e+03
9.657000000000000000e+03
9.690000000000000000e+03
9.614000000000000000e+03
9.659000000000000000e+03
9.984000000000000000e+03
9.741000000000000000e+03
9.747000000000000000e+03
9.860000000000000000e+03
9.794000000000000000e+03
9.875000000000000000e+03
9.966000000000000000e+03
9.962000000000000000e+03
1.005500000000000000e+04
1.011600000000000000e+04
1.016200000000000000e+04
1.018000000000000000e+04
1.008300000000000000e+04
1.009800000000000000e+04
1.010300000000000000e+04
1.017600000000000000e+04
1.025100000000000000e+04
1.034200000000000000e+04
1.024700000000000000e+04
1.026100000000000000e+04
1.042400000000000000e+04
1.032200000000000000e+04
1.052700000000000000e+04
1.038600000000000000e+04
1.046900000000000000e+04
1.043900000000000000e+04
1.048700000000000000e+04
1.053800000000000000e+04
1.047900000000000000e+04
1.049700000000000000e+04
1.059300000000000000e+04
1.056900000000000000e+04
1.047500000000000000e+04
1.045400000000000000e+04
1.055300000000000000e+04
1.051700000000000000e+04
1.045000000000000000e+04
1.054600000000000000e+04
1.055500000000000000e+04
1.072100000000000000e+04
1.075400000000000000e+04
1.082800000000000000e+04
1.064700000000000000e+04
1.074100000000000000e+04
1.076500000000000000e+04
1.092300000000000000e+04
1.086700000000000000e+04
1.098200000000000000e+04
1.079700000000000000e+04
1.093800000000000000e+04
1.091300000000000000e+04
1.079000000000000000e+04
1.097600000000000000e+04
1.079400000000000000e+04
1.098300000000000000e+04
1.103300000000000000e+04
1.102300000000000000e+04
1.101200000000000000e+04
1.099900000000000000e+04
1.094200000000000000e+04
1.098900000000000000e+04
1.102100000000000000e+04
1.088400000000000000e+04
1.108200000000000000e+04
1.099600000000000000e+04
1.091800000000000000e+04
1.096200000000000000e+04
1.095500000000000000e+04
1.095900000000000000e+04
1.100700000000000000e+04
1.102800000000000000e+04
1.100400000000000000e+04
1.107300000000000000e+04
1.108900000000000000e+04
1.117800000000000000e+04
1.110000000000000000e+04
1.107500000000000000e+04
1.105400000000000000e+04
1.098600000000000000e+04
1.116800000000000000e+04
1.110300000000000000e+04
1.102500000000000000e+04
1.093200000000000000e+04
1.120400000000000000e+04
1.117500000000000000e+04
1.103300000000000000e+04
1.095300000000000000e+04
1.103900000000000000e+04
1.113100000000000000e+04
1.114100000000000000e+04
1.113700000000000000e+04
1.117700000000000000e+04
1.117400000000000000e+04
1.111800000000000000e+04
1.117000000000000000e+04
1.104200000000000000e+04
1.110200000000000000e+04
1.104700000000000000e+04
1.105500000000000000e+04
1.120400000000000000e+04
1.113900000000000000e+04
1.120800000000000000e+04
1.107000000000000000e+04
1.120900000000000000e+04
1.128000000000000000e+04
1.109300000000000000e+04
1.121600000000000000e+04
1.120400000000000000e+04
1.122100000000000000e+04
1.128300000000000000e+04
1.132500000000000000e+04
1.135200000000000000e+04
1.141600000000000000e+04
1.142200000000000000e+04
1.147700000000000000e+04
1.127700000000000000e+04
1.141900000000000000e+04
1.147500000000000000e+04
1.141100000000000000e+04
1.142500000000000000e+04
1.161700000000000000e+04
1.148900000000000000e+04
1.146600000000000000e+04
1.143800000000000000e+04
1.155700000000000000e+04
1.144100000000000000e+04
1.162200000000000000e+04
1.147100000000000000e+04
1.150400000000000000e+04
1.170200000000000000e+04
1.154200000000000000e+04
1.152800000000000000e+04
1.157000000000000000e+04
1.174700000000000000e+04
1.162300000000000000e+04
1.173100000000000000e+04
1.185100000000000000e+04
1.173100000000000000e+04
1.178500000000000000e+04
1.178600000000000000e+04
1.176200000000000000e+04
1.184200000000000000e+04
1.165300000000000000e+04
1.157700000000000000e+04
1.173900000000000000e+04
1.177600000000000000e+04
1.178400000000000000e+04
1.181300000000000000e+04
1.189800000000000000e+04
1.196500000000000000e+04
1.192000000000000000e+04
1.196000000000000000e+04
1.201400000000000000e+04
1.202000000000000000e+04
1.189400000000000000e+04
1.179600000000000000e+04
1.176800000000000000e+04
1.188400000000000000e+04
1.191900000000000000e+04
1.203500000000000000e+04
1.210300000000000000e+04
1.226800000000000000e+04
1.225200000000000000e+04
1.219800000000000000e+04
1.250200000000000000e+04
1.244200000000000000e+04
1.250800000000000000e+04
1.248300000000000000e+04
1.250700000000000000e+04
1.225500000000000000e+04
1.241500000000000000e+04
1.245500000000000000e+04
1.240600000000000000e+04
1.264900000000000000e+04
1.251800000000000000e+04
1.245800000000000000e+04
1.255300000000000000e+04
1.251600000000000000e+04
1.240200000000000000e+04
1.242700000000000000e+04
1.254800000000000000e+04
1.269400000000000000e+04
1.259500000000000000e+04
1.242700000000000000e+04
1.251700000000000000e+04
1.264400000000000000e+04
1.265500000000000000e+04
1.245300000000000000e+04
1.248200000000000000e+04
1.250500000000000000e+04
1.230300000000000000e+04
1.239000000000000000e+04
1.245800000000000000e+04
1.233600000000000000e+04
1.246100000000000000e+04
1.249700000000000000e+04
1.259900000000000000e+04
1.274300000000000000e+04
1.274000000000000000e+04
1.247300000000000000e+04
1.240900000000000000e+04
1.237300000000000000e+04
1.238500000000000000e+04
1.232700000000000000e+04
1.227000000000000000e+04
1.228900000000000000e+04
1.216500000000000000e+04
1.221300000000000000e+04
1.225400000000000000e+04
1.213200000000000000e+04
1.218100000000000000e+04
1.197700000000000000e+04
1.216100000000000000e+04
1.195900000000000000e+04
1.171200000000000000e+04
1.186200000000000000e+04
1.201300000000000000e+04
1.179400000000000000e+04
1.197400000000000000e+04
1.200000000000000000e+04
1.179500000000000000e+04
1.176500000000000000e+04
1.161500000000000000e+04
1.179900000000000000e+04
1.166000000000000000e+04
1.139800000000000000e+04
1.142600000000000000e+04
1.158100000000000000e+04
1.152500000000000000e+04
1.152400000000000000e+04
1.151200000000000000e+04
1.139200000000000000e+04
1.143700000000000000e+04
1.134600000000000000e+04
1.140400000000000000e+04
1.119200000000000000e+04
1.105500000000000000e+04
1.094900000000000000e+04
1.106700000000000000e+04
1.107500000000000000e+04
1.096300000000000000e+04
1.087400000000000000e+04
1.072100000000000000e+04
1.093300000000000000e+04
1.088600000000000000e+04
1.094600000000000000e+04
1.077200000000000000e+04
1.077300000000000000e+04
1.074900000000000000e+04
1.090400000000000000e+04
1.088700000000000000e+04
1.078300000000000000e+04
1.070500000000000000e+04
1.175800000000000000e+04
1.053100000000000000e+04
1.057300000000000000e+04
1.065000000000000000e+04
1.066600000000000000e+04
1.069500000000000000e+04
1.066600000000000000e+04
1.066600000000000000e+04
1.068800000000000000e+04
1.048300000000000000e+04
1.048500000000000000e+04
1.024700000000000000e+04
1.017600000000000000e+04
1.025100000000000000e+04
1.022600000000000000e+04
1.039300000000000000e+04
1.029700000000000000e+04
1.037600000000000000e+04
1.042100000000000000e+04
1.043200000000000000e+04
1.034900000000000000e+04
1.032100000000000000e+04
1.037500000000000000e+04
1.014200000000000000e+04
1.028400000000000000e+04
1.013300000000000000e+04
1.015300000000000000e+04
1.014900000000000000e+04
1.019900000000000000e+04
1.023100000000000000e+04
1.024600000000000000e+04
1.018100000000000000e+04
1.039300000000000000e+04
1.037400000000000000e+04
1.028600000000000000e+04
1.004000000000000000e+04
1.030900000000000000e+04
1.045000000000000000e+04
1.035900000000000000e+04
1.046300000000000000e+04
1.043500000000000000e+04
1.053800000000000000e+04
1.054300000000000000e+04
1.032200000000000000e+04
1.009800000000000000e+04
1.005400000000000000e+04
9.891000000000000000e+03
9.977000000000000000e+03
1.004800000000000000e+04
1.009100000000000000e+04
9.952000000000000000e+03
9.937000000000000000e+03
1.003000000000000000e+04
9.883000000000000000e+03
9.782000000000000000e+03
9.884000000000000000e+03
9.690000000000000000e+03
9.731000000000000000e+03
9.674000000000000000e+03
9.596000000000000000e+03
9.647000000000000000e+03
9.619000000000000000e+03
9.366000000000000000e+03
