3.928000000000000000e+03
3.945000000000000000e+03
3.987000000000000000e+03
3.958000000000000000e+03
3.985000000000000000e+03
3.947000000000000000e+03
3.922000000000000000e+03
3.957000000000000000e+03
3.943000000000000000e+03
3.938000000000000000e+03
3.785000000000000000e+03
3.724000000000000000e+03
3.765000000000000000e+03
3.681000000000000000e+03
3.663000000000000000e+03
3.654000000000000000e+03
3.660000000000000000e+03
3.777000000000000000e+03
3.745000000000000000e+03
3.893000000000000000e+03
3.975000000000000000e+03
3.996000000000000000e+03
3.997000000000000000e+03
3.998000000000000000e+03
4.037000000000000000e+03
4.029000000000000000e+03
3.959000000000000000e+03
3.970000000000000000e+03
4.023000000000000000e+03
3.882000000000000000e+03
3.885000000000000000e+03
3.945000000000000000e+03
3.847000000000000000e+03
3.966000000000000000e+03
4.003000000000000000e+03
4.002000000000000000e+03
4.030000000000000000e+03
3.990000000000000000e+03
3.999000000000000000e+03
4.029000000000000000e+03
3.992000000000000000e+03
4.031000000000000000e+03
4.008000000000000000e+03
4.017000000000000000e+03
4.126000000000000000e+03
4.079000000000000000e+03
4.077000000000000000e+03
4.075000000000000000e+03
4.133000000000000000e+03
4.144000000000000000e+03
4.118000000000000000e+03
4.098000000000000000e+03
4.098000000000000000e+03
4.125000000000000000e+03
4.060000000000000000e+03
4.127000000000000000e+03
4.092000000000000000e+03
4.171000000000000000e+03
4.109000000000000000e+03
4.147000000000000000e+03
4.089000000000000000e+03
4.191000000000000000e+03
4.209000000000000000e+03
4.162000000000000000e+03
4.190000000000000000e+03
4.245000000000000000e+03
4.141000000000000000e+03
4.254000000000000000e+03
4.272000000000000000e+03
4.263000000000000000e+03
4.193000000000000000e+03
4.181000000000000000e+03
4.476000000000000000e+03
4.272000000000000000e+03
4.261000000000000000e+03
4.306000000000000000e+03
4.470000000000000000e+03
4.295000000000000000e+03
4.375000000000000000e+03
4.330000000000000000e+03
4.344000000000000000e+03
4.299000000000000000e+03
4.357000000000000000e+03
4.309000000000000000e+03
4.316000000000000000e+03
4.328000000000000000e+03
4.346000000000000000e+03
4.357000000000000000e+03
4.354000000000000000e+03
4.436000000000000000e+03
4.476000000000000000e+03
4.451000000000000000e+03
4.406000000000000000e+03
4.436000000000000000e+03
4.472000000000000000e+03
4.423000000000000000e+03
4.421000000000000000e+03
4.500000000000000000e+03
4.531000000000000000e+03
4.520000000000000000e+03
4.458000000000000000e+03
4.553000000000000000e+03
4.491000000000000000e+03
4.529000000000000000e+03
4.599000000000000000e+03
4.503000000000000000e+03
4.526000000000000000e+03
4.562000000000000000e+03
4.578000000000000000e+03
4.610000000000000000e+03
4.594000000000000000e+03
4.812000000000000000e+03
4.595000000000000000e+03
4.628000000000000000e+03
4.648000000000000000e+03
4.691000000000000000e+03
4.671000000000000000e+03
4.650000000000000000e+03
4.711000000000000000e+03
4.695000000000000000e+03
4.725000000000000000e+03
4.642000000000000000e+03
4.735000000000000000e+03
4.714000000000000000e+03
4.766000000000000000e+03
4.773000000000000000e+03
4.815000000000000000e+03
4.757000000000000000e+03
4.744000000000000000e+03
4.860000000000000000e+03
4.858000000000000000e+03
4.870000000000000000e+03
4.870000000000000000e+03
4.880000000000000000e+03
4.904000000000000000e+03
4.808000000000000000e+03
4.992000000000000000e+03
4.867000000000000000e+03
4.872000000000000000e+03
4.900000000000000000e+03
5.324000000000000000e+03
5.003000000000000000e+03
5.022000000000000000e+03
4.963000000000000000e+03
5.052000000000000000e+03
4.999000000000000000e+03
5.077000000000000000e+03
5.099000000000000000e+03
5.149000000000000000e+03
5.083000000000000000e+03
5.102000000000000000e+03
5.162000000000000000e+03
5.090000000000000000e+03
5.102000000000000000e+03
5.198000000000000000e+03
5.104000000000000000e+03
5.228000000000000000e+03
5.244000000000000000e+03
5.240000000000000000e+03
5.240000000000000000e+03
5.248000000000000000e+03
5.260000000000000000e+03
5.219000000000000000e+03
5.260000000000000000e+03
5.368000000000000000e+03
5.311000000000000000e+03
5.371000000000000000e+03
5.350000000000000000e+03
5.304000000000000000e+03
5.439000000000000000e+03
5.381000000000000000e+03
5.433000000000000000e+03
5.460000000000000000e+03
5.488000000000000000e+03
5.582000000000000000e+03
5.462000000000000000e+03
5.506000000000000000e+03
5.496000000000000000e+03
5.556000000000000000e+03
5.588000000000000000e+03
5.552000000000000000e+03
5.616000000000000000e+03
5.536000000000000000e+03
5.604000000000000000e+03
5.696000000000000000e+03
5.876000000000000000e+03
5.644000000000000000e+03
5.675000000000000000e+03
5.672000000000000000e+03
5.668000000000000000e+03
5.704000000000000000e+03
5.795000000000000000e+03
5.726000000000000000e+03
5.780000000000000000e+03
5.740000000000000000e+03
5.855000000000000000e+03
5.841000000000000000e+03
5.908000000000000000e+03
5.807000000000000000e+03
5.835000000000000000e+03
5.774000000000000000e+03
5.981000000000000000e+03
5.891000000000000000e+03
5.946000000000000000e+03
6.005000000000000000e+03
5.975000000000000000e+03
6.018000000000000000e+03
5.965000000000000000e+03
6.067000000000000000e+03
6.034000000000000000e+03
6.017000000000000000e+03
6.115000000000000000e+03
6.149000000000000000e+03
6.113000000000000000e+03
6.155000000000000000e+03
6.173000000000000000e+03
6.110000000000000000e+03
6.141000000000000000e+03
6.233000000000000000e+03
6.170000000000000000e+03
6.358000000000000000e+03
6.340000000000000000e+03
6.290000000000000000e+03
6.289000000000000000e+03
6.315000000000000000e+03
6.300000000000000000e+03
6.256000000000000000e+03
6.364000000000000000e+03
6.358000000000000000e+03
6.349000000000000000e+03
6.427000000000000000e+03
6.428000000000000000e+03
6.360000000000000000e+03
6.372000000000000000e+03
6.474000000000000000e+03
6.433000000000000000e+03
6.403000000000000000e+03
6.651000000000000000e+03
6.588000000000000000e+03
6.400000000000000000e+03
6.566000000000000000e+03
6.538000000000000000e+03
6.561000000000000000e+03
6.595000000000000000e+03
6.584000000000000000e+03
6.691000000000000000e+03
6.611000000000000000e+03
6.590000000000000000e+03
6.690000000000000000e+03
6.632000000000000000e+03
6.710000000000000000e+03
6.658000000000000000e+03
6.632000000000000000e+03
6.616000000000000000e+03
6.699000000000000000e+03
6.783000000000000000e+03
6.700000000000000000e+03
6.795000000000000000e+03
6.827000000000000000e+03
6.830000000000000000e+03
6.810000000000000000e+03
6.816000000000000000e+03
6.781000000000000000e+03
6.766000000000000000e+03
6.876000000000000000e+03
6.835000000000000000e+03
6.888000000000000000e+03
7.137000000000000000e+03
6.944000000000000000e+03
6.848000000000000000e+03
6.858000000000000000e+03
6.995000000000000000e+03
6.990000000000000000e+03
7.008000000000000000e+03
6.855000000000000000e+03
7.036000000000000000e+03
6.930000000000000000e+03
6.943000000000000000e+03
7.004000000000000000e+03
7.045000000000000000e+03
7.076000000000000000e+03
7.136000000000000000e+03
7.058000000000000000e+03
6.947000000000000000e+03
7.006000000000000000e+03
7.040000000000000000e+03
7.075000000000000000e+03
6.991000000000000000e+03
7.094000000000000000e+03
7.287000000000000000e+03
7.040000000000000000e+03
7.130000000000000000e+03
7.166000000000000000e+03
7.036000000000000000e+03
7.322000000000000000e+03
7.204000000000000000e+03
7.163000000000000000e+03
7.256000000000000000e+03
7.360000000000000000e+03
7.324000000000000000e+03
7.316000000000000000e+03
7.326000000000000000e+03
7.355000000000000000e+03
7.300000000000000000e+03
7.403000000000000000e+03
7.399000000000000000e+03
7.400000000000000000e+03
7.525000000000000000e+03
7.500000000000000000e+03
7.430000000000000000e+03
7.605000000000000000e+03
7.431000000000000000e+03
7.517000000000000000e+03
7.571000000000000000e+03
7.476000000000000000e+03
7.617000000000000000e+03
7.745000000000000000e+03
7.678000000000000000e+03
7.817000000000000000e+03
7.779000000000000000e+03
7.822000000000000000e+03
7.814000000000000000e+03
7.731000000000000000e+03
7.790000000000000000e+03
7.846000000000000000e+03
7.707000000000000000e+03
7.904000000000000000e+03
7.921000000000000000e+03
7.979000000000000000e+03
7.931000000000000000e+03
8.022000000000000000e+03
8.039000000000000000e+03
8.054000000000000000e+03
8.090000000000000000e+03
8.121000000000000000e+03
8.143000000000000000e+03
8.049000000000000000e+03
8.248000000000000000e+03
8.132000000000000000e+03
8.181000000000000000e+03
8.385000000000000000e+03
8.397000000000000000e+03
8.399000000000000000e+03
8.412000000000000000e+03
8.366000000000000000e+03
8.513000000000000000e+03
9.294000000000000000e+03
8.453000000000000000e+03
8.539000000000000000e+03
8.552000000000000000e+03
8.606000000000000000e+03
8.587000000000000000e+03
8.629000000000000000e+03
8.637000000000000000e+03
8.688000000000000000e+03
8.799000000000000000e+03
8.762000000000000000e+03
8.682000000000000000e+03
8.853000000000000000e+03
8.863000000000000000e+03
8.793000000000000000e+03
8.820000000000000000e+03
8.867000000000000000e+03
9.017000000000000000e+03
8.961000000000000000e+03
8.918000000000000000e+03
8.920000000000000000e+03
8.874000000000000000e+03
8.966000000000000000e+03
9.018000000000000000e+03
9.075000000000000000e+03
9.084000000000000000e+03
9.067000000000000000e+03
9.016000000000000000e+03
9.292000000000000000e+03
8.977000000000000000e+03
9.155000000000000000e+03
9.065000000000000000e+03
9.280000000000000000e+03
9.107000000000000000e+03
9.162000000000000000e+03
9.162000000000000000e+03
9.241000000000000000e+03
9.315000000000000000e+03
9.241000000000000000e+03
9.336000000000000000e+03
9.479000000000000000e+03
9.334000000000000000e+03
9.437000000000000000e+03
9.402000000000000000e+03
9.536000000000000000e+03
9.409000000000000000e+03
9.412000000000000000e+03
9.534000000000000000e+03
9.491000000000000000e+03
9.699000000000000000e+03
9.606000000000000000e+03
9.636000000000000000e+03
9.579000000000000000e+03
9.618000000000000000e+03
9.637000000000000000e+03
9.692000000000000000e+03
9.759000000000000000e+03
9.713000000000000000e+03
9.859000000000000000e+03
9.701000000000000000e+03
9.767000000000000000e+03
9.770000000000000000e+03
9.866000000000000000e+03
9.990000000000000000e+03
9.870000000000000000e+03
9.977000000000000000e+03
1.008800000000000000e+04
9.923000000000000000e+03
9.955000000000000000e+03
1.014000000000000000e+04
1.015000000000000000e+04
1.029500000000000000e+04
1.025000000000000000e+04
1.032100000000000000e+04
1.036400000000000000e+04
1.036800000000000000e+04
1.044100000000000000e+04
1.045100000000000000e+04
1.051800000000000000e+04
1.046000000000000000e+04
1.047500000000000000e+04
1.059300000000000000e+04
1.066500000000000000e+04
1.067200000000000000e+04
1.055200000000000000e+04
1.065400000000000000e+04
1.079400000000000000e+04
1.089400000000000000e+04
1.086800000000000000e+04
1.084000000000000000e+04
1.109900000000000000e+04
1.088800000000000000e+04
1.107500000000000000e+04
1.102000000000000000e+04
1.104800000000000000e+04
1.116100000000000000e+04
1.117900000000000000e+04
1.115400000000000000e+04
1.123200000000000000e+04
1.125500000000000000e+04
1.137000000000000000e+04
1.139700000000000000e+04
1.143200000000000000e+04
1.152400000000000000e+04
1.145700000000000000e+04
1.157100000000000000e+04
1.162100000000000000e+04
1.168000000000000000e+04
1.165100000000000000e+04
1.173700000000000000e+04
1.187000000000000000e+04
1.178500000000000000e+04
1.187900000000000000e+04
1.175000000000000000e+04
1.197300000000000000e+04
1.188400000000000000e+04
1.197400000000000000e+04
1.191800000000000000e+04
1.209600000000000000e+04
1.205800000000000000e+04
1.209100000000000000e+04
1.218300000000000000e+04
1.226400000000000000e+04
1.222300000000000000e+04
1.228400000000000000e+04
1.209400000000000000e+04
1.228200000000000000e+04
1.233200000000000000e+04
1.236200000000000000e+04
1.221500000000000000e+04
1.238300000000000000e+04
1.240300000000000000e+04
1.231100000000000000e+04
1.238400000000000000e+04
1.231400000000000000e+04
1.220900000000000000e+04
1.234500000000000000e+04
1.254900000000000000e+04
1.254700000000000000e+04
1.226400000000000000e+04
1.228100000000000000e+04
1.249300000000000000e+04
1.235800000000000000e+04
1.247300000000000000e+04
1.262300000000000000e+04
1.249700000000000000e+04
1.258600000000000000e+04
1.254700000000000000e+04
1.279400000000000000e+04
1.278200000000000000e+04
1.287700000000000000e+04
1.274000000000000000e+04
1.267400000000000000e+04
1.276700000000000000e+04
1.287100000000000000e+04
1.284500000000000000e+04
1.268400000000000000e+04
1.296800000000000000e+04
1.260900000000000000e+04
1.292200000000000000e+04
1.262500000000000000e+04
1.268000000000000000e+04
1.285900000000000000e+04
1.277000000000000000e+04
1.272400000000000000e+04
1.289000000000000000e+04
1.287900000000000000e+04
1.294600000000000000e+04
1.287100000000000000e+04
1.276800000000000000e+04
1.287900000000000000e+04
1.284900000000000000e+04
1.287100000000000000e+04
1.284100000000000000e+04
1.289900000000000000e+04
1.294200000000000000e+04
1.281300000000000000e+04
1.293300000000000000e+04
1.282100000000000000e+04
1.296200000000000000e+04
1.300400000000000000e+04
1.292500000000000000e+04
1.299400000000000000e+04
1.282900000000000000e+04
1.285100000000000000e+04
1.295900000000000000e+04
1.295300000000000000e+04
1.303600000000000000e+04
1.302100000000000000e+04
1.282900000000000000e+04
1.306200000000000000e+04
1.283000000000000000e+04
1.303500000000000000e+04
1.288500000000000000e+04
1.300200000000000000e+04
1.313200000000000000e+04
1.296400000000000000e+04
1.298900000000000000e+04
1.298500000000000000e+04
1.311500000000000000e+04
1.299500000000000000e+04
1.305600000000000000e+04
1.303400000000000000e+04
1.308200000000000000e+04
1.362200000000000000e+04
1.340200000000000000e+04
1.319100000000000000e+04
1.318000000000000000e+04
1.322300000000000000e+04
1.321600000000000000e+04
1.325900000000000000e+04
1.318600000000000000e+04
1.336400000000000000e+04
1.331800000000000000e+04
1.359100000000000000e+04
1.331400000000000000e+04
1.350800000000000000e+04
1.342000000000000000e+04
1.348300000000000000e+04
1.336200000000000000e+04
1.346800000000000000e+04
1.355900000000000000e+04
1.337900000000000000e+04
1.375300000000000000e+04
1.342000000000000000e+04
1.355200000000000000e+04
1.347300000000000000e+04
1.360600000000000000e+04
1.354200000000000000e+04
1.353100000000000000e+04
1.351600000000000000e+04
1.382500000000000000e+04
1.375500000000000000e+04
1.370300000000000000e+04
1.372100000000000000e+04
1.382800000000000000e+04
1.369300000000000000e+04
1.390100000000000000e+04
1.381400000000000000e+04
1.372200000000000000e+04
1.394700000000000000e+04
1.394600000000000000e+04
1.385800000000000000e+04
1.404400000000000000e+04
1.404400000000000000e+04
1.407000000000000000e+04
1.414700000000000000e+04
1.419100000000000000e+04
1.405500000000000000e+04
1.437500000000000000e+04
1.424700000000000000e+04
1.407800000000000000e+04
1.432900000000000000e+04
1.424900000000000000e+04
1.432100000000000000e+04
1.422500000000000000e+04
1.436000000000000000e+04
1.440600000000000000e+04
1.431000000000000000e+04
1.422100000000000000e+04
1.441800000000000000e+04
1.440300000000000000e+04
1.434000000000000000e+04
1.444000000000000000e+04
1.433300000000000000e+04
1.436700000000000000e+04
1.423000000000000000e+04
1.436300000000000000e+04
1.436300000000000000e+04
1.439800000000000000e+04
1.430100000000000000e+04
1.440000000000000000e+04
1.435300000000000000e+04
1.433000000000000000e+04
1.416300000000000000e+04
1.429000000000000000e+04
1.428000000000000000e+04
1.432600000000000000e+04
1.432700000000000000e+04
1.430100000000000000e+04
1.417500000000000000e+04
1.438300000000000000e+04
1.453100000000000000e+04
1.440500000000000000e+04
1.432200000000000000e+04
1.438100000000000000e+04
1.447400000000000000e+04
1.439000000000000000e+04
1.445700000000000000e+04
1.439100000000000000e+04
1.431300000000000000e+04
1.438300000000000000e+04
1.428800000000000000e+04
1.425400000000000000e+04
1.421300000000000000e+04
1.404900000000000000e+04
1.420600000000000000e+04
1.404400000000000000e+04
1.407100000000000000e+04
1.401300000000000000e+04
1.412200000000000000e+04
1.401100000000000000e+04
1.403100000000000000e+04
1.406500000000000000e+04
1.397400000000000000e+04
1.397200000000000000e+04
1.405800000000000000e+04
1.387300000000000000e+04
1.385300000000000000e+04
1.357200000000000000e+04
1.366800000000000000e+04
1.364300000000000000e+04
1.366200000000000000e+04
1.356500000000000000e+04
1.364400000000000000e+04
1.360700000000000000e+04
1.369800000000000000e+04
1.364800000000000000e+04
1.364500000000000000e+04
1.348300000000000000e+04
1.336900000000000000e+04
1.343900000000000000e+04
1.317500000000000000e+04
1.312200000000000000e+04
1.315400000000000000e+04
1.306500000000000000e+04
1.298500000000000000e+04
1.302500000000000000e+04
1.298000000000000000e+04
1.302700000000000000e+04
1.313700000000000000e+04
1.288600000000000000e+04
1.300600000000000000e+04
1.290000000000000000e+04
1.265400000000000000e+04
1.254200000000000000e+04
1.251500000000000000e+04
1.235600000000000000e+04
1.217900000000000000e+04
1.216700000000000000e+04
1.225100000000000000e+04
1.232100000000000000e+04
1.221100000000000000e+04
1.211800000000000000e+04
1.204600000000000000e+04
1.199400000000000000e+04
1.204500000000000000e+04
1.211300000000000000e+04
1.196800000000000000e+04
1.225500000000000000e+04
1.205600000000000000e+04
1.219300000000000000e+04
1.219000000000000000e+04
1.207200000000000000e+04
1.203400000000000000e+04
1.206300000000000000e+04
1.220600000000000000e+04
1.225600000000000000e+04
1.240300000000000000e+04
1.252800000000000000e+04
1.221800000000000000e+04
1.213200000000000000e+04
1.206400000000000000e+04
1.180100000000000000e+04
1.206700000000000000e+04
1.180300000000000000e+04
1.172000000000000000e+04
1.165600000000000000e+04
1.164100000000000000e+04
1.167000000000000000e+04
1.173400000000000000e+04
1.177200000000000000e+04
1.175900000000000000e+04
1.177800000000000000e+04
1.180300000000000000e+04
1.178300000000000000e+04
1.167900000000000000e+04
1.166500000000000000e+04
1.173900000000000000e+04
1.194900000000000000e+04
1.172600000000000000e+04
1.163700000000000000e+04
1.144900000000000000e+04
1.155700000000000000e+04
1.148900000000000000e+04
1.121900000000000000e+04
1.124100000000000000e+04
1.108100000000000000e+04
1.117800000000000000e+04
1.122200000000000000e+04
1.107800000000000000e+04
1.101800000000000000e+04
1.088600000000000000e+04
1.103900000000000000e+04
1.104800000000000000e+04
1.105200000000000000e+04
1.129100000000000000e+04
1.123500000000000000e+04
1.143800000000000000e+04
1.148400000000000000e+04
1.143200000000000000e+04
1.139700000000000000e+04
1.134500000000000000e+04
1.142700000000000000e+04
1.160800000000000000e+04
1.135500000000000000e+04
1.120600000000000000e+04
1.132900000000000000e+04
1.132600000000000000e+04
1.136300000000000000e+04
1.109000000000000000e+04
1.135500000000000000e+04
1.115000000000000000e+04
1.112800000000000000e+04
1.092500000000000000e+04
1.090000000000000000e+04
1.072600000000000000e+04
1.057500000000000000e+04
1.043100000000000000e+04
