3.868000000000000000e+03
3.907000000000000000e+03
3.849000000000000000e+03
3.855000000000000000e+03
3.808000000000000000e+03
3.828000000000000000e+03
3.861000000000000000e+03
3.810000000000000000e+03
3.850000000000000000e+03
3.871000000000000000e+03
3.839000000000000000e+03
3.874000000000000000e+03
3.836000000000000000e+03
3.956000000000000000e+03
3.886000000000000000e+03
3.877000000000000000e+03
3.908000000000000000e+03
3.868000000000000000e+03
3.888000000000000000e+03
3.888000000000000000e+03
3.910000000000000000e+03
3.940000000000000000e+03
3.923000000000000000e+03
3.852000000000000000e+03
3.828000000000000000e+03
3.879000000000000000e+03
3.855000000000000000e+03
3.877000000000000000e+03
3.912000000000000000e+03
3.851000000000000000e+03
3.865000000000000000e+03
3.913000000000000000e+03
3.953000000000000000e+03
3.967000000000000000e+03
3.898000000000000000e+03
4.118000000000000000e+03
4.021000000000000000e+03
3.934000000000000000e+03
3.858000000000000000e+03
3.935000000000000000e+03
3.971000000000000000e+03
3.898000000000000000e+03
3.991000000000000000e+03
3.951000000000000000e+03
4.142000000000000000e+03
3.937000000000000000e+03
3.963000000000000000e+03
4.193000000000000000e+03
4.173000000000000000e+03
3.999000000000000000e+03
4.026000000000000000e+03
4.058000000000000000e+03
4.018000000000000000e+03
4.258000000000000000e+03
4.085000000000000000e+03
4.067000000000000000e+03
4.099000000000000000e+03
4.092000000000000000e+03
4.084000000000000000e+03
4.161000000000000000e+03
4.054000000000000000e+03
4.085000000000000000e+03
4.303000000000000000e+03
4.084000000000000000e+03
4.078000000000000000e+03
4.172000000000000000e+03
4.118000000000000000e+03
4.097000000000000000e+03
4.191000000000000000e+03
4.204000000000000000e+03
4.168000000000000000e+03
4.144000000000000000e+03
4.197000000000000000e+03
4.157000000000000000e+03
4.223000000000000000e+03
4.231000000000000000e+03
4.191000000000000000e+03
4.213000000000000000e+03
4.253000000000000000e+03
4.262000000000000000e+03
4.294000000000000000e+03
4.238000000000000000e+03
4.362000000000000000e+03
4.218000000000000000e+03
4.271000000000000000e+03
4.260000000000000000e+03
4.291000000000000000e+03
4.308000000000000000e+03
4.372000000000000000e+03
4.281000000000000000e+03
4.324000000000000000e+03
4.374000000000000000e+03
4.352000000000000000e+03
4.287000000000000000e+03
4.366000000000000000e+03
4.412000000000000000e+03
4.327000000000000000e+03
4.303000000000000000e+03
4.449000000000000000e+03
4.340000000000000000e+03
4.412000000000000000e+03
4.390000000000000000e+03
4.449000000000000000e+03
4.473000000000000000e+03
4.428000000000000000e+03
4.439000000000000000e+03
4.459000000000000000e+03
4.486000000000000000e+03
4.453000000000000000e+03
4.428000000000000000e+03
4.442000000000000000e+03
4.550000000000000000e+03
4.612000000000000000e+03
4.510000000000000000e+03
4.511000000000000000e+03
4.592000000000000000e+03
4.588000000000000000e+03
4.579000000000000000e+03
4.607000000000000000e+03
4.594000000000000000e+03
4.643000000000000000e+03
4.604000000000000000e+03
4.613000000000000000e+03
4.622000000000000000e+03
4.660000000000000000e+03
4.721000000000000000e+03
4.636000000000000000e+03
4.789000000000000000e+03
4.716000000000000000e+03
4.668000000000000000e+03
4.786000000000000000e+03
4.687000000000000000e+03
4.722000000000000000e+03
4.771000000000000000e+03
4.943000000000000000e+03
4.744000000000000000e+03
4.681000000000000000e+03
4.823000000000000000e+03
4.834000000000000000e+03
4.818000000000000000e+03
4.859000000000000000e+03
4.890000000000000000e+03
4.881000000000000000e+03
4.912000000000000000e+03
4.928000000000000000e+03
4.910000000000000000e+03
4.972000000000000000e+03
4.929000000000000000e+03
5.008000000000000000e+03
4.956000000000000000e+03
4.968000000000000000e+03
4.976000000000000000e+03
5.049000000000000000e+03
5.024000000000000000e+03
5.024000000000000000e+03
5.083000000000000000e+03
5.059000000000000000e+03
5.098000000000000000e+03
5.040000000000000000e+03
5.184000000000000000e+03
5.134000000000000000e+03
5.121000000000000000e+03
5.139000000000000000e+03
5.212000000000000000e+03
5.259000000000000000e+03
5.168000000000000000e+03
5.158000000000000000e+03
5.206000000000000000e+03
5.236000000000000000e+03
5.198000000000000000e+03
5.252000000000000000e+03
5.272000000000000000e+03
5.235000000000000000e+03
5.340000000000000000e+03
5.364000000000000000e+03
5.331000000000000000e+03
5.340000000000000000e+03
5.369000000000000000e+03
5.443000000000000000e+03
5.416000000000000000e+03
5.350000000000000000e+03
5.424000000000000000e+03
5.446000000000000000e+03
5.498000000000000000e+03
5.548000000000000000e+03
5.520000000000000000e+03
7.723000000000000000e+03
5.579000000000000000e+03
5.540000000000000000e+03
5.508000000000000000e+03
5.639000000000000000e+03
5.654000000000000000e+03
5.642000000000000000e+03
5.551000000000000000e+03
5.700000000000000000e+03
5.578000000000000000e+03
5.639000000000000000e+03
5.623000000000000000e+03
5.702000000000000000e+03
5.667000000000000000e+03
5.752000000000000000e+03
5.750000000000000000e+03
5.750000000000000000e+03
5.663000000000000000e+03
5.682000000000000000e+03
5.832000000000000000e+03
5.751000000000000000e+03
5.764000000000000000e+03
5.834000000000000000e+03
5.915000000000000000e+03
5.820000000000000000e+03
5.901000000000000000e+03
5.828000000000000000e+03
5.864000000000000000e+03
5.981000000000000000e+03
5.999000000000000000e+03
6.038000000000000000e+03
6.075000000000000000e+03
6.020000000000000000e+03
6.042000000000000000e+03
6.233000000000000000e+03
6.091000000000000000e+03
6.149000000000000000e+03
6.107000000000000000e+03
6.120000000000000000e+03
6.145000000000000000e+03
6.185000000000000000e+03
6.146000000000000000e+03
6.246000000000000000e+03
6.171000000000000000e+03
6.158000000000000000e+03
6.185000000000000000e+03
6.243000000000000000e+03
6.304000000000000000e+03
6.334000000000000000e+03
6.303000000000000000e+03
6.289000000000000000e+03
6.330000000000000000e+03
6.367000000000000000e+03
6.300000000000000000e+03
6.429000000000000000e+03
6.325000000000000000e+03
6.427000000000000000e+03
6.385000000000000000e+03
6.439000000000000000e+03
6.386000000000000000e+03
6.422000000000000000e+03
6.486000000000000000e+03
6.441000000000000000e+03
6.410000000000000000e+03
6.491000000000000000e+03
6.552000000000000000e+03
6.488000000000000000e+03
6.517000000000000000e+03
6.479000000000000000e+03
6.582000000000000000e+03
6.548000000000000000e+03
6.620000000000000000e+03
6.522000000000000000e+03
6.590000000000000000e+03
6.587000000000000000e+03
6.583000000000000000e+03
6.600000000000000000e+03
6.652000000000000000e+03
6.719000000000000000e+03
6.637000000000000000e+03
6.609000000000000000e+03
6.636000000000000000e+03
6.592000000000000000e+03
6.638000000000000000e+03
6.654000000000000000e+03
6.650000000000000000e+03
6.676000000000000000e+03
6.643000000000000000e+03
6.724000000000000000e+03
6.755000000000000000e+03
6.739000000000000000e+03
6.904000000000000000e+03
6.806000000000000000e+03
6.792000000000000000e+03
6.858000000000000000e+03
6.758000000000000000e+03
6.812000000000000000e+03
6.860000000000000000e+03
6.768000000000000000e+03
6.903000000000000000e+03
6.867000000000000000e+03
6.876000000000000000e+03
6.843000000000000000e+03
6.980000000000000000e+03
6.985000000000000000e+03
6.990000000000000000e+03
6.964000000000000000e+03
6.969000000000000000e+03
6.936000000000000000e+03
6.958000000000000000e+03
6.963000000000000000e+03
7.080000000000000000e+03
7.025000000000000000e+03
7.091000000000000000e+03
7.091000000000000000e+03
7.130000000000000000e+03
7.079000000000000000e+03
7.241000000000000000e+03
7.114000000000000000e+03
7.181000000000000000e+03
7.107000000000000000e+03
7.194000000000000000e+03
7.133000000000000000e+03
7.143000000000000000e+03
7.369000000000000000e+03
7.238000000000000000e+03
7.367000000000000000e+03
7.374000000000000000e+03
7.430000000000000000e+03
7.350000000000000000e+03
7.452000000000000000e+03
7.426000000000000000e+03
7.471000000000000000e+03
7.452000000000000000e+03
7.428000000000000000e+03
7.532000000000000000e+03
7.564000000000000000e+03
7.597000000000000000e+03
7.587000000000000000e+03
7.667000000000000000e+03
7.623000000000000000e+03
7.652000000000000000e+03
7.614000000000000000e+03
7.713000000000000000e+03
7.825000000000000000e+03
7.749000000000000000e+03
7.847000000000000000e+03
8.228000000000000000e+03
7.778000000000000000e+03
7.854000000000000000e+03
7.874000000000000000e+03
7.829000000000000000e+03
7.916000000000000000e+03
8.020000000000000000e+03
8.019000000000000000e+03
7.960000000000000000e+03
8.062000000000000000e+03
8.184000000000000000e+03
8.108000000000000000e+03
8.258000000000000000e+03
8.316000000000000000e+03
8.180000000000000000e+03
8.307000000000000000e+03
8.299000000000000000e+03
8.319000000000000000e+03
8.412000000000000000e+03
8.367000000000000000e+03
8.437000000000000000e+03
8.477000000000000000e+03
8.390000000000000000e+03
8.376000000000000000e+03
8.426000000000000000e+03
8.610000000000000000e+03
8.574000000000000000e+03
8.556000000000000000e+03
8.584000000000000000e+03
8.807000000000000000e+03
8.656000000000000000e+03
8.612000000000000000e+03
8.612000000000000000e+03
8.724000000000000000e+03
8.662000000000000000e+03
8.796000000000000000e+03
8.828000000000000000e+03
8.812000000000000000e+03
8.852000000000000000e+03
8.848000000000000000e+03
8.983000000000000000e+03
8.795000000000000000e+03
8.939000000000000000e+03
8.851000000000000000e+03
9.000000000000000000e+03
8.990000000000000000e+03
8.870000000000000000e+03
8.882000000000000000e+03
8.838000000000000000e+03
8.944000000000000000e+03
9.048000000000000000e+03
9.064000000000000000e+03
9.100000000000000000e+03
9.080000000000000000e+03
9.023000000000000000e+03
9.124000000000000000e+03
9.236000000000000000e+03
9.227000000000000000e+03
9.244000000000000000e+03
9.290000000000000000e+03
9.199000000000000000e+03
9.336000000000000000e+03
9.350000000000000000e+03
9.239000000000000000e+03
9.304000000000000000e+03
9.377000000000000000e+03
9.404000000000000000e+03
9.455000000000000000e+03
9.434000000000000000e+03
9.396000000000000000e+03
9.493000000000000000e+03
9.492000000000000000e+03
9.618000000000000000e+03
9.603000000000000000e+03
9.500000000000000000e+03
9.702000000000000000e+03
9.727000000000000000e+03
9.624000000000000000e+03
9.706000000000000000e+03
9.672000000000000000e+03
9.868000000000000000e+03
9.798000000000000000e+03
9.695000000000000000e+03
9.896000000000000000e+03
9.964000000000000000e+03
1.001200000000000000e+04
9.972000000000000000e+03
1.001000000000000000e+04
1.006300000000000000e+04
9.996000000000000000e+03
1.019100000000000000e+04
1.027500000000000000e+04
1.025900000000000000e+04
1.023300000000000000e+04
1.031500000000000000e+04
1.037800000000000000e+04
1.043700000000000000e+04
1.042100000000000000e+04
1.043700000000000000e+04
1.040900000000000000e+04
1.054300000000000000e+04
1.051800000000000000e+04
1.063300000000000000e+04
1.070100000000000000e+04
1.074200000000000000e+04
1.077700000000000000e+04
1.077100000000000000e+04
1.088500000000000000e+04
1.087700000000000000e+04
1.087100000000000000e+04
1.102900000000000000e+04
1.097700000000000000e+04
1.136500000000000000e+04
1.115400000000000000e+04
1.118500000000000000e+04
1.113800000000000000e+04
1.119700000000000000e+04
1.113000000000000000e+04
1.128300000000000000e+04
1.123800000000000000e+04
1.120000000000000000e+04
1.139800000000000000e+04
1.142700000000000000e+04
1.150500000000000000e+04
1.155500000000000000e+04
1.196400000000000000e+04
1.155500000000000000e+04
1.163800000000000000e+04
1.168500000000000000e+04
1.172900000000000000e+04
1.170300000000000000e+04
1.173000000000000000e+04
1.184000000000000000e+04
1.169400000000000000e+04
1.198900000000000000e+04
1.172100000000000000e+04
1.187100000000000000e+04
1.187600000000000000e+04
1.193500000000000000e+04
1.187000000000000000e+04
1.182600000000000000e+04
1.211400000000000000e+04
1.188400000000000000e+04
1.200500000000000000e+04
1.194400000000000000e+04
1.202800000000000000e+04
1.213500000000000000e+04
1.207900000000000000e+04
1.205700000000000000e+04
1.194800000000000000e+04
1.204300000000000000e+04
1.206200000000000000e+04
1.208200000000000000e+04
1.204200000000000000e+04
1.218700000000000000e+04
1.222100000000000000e+04
1.227600000000000000e+04
1.223100000000000000e+04
1.243900000000000000e+04
1.227300000000000000e+04
1.237400000000000000e+04
1.221600000000000000e+04
1.230100000000000000e+04
1.237300000000000000e+04
1.244600000000000000e+04
1.227100000000000000e+04
1.243500000000000000e+04
1.255000000000000000e+04
1.249000000000000000e+04
1.251100000000000000e+04
1.247800000000000000e+04
1.255700000000000000e+04
1.257600000000000000e+04
1.259900000000000000e+04
1.256100000000000000e+04
1.270700000000000000e+04
1.267300000000000000e+04
1.249900000000000000e+04
1.264500000000000000e+04
1.249000000000000000e+04
1.250200000000000000e+04
1.240100000000000000e+04
1.257300000000000000e+04
1.277300000000000000e+04
1.258400000000000000e+04
1.252700000000000000e+04
1.266500000000000000e+04
1.253700000000000000e+04
1.263800000000000000e+04
1.261100000000000000e+04
1.254600000000000000e+04
1.261700000000000000e+04
1.262100000000000000e+04
1.259200000000000000e+04
1.258600000000000000e+04
1.259500000000000000e+04
1.263300000000000000e+04
1.253800000000000000e+04
1.267200000000000000e+04
1.253200000000000000e+04
1.257300000000000000e+04
1.262100000000000000e+04
1.264700000000000000e+04
1.264800000000000000e+04
1.254700000000000000e+04
1.269300000000000000e+04
1.263300000000000000e+04
1.272200000000000000e+04
1.270400000000000000e+04
1.267300000000000000e+04
1.267300000000000000e+04
1.266900000000000000e+04
1.276000000000000000e+04
1.283100000000000000e+04
1.265400000000000000e+04
1.276200000000000000e+04
1.288200000000000000e+04
1.279500000000000000e+04
1.269000000000000000e+04
1.272000000000000000e+04
1.267200000000000000e+04
1.283500000000000000e+04
1.289800000000000000e+04
1.282000000000000000e+04
1.306700000000000000e+04
1.279900000000000000e+04
1.287700000000000000e+04
1.290000000000000000e+04
1.318300000000000000e+04
1.308200000000000000e+04
1.289700000000000000e+04
1.292200000000000000e+04
1.310000000000000000e+04
1.317700000000000000e+04
1.306300000000000000e+04
1.310500000000000000e+04
1.314000000000000000e+04
1.303100000000000000e+04
1.320600000000000000e+04
1.300200000000000000e+04
1.306500000000000000e+04
1.321200000000000000e+04
1.321300000000000000e+04
1.342300000000000000e+04
1.328400000000000000e+04
1.338500000000000000e+04
1.337200000000000000e+04
1.335000000000000000e+04
1.350500000000000000e+04
1.351900000000000000e+04
1.358900000000000000e+04
1.360800000000000000e+04
1.345500000000000000e+04
1.344600000000000000e+04
1.352200000000000000e+04
1.347400000000000000e+04
1.362000000000000000e+04
1.357400000000000000e+04
1.374300000000000000e+04
1.370300000000000000e+04
1.379100000000000000e+04
1.364700000000000000e+04
1.372000000000000000e+04
1.366900000000000000e+04
1.372900000000000000e+04
1.376900000000000000e+04
1.363700000000000000e+04
1.363200000000000000e+04
1.370200000000000000e+04
1.369300000000000000e+04
1.366900000000000000e+04
1.371800000000000000e+04
1.367500000000000000e+04
1.391200000000000000e+04
1.397700000000000000e+04
1.391400000000000000e+04
1.392000000000000000e+04
1.393000000000000000e+04
1.387600000000000000e+04
1.403400000000000000e+04
1.406400000000000000e+04
1.414400000000000000e+04
1.396000000000000000e+04
1.411900000000000000e+04
1.425100000000000000e+04
1.400700000000000000e+04
1.400400000000000000e+04
1.414700000000000000e+04
1.399800000000000000e+04
1.395300000000000000e+04
1.400200000000000000e+04
1.403100000000000000e+04
1.412500000000000000e+04
1.408400000000000000e+04
1.425400000000000000e+04
1.398400000000000000e+04
1.410600000000000000e+04
1.385700000000000000e+04
1.384400000000000000e+04
1.386300000000000000e+04
1.377100000000000000e+04
1.399200000000000000e+04
1.396500000000000000e+04
1.384300000000000000e+04
1.396600000000000000e+04
1.413700000000000000e+04
1.401500000000000000e+04
1.397400000000000000e+04
1.391000000000000000e+04
1.377600000000000000e+04
1.380500000000000000e+04
1.383000000000000000e+04
1.357100000000000000e+04
1.365500000000000000e+04
1.347100000000000000e+04
1.360900000000000000e+04
1.346800000000000000e+04
1.336600000000000000e+04
1.338500000000000000e+04
1.328200000000000000e+04
1.332200000000000000e+04
1.319900000000000000e+04
1.321900000000000000e+04
1.329400000000000000e+04
1.328400000000000000e+04
1.341200000000000000e+04
1.318600000000000000e+04
1.319300000000000000e+04
1.312300000000000000e+04
1.318800000000000000e+04
1.310800000000000000e+04
1.310000000000000000e+04
1.302600000000000000e+04
1.309800000000000000e+04
1.308800000000000000e+04
1.313100000000000000e+04
1.313600000000000000e+04
1.317100000000000000e+04
1.309200000000000000e+04
1.305900000000000000e+04
1.305000000000000000e+04
1.296400000000000000e+04
1.291700000000000000e+04
1.291100000000000000e+04
1.263000000000000000e+04
1.272700000000000000e+04
1.252800000000000000e+04
1.246900000000000000e+04
1.243700000000000000e+04
1.264000000000000000e+04
1.238500000000000000e+04
1.231500000000000000e+04
1.232100000000000000e+04
1.226600000000000000e+04
1.217500000000000000e+04
1.224900000000000000e+04
1.223400000000000000e+04
1.208900000000000000e+04
1.199100000000000000e+04
1.187800000000000000e+04
1.195000000000000000e+04
1.173900000000000000e+04
1.179300000000000000e+04
1.164200000000000000e+04
1.181200000000000000e+04
1.164300000000000000e+04
1.181400000000000000e+04
1.182900000000000000e+04
1.170800000000000000e+04
1.172400000000000000e+04
1.176600000000000000e+04
1.190800000000000000e+04
1.200900000000000000e+04
1.181900000000000000e+04
1.192400000000000000e+04
1.188000000000000000e+04
1.169200000000000000e+04
1.161300000000000000e+04
1.162600000000000000e+04
1.161500000000000000e+04
1.150000000000000000e+04
1.146800000000000000e+04
1.143800000000000000e+04
1.143100000000000000e+04
1.137800000000000000e+04
1.140800000000000000e+04
1.122400000000000000e+04
1.125100000000000000e+04
1.120200000000000000e+04
1.108800000000000000e+04
1.114800000000000000e+04
1.126800000000000000e+04
1.115300000000000000e+04
1.130400000000000000e+04
1.135600000000000000e+04
1.137900000000000000e+04
1.150400000000000000e+04
1.154500000000000000e+04
1.144000000000000000e+04
1.144000000000000000e+04
1.141700000000000000e+04
1.128800000000000000e+04
1.120100000000000000e+04
1.140700000000000000e+04
1.107500000000000000e+04
1.113300000000000000e+04
1.122300000000000000e+04
1.120500000000000000e+04
1.116600000000000000e+04
1.122500000000000000e+04
1.125300000000000000e+04
1.125800000000000000e+04
1.126600000000000000e+04
1.114300000000000000e+04
1.105400000000000000e+04
1.100600000000000000e+04
1.114700000000000000e+04
1.119900000000000000e+04
1.109400000000000000e+04
1.101500000000000000e+04
1.102400000000000000e+04
1.091000000000000000e+04
1.072600000000000000e+04
1.072000000000000000e+04
1.076600000000000000e+04
1.091500000000000000e+04
1.094800000000000000e+04
1.121100000000000000e+04
1.115200000000000000e+04
1.105500000000000000e+04
1.117800000000000000e+04
1.080700000000000000e+04
