3.684000000000000000e+03
3.724000000000000000e+03
3.748000000000000000e+03
3.744000000000000000e+03
3.678000000000000000e+03
3.732000000000000000e+03
3.684000000000000000e+03
3.727000000000000000e+03
3.671000000000000000e+03
3.675000000000000000e+03
3.780000000000000000e+03
3.707000000000000000e+03
3.794000000000000000e+03
3.777000000000000000e+03
3.742000000000000000e+03
3.940000000000000000e+03
3.790000000000000000e+03
3.720000000000000000e+03
3.781000000000000000e+03
3.667000000000000000e+03
3.796000000000000000e+03
3.755000000000000000e+03
3.807000000000000000e+03
3.714000000000000000e+03
3.758000000000000000e+03
3.927000000000000000e+03
3.770000000000000000e+03
3.738000000000000000e+03
3.699000000000000000e+03
3.748000000000000000e+03
3.678000000000000000e+03
3.791000000000000000e+03
3.807000000000000000e+03
3.801000000000000000e+03
3.744000000000000000e+03
3.723000000000000000e+03
3.766000000000000000e+03
3.854000000000000000e+03
3.758000000000000000e+03
3.836000000000000000e+03
3.770000000000000000e+03
3.800000000000000000e+03
3.812000000000000000e+03
3.831000000000000000e+03
3.783000000000000000e+03
3.908000000000000000e+03
3.812000000000000000e+03
3.864000000000000000e+03
3.834000000000000000e+03
3.842000000000000000e+03
3.855000000000000000e+03
3.840000000000000000e+03
3.896000000000000000e+03
3.884000000000000000e+03
3.952000000000000000e+03
3.834000000000000000e+03
3.911000000000000000e+03
3.831000000000000000e+03
3.871000000000000000e+03
3.883000000000000000e+03
3.908000000000000000e+03
3.913000000000000000e+03
3.905000000000000000e+03
3.954000000000000000e+03
4.105000000000000000e+03
3.991000000000000000e+03
4.010000000000000000e+03
4.037000000000000000e+03
4.016000000000000000e+03
4.461000000000000000e+03
4.049000000000000000e+03
3.972000000000000000e+03
3.965000000000000000e+03
3.975000000000000000e+03
4.022000000000000000e+03
4.054000000000000000e+03
4.047000000000000000e+03
4.030000000000000000e+03
4.014000000000000000e+03
4.051000000000000000e+03
4.056000000000000000e+03
4.073000000000000000e+03
4.108000000000000000e+03
4.083000000000000000e+03
4.070000000000000000e+03
4.140000000000000000e+03
4.150000000000000000e+03
4.131000000000000000e+03
4.198000000000000000e+03
4.175000000000000000e+03
4.204000000000000000e+03
4.192000000000000000e+03
4.214000000000000000e+03
4.148000000000000000e+03
4.149000000000000000e+03
4.259000000000000000e+03
4.212000000000000000e+03
4.220000000000000000e+03
4.276000000000000000e+03
4.218000000000000000e+03
4.230000000000000000e+03
4.223000000000000000e+03
4.276000000000000000e+03
4.252000000000000000e+03
4.276000000000000000e+03
4.252000000000000000e+03
4.313000000000000000e+03
4.236000000000000000e+03
4.387000000000000000e+03
4.307000000000000000e+03
4.376000000000000000e+03
4.333000000000000000e+03
4.424000000000000000e+03
4.338000000000000000e+03
4.342000000000000000e+03
4.400000000000000000e+03
4.362000000000000000e+03
4.468000000000000000e+03
4.324000000000000000e+03
4.471000000000000000e+03
4.415000000000000000e+03
4.616000000000000000e+03
4.507000000000000000e+03
4.439000000000000000e+03
4.490000000000000000e+03
4.445000000000000000e+03
4.448000000000000000e+03
4.514000000000000000e+03
4.529000000000000000e+03
4.564000000000000000e+03
4.570000000000000000e+03
4.480000000000000000e+03
4.524000000000000000e+03
4.561000000000000000e+03
4.575000000000000000e+03
4.644000000000000000e+03
4.608000000000000000e+03
4.627000000000000000e+03
4.626000000000000000e+03
4.710000000000000000e+03
4.767000000000000000e+03
4.648000000000000000e+03
4.694000000000000000e+03
4.711000000000000000e+03
4.703000000000000000e+03
4.761000000000000000e+03
4.703000000000000000e+03
4.720000000000000000e+03
4.662000000000000000e+03
4.741000000000000000e+03
4.725000000000000000e+03
4.834000000000000000e+03
4.747000000000000000e+03
4.784000000000000000e+03
4.890000000000000000e+03
4.857000000000000000e+03
4.792000000000000000e+03
4.866000000000000000e+03
4.936000000000000000e+03
4.955000000000000000e+03
4.822000000000000000e+03
4.916000000000000000e+03
5.048000000000000000e+03
4.988000000000000000e+03
4.822000000000000000e+03
4.975000000000000000e+03
4.940000000000000000e+03
5.004000000000000000e+03
4.932000000000000000e+03
5.019000000000000000e+03
5.033000000000000000e+03
5.695000000000000000e+03
5.047000000000000000e+03
5.119000000000000000e+03
5.102000000000000000e+03
5.074000000000000000e+03
5.177000000000000000e+03
5.089000000000000000e+03
5.134000000000000000e+03
5.155000000000000000e+03
5.132000000000000000e+03
5.182000000000000000e+03
5.125000000000000000e+03
5.204000000000000000e+03
5.261000000000000000e+03
5.179000000000000000e+03
5.212000000000000000e+03
5.297000000000000000e+03
5.299000000000000000e+03
5.330000000000000000e+03
5.286000000000000000e+03
5.227000000000000000e+03
5.314000000000000000e+03
5.450000000000000000e+03
5.352000000000000000e+03
5.327000000000000000e+03
5.305000000000000000e+03
5.375000000000000000e+03
5.400000000000000000e+03
5.459000000000000000e+03
5.513000000000000000e+03
5.401000000000000000e+03
5.434000000000000000e+03
5.463000000000000000e+03
5.522000000000000000e+03
5.566000000000000000e+03
5.537000000000000000e+03
5.627000000000000000e+03
5.506000000000000000e+03
5.496000000000000000e+03
5.516000000000000000e+03
5.578000000000000000e+03
5.653000000000000000e+03
5.615000000000000000e+03
5.660000000000000000e+03
5.675000000000000000e+03
5.752000000000000000e+03
5.662000000000000000e+03
5.697000000000000000e+03
5.700000000000000000e+03
5.793000000000000000e+03
5.800000000000000000e+03
5.747000000000000000e+03
5.853000000000000000e+03
5.783000000000000000e+03
5.886000000000000000e+03
5.816000000000000000e+03
5.813000000000000000e+03
5.841000000000000000e+03
5.826000000000000000e+03
5.855000000000000000e+03
5.916000000000000000e+03
5.985000000000000000e+03
5.885000000000000000e+03
5.924000000000000000e+03
5.997000000000000000e+03
6.043000000000000000e+03
6.037000000000000000e+03
6.050000000000000000e+03
6.099000000000000000e+03
6.082000000000000000e+03
6.058000000000000000e+03
6.157000000000000000e+03
6.039000000000000000e+03
6.046000000000000000e+03
6.212000000000000000e+03
6.167000000000000000e+03
6.177000000000000000e+03
6.181000000000000000e+03
6.160000000000000000e+03
6.211000000000000000e+03
6.185000000000000000e+03
6.141000000000000000e+03
6.290000000000000000e+03
6.183000000000000000e+03
6.194000000000000000e+03
6.210000000000000000e+03
6.218000000000000000e+03
6.279000000000000000e+03
6.298000000000000000e+03
6.163000000000000000e+03
6.276000000000000000e+03
6.227000000000000000e+03
6.221000000000000000e+03
6.339000000000000000e+03
6.309000000000000000e+03
6.335000000000000000e+03
6.374000000000000000e+03
6.346000000000000000e+03
6.393000000000000000e+03
6.382000000000000000e+03
6.273000000000000000e+03
6.388000000000000000e+03
6.415000000000000000e+03
6.425000000000000000e+03
6.351000000000000000e+03
6.462000000000000000e+03
6.540000000000000000e+03
6.393000000000000000e+03
6.529000000000000000e+03
6.410000000000000000e+03
6.495000000000000000e+03
6.567000000000000000e+03
6.585000000000000000e+03
6.521000000000000000e+03
6.620000000000000000e+03
6.541000000000000000e+03
6.574000000000000000e+03
6.765000000000000000e+03
6.534000000000000000e+03
6.559000000000000000e+03
6.590000000000000000e+03
6.568000000000000000e+03
6.721000000000000000e+03
6.643000000000000000e+03
6.690000000000000000e+03
6.684000000000000000e+03
6.667000000000000000e+03
6.765000000000000000e+03
6.693000000000000000e+03
6.664000000000000000e+03
6.723000000000000000e+03
6.785000000000000000e+03
6.745000000000000000e+03
6.894000000000000000e+03
6.887000000000000000e+03
6.874000000000000000e+03
6.917000000000000000e+03
6.890000000000000000e+03
6.855000000000000000e+03
6.873000000000000000e+03
6.883000000000000000e+03
7.029000000000000000e+03
7.016000000000000000e+03
7.129000000000000000e+03
7.078000000000000000e+03
7.066000000000000000e+03
7.073000000000000000e+03
7.039000000000000000e+03
7.069000000000000000e+03
7.247000000000000000e+03
7.175000000000000000e+03
7.066000000000000000e+03
7.218000000000000000e+03
7.266000000000000000e+03
7.238000000000000000e+03
7.405000000000000000e+03
7.311000000000000000e+03
7.355000000000000000e+03
7.315000000000000000e+03
7.308000000000000000e+03
7.417000000000000000e+03
7.702000000000000000e+03
7.538000000000000000e+03
7.510000000000000000e+03
7.547000000000000000e+03
7.593000000000000000e+03
7.715000000000000000e+03
7.599000000000000000e+03
7.696000000000000000e+03
7.665000000000000000e+03
7.597000000000000000e+03
7.741000000000000000e+03
7.678000000000000000e+03
7.700000000000000000e+03
7.822000000000000000e+03
7.853000000000000000e+03
7.946000000000000000e+03
7.792000000000000000e+03
7.843000000000000000e+03
7.900000000000000000e+03
7.961000000000000000e+03
7.996000000000000000e+03
7.991000000000000000e+03
8.070000000000000000e+03
8.092000000000000000e+03
8.070000000000000000e+03
8.096000000000000000e+03
8.174000000000000000e+03
8.276000000000000000e+03
8.139000000000000000e+03
8.215000000000000000e+03
8.143000000000000000e+03
8.160000000000000000e+03
8.207000000000000000e+03
8.294000000000000000e+03
8.365000000000000000e+03
8.186000000000000000e+03
8.348000000000000000e+03
8.345000000000000000e+03
8.408000000000000000e+03
8.221000000000000000e+03
8.359000000000000000e+03
8.424000000000000000e+03
8.450000000000000000e+03
8.423000000000000000e+03
8.505000000000000000e+03
8.558000000000000000e+03
8.404000000000000000e+03
8.407000000000000000e+03
8.434000000000000000e+03
8.526000000000000000e+03
8.515000000000000000e+03
8.704000000000000000e+03
8.550000000000000000e+03
8.544000000000000000e+03
8.515000000000000000e+03
8.705000000000000000e+03
8.536000000000000000e+03
8.756000000000000000e+03
8.631000000000000000e+03
8.713000000000000000e+03
8.774000000000000000e+03
8.763000000000000000e+03
8.692000000000000000e+03
8.806000000000000000e+03
8.894000000000000000e+03
8.815000000000000000e+03
8.802000000000000000e+03
8.820000000000000000e+03
8.948000000000000000e+03
8.899000000000000000e+03
8.926000000000000000e+03
9.004000000000000000e+03
8.964000000000000000e+03
9.120000000000000000e+03
9.062000000000000000e+03
8.979000000000000000e+03
9.012000000000000000e+03
9.096000000000000000e+03
9.243000000000000000e+03
9.303000000000000000e+03
9.221000000000000000e+03
9.219000000000000000e+03
9.279000000000000000e+03
9.278000000000000000e+03
9.362000000000000000e+03
9.381000000000000000e+03
9.457000000000000000e+03
9.382000000000000000e+03
9.491000000000000000e+03
9.667000000000000000e+03
9.601000000000000000e+03
9.637000000000000000e+03
9.651000000000000000e+03
9.721000000000000000e+03
9.742000000000000000e+03
9.805000000000000000e+03
9.729000000000000000e+03
9.882000000000000000e+03
9.845000000000000000e+03
9.951000000000000000e+03
9.917000000000000000e+03
1.004900000000000000e+04
1.001500000000000000e+04
1.007000000000000000e+04
1.016200000000000000e+04
1.018200000000000000e+04
1.018900000000000000e+04
1.023300000000000000e+04
1.024800000000000000e+04
1.032300000000000000e+04
1.030800000000000000e+04
1.036900000000000000e+04
1.054900000000000000e+04
1.039900000000000000e+04
1.041400000000000000e+04
1.053600000000000000e+04
1.044600000000000000e+04
1.057300000000000000e+04
1.064100000000000000e+04
1.070800000000000000e+04
1.062800000000000000e+04
1.085600000000000000e+04
1.075400000000000000e+04
1.081700000000000000e+04
1.074300000000000000e+04
1.089500000000000000e+04
1.098400000000000000e+04
1.090000000000000000e+04
1.106900000000000000e+04
1.105800000000000000e+04
1.101000000000000000e+04
1.102000000000000000e+04
1.107100000000000000e+04
1.113000000000000000e+04
1.123500000000000000e+04
1.117500000000000000e+04
1.136700000000000000e+04
1.109400000000000000e+04
1.165600000000000000e+04
1.125700000000000000e+04
1.133000000000000000e+04
1.126600000000000000e+04
1.131200000000000000e+04
1.138300000000000000e+04
1.141400000000000000e+04
1.134800000000000000e+04
1.137900000000000000e+04
1.132000000000000000e+04
1.141300000000000000e+04
1.129600000000000000e+04
1.154300000000000000e+04
1.134100000000000000e+04
1.151600000000000000e+04
1.145400000000000000e+04
1.166700000000000000e+04
1.153400000000000000e+04
1.161800000000000000e+04
1.153600000000000000e+04
1.163200000000000000e+04
1.157300000000000000e+04
1.158700000000000000e+04
1.162700000000000000e+04
1.162300000000000000e+04
1.173500000000000000e+04
1.170200000000000000e+04
1.174900000000000000e+04
1.167700000000000000e+04
1.184600000000000000e+04
1.171400000000000000e+04
1.193500000000000000e+04
1.189800000000000000e+04
1.189300000000000000e+04
1.172700000000000000e+04
1.182700000000000000e+04
1.190500000000000000e+04
1.182800000000000000e+04
1.207000000000000000e+04
1.180100000000000000e+04
1.206600000000000000e+04
1.200900000000000000e+04
1.196300000000000000e+04
1.185600000000000000e+04
1.198100000000000000e+04
1.193900000000000000e+04
1.207700000000000000e+04
1.180200000000000000e+04
1.198800000000000000e+04
1.189000000000000000e+04
1.219300000000000000e+04
1.195800000000000000e+04
1.179900000000000000e+04
1.205200000000000000e+04
1.201200000000000000e+04
1.214500000000000000e+04
1.202700000000000000e+04
1.208200000000000000e+04
1.202800000000000000e+04
1.203600000000000000e+04
1.186900000000000000e+04
1.198100000000000000e+04
1.201200000000000000e+04
1.182300000000000000e+04
1.212800000000000000e+04
1.205400000000000000e+04
1.207000000000000000e+04
1.188300000000000000e+04
1.195800000000000000e+04
1.196700000000000000e+04
1.204400000000000000e+04
1.201500000000000000e+04
1.204500000000000000e+04
1.212800000000000000e+04
1.212900000000000000e+04
1.210800000000000000e+04
1.202600000000000000e+04
1.212600000000000000e+04
1.201600000000000000e+04
1.194600000000000000e+04
1.215100000000000000e+04
1.215100000000000000e+04
1.209600000000000000e+04
1.224700000000000000e+04
1.215500000000000000e+04
1.228900000000000000e+04
1.217000000000000000e+04
1.231500000000000000e+04
1.229400000000000000e+04
1.229000000000000000e+04
1.241700000000000000e+04
1.220000000000000000e+04
1.220100000000000000e+04
1.235100000000000000e+04
1.236700000000000000e+04
1.222100000000000000e+04
1.230800000000000000e+04
1.247000000000000000e+04
1.241700000000000000e+04
1.241700000000000000e+04
1.239400000000000000e+04
1.236300000000000000e+04
1.235100000000000000e+04
1.251800000000000000e+04
1.260900000000000000e+04
1.266400000000000000e+04
1.254100000000000000e+04
1.265700000000000000e+04
1.257900000000000000e+04
1.267000000000000000e+04
1.261200000000000000e+04
1.282900000000000000e+04
1.277300000000000000e+04
1.262200000000000000e+04
1.280700000000000000e+04
1.283600000000000000e+04
1.276600000000000000e+04
1.286200000000000000e+04
1.288700000000000000e+04
1.291700000000000000e+04
1.281900000000000000e+04
1.293100000000000000e+04
1.289100000000000000e+04
1.284600000000000000e+04
1.299800000000000000e+04
1.308100000000000000e+04
1.306500000000000000e+04
1.319300000000000000e+04
1.321900000000000000e+04
1.302000000000000000e+04
1.316500000000000000e+04
1.324200000000000000e+04
1.330500000000000000e+04
1.322200000000000000e+04
1.322000000000000000e+04
1.336500000000000000e+04
1.340700000000000000e+04
1.335300000000000000e+04
1.331900000000000000e+04
1.332000000000000000e+04
1.326500000000000000e+04
1.334100000000000000e+04
1.332600000000000000e+04
1.333800000000000000e+04
1.318400000000000000e+04
1.353300000000000000e+04
1.342500000000000000e+04
1.337500000000000000e+04
1.333100000000000000e+04
1.333900000000000000e+04
1.337800000000000000e+04
1.340600000000000000e+04
1.345800000000000000e+04
1.365700000000000000e+04
1.355000000000000000e+04
1.341900000000000000e+04
1.344300000000000000e+04
1.355100000000000000e+04
1.352500000000000000e+04
1.356300000000000000e+04
1.346200000000000000e+04
1.351400000000000000e+04
1.349800000000000000e+04
1.363300000000000000e+04
1.361800000000000000e+04
1.362300000000000000e+04
1.359600000000000000e+04
1.358000000000000000e+04
1.352900000000000000e+04
1.366800000000000000e+04
1.348900000000000000e+04
1.340800000000000000e+04
1.342700000000000000e+04
1.333800000000000000e+04
1.330700000000000000e+04
1.342500000000000000e+04
1.317600000000000000e+04
1.320900000000000000e+04
1.326000000000000000e+04
1.316200000000000000e+04
1.325800000000000000e+04
1.318700000000000000e+04
1.316500000000000000e+04
1.301100000000000000e+04
1.295600000000000000e+04
1.294300000000000000e+04
1.295300000000000000e+04
1.297000000000000000e+04
1.292200000000000000e+04
1.300700000000000000e+04
1.285300000000000000e+04
1.284600000000000000e+04
1.279100000000000000e+04
1.270800000000000000e+04
1.268600000000000000e+04
1.232200000000000000e+04
1.241600000000000000e+04
1.236900000000000000e+04
1.240800000000000000e+04
1.242300000000000000e+04
1.234000000000000000e+04
1.223600000000000000e+04
1.199800000000000000e+04
1.198000000000000000e+04
1.203400000000000000e+04
1.218400000000000000e+04
1.217900000000000000e+04
1.214300000000000000e+04
1.219500000000000000e+04
1.230300000000000000e+04
1.217200000000000000e+04
1.241000000000000000e+04
1.244500000000000000e+04
1.235000000000000000e+04
1.236500000000000000e+04
1.222400000000000000e+04
1.242000000000000000e+04
1.208600000000000000e+04
1.236000000000000000e+04
1.221400000000000000e+04
1.222400000000000000e+04
1.216800000000000000e+04
1.221500000000000000e+04
1.218800000000000000e+04
1.210700000000000000e+04
1.199100000000000000e+04
1.210000000000000000e+04
1.218100000000000000e+04
1.173900000000000000e+04
1.164600000000000000e+04
1.162100000000000000e+04
1.160800000000000000e+04
1.157300000000000000e+04
1.137000000000000000e+04
1.149100000000000000e+04
1.144500000000000000e+04
1.132800000000000000e+04
1.126600000000000000e+04
1.132700000000000000e+04
1.135700000000000000e+04
1.148200000000000000e+04
1.145500000000000000e+04
1.156300000000000000e+04
1.161800000000000000e+04
1.148900000000000000e+04
1.137900000000000000e+04
1.130600000000000000e+04
1.094600000000000000e+04
1.085100000000000000e+04
1.071700000000000000e+04
1.053300000000000000e+04
1.060300000000000000e+04
1.059200000000000000e+04
1.083000000000000000e+04
1.075700000000000000e+04
1.087300000000000000e+04
1.095000000000000000e+04
1.097200000000000000e+04
1.098700000000000000e+04
1.084100000000000000e+04
1.095700000000000000e+04
1.087100000000000000e+04
1.075900000000000000e+04
1.099000000000000000e+04
1.090200000000000000e+04
1.095300000000000000e+04
1.099700000000000000e+04
1.118500000000000000e+04
1.107100000000000000e+04
1.106000000000000000e+04
1.098600000000000000e+04
1.066900000000000000e+04
1.066600000000000000e+04
1.048100000000000000e+04
1.056000000000000000e+04
1.056300000000000000e+04
1.073400000000000000e+04
1.064000000000000000e+04
1.052900000000000000e+04
1.068700000000000000e+04
1.066100000000000000e+04
1.061900000000000000e+04
1.049100000000000000e+04
1.050200000000000000e+04
1.049400000000000000e+04
1.047400000000000000e+04
1.045700000000000000e+04
1.051300000000000000e+04
1.055600000000000000e+04
1.051500000000000000e+04
1.061200000000000000e+04
1.070500000000000000e+04
1.069400000000000000e+04
1.075500000000000000e+04
1.028500000000000000e+04
