3.738000000000000000e+03
3.725000000000000000e+03
3.696000000000000000e+03
3.758000000000000000e+03
3.645000000000000000e+03
3.731000000000000000e+03
3.797000000000000000e+03
3.739000000000000000e+03
3.776000000000000000e+03
3.718000000000000000e+03
3.745000000000000000e+03
3.713000000000000000e+03
3.769000000000000000e+03
3.711000000000000000e+03
3.727000000000000000e+03
3.797000000000000000e+03
3.722000000000000000e+03
3.742000000000000000e+03
3.765000000000000000e+03
3.745000000000000000e+03
3.741000000000000000e+03
3.700000000000000000e+03
3.787000000000000000e+03
3.778000000000000000e+03
3.825000000000000000e+03
3.777000000000000000e+03
3.851000000000000000e+03
3.761000000000000000e+03
3.783000000000000000e+03
3.862000000000000000e+03
3.770000000000000000e+03
3.822000000000000000e+03
3.777000000000000000e+03
3.846000000000000000e+03
3.784000000000000000e+03
4.040000000000000000e+03
3.827000000000000000e+03
3.765000000000000000e+03
3.883000000000000000e+03
3.912000000000000000e+03
3.828000000000000000e+03
3.873000000000000000e+03
3.838000000000000000e+03
3.881000000000000000e+03
3.872000000000000000e+03
3.791000000000000000e+03
3.821000000000000000e+03
3.823000000000000000e+03
3.841000000000000000e+03
3.784000000000000000e+03
3.866000000000000000e+03
3.882000000000000000e+03
3.797000000000000000e+03
3.941000000000000000e+03
3.884000000000000000e+03
3.911000000000000000e+03
3.975000000000000000e+03
4.033000000000000000e+03
3.905000000000000000e+03
3.923000000000000000e+03
3.925000000000000000e+03
4.002000000000000000e+03
3.862000000000000000e+03
3.998000000000000000e+03
4.010000000000000000e+03
4.022000000000000000e+03
4.051000000000000000e+03
4.028000000000000000e+03
4.095000000000000000e+03
4.059000000000000000e+03
4.071000000000000000e+03
4.042000000000000000e+03
4.076000000000000000e+03
4.054000000000000000e+03
4.054000000000000000e+03
4.030000000000000000e+03
4.056000000000000000e+03
4.155000000000000000e+03
4.083000000000000000e+03
4.088000000000000000e+03
4.092000000000000000e+03
4.140000000000000000e+03
4.161000000000000000e+03
4.173000000000000000e+03
4.139000000000000000e+03
4.112000000000000000e+03
4.135000000000000000e+03
4.193000000000000000e+03
4.210000000000000000e+03
4.197000000000000000e+03
4.199000000000000000e+03
4.181000000000000000e+03
4.241000000000000000e+03
4.200000000000000000e+03
4.250000000000000000e+03
4.162000000000000000e+03
4.250000000000000000e+03
4.266000000000000000e+03
4.240000000000000000e+03
4.256000000000000000e+03
4.228000000000000000e+03
4.364000000000000000e+03
4.251000000000000000e+03
4.267000000000000000e+03
4.268000000000000000e+03
4.331000000000000000e+03
4.287000000000000000e+03
4.325000000000000000e+03
4.354000000000000000e+03
4.336000000000000000e+03
4.357000000000000000e+03
4.313000000000000000e+03
4.341000000000000000e+03
4.411000000000000000e+03
4.460000000000000000e+03
4.402000000000000000e+03
4.466000000000000000e+03
4.421000000000000000e+03
4.474000000000000000e+03
4.416000000000000000e+03
4.443000000000000000e+03
4.504000000000000000e+03
4.510000000000000000e+03
4.451000000000000000e+03
4.444000000000000000e+03
4.426000000000000000e+03
4.527000000000000000e+03
4.483000000000000000e+03
4.517000000000000000e+03
4.499000000000000000e+03
4.588000000000000000e+03
4.582000000000000000e+03
4.582000000000000000e+03
4.566000000000000000e+03
4.566000000000000000e+03
4.623000000000000000e+03
4.671000000000000000e+03
4.871000000000000000e+03
4.576000000000000000e+03
4.723000000000000000e+03
4.697000000000000000e+03
4.730000000000000000e+03
4.730000000000000000e+03
4.743000000000000000e+03
4.874000000000000000e+03
4.821000000000000000e+03
4.823000000000000000e+03
4.800000000000000000e+03
4.734000000000000000e+03
5.519000000000000000e+03
4.750000000000000000e+03
4.869000000000000000e+03
4.824000000000000000e+03
4.851000000000000000e+03
4.790000000000000000e+03
4.944000000000000000e+03
4.997000000000000000e+03
4.876000000000000000e+03
4.986000000000000000e+03
4.939000000000000000e+03
4.947000000000000000e+03
5.037000000000000000e+03
4.924000000000000000e+03
5.011000000000000000e+03
5.046000000000000000e+03
4.969000000000000000e+03
5.021000000000000000e+03
5.068000000000000000e+03
5.094000000000000000e+03
5.159000000000000000e+03
5.081000000000000000e+03
5.069000000000000000e+03
5.163000000000000000e+03
5.139000000000000000e+03
5.194000000000000000e+03
5.093000000000000000e+03
5.362000000000000000e+03
5.150000000000000000e+03
5.114000000000000000e+03
5.316000000000000000e+03
5.222000000000000000e+03
5.167000000000000000e+03
5.212000000000000000e+03
5.228000000000000000e+03
5.332000000000000000e+03
5.263000000000000000e+03
5.329000000000000000e+03
5.336000000000000000e+03
5.284000000000000000e+03
5.251000000000000000e+03
5.393000000000000000e+03
5.381000000000000000e+03
5.371000000000000000e+03
5.419000000000000000e+03
5.406000000000000000e+03
5.506000000000000000e+03
5.450000000000000000e+03
5.441000000000000000e+03
5.501000000000000000e+03
5.688000000000000000e+03
5.508000000000000000e+03
5.495000000000000000e+03
5.526000000000000000e+03
5.726000000000000000e+03
5.535000000000000000e+03
5.520000000000000000e+03
5.601000000000000000e+03
5.603000000000000000e+03
5.568000000000000000e+03
5.517000000000000000e+03
5.616000000000000000e+03
5.757000000000000000e+03
5.745000000000000000e+03
5.752000000000000000e+03
5.734000000000000000e+03
5.804000000000000000e+03
5.753000000000000000e+03
5.869000000000000000e+03
5.815000000000000000e+03
5.819000000000000000e+03
5.903000000000000000e+03
5.933000000000000000e+03
5.910000000000000000e+03
5.950000000000000000e+03
5.861000000000000000e+03
5.962000000000000000e+03
5.965000000000000000e+03
5.975000000000000000e+03
5.916000000000000000e+03
5.954000000000000000e+03
5.863000000000000000e+03
6.049000000000000000e+03
6.045000000000000000e+03
6.019000000000000000e+03
5.996000000000000000e+03
6.093000000000000000e+03
6.146000000000000000e+03
6.089000000000000000e+03
5.997000000000000000e+03
6.092000000000000000e+03
6.137000000000000000e+03
6.100000000000000000e+03
6.113000000000000000e+03
6.138000000000000000e+03
6.263000000000000000e+03
6.158000000000000000e+03
6.231000000000000000e+03
6.209000000000000000e+03
6.128000000000000000e+03
6.210000000000000000e+03
6.151000000000000000e+03
6.301000000000000000e+03
6.341000000000000000e+03
6.231000000000000000e+03
6.231000000000000000e+03
6.262000000000000000e+03
6.422000000000000000e+03
6.402000000000000000e+03
6.301000000000000000e+03
6.266000000000000000e+03
6.427000000000000000e+03
6.239000000000000000e+03
6.431000000000000000e+03
6.370000000000000000e+03
6.483000000000000000e+03
6.458000000000000000e+03
6.462000000000000000e+03
6.486000000000000000e+03
6.424000000000000000e+03
6.497000000000000000e+03
6.484000000000000000e+03
6.459000000000000000e+03
6.456000000000000000e+03
6.460000000000000000e+03
6.389000000000000000e+03
6.459000000000000000e+03
6.541000000000000000e+03
6.500000000000000000e+03
6.428000000000000000e+03
6.550000000000000000e+03
6.518000000000000000e+03
1.433400000000000000e+04
6.556000000000000000e+03
6.531000000000000000e+03
6.564000000000000000e+03
6.671000000000000000e+03
6.604000000000000000e+03
6.515000000000000000e+03
6.677000000000000000e+03
6.675000000000000000e+03
6.653000000000000000e+03
6.675000000000000000e+03
6.681000000000000000e+03
6.661000000000000000e+03
6.766000000000000000e+03
6.653000000000000000e+03
6.806000000000000000e+03
6.730000000000000000e+03
6.697000000000000000e+03
6.835000000000000000e+03
6.813000000000000000e+03
6.840000000000000000e+03
6.879000000000000000e+03
6.797000000000000000e+03
6.838000000000000000e+03
6.845000000000000000e+03
6.991000000000000000e+03
6.862000000000000000e+03
7.038000000000000000e+03
6.979000000000000000e+03
6.965000000000000000e+03
6.974000000000000000e+03
6.996000000000000000e+03
7.152000000000000000e+03
7.145000000000000000e+03
7.165000000000000000e+03
7.083000000000000000e+03
7.156000000000000000e+03
7.160000000000000000e+03
7.269000000000000000e+03
7.265000000000000000e+03
7.218000000000000000e+03
7.219000000000000000e+03
7.176000000000000000e+03
7.365000000000000000e+03
7.350000000000000000e+03
7.360000000000000000e+03
7.418000000000000000e+03
7.443000000000000000e+03
7.474000000000000000e+03
7.471000000000000000e+03
7.612000000000000000e+03
7.456000000000000000e+03
7.525000000000000000e+03
7.675000000000000000e+03
7.593000000000000000e+03
7.595000000000000000e+03
7.579000000000000000e+03
7.625000000000000000e+03
7.698000000000000000e+03
7.646000000000000000e+03
7.782000000000000000e+03
7.774000000000000000e+03
7.902000000000000000e+03
7.943000000000000000e+03
7.879000000000000000e+03
7.916000000000000000e+03
7.940000000000000000e+03
7.899000000000000000e+03
7.989000000000000000e+03
8.022000000000000000e+03
8.127000000000000000e+03
8.087000000000000000e+03
8.173000000000000000e+03
8.161000000000000000e+03
8.148000000000000000e+03
8.157000000000000000e+03
8.169000000000000000e+03
8.149000000000000000e+03
8.230000000000000000e+03
8.200000000000000000e+03
8.374000000000000000e+03
8.281000000000000000e+03
8.317000000000000000e+03
8.300000000000000000e+03
8.367000000000000000e+03
8.415000000000000000e+03
8.466000000000000000e+03
8.437000000000000000e+03
8.364000000000000000e+03
8.389000000000000000e+03
8.417000000000000000e+03
8.468000000000000000e+03
8.438000000000000000e+03
8.560000000000000000e+03
8.618000000000000000e+03
8.469000000000000000e+03
8.475000000000000000e+03
8.635000000000000000e+03
8.684000000000000000e+03
8.907000000000000000e+03
8.582000000000000000e+03
8.693000000000000000e+03
8.694000000000000000e+03
8.780000000000000000e+03
8.689000000000000000e+03
8.716000000000000000e+03
8.769000000000000000e+03
8.860000000000000000e+03
8.684000000000000000e+03
8.878000000000000000e+03
9.231000000000000000e+03
8.982000000000000000e+03
8.907000000000000000e+03
8.827000000000000000e+03
9.027000000000000000e+03
8.986000000000000000e+03
9.079000000000000000e+03
8.965000000000000000e+03
8.978000000000000000e+03
8.977000000000000000e+03
9.108000000000000000e+03
8.985000000000000000e+03
8.850000000000000000e+03
9.088000000000000000e+03
9.174000000000000000e+03
9.184000000000000000e+03
9.077000000000000000e+03
9.280000000000000000e+03
9.244000000000000000e+03
9.276000000000000000e+03
9.312000000000000000e+03
9.385000000000000000e+03
9.300000000000000000e+03
9.368000000000000000e+03
9.559000000000000000e+03
9.491000000000000000e+03
9.630000000000000000e+03
9.512000000000000000e+03
9.644000000000000000e+03
9.533000000000000000e+03
9.666000000000000000e+03
9.875000000000000000e+03
9.732000000000000000e+03
9.640000000000000000e+03
9.822000000000000000e+03
9.916000000000000000e+03
9.921000000000000000e+03
9.880000000000000000e+03
9.996000000000000000e+03
1.000700000000000000e+04
9.984000000000000000e+03
1.003300000000000000e+04
1.005100000000000000e+04
1.017200000000000000e+04
1.024100000000000000e+04
1.027500000000000000e+04
1.024900000000000000e+04
1.028900000000000000e+04
1.034300000000000000e+04
1.049000000000000000e+04
1.036200000000000000e+04
1.061300000000000000e+04
1.050600000000000000e+04
1.057800000000000000e+04
1.062000000000000000e+04
1.073600000000000000e+04
1.074900000000000000e+04
1.067600000000000000e+04
1.072400000000000000e+04
1.075500000000000000e+04
1.081200000000000000e+04
1.084500000000000000e+04
1.080700000000000000e+04
1.094400000000000000e+04
1.094200000000000000e+04
1.108300000000000000e+04
1.103300000000000000e+04
1.116500000000000000e+04
1.107900000000000000e+04
1.106800000000000000e+04
1.109000000000000000e+04
1.115400000000000000e+04
1.130100000000000000e+04
1.127700000000000000e+04
1.130400000000000000e+04
1.135900000000000000e+04
1.133200000000000000e+04
1.131400000000000000e+04
1.131300000000000000e+04
1.137600000000000000e+04
1.135800000000000000e+04
1.152000000000000000e+04
1.138800000000000000e+04
1.139400000000000000e+04
1.145900000000000000e+04
1.152000000000000000e+04
1.146700000000000000e+04
1.146800000000000000e+04
1.165600000000000000e+04
1.166100000000000000e+04
1.153100000000000000e+04
1.159300000000000000e+04
1.158000000000000000e+04
1.170400000000000000e+04
1.166500000000000000e+04
1.171000000000000000e+04
1.179800000000000000e+04
1.167600000000000000e+04
1.185500000000000000e+04
1.193400000000000000e+04
1.194700000000000000e+04
1.183900000000000000e+04
1.194000000000000000e+04
1.183800000000000000e+04
1.197900000000000000e+04
1.184600000000000000e+04
1.190200000000000000e+04
1.190300000000000000e+04
1.190400000000000000e+04
1.199700000000000000e+04
1.193500000000000000e+04
1.193900000000000000e+04
1.202900000000000000e+04
1.196300000000000000e+04
1.209400000000000000e+04
1.202600000000000000e+04
1.227800000000000000e+04
1.206200000000000000e+04
1.198600000000000000e+04
1.197900000000000000e+04
1.200000000000000000e+04
1.217600000000000000e+04
1.217500000000000000e+04
1.204300000000000000e+04
1.213000000000000000e+04
1.205600000000000000e+04
1.200000000000000000e+04
1.211800000000000000e+04
1.217000000000000000e+04
1.215500000000000000e+04
1.210400000000000000e+04
1.203200000000000000e+04
1.218800000000000000e+04
1.214000000000000000e+04
1.222500000000000000e+04
1.218300000000000000e+04
1.235900000000000000e+04
1.225200000000000000e+04
1.212800000000000000e+04
1.223700000000000000e+04
1.217800000000000000e+04
1.211400000000000000e+04
1.211100000000000000e+04
1.213200000000000000e+04
1.208900000000000000e+04
1.210300000000000000e+04
1.210000000000000000e+04
1.208600000000000000e+04
1.226400000000000000e+04
1.209800000000000000e+04
1.221400000000000000e+04
1.226400000000000000e+04
1.222400000000000000e+04
1.235200000000000000e+04
1.241900000000000000e+04
1.227200000000000000e+04
1.214800000000000000e+04
1.228300000000000000e+04
1.219600000000000000e+04
1.219700000000000000e+04
1.241200000000000000e+04
1.226700000000000000e+04
1.234100000000000000e+04
1.225200000000000000e+04
1.234200000000000000e+04
1.229900000000000000e+04
1.238600000000000000e+04
1.238100000000000000e+04
1.238700000000000000e+04
1.237100000000000000e+04
1.245800000000000000e+04
1.248700000000000000e+04
1.247300000000000000e+04
1.247400000000000000e+04
1.263700000000000000e+04
1.253100000000000000e+04
1.249000000000000000e+04
1.261300000000000000e+04
1.249500000000000000e+04
1.248500000000000000e+04
1.265700000000000000e+04
1.264300000000000000e+04
1.275400000000000000e+04
1.274900000000000000e+04
1.261800000000000000e+04
1.263000000000000000e+04
1.270200000000000000e+04
1.269900000000000000e+04
1.286600000000000000e+04
1.279600000000000000e+04
1.280400000000000000e+04
1.295600000000000000e+04
1.298500000000000000e+04
1.275900000000000000e+04
1.303900000000000000e+04
1.293500000000000000e+04
1.308800000000000000e+04
1.311800000000000000e+04
1.304500000000000000e+04
1.322900000000000000e+04
1.320500000000000000e+04
1.315900000000000000e+04
1.318800000000000000e+04
1.316600000000000000e+04
1.331800000000000000e+04
1.309300000000000000e+04
1.331300000000000000e+04
1.330000000000000000e+04
1.318400000000000000e+04
1.323900000000000000e+04
1.327000000000000000e+04
1.331000000000000000e+04
1.335200000000000000e+04
1.332400000000000000e+04
1.325000000000000000e+04
1.334000000000000000e+04
1.334800000000000000e+04
1.344300000000000000e+04
1.322300000000000000e+04
1.351900000000000000e+04
1.318400000000000000e+04
1.353100000000000000e+04
1.368100000000000000e+04
1.345700000000000000e+04
1.339400000000000000e+04
1.364400000000000000e+04
1.351400000000000000e+04
1.369000000000000000e+04
1.346200000000000000e+04
1.360000000000000000e+04
1.361900000000000000e+04
1.351900000000000000e+04
1.371600000000000000e+04
1.347500000000000000e+04
1.356000000000000000e+04
1.353800000000000000e+04
1.357700000000000000e+04
1.358400000000000000e+04
1.373800000000000000e+04
1.345500000000000000e+04
1.360800000000000000e+04
1.391000000000000000e+04
1.363200000000000000e+04
1.365900000000000000e+04
1.372500000000000000e+04
1.361600000000000000e+04
1.359600000000000000e+04
1.367200000000000000e+04
1.362500000000000000e+04
1.369000000000000000e+04
1.369200000000000000e+04
1.366300000000000000e+04
1.362800000000000000e+04
1.368200000000000000e+04
1.350700000000000000e+04
1.335900000000000000e+04
1.344500000000000000e+04
1.345500000000000000e+04
1.346400000000000000e+04
1.330500000000000000e+04
1.338900000000000000e+04
1.324100000000000000e+04
1.316500000000000000e+04
1.324700000000000000e+04
1.303400000000000000e+04
1.342100000000000000e+04
1.311300000000000000e+04
1.310600000000000000e+04
1.312600000000000000e+04
1.300800000000000000e+04
1.315400000000000000e+04
1.281400000000000000e+04
1.276400000000000000e+04
1.275500000000000000e+04
1.263600000000000000e+04
1.262000000000000000e+04
1.262400000000000000e+04
1.266800000000000000e+04
1.275000000000000000e+04
1.260700000000000000e+04
1.265100000000000000e+04
1.254300000000000000e+04
1.258400000000000000e+04
1.264700000000000000e+04
1.253800000000000000e+04
1.243300000000000000e+04
1.245000000000000000e+04
1.242300000000000000e+04
1.243400000000000000e+04
1.242000000000000000e+04
1.245000000000000000e+04
1.228300000000000000e+04
1.227400000000000000e+04
1.244400000000000000e+04
1.244300000000000000e+04
1.234000000000000000e+04
1.217400000000000000e+04
1.215900000000000000e+04
1.211100000000000000e+04
1.200200000000000000e+04
1.215100000000000000e+04
1.213100000000000000e+04
1.201400000000000000e+04
1.185700000000000000e+04
1.183200000000000000e+04
1.175300000000000000e+04
1.179000000000000000e+04
1.162800000000000000e+04
1.168200000000000000e+04
1.165200000000000000e+04
1.168500000000000000e+04
1.182400000000000000e+04
1.176300000000000000e+04
1.192700000000000000e+04
1.192800000000000000e+04
1.174100000000000000e+04
1.171600000000000000e+04
1.151800000000000000e+04
1.134500000000000000e+04
1.133100000000000000e+04
1.125800000000000000e+04
1.119100000000000000e+04
1.139200000000000000e+04
1.135300000000000000e+04
1.126500000000000000e+04
1.123900000000000000e+04
1.125400000000000000e+04
1.119500000000000000e+04
1.182200000000000000e+04
1.134600000000000000e+04
1.123000000000000000e+04
1.108400000000000000e+04
1.112200000000000000e+04
1.098000000000000000e+04
1.099600000000000000e+04
1.088700000000000000e+04
1.087600000000000000e+04
1.059500000000000000e+04
1.068800000000000000e+04
1.051200000000000000e+04
1.087800000000000000e+04
1.081200000000000000e+04
1.102200000000000000e+04
1.108700000000000000e+04
1.087100000000000000e+04
1.087200000000000000e+04
1.080000000000000000e+04
1.073100000000000000e+04
1.072500000000000000e+04
1.060100000000000000e+04
1.048000000000000000e+04
1.033500000000000000e+04
1.046200000000000000e+04
1.052200000000000000e+04
1.058500000000000000e+04
1.058800000000000000e+04
1.044200000000000000e+04
1.045900000000000000e+04
1.048800000000000000e+04
1.047000000000000000e+04
1.076800000000000000e+04
1.066400000000000000e+04
1.085700000000000000e+04
1.086800000000000000e+04
1.084800000000000000e+04
1.084300000000000000e+04
1.101600000000000000e+04
1.105000000000000000e+04
1.104400000000000000e+04
1.089500000000000000e+04
1.083800000000000000e+04
1.086400000000000000e+04
1.066000000000000000e+04
1.050300000000000000e+04
