3.938000000000000000e+03
3.954000000000000000e+03
3.923000000000000000e+03
3.930000000000000000e+03
4.004000000000000000e+03
4.003000000000000000e+03
4.036000000000000000e+03
4.001000000000000000e+03
3.951000000000000000e+03
3.955000000000000000e+03
3.905000000000000000e+03
3.852000000000000000e+03
3.930000000000000000e+03
3.841000000000000000e+03
3.865000000000000000e+03
3.842000000000000000e+03
3.867000000000000000e+03
3.919000000000000000e+03
4.022000000000000000e+03
4.021000000000000000e+03
4.004000000000000000e+03
4.025000000000000000e+03
4.037000000000000000e+03
4.035000000000000000e+03
4.069000000000000000e+03
4.031000000000000000e+03
4.013000000000000000e+03
4.118000000000000000e+03
3.949000000000000000e+03
4.017000000000000000e+03
4.029000000000000000e+03
3.997000000000000000e+03
3.972000000000000000e+03
4.022000000000000000e+03
4.022000000000000000e+03
4.069000000000000000e+03
4.162000000000000000e+03
4.100000000000000000e+03
4.068000000000000000e+03
4.051000000000000000e+03
4.078000000000000000e+03
4.055000000000000000e+03
4.016000000000000000e+03
4.136000000000000000e+03
4.118000000000000000e+03
4.148000000000000000e+03
4.169000000000000000e+03
4.151000000000000000e+03
4.059000000000000000e+03
4.124000000000000000e+03
4.084000000000000000e+03
4.142000000000000000e+03
4.182000000000000000e+03
4.097000000000000000e+03
4.155000000000000000e+03
4.183000000000000000e+03
4.240000000000000000e+03
4.159000000000000000e+03
4.125000000000000000e+03
4.130000000000000000e+03
4.246000000000000000e+03
4.215000000000000000e+03
4.278000000000000000e+03
4.294000000000000000e+03
4.288000000000000000e+03
4.276000000000000000e+03
4.237000000000000000e+03
4.280000000000000000e+03
4.416000000000000000e+03
4.303000000000000000e+03
4.284000000000000000e+03
4.309000000000000000e+03
4.396000000000000000e+03
4.295000000000000000e+03
4.345000000000000000e+03
4.308000000000000000e+03
4.257000000000000000e+03
4.339000000000000000e+03
4.349000000000000000e+03
4.358000000000000000e+03
4.420000000000000000e+03
4.357000000000000000e+03
4.337000000000000000e+03
4.413000000000000000e+03
4.411000000000000000e+03
4.347000000000000000e+03
4.406000000000000000e+03
4.409000000000000000e+03
4.421000000000000000e+03
4.450000000000000000e+03
4.469000000000000000e+03
4.400000000000000000e+03
4.478000000000000000e+03
4.465000000000000000e+03
4.379000000000000000e+03
4.558000000000000000e+03
4.616000000000000000e+03
4.535000000000000000e+03
4.505000000000000000e+03
4.541000000000000000e+03
4.579000000000000000e+03
4.560000000000000000e+03
4.602000000000000000e+03
4.530000000000000000e+03
4.562000000000000000e+03
4.634000000000000000e+03
4.603000000000000000e+03
4.747000000000000000e+03
4.631000000000000000e+03
4.592000000000000000e+03
4.628000000000000000e+03
4.609000000000000000e+03
4.577000000000000000e+03
4.653000000000000000e+03
4.715000000000000000e+03
4.688000000000000000e+03
4.733000000000000000e+03
4.589000000000000000e+03
4.821000000000000000e+03
4.770000000000000000e+03
4.659000000000000000e+03
4.741000000000000000e+03
5.005000000000000000e+03
4.858000000000000000e+03
4.844000000000000000e+03
4.902000000000000000e+03
4.822000000000000000e+03
4.810000000000000000e+03
4.820000000000000000e+03
4.856000000000000000e+03
4.860000000000000000e+03
4.835000000000000000e+03
4.907000000000000000e+03
4.903000000000000000e+03
4.935000000000000000e+03
4.983000000000000000e+03
4.998000000000000000e+03
4.986000000000000000e+03
4.946000000000000000e+03
5.005000000000000000e+03
4.986000000000000000e+03
5.039000000000000000e+03
4.996000000000000000e+03
5.043000000000000000e+03
5.053000000000000000e+03
5.023000000000000000e+03
5.174000000000000000e+03
5.152000000000000000e+03
5.133000000000000000e+03
5.202000000000000000e+03
5.154000000000000000e+03
5.239000000000000000e+03
5.120000000000000000e+03
5.158000000000000000e+03
5.271000000000000000e+03
5.296000000000000000e+03
5.217000000000000000e+03
5.236000000000000000e+03
5.243000000000000000e+03
5.266000000000000000e+03
5.263000000000000000e+03
5.297000000000000000e+03
5.332000000000000000e+03
5.317000000000000000e+03
5.328000000000000000e+03
5.334000000000000000e+03
5.402000000000000000e+03
5.512000000000000000e+03
5.465000000000000000e+03
5.459000000000000000e+03
5.359000000000000000e+03
5.567000000000000000e+03
5.507000000000000000e+03
5.398000000000000000e+03
5.541000000000000000e+03
5.589000000000000000e+03
5.429000000000000000e+03
5.597000000000000000e+03
5.579000000000000000e+03
5.614000000000000000e+03
5.577000000000000000e+03
5.686000000000000000e+03
5.642000000000000000e+03
5.586000000000000000e+03
5.708000000000000000e+03
5.721000000000000000e+03
5.687000000000000000e+03
5.668000000000000000e+03
5.648000000000000000e+03
5.699000000000000000e+03
5.786000000000000000e+03
5.762000000000000000e+03
5.715000000000000000e+03
5.791000000000000000e+03
5.825000000000000000e+03
5.840000000000000000e+03
5.856000000000000000e+03
6.338000000000000000e+03
5.934000000000000000e+03
5.913000000000000000e+03
5.967000000000000000e+03
5.931000000000000000e+03
5.932000000000000000e+03
6.040000000000000000e+03
5.937000000000000000e+03
6.041000000000000000e+03
5.978000000000000000e+03
6.023000000000000000e+03
6.015000000000000000e+03
6.102000000000000000e+03
6.110000000000000000e+03
6.140000000000000000e+03
6.062000000000000000e+03
6.206000000000000000e+03
6.183000000000000000e+03
6.200000000000000000e+03
6.372000000000000000e+03
6.260000000000000000e+03
6.255000000000000000e+03
6.285000000000000000e+03
6.340000000000000000e+03
6.231000000000000000e+03
6.391000000000000000e+03
6.534000000000000000e+03
6.410000000000000000e+03
6.288000000000000000e+03
6.373000000000000000e+03
6.382000000000000000e+03
6.388000000000000000e+03
6.428000000000000000e+03
6.459000000000000000e+03
6.430000000000000000e+03
6.483000000000000000e+03
6.528000000000000000e+03
6.316000000000000000e+03
6.381000000000000000e+03
6.444000000000000000e+03
6.606000000000000000e+03
6.575000000000000000e+03
6.543000000000000000e+03
6.538000000000000000e+03
6.643000000000000000e+03
6.647000000000000000e+03
6.505000000000000000e+03
6.650000000000000000e+03
6.679000000000000000e+03
6.734000000000000000e+03
6.745000000000000000e+03
6.709000000000000000e+03
6.612000000000000000e+03
6.705000000000000000e+03
6.744000000000000000e+03
6.674000000000000000e+03
6.765000000000000000e+03
6.788000000000000000e+03
6.749000000000000000e+03
6.727000000000000000e+03
6.703000000000000000e+03
6.813000000000000000e+03
6.919000000000000000e+03
6.866000000000000000e+03
6.781000000000000000e+03
6.873000000000000000e+03
6.973000000000000000e+03
6.894000000000000000e+03
6.943000000000000000e+03
6.962000000000000000e+03
7.057000000000000000e+03
6.942000000000000000e+03
6.992000000000000000e+03
6.986000000000000000e+03
7.016000000000000000e+03
6.997000000000000000e+03
7.055000000000000000e+03
6.992000000000000000e+03
6.996000000000000000e+03
7.043000000000000000e+03
7.102000000000000000e+03
6.965000000000000000e+03
7.143000000000000000e+03
7.143000000000000000e+03
7.110000000000000000e+03
7.136000000000000000e+03
7.074000000000000000e+03
7.065000000000000000e+03
7.098000000000000000e+03
7.219000000000000000e+03
7.200000000000000000e+03
7.111000000000000000e+03
7.173000000000000000e+03
7.167000000000000000e+03
7.257000000000000000e+03
7.228000000000000000e+03
7.217000000000000000e+03
7.381000000000000000e+03
7.254000000000000000e+03
7.217000000000000000e+03
7.336000000000000000e+03
7.273000000000000000e+03
7.325000000000000000e+03
7.320000000000000000e+03
7.402000000000000000e+03
7.475000000000000000e+03
7.497000000000000000e+03
7.457000000000000000e+03
7.484000000000000000e+03
7.439000000000000000e+03
7.577000000000000000e+03
7.442000000000000000e+03
7.442000000000000000e+03
7.559000000000000000e+03
7.709000000000000000e+03
7.618000000000000000e+03
7.592000000000000000e+03
7.672000000000000000e+03
7.745000000000000000e+03
7.709000000000000000e+03
7.668000000000000000e+03
7.740000000000000000e+03
7.908000000000000000e+03
7.862000000000000000e+03
7.793000000000000000e+03
7.892000000000000000e+03
8.011000000000000000e+03
7.924000000000000000e+03
7.944000000000000000e+03
8.085000000000000000e+03
7.903000000000000000e+03
8.037000000000000000e+03
8.020000000000000000e+03
8.035000000000000000e+03
8.166000000000000000e+03
8.113000000000000000e+03
8.113000000000000000e+03
8.244000000000000000e+03
8.586000000000000000e+03
8.428000000000000000e+03
8.366000000000000000e+03
8.198000000000000000e+03
8.248000000000000000e+03
8.407000000000000000e+03
8.339000000000000000e+03
8.392000000000000000e+03
8.511000000000000000e+03
8.563000000000000000e+03
8.526000000000000000e+03
8.538000000000000000e+03
8.475000000000000000e+03
8.665000000000000000e+03
8.602000000000000000e+03
8.591000000000000000e+03
8.564000000000000000e+03
8.669000000000000000e+03
8.762000000000000000e+03
8.792000000000000000e+03
8.782000000000000000e+03
8.728000000000000000e+03
8.797000000000000000e+03
8.863000000000000000e+03
8.980000000000000000e+03
8.839000000000000000e+03
8.943000000000000000e+03
8.850000000000000000e+03
9.009000000000000000e+03
8.923000000000000000e+03
8.949000000000000000e+03
9.126000000000000000e+03
9.063000000000000000e+03
9.054000000000000000e+03
9.201000000000000000e+03
9.077000000000000000e+03
9.168000000000000000e+03
9.186000000000000000e+03
9.256000000000000000e+03
9.118000000000000000e+03
9.149000000000000000e+03
9.276000000000000000e+03
9.171000000000000000e+03
9.127000000000000000e+03
9.300000000000000000e+03
9.397000000000000000e+03
9.223000000000000000e+03
9.225000000000000000e+03
9.302000000000000000e+03
9.467000000000000000e+03
9.282000000000000000e+03
9.373000000000000000e+03
9.489000000000000000e+03
9.431000000000000000e+03
9.398000000000000000e+03
9.480000000000000000e+03
9.557000000000000000e+03
9.625000000000000000e+03
9.522000000000000000e+03
9.564000000000000000e+03
9.612000000000000000e+03
9.582000000000000000e+03
9.682000000000000000e+03
9.740000000000000000e+03
9.664000000000000000e+03
9.719000000000000000e+03
9.792000000000000000e+03
9.695000000000000000e+03
9.856000000000000000e+03
9.948000000000000000e+03
9.862000000000000000e+03
9.979000000000000000e+03
1.008100000000000000e+04
1.007200000000000000e+04
1.005200000000000000e+04
1.009900000000000000e+04
9.997000000000000000e+03
1.021300000000000000e+04
1.012000000000000000e+04
1.012700000000000000e+04
1.031700000000000000e+04
1.013300000000000000e+04
1.033000000000000000e+04
1.035900000000000000e+04
1.022900000000000000e+04
1.037400000000000000e+04
1.043300000000000000e+04
1.045500000000000000e+04
1.070600000000000000e+04
1.056100000000000000e+04
1.068000000000000000e+04
1.109800000000000000e+04
1.069400000000000000e+04
1.068400000000000000e+04
1.076600000000000000e+04
1.085600000000000000e+04
1.091100000000000000e+04
1.100300000000000000e+04
1.084000000000000000e+04
1.102300000000000000e+04
1.102400000000000000e+04
1.107300000000000000e+04
1.099000000000000000e+04
1.115200000000000000e+04
1.119000000000000000e+04
1.111500000000000000e+04
1.114100000000000000e+04
1.130000000000000000e+04
1.134400000000000000e+04
1.142000000000000000e+04
1.253800000000000000e+04
1.140900000000000000e+04
1.146300000000000000e+04
1.156000000000000000e+04
1.164400000000000000e+04
1.170700000000000000e+04
1.163400000000000000e+04
1.171000000000000000e+04
1.182700000000000000e+04
1.176000000000000000e+04
1.194600000000000000e+04
1.190400000000000000e+04
1.194700000000000000e+04
1.187000000000000000e+04
1.226300000000000000e+04
1.200700000000000000e+04
1.212300000000000000e+04
1.200500000000000000e+04
1.207900000000000000e+04
1.216500000000000000e+04
1.212600000000000000e+04
1.214600000000000000e+04
1.226900000000000000e+04
1.223400000000000000e+04
1.223800000000000000e+04
1.227500000000000000e+04
1.234300000000000000e+04
1.238900000000000000e+04
1.237100000000000000e+04
1.229500000000000000e+04
1.228600000000000000e+04
1.236500000000000000e+04
1.226500000000000000e+04
1.249300000000000000e+04
1.235300000000000000e+04
1.235100000000000000e+04
1.237300000000000000e+04
1.253000000000000000e+04
1.254500000000000000e+04
1.248200000000000000e+04
1.242100000000000000e+04
1.247400000000000000e+04
1.247900000000000000e+04
1.271400000000000000e+04
1.267100000000000000e+04
1.262100000000000000e+04
1.267600000000000000e+04
1.279800000000000000e+04
1.261900000000000000e+04
1.303000000000000000e+04
1.288500000000000000e+04
1.282000000000000000e+04
1.282300000000000000e+04
1.296600000000000000e+04
1.295500000000000000e+04
1.289300000000000000e+04
1.281500000000000000e+04
1.290200000000000000e+04
1.292400000000000000e+04
1.291000000000000000e+04
1.300100000000000000e+04
1.288100000000000000e+04
1.309600000000000000e+04
1.308000000000000000e+04
1.293900000000000000e+04
1.294100000000000000e+04
1.303000000000000000e+04
1.294000000000000000e+04
1.297900000000000000e+04
1.297700000000000000e+04
1.302900000000000000e+04
1.289500000000000000e+04
1.282300000000000000e+04
1.301800000000000000e+04
1.297700000000000000e+04
1.299000000000000000e+04
1.312200000000000000e+04
1.317400000000000000e+04
1.300400000000000000e+04
1.318100000000000000e+04
1.302300000000000000e+04
1.317500000000000000e+04
1.312700000000000000e+04
1.301100000000000000e+04
1.326100000000000000e+04
1.304600000000000000e+04
1.298600000000000000e+04
1.308900000000000000e+04
1.302600000000000000e+04
1.312900000000000000e+04
1.299600000000000000e+04
1.308800000000000000e+04
1.311700000000000000e+04
1.307900000000000000e+04
1.310500000000000000e+04
1.300400000000000000e+04
1.298800000000000000e+04
1.316600000000000000e+04
1.312600000000000000e+04
1.314900000000000000e+04
1.307600000000000000e+04
1.337200000000000000e+04
1.325500000000000000e+04
1.317600000000000000e+04
1.330900000000000000e+04
1.326800000000000000e+04
1.337100000000000000e+04
1.324600000000000000e+04
1.337900000000000000e+04
1.344600000000000000e+04
1.345600000000000000e+04
1.332100000000000000e+04
1.337500000000000000e+04
1.323800000000000000e+04
1.330800000000000000e+04
1.343900000000000000e+04
1.349400000000000000e+04
1.347300000000000000e+04
1.364800000000000000e+04
1.334700000000000000e+04
1.346900000000000000e+04
1.343200000000000000e+04
1.368500000000000000e+04
1.368300000000000000e+04
1.376100000000000000e+04
1.372100000000000000e+04
1.366700000000000000e+04
1.363800000000000000e+04
1.373700000000000000e+04
1.378200000000000000e+04
1.372600000000000000e+04
1.397400000000000000e+04
1.385200000000000000e+04
1.375700000000000000e+04
1.406400000000000000e+04
1.388000000000000000e+04
1.397200000000000000e+04
1.394300000000000000e+04
1.395800000000000000e+04
1.384800000000000000e+04
1.398800000000000000e+04
1.414800000000000000e+04
1.406500000000000000e+04
1.395200000000000000e+04
1.421500000000000000e+04
1.419600000000000000e+04
1.434800000000000000e+04
1.419800000000000000e+04
1.425500000000000000e+04
1.432100000000000000e+04
1.429100000000000000e+04
1.446800000000000000e+04
1.434700000000000000e+04
1.418600000000000000e+04
1.439400000000000000e+04
1.429700000000000000e+04
1.437600000000000000e+04
1.429800000000000000e+04
1.439200000000000000e+04
1.445600000000000000e+04
1.455800000000000000e+04
1.448400000000000000e+04
1.450700000000000000e+04
1.435200000000000000e+04
1.449200000000000000e+04
1.455500000000000000e+04
1.448000000000000000e+04
1.440100000000000000e+04
1.445900000000000000e+04
1.422300000000000000e+04
1.436900000000000000e+04
1.448300000000000000e+04
1.438100000000000000e+04
1.445400000000000000e+04
1.447000000000000000e+04
1.441800000000000000e+04
1.459800000000000000e+04
1.437700000000000000e+04
1.435600000000000000e+04
1.443600000000000000e+04
1.444800000000000000e+04
1.448400000000000000e+04
1.435000000000000000e+04
1.438400000000000000e+04
1.450800000000000000e+04
1.437600000000000000e+04
1.448400000000000000e+04
1.435900000000000000e+04
1.450400000000000000e+04
1.439200000000000000e+04
1.435200000000000000e+04
1.424000000000000000e+04
1.421700000000000000e+04
1.415500000000000000e+04
1.422300000000000000e+04
1.420400000000000000e+04
1.413200000000000000e+04
1.424600000000000000e+04
1.404200000000000000e+04
1.391000000000000000e+04
1.414800000000000000e+04
1.409200000000000000e+04
1.419100000000000000e+04
1.407600000000000000e+04
1.422800000000000000e+04
1.413100000000000000e+04
1.418400000000000000e+04
1.418600000000000000e+04
1.412300000000000000e+04
1.403200000000000000e+04
1.409000000000000000e+04
1.397900000000000000e+04
1.406300000000000000e+04
1.391000000000000000e+04
1.388700000000000000e+04
1.386300000000000000e+04
1.381000000000000000e+04
1.378600000000000000e+04
1.392800000000000000e+04
1.378100000000000000e+04
1.378600000000000000e+04
1.385600000000000000e+04
1.394300000000000000e+04
1.397600000000000000e+04
1.403800000000000000e+04
1.375900000000000000e+04
1.370400000000000000e+04
1.364100000000000000e+04
1.347500000000000000e+04
1.355200000000000000e+04
1.346200000000000000e+04
1.321100000000000000e+04
1.317800000000000000e+04
1.305300000000000000e+04
1.276700000000000000e+04
1.270800000000000000e+04
1.285400000000000000e+04
1.283600000000000000e+04
1.285000000000000000e+04
1.291300000000000000e+04
1.260300000000000000e+04
1.272400000000000000e+04
1.282300000000000000e+04
1.246700000000000000e+04
1.252900000000000000e+04
1.242100000000000000e+04
1.246300000000000000e+04
1.243000000000000000e+04
1.266500000000000000e+04
1.255300000000000000e+04
1.249700000000000000e+04
1.249300000000000000e+04
1.250800000000000000e+04
1.240200000000000000e+04
1.248500000000000000e+04
1.241800000000000000e+04
1.238500000000000000e+04
1.228300000000000000e+04
1.233500000000000000e+04
1.219400000000000000e+04
1.219500000000000000e+04
1.214100000000000000e+04
1.192200000000000000e+04
1.220500000000000000e+04
1.244800000000000000e+04
1.208100000000000000e+04
1.211300000000000000e+04
1.203100000000000000e+04
1.186200000000000000e+04
1.193600000000000000e+04
1.173800000000000000e+04
1.184900000000000000e+04
1.189800000000000000e+04
1.179500000000000000e+04
1.183200000000000000e+04
1.185100000000000000e+04
1.176200000000000000e+04
1.173200000000000000e+04
1.153300000000000000e+04
1.148700000000000000e+04
1.153400000000000000e+04
1.142800000000000000e+04
1.107600000000000000e+04
1.096900000000000000e+04
1.101000000000000000e+04
1.101500000000000000e+04
1.094000000000000000e+04
1.104000000000000000e+04
1.115800000000000000e+04
1.118000000000000000e+04
1.124900000000000000e+04
1.128300000000000000e+04
1.118300000000000000e+04
1.102300000000000000e+04
1.112300000000000000e+04
1.093300000000000000e+04
1.100200000000000000e+04
1.123300000000000000e+04
1.136200000000000000e+04
1.151000000000000000e+04
1.167400000000000000e+04
1.174000000000000000e+04
1.177400000000000000e+04
1.176700000000000000e+04
1.159500000000000000e+04
1.155200000000000000e+04
1.148700000000000000e+04
1.156700000000000000e+04
1.135300000000000000e+04
1.141300000000000000e+04
1.150400000000000000e+04
1.129300000000000000e+04
1.143300000000000000e+04
1.127000000000000000e+04
1.128900000000000000e+04
1.127600000000000000e+04
1.120500000000000000e+04
1.124200000000000000e+04
1.111900000000000000e+04
1.105400000000000000e+04
