3.748000000000000000e+03
3.707000000000000000e+03
3.791000000000000000e+03
3.700000000000000000e+03
3.777000000000000000e+03
3.787000000000000000e+03
3.781000000000000000e+03
3.753000000000000000e+03
3.752000000000000000e+03
3.734000000000000000e+03
3.838000000000000000e+03
3.794000000000000000e+03
3.826000000000000000e+03
3.783000000000000000e+03
3.803000000000000000e+03
3.704000000000000000e+03
3.744000000000000000e+03
3.720000000000000000e+03
3.781000000000000000e+03
3.746000000000000000e+03
3.800000000000000000e+03
3.779000000000000000e+03
3.788000000000000000e+03
3.830000000000000000e+03
3.836000000000000000e+03
3.828000000000000000e+03
3.749000000000000000e+03
3.975000000000000000e+03
3.792000000000000000e+03
3.872000000000000000e+03
3.800000000000000000e+03
3.861000000000000000e+03
3.861000000000000000e+03
3.804000000000000000e+03
3.791000000000000000e+03
3.747000000000000000e+03
3.878000000000000000e+03
3.813000000000000000e+03
3.784000000000000000e+03
3.805000000000000000e+03
3.845000000000000000e+03
3.868000000000000000e+03
3.805000000000000000e+03
3.924000000000000000e+03
3.866000000000000000e+03
3.893000000000000000e+03
3.803000000000000000e+03
3.858000000000000000e+03
3.935000000000000000e+03
3.899000000000000000e+03
3.910000000000000000e+03
3.930000000000000000e+03
3.888000000000000000e+03
3.998000000000000000e+03
3.926000000000000000e+03
3.968000000000000000e+03
3.887000000000000000e+03
3.987000000000000000e+03
4.052000000000000000e+03
4.020000000000000000e+03
3.972000000000000000e+03
3.962000000000000000e+03
3.961000000000000000e+03
4.032000000000000000e+03
4.003000000000000000e+03
4.028000000000000000e+03
4.012000000000000000e+03
4.078000000000000000e+03
4.068000000000000000e+03
3.974000000000000000e+03
4.035000000000000000e+03
4.079000000000000000e+03
4.072000000000000000e+03
4.088000000000000000e+03
4.104000000000000000e+03
4.058000000000000000e+03
4.046000000000000000e+03
4.120000000000000000e+03
4.164000000000000000e+03
4.084000000000000000e+03
4.068000000000000000e+03
4.103000000000000000e+03
4.147000000000000000e+03
4.196000000000000000e+03
4.171000000000000000e+03
4.195000000000000000e+03
4.202000000000000000e+03
4.170000000000000000e+03
4.227000000000000000e+03
4.181000000000000000e+03
4.254000000000000000e+03
4.199000000000000000e+03
4.259000000000000000e+03
4.250000000000000000e+03
4.261000000000000000e+03
4.276000000000000000e+03
4.301000000000000000e+03
4.353000000000000000e+03
4.240000000000000000e+03
4.253000000000000000e+03
4.255000000000000000e+03
4.310000000000000000e+03
4.321000000000000000e+03
4.339000000000000000e+03
4.350000000000000000e+03
4.357000000000000000e+03
4.312000000000000000e+03
4.345000000000000000e+03
4.333000000000000000e+03
4.455000000000000000e+03
4.382000000000000000e+03
4.355000000000000000e+03
4.461000000000000000e+03
4.421000000000000000e+03
4.482000000000000000e+03
4.495000000000000000e+03
4.462000000000000000e+03
4.473000000000000000e+03
4.613000000000000000e+03
4.459000000000000000e+03
4.553000000000000000e+03
4.556000000000000000e+03
4.574000000000000000e+03
4.517000000000000000e+03
4.541000000000000000e+03
4.565000000000000000e+03
4.531000000000000000e+03
4.548000000000000000e+03
4.614000000000000000e+03
4.597000000000000000e+03
4.569000000000000000e+03
4.590000000000000000e+03
4.492000000000000000e+03
4.616000000000000000e+03
4.605000000000000000e+03
4.714000000000000000e+03
4.651000000000000000e+03
4.724000000000000000e+03
4.711000000000000000e+03
4.717000000000000000e+03
4.671000000000000000e+03
4.669000000000000000e+03
4.784000000000000000e+03
4.766000000000000000e+03
4.874000000000000000e+03
4.881000000000000000e+03
4.786000000000000000e+03
4.856000000000000000e+03
4.880000000000000000e+03
4.891000000000000000e+03
4.889000000000000000e+03
4.859000000000000000e+03
4.931000000000000000e+03
4.923000000000000000e+03
4.858000000000000000e+03
4.874000000000000000e+03
4.933000000000000000e+03
4.870000000000000000e+03
5.038000000000000000e+03
5.052000000000000000e+03
4.916000000000000000e+03
4.981000000000000000e+03
4.992000000000000000e+03
4.991000000000000000e+03
5.040000000000000000e+03
4.999000000000000000e+03
5.086000000000000000e+03
5.104000000000000000e+03
5.069000000000000000e+03
5.040000000000000000e+03
5.069000000000000000e+03
5.195000000000000000e+03
5.128000000000000000e+03
5.177000000000000000e+03
5.276000000000000000e+03
5.201000000000000000e+03
5.194000000000000000e+03
5.159000000000000000e+03
5.270000000000000000e+03
5.248000000000000000e+03
5.293000000000000000e+03
5.359000000000000000e+03
5.238000000000000000e+03
5.227000000000000000e+03
5.363000000000000000e+03
5.430000000000000000e+03
5.462000000000000000e+03
5.351000000000000000e+03
5.445000000000000000e+03
5.446000000000000000e+03
5.420000000000000000e+03
5.327000000000000000e+03
5.470000000000000000e+03
5.413000000000000000e+03
5.407000000000000000e+03
5.495000000000000000e+03
5.454000000000000000e+03
5.519000000000000000e+03
5.530000000000000000e+03
5.510000000000000000e+03
5.518000000000000000e+03
5.468000000000000000e+03
5.585000000000000000e+03
5.608000000000000000e+03
5.568000000000000000e+03
5.632000000000000000e+03
5.583000000000000000e+03
5.598000000000000000e+03
5.711000000000000000e+03
5.748000000000000000e+03
5.656000000000000000e+03
5.729000000000000000e+03
5.743000000000000000e+03
5.789000000000000000e+03
5.731000000000000000e+03
5.815000000000000000e+03
5.830000000000000000e+03
5.785000000000000000e+03
5.870000000000000000e+03
5.825000000000000000e+03
5.946000000000000000e+03
5.960000000000000000e+03
5.954000000000000000e+03
6.000000000000000000e+03
5.942000000000000000e+03
5.948000000000000000e+03
5.928000000000000000e+03
5.999000000000000000e+03
5.996000000000000000e+03
5.992000000000000000e+03
6.083000000000000000e+03
5.959000000000000000e+03
6.054000000000000000e+03
6.048000000000000000e+03
6.211000000000000000e+03
6.090000000000000000e+03
6.065000000000000000e+03
6.140000000000000000e+03
6.099000000000000000e+03
6.094000000000000000e+03
6.159000000000000000e+03
6.133000000000000000e+03
6.091000000000000000e+03
6.161000000000000000e+03
6.204000000000000000e+03
6.181000000000000000e+03
6.197000000000000000e+03
6.286000000000000000e+03
6.249000000000000000e+03
6.299000000000000000e+03
6.234000000000000000e+03
6.297000000000000000e+03
6.416000000000000000e+03
6.230000000000000000e+03
6.345000000000000000e+03
6.311000000000000000e+03
6.389000000000000000e+03
6.363000000000000000e+03
6.351000000000000000e+03
6.338000000000000000e+03
6.317000000000000000e+03
6.466000000000000000e+03
6.430000000000000000e+03
6.374000000000000000e+03
6.396000000000000000e+03
6.421000000000000000e+03
6.443000000000000000e+03
6.551000000000000000e+03
6.408000000000000000e+03
6.523000000000000000e+03
6.526000000000000000e+03
6.545000000000000000e+03
6.477000000000000000e+03
6.515000000000000000e+03
6.610000000000000000e+03
6.619000000000000000e+03
6.510000000000000000e+03
6.558000000000000000e+03
6.857000000000000000e+03
6.583000000000000000e+03
6.597000000000000000e+03
6.576000000000000000e+03
6.560000000000000000e+03
6.550000000000000000e+03
6.590000000000000000e+03
6.581000000000000000e+03
6.588000000000000000e+03
6.652000000000000000e+03
6.759000000000000000e+03
6.684000000000000000e+03
6.633000000000000000e+03
6.736000000000000000e+03
6.555000000000000000e+03
6.613000000000000000e+03
6.799000000000000000e+03
6.785000000000000000e+03
6.840000000000000000e+03
6.846000000000000000e+03
6.814000000000000000e+03
6.818000000000000000e+03
6.893000000000000000e+03
6.920000000000000000e+03
6.888000000000000000e+03
6.876000000000000000e+03
6.995000000000000000e+03
6.917000000000000000e+03
6.912000000000000000e+03
7.007000000000000000e+03
6.927000000000000000e+03
6.910000000000000000e+03
7.038000000000000000e+03
7.019000000000000000e+03
7.118000000000000000e+03
7.189000000000000000e+03
7.243000000000000000e+03
7.215000000000000000e+03
7.177000000000000000e+03
7.160000000000000000e+03
7.258000000000000000e+03
7.230000000000000000e+03
7.253000000000000000e+03
7.346000000000000000e+03
7.480000000000000000e+03
7.347000000000000000e+03
7.428000000000000000e+03
7.501000000000000000e+03
7.555000000000000000e+03
7.400000000000000000e+03
7.481000000000000000e+03
7.388000000000000000e+03
7.517000000000000000e+03
7.521000000000000000e+03
7.679000000000000000e+03
7.574000000000000000e+03
7.551000000000000000e+03
7.601000000000000000e+03
7.681000000000000000e+03
7.745000000000000000e+03
7.716000000000000000e+03
7.806000000000000000e+03
7.798000000000000000e+03
7.841000000000000000e+03
7.878000000000000000e+03
7.944000000000000000e+03
8.095000000000000000e+03
7.799000000000000000e+03
8.002000000000000000e+03
7.947000000000000000e+03
7.948000000000000000e+03
8.066000000000000000e+03
8.122000000000000000e+03
8.027000000000000000e+03
8.162000000000000000e+03
8.179000000000000000e+03
8.163000000000000000e+03
8.111000000000000000e+03
8.230000000000000000e+03
8.220000000000000000e+03
8.265000000000000000e+03
8.345000000000000000e+03
8.285000000000000000e+03
8.284000000000000000e+03
8.384000000000000000e+03
8.361000000000000000e+03
8.414000000000000000e+03
8.454000000000000000e+03
8.488000000000000000e+03
8.384000000000000000e+03
8.474000000000000000e+03
8.523000000000000000e+03
8.471000000000000000e+03
8.564000000000000000e+03
8.536000000000000000e+03
8.519000000000000000e+03
8.558000000000000000e+03
8.550000000000000000e+03
8.576000000000000000e+03
8.604000000000000000e+03
8.649000000000000000e+03
8.619000000000000000e+03
8.723000000000000000e+03
8.591000000000000000e+03
8.703000000000000000e+03
8.794000000000000000e+03
8.710000000000000000e+03
8.942000000000000000e+03
8.702000000000000000e+03
8.914000000000000000e+03
8.787000000000000000e+03
8.824000000000000000e+03
8.884000000000000000e+03
8.939000000000000000e+03
8.876000000000000000e+03
8.970000000000000000e+03
8.920000000000000000e+03
8.871000000000000000e+03
9.026000000000000000e+03
8.968000000000000000e+03
9.132000000000000000e+03
9.056000000000000000e+03
9.018000000000000000e+03
9.200000000000000000e+03
9.260000000000000000e+03
9.327000000000000000e+03
9.079000000000000000e+03
9.231000000000000000e+03
9.388000000000000000e+03
9.204000000000000000e+03
9.241000000000000000e+03
9.438000000000000000e+03
9.362000000000000000e+03
9.331000000000000000e+03
9.564000000000000000e+03
9.393000000000000000e+03
9.543000000000000000e+03
9.604000000000000000e+03
9.534000000000000000e+03
9.683000000000000000e+03
9.642000000000000000e+03
9.606000000000000000e+03
9.668000000000000000e+03
9.728000000000000000e+03
9.742000000000000000e+03
9.824000000000000000e+03
9.864000000000000000e+03
9.864000000000000000e+03
9.980000000000000000e+03
9.920000000000000000e+03
9.923000000000000000e+03
9.991000000000000000e+03
1.005500000000000000e+04
1.006700000000000000e+04
1.014700000000000000e+04
1.006600000000000000e+04
1.014100000000000000e+04
1.022500000000000000e+04
1.030500000000000000e+04
1.040900000000000000e+04
1.041600000000000000e+04
1.028600000000000000e+04
1.042900000000000000e+04
1.062200000000000000e+04
1.056900000000000000e+04
1.055900000000000000e+04
1.059200000000000000e+04
1.062100000000000000e+04
1.062300000000000000e+04
1.071000000000000000e+04
1.078500000000000000e+04
1.085900000000000000e+04
1.087800000000000000e+04
1.075700000000000000e+04
1.090700000000000000e+04
1.099300000000000000e+04
1.092200000000000000e+04
1.107200000000000000e+04
1.109400000000000000e+04
1.115700000000000000e+04
1.110200000000000000e+04
1.107500000000000000e+04
1.124800000000000000e+04
1.121500000000000000e+04
1.112200000000000000e+04
1.130400000000000000e+04
1.128500000000000000e+04
1.137100000000000000e+04
1.137400000000000000e+04
1.146800000000000000e+04
1.151200000000000000e+04
1.151400000000000000e+04
1.148100000000000000e+04
1.141100000000000000e+04
1.148400000000000000e+04
1.140000000000000000e+04
1.162000000000000000e+04
1.140600000000000000e+04
1.180900000000000000e+04
1.155100000000000000e+04
1.155500000000000000e+04
1.160700000000000000e+04
1.167100000000000000e+04
1.155700000000000000e+04
1.159400000000000000e+04
1.167300000000000000e+04
1.165400000000000000e+04
1.161800000000000000e+04
1.172200000000000000e+04
1.175600000000000000e+04
1.179800000000000000e+04
1.189500000000000000e+04
1.170300000000000000e+04
1.186000000000000000e+04
1.179900000000000000e+04
1.194700000000000000e+04
1.192200000000000000e+04
1.198200000000000000e+04
1.198800000000000000e+04
1.212600000000000000e+04
1.200200000000000000e+04
1.205600000000000000e+04
1.206400000000000000e+04
1.196300000000000000e+04
1.214700000000000000e+04
1.207100000000000000e+04
1.205600000000000000e+04
1.221200000000000000e+04
1.207400000000000000e+04
1.208600000000000000e+04
1.208100000000000000e+04
1.200000000000000000e+04
1.216400000000000000e+04
1.216300000000000000e+04
1.207200000000000000e+04
1.210600000000000000e+04
1.202800000000000000e+04
1.223900000000000000e+04
1.207000000000000000e+04
1.213100000000000000e+04
1.228800000000000000e+04
1.224000000000000000e+04
1.208100000000000000e+04
1.210000000000000000e+04
1.253400000000000000e+04
1.212300000000000000e+04
1.219600000000000000e+04
1.219400000000000000e+04
1.215200000000000000e+04
1.230700000000000000e+04
1.220900000000000000e+04
1.214000000000000000e+04
1.216300000000000000e+04
1.212300000000000000e+04
1.216600000000000000e+04
1.210200000000000000e+04
1.219900000000000000e+04
1.231800000000000000e+04
1.215300000000000000e+04
1.217900000000000000e+04
1.221200000000000000e+04
1.218500000000000000e+04
1.224000000000000000e+04
1.220200000000000000e+04
1.231000000000000000e+04
1.208400000000000000e+04
1.223800000000000000e+04
1.213500000000000000e+04
1.238400000000000000e+04
1.216400000000000000e+04
1.219200000000000000e+04
1.222400000000000000e+04
1.232600000000000000e+04
1.231600000000000000e+04
1.227100000000000000e+04
1.230700000000000000e+04
1.219600000000000000e+04
1.245200000000000000e+04
1.235200000000000000e+04
1.241800000000000000e+04
1.247400000000000000e+04
1.239100000000000000e+04
1.250000000000000000e+04
1.250300000000000000e+04
1.232800000000000000e+04
1.246800000000000000e+04
1.251400000000000000e+04
1.255600000000000000e+04
1.261400000000000000e+04
1.254400000000000000e+04
1.264800000000000000e+04
1.265600000000000000e+04
1.279100000000000000e+04
1.263200000000000000e+04
1.274400000000000000e+04
1.254700000000000000e+04
1.266000000000000000e+04
1.281400000000000000e+04
1.296700000000000000e+04
1.277100000000000000e+04
1.272100000000000000e+04
1.281100000000000000e+04
1.289900000000000000e+04
1.299700000000000000e+04
1.299700000000000000e+04
1.294100000000000000e+04
1.307400000000000000e+04
1.295300000000000000e+04
1.297000000000000000e+04
1.302600000000000000e+04
1.334900000000000000e+04
1.292000000000000000e+04
1.316200000000000000e+04
1.316700000000000000e+04
1.320400000000000000e+04
1.329400000000000000e+04
1.329500000000000000e+04
1.330700000000000000e+04
1.341400000000000000e+04
1.321500000000000000e+04
1.342400000000000000e+04
1.343000000000000000e+04
1.334900000000000000e+04
1.343100000000000000e+04
1.325700000000000000e+04
1.337200000000000000e+04
1.346800000000000000e+04
1.344600000000000000e+04
1.336100000000000000e+04
1.355700000000000000e+04
1.359900000000000000e+04
1.358300000000000000e+04
1.350800000000000000e+04
1.352900000000000000e+04
1.358500000000000000e+04
1.337700000000000000e+04
1.350500000000000000e+04
1.335500000000000000e+04
1.345400000000000000e+04
1.356100000000000000e+04
1.372100000000000000e+04
1.364900000000000000e+04
1.360200000000000000e+04
1.360700000000000000e+04
1.351400000000000000e+04
1.368200000000000000e+04
1.358100000000000000e+04
1.347900000000000000e+04
1.374900000000000000e+04
1.364400000000000000e+04
1.357500000000000000e+04
1.357300000000000000e+04
1.366200000000000000e+04
1.372600000000000000e+04
1.352800000000000000e+04
1.357300000000000000e+04
1.352100000000000000e+04
1.351200000000000000e+04
1.344000000000000000e+04
1.365200000000000000e+04
1.373300000000000000e+04
1.375700000000000000e+04
1.364300000000000000e+04
1.368700000000000000e+04
1.359600000000000000e+04
1.361400000000000000e+04
1.357000000000000000e+04
1.367800000000000000e+04
1.372500000000000000e+04
1.361600000000000000e+04
1.353200000000000000e+04
1.365200000000000000e+04
1.337500000000000000e+04
1.345700000000000000e+04
1.334000000000000000e+04
1.323600000000000000e+04
1.313600000000000000e+04
1.306200000000000000e+04
1.309400000000000000e+04
1.303200000000000000e+04
1.307100000000000000e+04
1.305500000000000000e+04
1.299600000000000000e+04
1.290300000000000000e+04
1.287900000000000000e+04
1.276900000000000000e+04
1.269000000000000000e+04
1.274800000000000000e+04
1.285800000000000000e+04
1.279000000000000000e+04
1.293000000000000000e+04
1.292800000000000000e+04
1.276400000000000000e+04
1.266300000000000000e+04
1.267600000000000000e+04
1.264800000000000000e+04
1.258700000000000000e+04
1.252300000000000000e+04
1.248900000000000000e+04
1.250700000000000000e+04
1.239100000000000000e+04
1.248100000000000000e+04
1.251700000000000000e+04
1.258500000000000000e+04
1.248500000000000000e+04
1.243400000000000000e+04
1.229400000000000000e+04
1.218900000000000000e+04
1.204900000000000000e+04
1.221300000000000000e+04
1.216000000000000000e+04
1.201500000000000000e+04
1.216900000000000000e+04
1.230200000000000000e+04
1.204900000000000000e+04
1.223500000000000000e+04
1.245400000000000000e+04
1.240900000000000000e+04
1.248400000000000000e+04
1.240600000000000000e+04
1.242500000000000000e+04
1.226300000000000000e+04
1.213700000000000000e+04
1.190000000000000000e+04
1.199600000000000000e+04
1.193400000000000000e+04
1.184900000000000000e+04
1.178900000000000000e+04
1.187900000000000000e+04
1.176000000000000000e+04
1.175100000000000000e+04
1.178900000000000000e+04
1.171300000000000000e+04
1.157000000000000000e+04
1.154800000000000000e+04
1.130900000000000000e+04
1.138100000000000000e+04
1.123300000000000000e+04
1.118700000000000000e+04
1.109600000000000000e+04
1.112200000000000000e+04
1.114500000000000000e+04
1.115700000000000000e+04
1.132200000000000000e+04
1.134300000000000000e+04
1.145600000000000000e+04
1.135300000000000000e+04
1.142200000000000000e+04
1.128800000000000000e+04
1.125300000000000000e+04
1.111600000000000000e+04
1.103300000000000000e+04
1.106800000000000000e+04
1.108700000000000000e+04
1.102500000000000000e+04
1.094700000000000000e+04
1.095000000000000000e+04
1.088000000000000000e+04
1.254500000000000000e+04
1.074200000000000000e+04
1.068900000000000000e+04
1.068400000000000000e+04
1.066700000000000000e+04
1.071800000000000000e+04
1.100000000000000000e+04
1.070100000000000000e+04
1.079500000000000000e+04
1.087300000000000000e+04
1.056300000000000000e+04
1.059200000000000000e+04
1.067700000000000000e+04
1.080600000000000000e+04
1.078200000000000000e+04
1.082500000000000000e+04
1.073100000000000000e+04
1.083400000000000000e+04
1.076400000000000000e+04
1.082300000000000000e+04
1.078500000000000000e+04
1.086900000000000000e+04
1.080800000000000000e+04
1.074300000000000000e+04
1.073300000000000000e+04
1.075700000000000000e+04
1.078100000000000000e+04
1.068800000000000000e+04
1.069700000000000000e+04
