3.649000000000000000e+03
3.646000000000000000e+03
3.619000000000000000e+03
3.658000000000000000e+03
3.853000000000000000e+03
3.609000000000000000e+03
3.795000000000000000e+03
3.642000000000000000e+03
3.636000000000000000e+03
3.674000000000000000e+03
3.586000000000000000e+03
3.669000000000000000e+03
3.595000000000000000e+03
3.599000000000000000e+03
3.687000000000000000e+03
3.588000000000000000e+03
3.642000000000000000e+03
3.650000000000000000e+03
3.658000000000000000e+03
3.589000000000000000e+03
3.643000000000000000e+03
3.631000000000000000e+03
3.679000000000000000e+03
3.692000000000000000e+03
3.718000000000000000e+03
3.654000000000000000e+03
3.666000000000000000e+03
3.657000000000000000e+03
3.596000000000000000e+03
3.631000000000000000e+03
3.768000000000000000e+03
3.719000000000000000e+03
3.701000000000000000e+03
3.736000000000000000e+03
3.717000000000000000e+03
3.671000000000000000e+03
3.725000000000000000e+03
3.674000000000000000e+03
3.736000000000000000e+03
3.714000000000000000e+03
3.762000000000000000e+03
3.890000000000000000e+03
3.716000000000000000e+03
3.748000000000000000e+03
3.731000000000000000e+03
3.711000000000000000e+03
3.695000000000000000e+03
3.744000000000000000e+03
3.799000000000000000e+03
3.793000000000000000e+03
3.758000000000000000e+03
3.845000000000000000e+03
3.748000000000000000e+03
3.798000000000000000e+03
3.850000000000000000e+03
3.780000000000000000e+03
3.829000000000000000e+03
3.883000000000000000e+03
3.812000000000000000e+03
3.888000000000000000e+03
3.816000000000000000e+03
3.785000000000000000e+03
3.866000000000000000e+03
3.828000000000000000e+03
3.899000000000000000e+03
3.904000000000000000e+03
3.958000000000000000e+03
3.835000000000000000e+03
3.884000000000000000e+03
3.869000000000000000e+03
3.932000000000000000e+03
3.951000000000000000e+03
3.953000000000000000e+03
3.959000000000000000e+03
3.862000000000000000e+03
4.087000000000000000e+03
3.942000000000000000e+03
3.922000000000000000e+03
4.029000000000000000e+03
3.960000000000000000e+03
4.030000000000000000e+03
4.004000000000000000e+03
4.043000000000000000e+03
3.922000000000000000e+03
3.988000000000000000e+03
3.995000000000000000e+03
4.011000000000000000e+03
4.086000000000000000e+03
4.063000000000000000e+03
4.028000000000000000e+03
4.082000000000000000e+03
4.013000000000000000e+03
4.051000000000000000e+03
4.098000000000000000e+03
4.064000000000000000e+03
4.207000000000000000e+03
4.177000000000000000e+03
4.073000000000000000e+03
4.156000000000000000e+03
4.211000000000000000e+03
4.202000000000000000e+03
4.174000000000000000e+03
4.201000000000000000e+03
4.263000000000000000e+03
4.126000000000000000e+03
4.203000000000000000e+03
4.255000000000000000e+03
4.209000000000000000e+03
4.161000000000000000e+03
4.303000000000000000e+03
4.214000000000000000e+03
4.166000000000000000e+03
4.217000000000000000e+03
4.305000000000000000e+03
4.298000000000000000e+03
4.203000000000000000e+03
4.240000000000000000e+03
4.361000000000000000e+03
4.397000000000000000e+03
4.248000000000000000e+03
4.290000000000000000e+03
4.408000000000000000e+03
4.349000000000000000e+03
4.350000000000000000e+03
4.307000000000000000e+03
4.303000000000000000e+03
4.324000000000000000e+03
4.490000000000000000e+03
4.392000000000000000e+03
4.418000000000000000e+03
4.489000000000000000e+03
4.459000000000000000e+03
4.435000000000000000e+03
4.508000000000000000e+03
4.500000000000000000e+03
4.629000000000000000e+03
4.474000000000000000e+03
4.601000000000000000e+03
4.548000000000000000e+03
4.584000000000000000e+03
4.482000000000000000e+03
4.608000000000000000e+03
4.593000000000000000e+03
4.611000000000000000e+03
4.500000000000000000e+03
4.635000000000000000e+03
4.579000000000000000e+03
4.597000000000000000e+03
4.645000000000000000e+03
4.668000000000000000e+03
4.770000000000000000e+03
4.697000000000000000e+03
4.746000000000000000e+03
4.646000000000000000e+03
4.751000000000000000e+03
4.735000000000000000e+03
4.689000000000000000e+03
4.848000000000000000e+03
4.811000000000000000e+03
4.773000000000000000e+03
4.861000000000000000e+03
4.805000000000000000e+03
4.884000000000000000e+03
4.817000000000000000e+03
4.765000000000000000e+03
4.846000000000000000e+03
4.897000000000000000e+03
4.868000000000000000e+03
4.793000000000000000e+03
4.877000000000000000e+03
4.915000000000000000e+03
4.826000000000000000e+03
5.020000000000000000e+03
5.002000000000000000e+03
5.046000000000000000e+03
5.014000000000000000e+03
4.943000000000000000e+03
4.980000000000000000e+03
5.048000000000000000e+03
4.984000000000000000e+03
5.027000000000000000e+03
5.033000000000000000e+03
5.060000000000000000e+03
5.152000000000000000e+03
5.168000000000000000e+03
5.117000000000000000e+03
5.125000000000000000e+03
5.176000000000000000e+03
5.208000000000000000e+03
5.172000000000000000e+03
5.234000000000000000e+03
5.273000000000000000e+03
5.232000000000000000e+03
5.215000000000000000e+03
5.312000000000000000e+03
5.323000000000000000e+03
5.233000000000000000e+03
5.296000000000000000e+03
5.313000000000000000e+03
5.359000000000000000e+03
5.306000000000000000e+03
5.302000000000000000e+03
5.451000000000000000e+03
5.382000000000000000e+03
5.398000000000000000e+03
5.384000000000000000e+03
5.427000000000000000e+03
5.422000000000000000e+03
5.544000000000000000e+03
6.091000000000000000e+03
5.439000000000000000e+03
5.497000000000000000e+03
5.439000000000000000e+03
5.627000000000000000e+03
5.545000000000000000e+03
5.513000000000000000e+03
5.578000000000000000e+03
5.565000000000000000e+03
5.706000000000000000e+03
5.634000000000000000e+03
5.666000000000000000e+03
5.627000000000000000e+03
5.778000000000000000e+03
5.667000000000000000e+03
5.684000000000000000e+03
5.736000000000000000e+03
5.697000000000000000e+03
5.795000000000000000e+03
5.738000000000000000e+03
5.719000000000000000e+03
5.859000000000000000e+03
5.809000000000000000e+03
5.789000000000000000e+03
5.847000000000000000e+03
5.878000000000000000e+03
5.866000000000000000e+03
5.954000000000000000e+03
5.917000000000000000e+03
5.869000000000000000e+03
5.879000000000000000e+03
5.932000000000000000e+03
5.935000000000000000e+03
5.946000000000000000e+03
5.910000000000000000e+03
6.033000000000000000e+03
6.220000000000000000e+03
6.001000000000000000e+03
6.135000000000000000e+03
6.123000000000000000e+03
5.993000000000000000e+03
6.019000000000000000e+03
6.102000000000000000e+03
6.054000000000000000e+03
6.081000000000000000e+03
6.053000000000000000e+03
6.037000000000000000e+03
6.048000000000000000e+03
6.112000000000000000e+03
6.150000000000000000e+03
6.174000000000000000e+03
6.178000000000000000e+03
6.304000000000000000e+03
6.123000000000000000e+03
6.131000000000000000e+03
6.251000000000000000e+03
6.167000000000000000e+03
6.120000000000000000e+03
6.113000000000000000e+03
6.193000000000000000e+03
6.329000000000000000e+03
6.305000000000000000e+03
6.212000000000000000e+03
6.226000000000000000e+03
6.310000000000000000e+03
6.301000000000000000e+03
6.449000000000000000e+03
6.360000000000000000e+03
6.299000000000000000e+03
6.364000000000000000e+03
6.357000000000000000e+03
6.370000000000000000e+03
6.348000000000000000e+03
6.457000000000000000e+03
6.368000000000000000e+03
6.410000000000000000e+03
6.399000000000000000e+03
6.596000000000000000e+03
6.353000000000000000e+03
6.376000000000000000e+03
6.555000000000000000e+03
6.410000000000000000e+03
6.496000000000000000e+03
6.418000000000000000e+03
6.691000000000000000e+03
6.581000000000000000e+03
6.523000000000000000e+03
7.167000000000000000e+03
6.667000000000000000e+03
6.625000000000000000e+03
6.694000000000000000e+03
6.558000000000000000e+03
6.605000000000000000e+03
6.697000000000000000e+03
6.710000000000000000e+03
6.684000000000000000e+03
6.687000000000000000e+03
6.758000000000000000e+03
6.713000000000000000e+03
6.795000000000000000e+03
6.804000000000000000e+03
6.782000000000000000e+03
6.863000000000000000e+03
6.937000000000000000e+03
6.842000000000000000e+03
6.988000000000000000e+03
6.915000000000000000e+03
6.870000000000000000e+03
6.986000000000000000e+03
7.032000000000000000e+03
6.979000000000000000e+03
7.077000000000000000e+03
6.991000000000000000e+03
7.116000000000000000e+03
7.072000000000000000e+03
7.093000000000000000e+03
7.142000000000000000e+03
7.109000000000000000e+03
7.168000000000000000e+03
7.172000000000000000e+03
7.249000000000000000e+03
7.223000000000000000e+03
7.230000000000000000e+03
7.312000000000000000e+03
7.388000000000000000e+03
7.606000000000000000e+03
7.402000000000000000e+03
7.507000000000000000e+03
7.379000000000000000e+03
7.444000000000000000e+03
7.479000000000000000e+03
7.456000000000000000e+03
7.542000000000000000e+03
7.665000000000000000e+03
7.664000000000000000e+03
7.617000000000000000e+03
7.580000000000000000e+03
7.675000000000000000e+03
7.673000000000000000e+03
7.688000000000000000e+03
7.798000000000000000e+03
7.755000000000000000e+03
7.761000000000000000e+03
7.730000000000000000e+03
7.855000000000000000e+03
7.884000000000000000e+03
7.865000000000000000e+03
8.017000000000000000e+03
7.856000000000000000e+03
8.017000000000000000e+03
7.967000000000000000e+03
7.862000000000000000e+03
7.978000000000000000e+03
8.108000000000000000e+03
8.086000000000000000e+03
8.045000000000000000e+03
8.044000000000000000e+03
8.224000000000000000e+03
8.140000000000000000e+03
8.072000000000000000e+03
8.121000000000000000e+03
8.284000000000000000e+03
8.187000000000000000e+03
8.240000000000000000e+03
8.284000000000000000e+03
8.317000000000000000e+03
8.379000000000000000e+03
8.289000000000000000e+03
8.271000000000000000e+03
8.388000000000000000e+03
8.317000000000000000e+03
8.338000000000000000e+03
8.441000000000000000e+03
8.385000000000000000e+03
8.455000000000000000e+03
8.334000000000000000e+03
8.547000000000000000e+03
8.373000000000000000e+03
8.470000000000000000e+03
8.633000000000000000e+03
8.508000000000000000e+03
8.630000000000000000e+03
8.561000000000000000e+03
8.428000000000000000e+03
8.634000000000000000e+03
8.648000000000000000e+03
8.668000000000000000e+03
8.625000000000000000e+03
8.680000000000000000e+03
8.804000000000000000e+03
8.704000000000000000e+03
8.739000000000000000e+03
8.893000000000000000e+03
8.743000000000000000e+03
8.731000000000000000e+03
8.836000000000000000e+03
8.969000000000000000e+03
8.958000000000000000e+03
8.937000000000000000e+03
8.862000000000000000e+03
9.000000000000000000e+03
9.214000000000000000e+03
8.875000000000000000e+03
9.090000000000000000e+03
9.231000000000000000e+03
9.095000000000000000e+03
9.268000000000000000e+03
9.194000000000000000e+03
9.195000000000000000e+03
9.362000000000000000e+03
9.454000000000000000e+03
9.383000000000000000e+03
9.335000000000000000e+03
9.410000000000000000e+03
9.507000000000000000e+03
9.551000000000000000e+03
9.473000000000000000e+03
9.618000000000000000e+03
9.604000000000000000e+03
9.530000000000000000e+03
9.710000000000000000e+03
9.761000000000000000e+03
9.668000000000000000e+03
9.743000000000000000e+03
9.867000000000000000e+03
9.880000000000000000e+03
9.917000000000000000e+03
9.896000000000000000e+03
1.021000000000000000e+04
9.902000000000000000e+03
1.003900000000000000e+04
1.009800000000000000e+04
1.012800000000000000e+04
1.014000000000000000e+04
1.015200000000000000e+04
1.030600000000000000e+04
1.033100000000000000e+04
1.038300000000000000e+04
1.032800000000000000e+04
1.043600000000000000e+04
1.046800000000000000e+04
1.037700000000000000e+04
1.047000000000000000e+04
1.048400000000000000e+04
1.052300000000000000e+04
1.066400000000000000e+04
1.064900000000000000e+04
1.064700000000000000e+04
1.073500000000000000e+04
1.073800000000000000e+04
1.079900000000000000e+04
1.109400000000000000e+04
1.078200000000000000e+04
1.105300000000000000e+04
1.091200000000000000e+04
1.095700000000000000e+04
1.094700000000000000e+04
1.090400000000000000e+04
1.095700000000000000e+04
1.099500000000000000e+04
1.108600000000000000e+04
1.107800000000000000e+04
1.113200000000000000e+04
1.105000000000000000e+04
1.108200000000000000e+04
1.122800000000000000e+04
1.125100000000000000e+04
1.120400000000000000e+04
1.124400000000000000e+04
1.119200000000000000e+04
1.118000000000000000e+04
1.131300000000000000e+04
1.150300000000000000e+04
1.127500000000000000e+04
1.117900000000000000e+04
1.118800000000000000e+04
1.135300000000000000e+04
1.143700000000000000e+04
1.130900000000000000e+04
1.128900000000000000e+04
1.148800000000000000e+04
1.150600000000000000e+04
1.142900000000000000e+04
1.144100000000000000e+04
1.148500000000000000e+04
1.158300000000000000e+04
1.156300000000000000e+04
1.167300000000000000e+04
1.161700000000000000e+04
1.172900000000000000e+04
1.169700000000000000e+04
1.155400000000000000e+04
1.156100000000000000e+04
1.159700000000000000e+04
1.190200000000000000e+04
1.162500000000000000e+04
1.176000000000000000e+04
1.178900000000000000e+04
1.152600000000000000e+04
1.177900000000000000e+04
1.163700000000000000e+04
1.177100000000000000e+04
1.175000000000000000e+04
1.176000000000000000e+04
1.195800000000000000e+04
1.166200000000000000e+04
1.169400000000000000e+04
1.173100000000000000e+04
1.163900000000000000e+04
1.194700000000000000e+04
1.162800000000000000e+04
1.185200000000000000e+04
1.183000000000000000e+04
1.176100000000000000e+04
1.175300000000000000e+04
1.177900000000000000e+04
1.170700000000000000e+04
1.185600000000000000e+04
1.187000000000000000e+04
1.168500000000000000e+04
1.176100000000000000e+04
1.192200000000000000e+04
1.193200000000000000e+04
1.181100000000000000e+04
1.177300000000000000e+04
1.180900000000000000e+04
1.174000000000000000e+04
1.184300000000000000e+04
1.170900000000000000e+04
1.183000000000000000e+04
1.195300000000000000e+04
1.182700000000000000e+04
1.178500000000000000e+04
1.179800000000000000e+04
1.188800000000000000e+04
1.179700000000000000e+04
1.181800000000000000e+04
1.183000000000000000e+04
1.177600000000000000e+04
1.188700000000000000e+04
1.164500000000000000e+04
1.187500000000000000e+04
1.194300000000000000e+04
1.187100000000000000e+04
1.206200000000000000e+04
1.193400000000000000e+04
1.198100000000000000e+04
1.190600000000000000e+04
1.185700000000000000e+04
1.190800000000000000e+04
1.194700000000000000e+04
1.200100000000000000e+04
1.207100000000000000e+04
1.205800000000000000e+04
1.195900000000000000e+04
1.206600000000000000e+04
1.207300000000000000e+04
1.213000000000000000e+04
1.219600000000000000e+04
1.214500000000000000e+04
1.210700000000000000e+04
1.227000000000000000e+04
1.229900000000000000e+04
1.213500000000000000e+04
1.230100000000000000e+04
1.219000000000000000e+04
1.243200000000000000e+04
1.246200000000000000e+04
1.231700000000000000e+04
1.244600000000000000e+04
1.233600000000000000e+04
1.231600000000000000e+04
1.238400000000000000e+04
1.234100000000000000e+04
1.269200000000000000e+04
1.243100000000000000e+04
1.246400000000000000e+04
1.249100000000000000e+04
1.260900000000000000e+04
1.274300000000000000e+04
1.270900000000000000e+04
1.265600000000000000e+04
1.270500000000000000e+04
1.258500000000000000e+04
1.274100000000000000e+04
1.265000000000000000e+04
1.289100000000000000e+04
1.277400000000000000e+04
1.280100000000000000e+04
1.288600000000000000e+04
1.282800000000000000e+04
1.294900000000000000e+04
1.286800000000000000e+04
1.290100000000000000e+04
1.283500000000000000e+04
1.292800000000000000e+04
1.276900000000000000e+04
1.285900000000000000e+04
1.290100000000000000e+04
1.288900000000000000e+04
1.285600000000000000e+04
1.291700000000000000e+04
1.324600000000000000e+04
1.327300000000000000e+04
1.332200000000000000e+04
1.323500000000000000e+04
1.334100000000000000e+04
1.311500000000000000e+04
1.345800000000000000e+04
1.320800000000000000e+04
1.328900000000000000e+04
1.323700000000000000e+04
1.320200000000000000e+04
1.314400000000000000e+04
1.322700000000000000e+04
1.321400000000000000e+04
1.306500000000000000e+04
1.335500000000000000e+04
1.311900000000000000e+04
1.322600000000000000e+04
1.341100000000000000e+04
1.330600000000000000e+04
1.326100000000000000e+04
1.328600000000000000e+04
1.313900000000000000e+04
1.300500000000000000e+04
1.305900000000000000e+04
1.307700000000000000e+04
1.301200000000000000e+04
1.317300000000000000e+04
1.333400000000000000e+04
1.336900000000000000e+04
1.330600000000000000e+04
1.356000000000000000e+04
1.335700000000000000e+04
1.340300000000000000e+04
1.330100000000000000e+04
1.309900000000000000e+04
1.322300000000000000e+04
1.315400000000000000e+04
1.334900000000000000e+04
1.316200000000000000e+04
1.308500000000000000e+04
1.298600000000000000e+04
1.302400000000000000e+04
1.297800000000000000e+04
1.308800000000000000e+04
1.302900000000000000e+04
1.305200000000000000e+04
1.287100000000000000e+04
1.304800000000000000e+04
1.284700000000000000e+04
1.269000000000000000e+04
1.269200000000000000e+04
1.253400000000000000e+04
1.254400000000000000e+04
1.250500000000000000e+04
1.253600000000000000e+04
1.242800000000000000e+04
1.260000000000000000e+04
1.257900000000000000e+04
1.271700000000000000e+04
1.244700000000000000e+04
1.246800000000000000e+04
1.236700000000000000e+04
1.221000000000000000e+04
1.215800000000000000e+04
1.203400000000000000e+04
1.185200000000000000e+04
1.191800000000000000e+04
1.217600000000000000e+04
1.192400000000000000e+04
1.214700000000000000e+04
1.201600000000000000e+04
1.206700000000000000e+04
1.224300000000000000e+04
1.197100000000000000e+04
1.199700000000000000e+04
1.197900000000000000e+04
1.201300000000000000e+04
1.200100000000000000e+04
1.212200000000000000e+04
1.217700000000000000e+04
1.207300000000000000e+04
1.215400000000000000e+04
1.197000000000000000e+04
1.188800000000000000e+04
1.194100000000000000e+04
1.168600000000000000e+04
1.169500000000000000e+04
1.165500000000000000e+04
1.153600000000000000e+04
1.140500000000000000e+04
1.154300000000000000e+04
1.151400000000000000e+04
1.141700000000000000e+04
1.131900000000000000e+04
1.111300000000000000e+04
1.120100000000000000e+04
1.105600000000000000e+04
1.089400000000000000e+04
1.091800000000000000e+04
1.089700000000000000e+04
1.090500000000000000e+04
1.095100000000000000e+04
1.118800000000000000e+04
1.114300000000000000e+04
1.128200000000000000e+04
1.122500000000000000e+04
1.116500000000000000e+04
1.105200000000000000e+04
1.098100000000000000e+04
1.107200000000000000e+04
1.106200000000000000e+04
1.105400000000000000e+04
1.099900000000000000e+04
1.087400000000000000e+04
1.075500000000000000e+04
1.068800000000000000e+04
1.056000000000000000e+04
1.041800000000000000e+04
1.031900000000000000e+04
1.040900000000000000e+04
1.031500000000000000e+04
1.035900000000000000e+04
1.019500000000000000e+04
1.027300000000000000e+04
1.018600000000000000e+04
1.023400000000000000e+04
1.036200000000000000e+04
1.027400000000000000e+04
1.029300000000000000e+04
1.038000000000000000e+04
1.042700000000000000e+04
1.041600000000000000e+04
1.032000000000000000e+04
1.026200000000000000e+04
1.030000000000000000e+04
1.010600000000000000e+04
1.014800000000000000e+04
1.067900000000000000e+04
1.014400000000000000e+04
1.014300000000000000e+04
1.021900000000000000e+04
1.006000000000000000e+04
1.023700000000000000e+04
1.036000000000000000e+04
1.050500000000000000e+04
1.051400000000000000e+04
1.057900000000000000e+04
1.072600000000000000e+04
1.073100000000000000e+04
1.106100000000000000e+04
1.088800000000000000e+04
1.056100000000000000e+04
1.045100000000000000e+04
