3.628000000000000000e+03
3.653000000000000000e+03
3.654000000000000000e+03
3.623000000000000000e+03
3.662000000000000000e+03
3.684000000000000000e+03
3.822000000000000000e+03
3.699000000000000000e+03
3.697000000000000000e+03
3.647000000000000000e+03
3.651000000000000000e+03
3.663000000000000000e+03
3.590000000000000000e+03
3.686000000000000000e+03
4.085000000000000000e+03
3.733000000000000000e+03
3.674000000000000000e+03
3.640000000000000000e+03
3.759000000000000000e+03
3.725000000000000000e+03
3.634000000000000000e+03
3.692000000000000000e+03
3.700000000000000000e+03
3.710000000000000000e+03
3.657000000000000000e+03
3.644000000000000000e+03
3.751000000000000000e+03
3.719000000000000000e+03
3.695000000000000000e+03
3.709000000000000000e+03
3.723000000000000000e+03
3.685000000000000000e+03
3.730000000000000000e+03
3.742000000000000000e+03
3.754000000000000000e+03
3.725000000000000000e+03
3.773000000000000000e+03
3.712000000000000000e+03
3.715000000000000000e+03
3.664000000000000000e+03
3.773000000000000000e+03
3.745000000000000000e+03
3.772000000000000000e+03
3.710000000000000000e+03
3.840000000000000000e+03
3.778000000000000000e+03
4.026000000000000000e+03
3.816000000000000000e+03
3.772000000000000000e+03
3.735000000000000000e+03
3.720000000000000000e+03
3.759000000000000000e+03
3.864000000000000000e+03
3.911000000000000000e+03
3.870000000000000000e+03
3.859000000000000000e+03
3.890000000000000000e+03
3.844000000000000000e+03
3.837000000000000000e+03
3.844000000000000000e+03
3.861000000000000000e+03
3.876000000000000000e+03
3.940000000000000000e+03
3.930000000000000000e+03
3.928000000000000000e+03
4.009000000000000000e+03
3.943000000000000000e+03
3.936000000000000000e+03
3.935000000000000000e+03
3.871000000000000000e+03
4.010000000000000000e+03
4.005000000000000000e+03
3.987000000000000000e+03
3.966000000000000000e+03
3.938000000000000000e+03
3.999000000000000000e+03
4.101000000000000000e+03
4.034000000000000000e+03
4.032000000000000000e+03
4.031000000000000000e+03
4.089000000000000000e+03
4.130000000000000000e+03
4.023000000000000000e+03
4.036000000000000000e+03
4.070000000000000000e+03
4.042000000000000000e+03
4.100000000000000000e+03
4.066000000000000000e+03
4.084000000000000000e+03
4.180000000000000000e+03
4.191000000000000000e+03
4.123000000000000000e+03
4.144000000000000000e+03
4.100000000000000000e+03
4.064000000000000000e+03
4.218000000000000000e+03
4.157000000000000000e+03
4.403000000000000000e+03
4.204000000000000000e+03
4.119000000000000000e+03
4.256000000000000000e+03
4.233000000000000000e+03
4.241000000000000000e+03
4.168000000000000000e+03
4.246000000000000000e+03
4.228000000000000000e+03
4.222000000000000000e+03
4.169000000000000000e+03
4.340000000000000000e+03
4.304000000000000000e+03
4.263000000000000000e+03
4.236000000000000000e+03
4.250000000000000000e+03
4.371000000000000000e+03
4.328000000000000000e+03
4.305000000000000000e+03
4.348000000000000000e+03
4.388000000000000000e+03
4.281000000000000000e+03
4.332000000000000000e+03
4.418000000000000000e+03
4.384000000000000000e+03
4.351000000000000000e+03
4.414000000000000000e+03
4.415000000000000000e+03
4.387000000000000000e+03
4.443000000000000000e+03
4.430000000000000000e+03
4.511000000000000000e+03
4.493000000000000000e+03
4.494000000000000000e+03
4.421000000000000000e+03
4.512000000000000000e+03
4.534000000000000000e+03
4.589000000000000000e+03
4.559000000000000000e+03
4.614000000000000000e+03
4.591000000000000000e+03
4.552000000000000000e+03
4.662000000000000000e+03
4.594000000000000000e+03
4.604000000000000000e+03
4.618000000000000000e+03
4.667000000000000000e+03
4.664000000000000000e+03
4.664000000000000000e+03
4.731000000000000000e+03
4.647000000000000000e+03
4.698000000000000000e+03
4.736000000000000000e+03
4.724000000000000000e+03
4.717000000000000000e+03
4.750000000000000000e+03
4.827000000000000000e+03
4.944000000000000000e+03
4.756000000000000000e+03
4.826000000000000000e+03
4.840000000000000000e+03
4.834000000000000000e+03
4.839000000000000000e+03
4.895000000000000000e+03
4.776000000000000000e+03
4.912000000000000000e+03
5.031000000000000000e+03
4.938000000000000000e+03
4.954000000000000000e+03
4.843000000000000000e+03
4.984000000000000000e+03
4.993000000000000000e+03
4.879000000000000000e+03
5.016000000000000000e+03
4.958000000000000000e+03
4.968000000000000000e+03
5.014000000000000000e+03
4.998000000000000000e+03
5.056000000000000000e+03
5.127000000000000000e+03
5.104000000000000000e+03
5.103000000000000000e+03
5.099000000000000000e+03
5.128000000000000000e+03
5.053000000000000000e+03
5.055000000000000000e+03
5.138000000000000000e+03
5.078000000000000000e+03
5.212000000000000000e+03
5.206000000000000000e+03
5.262000000000000000e+03
5.219000000000000000e+03
5.256000000000000000e+03
5.264000000000000000e+03
5.268000000000000000e+03
5.248000000000000000e+03
5.289000000000000000e+03
5.319000000000000000e+03
5.408000000000000000e+03
5.639000000000000000e+03
5.263000000000000000e+03
5.438000000000000000e+03
5.389000000000000000e+03
5.343000000000000000e+03
5.449000000000000000e+03
5.517000000000000000e+03
5.432000000000000000e+03
5.398000000000000000e+03
5.473000000000000000e+03
5.517000000000000000e+03
5.509000000000000000e+03
5.547000000000000000e+03
5.491000000000000000e+03
5.609000000000000000e+03
5.581000000000000000e+03
5.673000000000000000e+03
5.614000000000000000e+03
5.557000000000000000e+03
5.629000000000000000e+03
5.734000000000000000e+03
5.677000000000000000e+03
5.676000000000000000e+03
5.669000000000000000e+03
5.673000000000000000e+03
5.631000000000000000e+03
5.666000000000000000e+03
5.663000000000000000e+03
5.782000000000000000e+03
5.725000000000000000e+03
5.810000000000000000e+03
5.735000000000000000e+03
5.961000000000000000e+03
5.860000000000000000e+03
5.826000000000000000e+03
5.856000000000000000e+03
5.893000000000000000e+03
5.825000000000000000e+03
5.907000000000000000e+03
5.896000000000000000e+03
6.000000000000000000e+03
5.950000000000000000e+03
5.906000000000000000e+03
5.985000000000000000e+03
5.871000000000000000e+03
6.080000000000000000e+03
5.888000000000000000e+03
6.043000000000000000e+03
6.069000000000000000e+03
6.049000000000000000e+03
5.968000000000000000e+03
5.971000000000000000e+03
6.022000000000000000e+03
6.070000000000000000e+03
6.098000000000000000e+03
6.136000000000000000e+03
6.037000000000000000e+03
6.275000000000000000e+03
6.244000000000000000e+03
6.183000000000000000e+03
6.275000000000000000e+03
6.297000000000000000e+03
6.182000000000000000e+03
6.268000000000000000e+03
6.181000000000000000e+03
6.194000000000000000e+03
6.214000000000000000e+03
6.275000000000000000e+03
6.311000000000000000e+03
6.197000000000000000e+03
6.283000000000000000e+03
6.259000000000000000e+03
6.294000000000000000e+03
6.286000000000000000e+03
6.390000000000000000e+03
6.338000000000000000e+03
6.509000000000000000e+03
6.436000000000000000e+03
6.284000000000000000e+03
6.411000000000000000e+03
6.360000000000000000e+03
6.405000000000000000e+03
6.336000000000000000e+03
6.408000000000000000e+03
6.442000000000000000e+03
6.407000000000000000e+03
6.541000000000000000e+03
6.396000000000000000e+03
6.415000000000000000e+03
6.420000000000000000e+03
6.498000000000000000e+03
6.569000000000000000e+03
6.547000000000000000e+03
6.485000000000000000e+03
6.508000000000000000e+03
6.536000000000000000e+03
6.554000000000000000e+03
6.578000000000000000e+03
6.606000000000000000e+03
6.688000000000000000e+03
6.520000000000000000e+03
6.703000000000000000e+03
6.724000000000000000e+03
6.604000000000000000e+03
6.664000000000000000e+03
6.700000000000000000e+03
6.809000000000000000e+03
6.720000000000000000e+03
6.772000000000000000e+03
6.787000000000000000e+03
7.043000000000000000e+03
6.817000000000000000e+03
6.799000000000000000e+03
6.876000000000000000e+03
6.929000000000000000e+03
6.925000000000000000e+03
6.977000000000000000e+03
6.910000000000000000e+03
6.996000000000000000e+03
6.973000000000000000e+03
6.982000000000000000e+03
6.970000000000000000e+03
7.071000000000000000e+03
7.108000000000000000e+03
7.138000000000000000e+03
7.307000000000000000e+03
7.159000000000000000e+03
7.702000000000000000e+03
7.255000000000000000e+03
7.131000000000000000e+03
7.186000000000000000e+03
7.306000000000000000e+03
7.275000000000000000e+03
7.214000000000000000e+03
7.337000000000000000e+03
7.316000000000000000e+03
7.387000000000000000e+03
7.414000000000000000e+03
7.460000000000000000e+03
7.534000000000000000e+03
7.451000000000000000e+03
7.565000000000000000e+03
7.560000000000000000e+03
7.519000000000000000e+03
7.640000000000000000e+03
7.562000000000000000e+03
7.585000000000000000e+03
7.755000000000000000e+03
7.642000000000000000e+03
7.703000000000000000e+03
7.816000000000000000e+03
7.825000000000000000e+03
7.833000000000000000e+03
7.803000000000000000e+03
7.794000000000000000e+03
7.911000000000000000e+03
7.949000000000000000e+03
7.969000000000000000e+03
7.929000000000000000e+03
8.020000000000000000e+03
8.065000000000000000e+03
8.066000000000000000e+03
7.906000000000000000e+03
8.053000000000000000e+03
8.132000000000000000e+03
8.093000000000000000e+03
8.084000000000000000e+03
8.276000000000000000e+03
8.198000000000000000e+03
8.080000000000000000e+03
8.202000000000000000e+03
8.115000000000000000e+03
8.183000000000000000e+03
8.336000000000000000e+03
8.304000000000000000e+03
8.319000000000000000e+03
8.329000000000000000e+03
8.337000000000000000e+03
8.460000000000000000e+03
8.375000000000000000e+03
8.310000000000000000e+03
8.449000000000000000e+03
8.454000000000000000e+03
8.451000000000000000e+03
8.489000000000000000e+03
8.503000000000000000e+03
8.477000000000000000e+03
8.459000000000000000e+03
8.646000000000000000e+03
8.461000000000000000e+03
8.542000000000000000e+03
8.494000000000000000e+03
8.561000000000000000e+03
8.528000000000000000e+03
8.582000000000000000e+03
8.623000000000000000e+03
8.583000000000000000e+03
8.841000000000000000e+03
8.815000000000000000e+03
8.719000000000000000e+03
8.770000000000000000e+03
8.778000000000000000e+03
8.738000000000000000e+03
8.646000000000000000e+03
8.805000000000000000e+03
8.844000000000000000e+03
8.919000000000000000e+03
9.015000000000000000e+03
8.875000000000000000e+03
8.874000000000000000e+03
8.944000000000000000e+03
9.110000000000000000e+03
9.081000000000000000e+03
9.042000000000000000e+03
9.071000000000000000e+03
9.175000000000000000e+03
9.264000000000000000e+03
9.178000000000000000e+03
9.287000000000000000e+03
9.326000000000000000e+03
9.241000000000000000e+03
9.348000000000000000e+03
9.303000000000000000e+03
9.458000000000000000e+03
9.479000000000000000e+03
9.361000000000000000e+03
9.572000000000000000e+03
9.425000000000000000e+03
9.599000000000000000e+03
9.573000000000000000e+03
9.589000000000000000e+03
9.668000000000000000e+03
9.722000000000000000e+03
9.706000000000000000e+03
9.822000000000000000e+03
9.886000000000000000e+03
9.844000000000000000e+03
9.771000000000000000e+03
9.912000000000000000e+03
9.831000000000000000e+03
9.976000000000000000e+03
1.009200000000000000e+04
1.008900000000000000e+04
1.144700000000000000e+04
1.026600000000000000e+04
1.018800000000000000e+04
1.020300000000000000e+04
1.024900000000000000e+04
1.027400000000000000e+04
1.032800000000000000e+04
1.040000000000000000e+04
1.048600000000000000e+04
1.048900000000000000e+04
1.063100000000000000e+04
1.065100000000000000e+04
1.078000000000000000e+04
1.069100000000000000e+04
1.068500000000000000e+04
1.067800000000000000e+04
1.072500000000000000e+04
1.074300000000000000e+04
1.088600000000000000e+04
1.093400000000000000e+04
1.097100000000000000e+04
1.093300000000000000e+04
1.100600000000000000e+04
1.104300000000000000e+04
1.104400000000000000e+04
1.112500000000000000e+04
1.102900000000000000e+04
1.104400000000000000e+04
1.111800000000000000e+04
1.106400000000000000e+04
1.115800000000000000e+04
1.113000000000000000e+04
1.112800000000000000e+04
1.108400000000000000e+04
1.129100000000000000e+04
1.139500000000000000e+04
1.129100000000000000e+04
1.123500000000000000e+04
1.128000000000000000e+04
1.128600000000000000e+04
1.148500000000000000e+04
1.134100000000000000e+04
1.134100000000000000e+04
1.161100000000000000e+04
1.142300000000000000e+04
1.121400000000000000e+04
1.140200000000000000e+04
1.144100000000000000e+04
1.151700000000000000e+04
1.134200000000000000e+04
1.150400000000000000e+04
1.149200000000000000e+04
1.151400000000000000e+04
1.156200000000000000e+04
1.167600000000000000e+04
1.161200000000000000e+04
1.154000000000000000e+04
1.156400000000000000e+04
1.173200000000000000e+04
1.155100000000000000e+04
1.183500000000000000e+04
1.157900000000000000e+04
1.169600000000000000e+04
1.166700000000000000e+04
1.162500000000000000e+04
1.171300000000000000e+04
1.182600000000000000e+04
1.181200000000000000e+04
1.174600000000000000e+04
1.177300000000000000e+04
1.184200000000000000e+04
1.178000000000000000e+04
1.182800000000000000e+04
1.179500000000000000e+04
1.185400000000000000e+04
1.184000000000000000e+04
1.179900000000000000e+04
1.182800000000000000e+04
1.187400000000000000e+04
1.184700000000000000e+04
1.176400000000000000e+04
1.178600000000000000e+04
1.172300000000000000e+04
1.185600000000000000e+04
1.182500000000000000e+04
1.178400000000000000e+04
1.184700000000000000e+04
1.188900000000000000e+04
1.186700000000000000e+04
1.186600000000000000e+04
1.176400000000000000e+04
1.188100000000000000e+04
1.196600000000000000e+04
1.189800000000000000e+04
1.182000000000000000e+04
1.177600000000000000e+04
1.182600000000000000e+04
1.194800000000000000e+04
1.191500000000000000e+04
1.186800000000000000e+04
1.192000000000000000e+04
1.205600000000000000e+04
1.187600000000000000e+04
1.184200000000000000e+04
1.195900000000000000e+04
1.188800000000000000e+04
1.190000000000000000e+04
1.209600000000000000e+04
1.199600000000000000e+04
1.192100000000000000e+04
1.200400000000000000e+04
1.192300000000000000e+04
1.191600000000000000e+04
1.203100000000000000e+04
1.191700000000000000e+04
1.231600000000000000e+04
1.206600000000000000e+04
1.213900000000000000e+04
1.203400000000000000e+04
1.219000000000000000e+04
1.226300000000000000e+04
1.214400000000000000e+04
1.225400000000000000e+04
1.214800000000000000e+04
1.228400000000000000e+04
1.208200000000000000e+04
1.236800000000000000e+04
1.215200000000000000e+04
1.226800000000000000e+04
1.228700000000000000e+04
1.226400000000000000e+04
1.241200000000000000e+04
1.231100000000000000e+04
1.240000000000000000e+04
1.232100000000000000e+04
1.247900000000000000e+04
1.241900000000000000e+04
1.234100000000000000e+04
1.248400000000000000e+04
1.252200000000000000e+04
1.264100000000000000e+04
1.251000000000000000e+04
1.256500000000000000e+04
1.288700000000000000e+04
1.261600000000000000e+04
1.263000000000000000e+04
1.281100000000000000e+04
1.275400000000000000e+04
1.277400000000000000e+04
1.275900000000000000e+04
1.276400000000000000e+04
1.287400000000000000e+04
1.279500000000000000e+04
1.295200000000000000e+04
1.282100000000000000e+04
1.291500000000000000e+04
1.297200000000000000e+04
1.296600000000000000e+04
1.297900000000000000e+04
1.292500000000000000e+04
1.303300000000000000e+04
1.294800000000000000e+04
1.300400000000000000e+04
1.292100000000000000e+04
1.297400000000000000e+04
1.294100000000000000e+04
1.298700000000000000e+04
1.314300000000000000e+04
1.306200000000000000e+04
1.324300000000000000e+04
1.321300000000000000e+04
1.306900000000000000e+04
1.382100000000000000e+04
1.321100000000000000e+04
1.323000000000000000e+04
1.300500000000000000e+04
1.315300000000000000e+04
1.314900000000000000e+04
1.309700000000000000e+04
1.319200000000000000e+04
1.323800000000000000e+04
1.341300000000000000e+04
1.323000000000000000e+04
1.332100000000000000e+04
1.329200000000000000e+04
1.332700000000000000e+04
1.340500000000000000e+04
1.334000000000000000e+04
1.313800000000000000e+04
1.349500000000000000e+04
1.334900000000000000e+04
1.338500000000000000e+04
1.334400000000000000e+04
1.338700000000000000e+04
1.349400000000000000e+04
1.363700000000000000e+04
1.355400000000000000e+04
1.347100000000000000e+04
1.361800000000000000e+04
1.359200000000000000e+04
1.337800000000000000e+04
1.347100000000000000e+04
1.333300000000000000e+04
1.339900000000000000e+04
1.345900000000000000e+04
1.329500000000000000e+04
1.344600000000000000e+04
1.337300000000000000e+04
1.335800000000000000e+04
1.303800000000000000e+04
1.311400000000000000e+04
1.303100000000000000e+04
1.297800000000000000e+04
1.299200000000000000e+04
1.280000000000000000e+04
1.271500000000000000e+04
1.288100000000000000e+04
1.274000000000000000e+04
1.274000000000000000e+04
1.267500000000000000e+04
1.275700000000000000e+04
1.279400000000000000e+04
1.276000000000000000e+04
1.263900000000000000e+04
1.257800000000000000e+04
1.285000000000000000e+04
1.260800000000000000e+04
1.273100000000000000e+04
1.267300000000000000e+04
1.262300000000000000e+04
1.253200000000000000e+04
1.249500000000000000e+04
1.235400000000000000e+04
1.241000000000000000e+04
1.251300000000000000e+04
1.222800000000000000e+04
1.221700000000000000e+04
1.218300000000000000e+04
1.232000000000000000e+04
1.238500000000000000e+04
1.228000000000000000e+04
1.237300000000000000e+04
1.228900000000000000e+04
1.232400000000000000e+04
1.235800000000000000e+04
1.226400000000000000e+04
1.229000000000000000e+04
1.214200000000000000e+04
1.238300000000000000e+04
1.208400000000000000e+04
1.192400000000000000e+04
1.195100000000000000e+04
1.184300000000000000e+04
1.188100000000000000e+04
1.172800000000000000e+04
1.170300000000000000e+04
1.161400000000000000e+04
1.151400000000000000e+04
1.146100000000000000e+04
1.133900000000000000e+04
1.115000000000000000e+04
1.129200000000000000e+04
1.132400000000000000e+04
1.145800000000000000e+04
1.141300000000000000e+04
1.155200000000000000e+04
1.144300000000000000e+04
1.143200000000000000e+04
1.148800000000000000e+04
1.138900000000000000e+04
1.107200000000000000e+04
1.117800000000000000e+04
1.115500000000000000e+04
1.124700000000000000e+04
1.112200000000000000e+04
1.127100000000000000e+04
1.116000000000000000e+04
1.116100000000000000e+04
1.116200000000000000e+04
1.104000000000000000e+04
1.099000000000000000e+04
1.078400000000000000e+04
1.091400000000000000e+04
1.087500000000000000e+04
1.077900000000000000e+04
1.077600000000000000e+04
1.069100000000000000e+04
1.055900000000000000e+04
1.058600000000000000e+04
1.039000000000000000e+04
1.057100000000000000e+04
1.052500000000000000e+04
1.069000000000000000e+04
1.057900000000000000e+04
1.081200000000000000e+04
1.061000000000000000e+04
1.072500000000000000e+04
1.052300000000000000e+04
1.078500000000000000e+04
1.054700000000000000e+04
1.047200000000000000e+04
1.056500000000000000e+04
1.038600000000000000e+04
1.020600000000000000e+04
1.030900000000000000e+04
1.016400000000000000e+04
1.014200000000000000e+04
1.017100000000000000e+04
1.009500000000000000e+04
1.007700000000000000e+04
1.010300000000000000e+04
1.009200000000000000e+04
1.025000000000000000e+04
1.020100000000000000e+04
1.026200000000000000e+04
1.020100000000000000e+04
1.031600000000000000e+04
1.031600000000000000e+04
1.032200000000000000e+04
1.028400000000000000e+04
1.034200000000000000e+04
1.037100000000000000e+04
1.049900000000000000e+04
1.059100000000000000e+04
1.062800000000000000e+04
1.035100000000000000e+04
