3.953000000000000000e+03
3.993000000000000000e+03
3.924000000000000000e+03
3.991000000000000000e+03
4.013000000000000000e+03
4.069000000000000000e+03
3.966000000000000000e+03
4.079000000000000000e+03
4.005000000000000000e+03
4.073000000000000000e+03
4.042000000000000000e+03
3.960000000000000000e+03
4.046000000000000000e+03
4.046000000000000000e+03
3.981000000000000000e+03
4.004000000000000000e+03
4.027000000000000000e+03
3.943000000000000000e+03
4.015000000000000000e+03
4.045000000000000000e+03
4.060000000000000000e+03
4.046000000000000000e+03
4.061000000000000000e+03
4.018000000000000000e+03
4.061000000000000000e+03
4.048000000000000000e+03
4.063000000000000000e+03
4.073000000000000000e+03
4.067000000000000000e+03
4.150000000000000000e+03
4.116000000000000000e+03
4.057000000000000000e+03
4.141000000000000000e+03
4.149000000000000000e+03
4.072000000000000000e+03
4.179000000000000000e+03
4.121000000000000000e+03
4.002000000000000000e+03
4.133000000000000000e+03
4.244000000000000000e+03
4.126000000000000000e+03
4.190000000000000000e+03
4.099000000000000000e+03
4.141000000000000000e+03
4.167000000000000000e+03
4.195000000000000000e+03
4.191000000000000000e+03
4.178000000000000000e+03
4.125000000000000000e+03
4.146000000000000000e+03
4.130000000000000000e+03
4.242000000000000000e+03
4.203000000000000000e+03
4.237000000000000000e+03
4.428000000000000000e+03
4.199000000000000000e+03
4.300000000000000000e+03
4.201000000000000000e+03
4.262000000000000000e+03
4.224000000000000000e+03
4.254000000000000000e+03
4.219000000000000000e+03
4.342000000000000000e+03
4.323000000000000000e+03
4.267000000000000000e+03
4.332000000000000000e+03
4.449000000000000000e+03
5.080000000000000000e+03
4.329000000000000000e+03
4.382000000000000000e+03
4.295000000000000000e+03
4.358000000000000000e+03
4.416000000000000000e+03
4.334000000000000000e+03
4.508000000000000000e+03
4.394000000000000000e+03
4.380000000000000000e+03
4.567000000000000000e+03
4.407000000000000000e+03
4.456000000000000000e+03
4.428000000000000000e+03
4.671000000000000000e+03
4.489000000000000000e+03
4.418000000000000000e+03
4.439000000000000000e+03
4.471000000000000000e+03
4.477000000000000000e+03
4.437000000000000000e+03
4.456000000000000000e+03
4.506000000000000000e+03
4.549000000000000000e+03
4.561000000000000000e+03
4.514000000000000000e+03
4.592000000000000000e+03
4.595000000000000000e+03
4.593000000000000000e+03
4.538000000000000000e+03
4.575000000000000000e+03
4.663000000000000000e+03
4.574000000000000000e+03
4.641000000000000000e+03
4.827000000000000000e+03
4.649000000000000000e+03
4.614000000000000000e+03
4.623000000000000000e+03
4.685000000000000000e+03
4.669000000000000000e+03
4.750000000000000000e+03
4.707000000000000000e+03
4.618000000000000000e+03
4.693000000000000000e+03
4.650000000000000000e+03
4.723000000000000000e+03
4.761000000000000000e+03
4.824000000000000000e+03
4.754000000000000000e+03
4.848000000000000000e+03
4.854000000000000000e+03
4.710000000000000000e+03
4.767000000000000000e+03
4.787000000000000000e+03
4.944000000000000000e+03
4.880000000000000000e+03
4.860000000000000000e+03
4.874000000000000000e+03
4.893000000000000000e+03
4.947000000000000000e+03
5.123000000000000000e+03
4.943000000000000000e+03
4.924000000000000000e+03
4.922000000000000000e+03
4.922000000000000000e+03
4.882000000000000000e+03
5.037000000000000000e+03
4.968000000000000000e+03
5.075000000000000000e+03
5.203000000000000000e+03
4.999000000000000000e+03
5.066000000000000000e+03
4.995000000000000000e+03
5.057000000000000000e+03
5.162000000000000000e+03
5.185000000000000000e+03
5.223000000000000000e+03
5.165000000000000000e+03
5.150000000000000000e+03
5.119000000000000000e+03
5.165000000000000000e+03
5.234000000000000000e+03
5.233000000000000000e+03
5.244000000000000000e+03
5.193000000000000000e+03
5.286000000000000000e+03
5.303000000000000000e+03
5.225000000000000000e+03
5.304000000000000000e+03
5.337000000000000000e+03
5.359000000000000000e+03
5.385000000000000000e+03
5.333000000000000000e+03
5.472000000000000000e+03
5.366000000000000000e+03
5.426000000000000000e+03
5.310000000000000000e+03
5.361000000000000000e+03
5.483000000000000000e+03
5.504000000000000000e+03
5.432000000000000000e+03
5.544000000000000000e+03
5.549000000000000000e+03
5.474000000000000000e+03
5.475000000000000000e+03
5.508000000000000000e+03
5.580000000000000000e+03
5.670000000000000000e+03
5.560000000000000000e+03
5.625000000000000000e+03
5.764000000000000000e+03
5.655000000000000000e+03
5.620000000000000000e+03
6.036000000000000000e+03
5.830000000000000000e+03
5.699000000000000000e+03
5.757000000000000000e+03
5.727000000000000000e+03
5.787000000000000000e+03
5.739000000000000000e+03
5.833000000000000000e+03
5.917000000000000000e+03
5.874000000000000000e+03
5.814000000000000000e+03
5.865000000000000000e+03
5.906000000000000000e+03
5.918000000000000000e+03
5.928000000000000000e+03
5.996000000000000000e+03
5.901000000000000000e+03
5.980000000000000000e+03
5.972000000000000000e+03
6.035000000000000000e+03
6.084000000000000000e+03
6.089000000000000000e+03
5.991000000000000000e+03
6.083000000000000000e+03
6.053000000000000000e+03
6.147000000000000000e+03
6.141000000000000000e+03
6.170000000000000000e+03
6.414000000000000000e+03
6.178000000000000000e+03
6.201000000000000000e+03
6.245000000000000000e+03
6.235000000000000000e+03
6.296000000000000000e+03
6.303000000000000000e+03
6.285000000000000000e+03
6.369000000000000000e+03
6.329000000000000000e+03
6.391000000000000000e+03
6.225000000000000000e+03
6.377000000000000000e+03
6.406000000000000000e+03
6.441000000000000000e+03
6.285000000000000000e+03
6.437000000000000000e+03
6.437000000000000000e+03
6.436000000000000000e+03
6.526000000000000000e+03
6.534000000000000000e+03
6.609000000000000000e+03
6.677000000000000000e+03
6.531000000000000000e+03
6.579000000000000000e+03
6.575000000000000000e+03
6.613000000000000000e+03
6.746000000000000000e+03
6.674000000000000000e+03
6.670000000000000000e+03
6.718000000000000000e+03
6.673000000000000000e+03
6.751000000000000000e+03
6.739000000000000000e+03
6.804000000000000000e+03
6.792000000000000000e+03
6.722000000000000000e+03
6.681000000000000000e+03
6.726000000000000000e+03
6.815000000000000000e+03
6.872000000000000000e+03
6.883000000000000000e+03
6.886000000000000000e+03
6.916000000000000000e+03
6.945000000000000000e+03
6.872000000000000000e+03
6.861000000000000000e+03
6.948000000000000000e+03
6.995000000000000000e+03
6.906000000000000000e+03
6.975000000000000000e+03
6.910000000000000000e+03
6.952000000000000000e+03
6.961000000000000000e+03
6.960000000000000000e+03
6.958000000000000000e+03
6.964000000000000000e+03
6.943000000000000000e+03
7.049000000000000000e+03
7.056000000000000000e+03
7.103000000000000000e+03
7.179000000000000000e+03
7.201000000000000000e+03
7.113000000000000000e+03
7.100000000000000000e+03
7.181000000000000000e+03
7.118000000000000000e+03
7.170000000000000000e+03
7.153000000000000000e+03
7.279000000000000000e+03
7.218000000000000000e+03
7.304000000000000000e+03
7.311000000000000000e+03
7.261000000000000000e+03
7.314000000000000000e+03
7.336000000000000000e+03
7.219000000000000000e+03
7.202000000000000000e+03
7.261000000000000000e+03
7.187000000000000000e+03
7.212000000000000000e+03
7.413000000000000000e+03
7.560000000000000000e+03
7.361000000000000000e+03
7.341000000000000000e+03
7.351000000000000000e+03
7.426000000000000000e+03
7.400000000000000000e+03
7.442000000000000000e+03
7.426000000000000000e+03
7.513000000000000000e+03
7.520000000000000000e+03
7.656000000000000000e+03
7.564000000000000000e+03
7.539000000000000000e+03
7.638000000000000000e+03
7.524000000000000000e+03
7.664000000000000000e+03
7.555000000000000000e+03
7.562000000000000000e+03
7.680000000000000000e+03
7.680000000000000000e+03
7.768000000000000000e+03
7.837000000000000000e+03
7.775000000000000000e+03
7.832000000000000000e+03
7.920000000000000000e+03
7.815000000000000000e+03
7.737000000000000000e+03
7.929000000000000000e+03
7.876000000000000000e+03
7.895000000000000000e+03
7.977000000000000000e+03
7.922000000000000000e+03
8.065000000000000000e+03
7.964000000000000000e+03
8.134000000000000000e+03
8.049000000000000000e+03
8.092000000000000000e+03
8.121000000000000000e+03
8.199000000000000000e+03
8.172000000000000000e+03
8.261000000000000000e+03
8.368000000000000000e+03
8.270000000000000000e+03
8.337000000000000000e+03
8.272000000000000000e+03
8.386000000000000000e+03
8.368000000000000000e+03
8.367000000000000000e+03
8.502000000000000000e+03
8.392000000000000000e+03
8.468000000000000000e+03
8.623000000000000000e+03
8.557000000000000000e+03
8.576000000000000000e+03
8.704000000000000000e+03
8.692000000000000000e+03
8.618000000000000000e+03
8.701000000000000000e+03
8.756000000000000000e+03
8.852000000000000000e+03
8.784000000000000000e+03
8.760000000000000000e+03
8.769000000000000000e+03
9.003000000000000000e+03
8.932000000000000000e+03
8.928000000000000000e+03
8.995000000000000000e+03
8.914000000000000000e+03
9.033000000000000000e+03
8.935000000000000000e+03
8.968000000000000000e+03
9.125000000000000000e+03
9.000000000000000000e+03
9.138000000000000000e+03
9.157000000000000000e+03
9.084000000000000000e+03
9.077000000000000000e+03
9.216000000000000000e+03
9.304000000000000000e+03
9.309000000000000000e+03
9.256000000000000000e+03
9.166000000000000000e+03
9.360000000000000000e+03
9.308000000000000000e+03
9.382000000000000000e+03
9.400000000000000000e+03
9.288000000000000000e+03
9.463000000000000000e+03
9.447000000000000000e+03
9.636000000000000000e+03
9.487000000000000000e+03
9.420000000000000000e+03
9.538000000000000000e+03
9.582000000000000000e+03
9.483000000000000000e+03
9.546000000000000000e+03
9.547000000000000000e+03
9.719000000000000000e+03
9.700000000000000000e+03
9.582000000000000000e+03
9.719000000000000000e+03
9.693000000000000000e+03
9.826000000000000000e+03
9.735000000000000000e+03
9.692000000000000000e+03
9.754000000000000000e+03
9.725000000000000000e+03
9.808000000000000000e+03
9.770000000000000000e+03
9.791000000000000000e+03
9.848000000000000000e+03
9.906000000000000000e+03
9.932000000000000000e+03
9.983000000000000000e+03
1.000600000000000000e+04
1.015100000000000000e+04
1.011100000000000000e+04
1.018400000000000000e+04
1.024500000000000000e+04
1.001200000000000000e+04
1.024600000000000000e+04
1.027400000000000000e+04
1.037100000000000000e+04
1.035000000000000000e+04
1.028800000000000000e+04
1.026800000000000000e+04
1.046700000000000000e+04
1.035800000000000000e+04
1.038300000000000000e+04
1.053900000000000000e+04
1.054400000000000000e+04
1.059400000000000000e+04
1.057900000000000000e+04
1.063400000000000000e+04
1.069700000000000000e+04
1.069900000000000000e+04
1.086800000000000000e+04
1.082900000000000000e+04
1.089600000000000000e+04
1.090200000000000000e+04
1.105400000000000000e+04
1.105900000000000000e+04
1.108600000000000000e+04
1.095500000000000000e+04
1.123100000000000000e+04
1.125600000000000000e+04
1.138100000000000000e+04
1.131200000000000000e+04
1.128200000000000000e+04
1.132100000000000000e+04
1.133200000000000000e+04
1.141700000000000000e+04
1.139500000000000000e+04
1.147900000000000000e+04
1.163800000000000000e+04
1.157900000000000000e+04
1.167300000000000000e+04
1.166100000000000000e+04
1.175300000000000000e+04
1.178400000000000000e+04
1.186200000000000000e+04
1.179300000000000000e+04
1.184900000000000000e+04
1.190600000000000000e+04
1.197500000000000000e+04
1.192300000000000000e+04
1.206100000000000000e+04
1.217300000000000000e+04
1.186800000000000000e+04
1.207000000000000000e+04
1.222500000000000000e+04
1.225700000000000000e+04
1.220600000000000000e+04
1.225100000000000000e+04
1.232400000000000000e+04
1.209000000000000000e+04
1.223800000000000000e+04
1.228300000000000000e+04
1.242500000000000000e+04
1.253200000000000000e+04
1.247200000000000000e+04
1.244000000000000000e+04
1.242500000000000000e+04
1.244500000000000000e+04
1.249600000000000000e+04
1.259900000000000000e+04
1.243200000000000000e+04
1.252500000000000000e+04
1.256100000000000000e+04
1.247900000000000000e+04
1.255400000000000000e+04
1.258800000000000000e+04
1.242200000000000000e+04
1.274200000000000000e+04
1.262200000000000000e+04
1.270300000000000000e+04
1.279900000000000000e+04
1.262800000000000000e+04
1.272800000000000000e+04
1.280300000000000000e+04
1.281000000000000000e+04
1.294600000000000000e+04
1.291600000000000000e+04
1.281100000000000000e+04
1.286200000000000000e+04
1.290400000000000000e+04
1.287900000000000000e+04
1.311100000000000000e+04
1.296100000000000000e+04
1.311500000000000000e+04
1.307600000000000000e+04
1.306100000000000000e+04
1.304200000000000000e+04
1.321300000000000000e+04
1.323400000000000000e+04
1.317200000000000000e+04
1.316100000000000000e+04
1.337600000000000000e+04
1.295800000000000000e+04
1.325900000000000000e+04
1.312700000000000000e+04
1.295700000000000000e+04
1.314300000000000000e+04
1.318300000000000000e+04
1.299000000000000000e+04
1.318100000000000000e+04
1.312900000000000000e+04
1.315800000000000000e+04
1.316600000000000000e+04
1.315900000000000000e+04
1.315400000000000000e+04
1.313700000000000000e+04
1.318800000000000000e+04
1.334700000000000000e+04
1.315800000000000000e+04
1.314800000000000000e+04
1.326600000000000000e+04
1.313600000000000000e+04
1.316900000000000000e+04
1.320400000000000000e+04
1.328400000000000000e+04
1.328800000000000000e+04
1.316400000000000000e+04
1.331800000000000000e+04
1.323100000000000000e+04
1.375100000000000000e+04
1.321900000000000000e+04
1.323200000000000000e+04
1.321200000000000000e+04
1.332500000000000000e+04
1.332500000000000000e+04
1.342900000000000000e+04
1.322300000000000000e+04
1.316300000000000000e+04
1.322600000000000000e+04
1.328100000000000000e+04
1.333800000000000000e+04
1.325800000000000000e+04
1.349000000000000000e+04
1.344800000000000000e+04
1.341400000000000000e+04
1.343200000000000000e+04
1.336400000000000000e+04
1.347100000000000000e+04
1.351200000000000000e+04
1.344000000000000000e+04
1.350700000000000000e+04
1.354800000000000000e+04
1.357400000000000000e+04
1.348800000000000000e+04
1.345100000000000000e+04
1.378500000000000000e+04
1.340800000000000000e+04
1.376300000000000000e+04
1.377200000000000000e+04
1.365700000000000000e+04
1.375800000000000000e+04
1.367500000000000000e+04
1.368200000000000000e+04
1.379200000000000000e+04
1.380600000000000000e+04
1.394000000000000000e+04
1.397800000000000000e+04
1.399200000000000000e+04
1.400400000000000000e+04
1.412000000000000000e+04
1.402800000000000000e+04
1.412800000000000000e+04
1.411500000000000000e+04
1.409600000000000000e+04
1.402800000000000000e+04
1.419200000000000000e+04
1.414800000000000000e+04
1.440600000000000000e+04
1.438000000000000000e+04
1.418700000000000000e+04
1.431500000000000000e+04
1.433600000000000000e+04
1.432800000000000000e+04
1.427900000000000000e+04
1.437300000000000000e+04
1.459000000000000000e+04
1.443600000000000000e+04
1.440700000000000000e+04
1.441000000000000000e+04
1.433000000000000000e+04
1.450700000000000000e+04
1.443200000000000000e+04
1.444200000000000000e+04
1.445900000000000000e+04
1.448400000000000000e+04
1.470200000000000000e+04
1.456700000000000000e+04
1.451900000000000000e+04
1.449000000000000000e+04
1.457100000000000000e+04
1.464700000000000000e+04
1.466200000000000000e+04
1.460900000000000000e+04
1.467100000000000000e+04
1.456500000000000000e+04
1.485800000000000000e+04
1.453900000000000000e+04
1.461300000000000000e+04
1.461300000000000000e+04
1.451400000000000000e+04
1.447900000000000000e+04
1.448100000000000000e+04
1.458900000000000000e+04
1.475300000000000000e+04
1.458700000000000000e+04
1.479000000000000000e+04
1.468500000000000000e+04
1.456500000000000000e+04
1.460100000000000000e+04
1.480100000000000000e+04
1.462700000000000000e+04
1.445400000000000000e+04
1.458200000000000000e+04
1.471700000000000000e+04
1.484100000000000000e+04
1.469700000000000000e+04
1.473500000000000000e+04
1.472000000000000000e+04
1.475800000000000000e+04
1.447800000000000000e+04
1.455400000000000000e+04
1.448500000000000000e+04
1.451100000000000000e+04
1.437500000000000000e+04
1.449100000000000000e+04
1.464800000000000000e+04
1.452200000000000000e+04
1.445000000000000000e+04
1.441700000000000000e+04
1.466100000000000000e+04
1.436000000000000000e+04
1.440400000000000000e+04
1.421200000000000000e+04
1.408900000000000000e+04
1.420100000000000000e+04
1.395100000000000000e+04
1.400300000000000000e+04
1.365900000000000000e+04
1.359000000000000000e+04
1.356600000000000000e+04
1.352600000000000000e+04
1.359700000000000000e+04
1.359000000000000000e+04
1.369200000000000000e+04
1.359100000000000000e+04
1.378800000000000000e+04
1.350500000000000000e+04
1.334400000000000000e+04
1.341500000000000000e+04
1.353400000000000000e+04
1.340400000000000000e+04
1.347700000000000000e+04
1.342800000000000000e+04
1.346900000000000000e+04
1.366800000000000000e+04
1.357600000000000000e+04
1.348900000000000000e+04
1.353200000000000000e+04
1.342100000000000000e+04
1.344800000000000000e+04
1.327900000000000000e+04
1.320600000000000000e+04
1.315500000000000000e+04
1.303700000000000000e+04
1.301200000000000000e+04
1.307700000000000000e+04
1.277600000000000000e+04
1.309000000000000000e+04
1.300900000000000000e+04
1.311500000000000000e+04
1.274200000000000000e+04
1.277200000000000000e+04
1.271100000000000000e+04
1.266500000000000000e+04
1.283000000000000000e+04
1.293500000000000000e+04
1.300800000000000000e+04
1.312200000000000000e+04
1.316600000000000000e+04
1.316400000000000000e+04
1.305400000000000000e+04
1.306700000000000000e+04
1.286400000000000000e+04
1.294700000000000000e+04
1.283500000000000000e+04
1.259100000000000000e+04
1.291700000000000000e+04
1.310800000000000000e+04
1.310200000000000000e+04
1.298100000000000000e+04
1.270100000000000000e+04
1.272600000000000000e+04
1.263500000000000000e+04
1.237200000000000000e+04
1.206500000000000000e+04
1.216500000000000000e+04
1.218000000000000000e+04
1.229400000000000000e+04
1.230400000000000000e+04
1.239400000000000000e+04
1.242500000000000000e+04
1.252800000000000000e+04
1.254800000000000000e+04
1.262700000000000000e+04
1.250400000000000000e+04
1.225400000000000000e+04
1.216400000000000000e+04
1.226400000000000000e+04
1.226500000000000000e+04
1.220300000000000000e+04
1.227500000000000000e+04
1.222400000000000000e+04
1.222700000000000000e+04
1.206100000000000000e+04
1.179300000000000000e+04
1.185000000000000000e+04
1.194700000000000000e+04
1.170600000000000000e+04
1.179000000000000000e+04
1.170200000000000000e+04
1.171900000000000000e+04
1.165400000000000000e+04
1.254000000000000000e+04
1.181500000000000000e+04
1.182400000000000000e+04
1.208900000000000000e+04
1.201100000000000000e+04
1.188800000000000000e+04
1.206600000000000000e+04
1.193100000000000000e+04
1.212200000000000000e+04
1.207800000000000000e+04
1.197900000000000000e+04
1.205100000000000000e+04
1.205700000000000000e+04
1.197600000000000000e+04
1.187100000000000000e+04
1.189000000000000000e+04
1.184500000000000000e+04
1.172600000000000000e+04
1.165600000000000000e+04
1.152600000000000000e+04
1.141200000000000000e+04
1.144600000000000000e+04
1.153200000000000000e+04
1.147500000000000000e+04
1.150400000000000000e+04
1.150800000000000000e+04
1.136000000000000000e+04
