3.696000000000000000e+03
3.723000000000000000e+03
3.718000000000000000e+03
3.728000000000000000e+03
3.763000000000000000e+03
3.648000000000000000e+03
3.694000000000000000e+03
3.740000000000000000e+03
3.663000000000000000e+03
3.702000000000000000e+03
3.695000000000000000e+03
3.736000000000000000e+03
3.711000000000000000e+03
3.749000000000000000e+03
3.776000000000000000e+03
3.722000000000000000e+03
3.712000000000000000e+03
3.789000000000000000e+03
3.689000000000000000e+03
3.763000000000000000e+03
3.763000000000000000e+03
3.659000000000000000e+03
3.730000000000000000e+03
3.681000000000000000e+03
3.765000000000000000e+03
3.622000000000000000e+03
3.766000000000000000e+03
3.759000000000000000e+03
3.730000000000000000e+03
3.741000000000000000e+03
3.827000000000000000e+03
3.772000000000000000e+03
3.785000000000000000e+03
3.828000000000000000e+03
3.722000000000000000e+03
3.782000000000000000e+03
3.788000000000000000e+03
3.765000000000000000e+03
3.783000000000000000e+03
3.820000000000000000e+03
3.783000000000000000e+03
3.755000000000000000e+03
3.753000000000000000e+03
3.834000000000000000e+03
3.816000000000000000e+03
3.750000000000000000e+03
3.833000000000000000e+03
3.798000000000000000e+03
3.799000000000000000e+03
3.804000000000000000e+03
3.840000000000000000e+03
3.825000000000000000e+03
3.831000000000000000e+03
3.846000000000000000e+03
3.876000000000000000e+03
3.816000000000000000e+03
3.902000000000000000e+03
3.905000000000000000e+03
3.892000000000000000e+03
3.872000000000000000e+03
3.835000000000000000e+03
3.940000000000000000e+03
3.993000000000000000e+03
3.936000000000000000e+03
3.948000000000000000e+03
3.902000000000000000e+03
3.959000000000000000e+03
4.053000000000000000e+03
4.016000000000000000e+03
3.911000000000000000e+03
4.007000000000000000e+03
4.101000000000000000e+03
4.001000000000000000e+03
3.992000000000000000e+03
4.021000000000000000e+03
4.073000000000000000e+03
4.061000000000000000e+03
4.046000000000000000e+03
4.107000000000000000e+03
4.037000000000000000e+03
4.082000000000000000e+03
4.069000000000000000e+03
4.080000000000000000e+03
4.070000000000000000e+03
4.029000000000000000e+03
4.123000000000000000e+03
4.122000000000000000e+03
4.144000000000000000e+03
4.131000000000000000e+03
4.110000000000000000e+03
4.170000000000000000e+03
4.080000000000000000e+03
4.187000000000000000e+03
4.222000000000000000e+03
4.219000000000000000e+03
4.192000000000000000e+03
4.159000000000000000e+03
4.214000000000000000e+03
4.164000000000000000e+03
4.234000000000000000e+03
4.259000000000000000e+03
4.249000000000000000e+03
4.152000000000000000e+03
4.256000000000000000e+03
4.248000000000000000e+03
4.250000000000000000e+03
4.289000000000000000e+03
4.288000000000000000e+03
4.284000000000000000e+03
4.300000000000000000e+03
4.339000000000000000e+03
4.294000000000000000e+03
4.308000000000000000e+03
4.296000000000000000e+03
4.368000000000000000e+03
4.374000000000000000e+03
4.396000000000000000e+03
4.383000000000000000e+03
4.356000000000000000e+03
4.543000000000000000e+03
4.419000000000000000e+03
4.379000000000000000e+03
4.365000000000000000e+03
4.419000000000000000e+03
4.409000000000000000e+03
4.502000000000000000e+03
4.486000000000000000e+03
4.473000000000000000e+03
4.558000000000000000e+03
4.534000000000000000e+03
4.475000000000000000e+03
4.567000000000000000e+03
4.554000000000000000e+03
4.551000000000000000e+03
4.775000000000000000e+03
4.617000000000000000e+03
4.641000000000000000e+03
4.851000000000000000e+03
4.609000000000000000e+03
4.665000000000000000e+03
4.593000000000000000e+03
4.697000000000000000e+03
4.642000000000000000e+03
4.653000000000000000e+03
4.694000000000000000e+03
4.785000000000000000e+03
4.738000000000000000e+03
4.715000000000000000e+03
4.714000000000000000e+03
4.715000000000000000e+03
4.809000000000000000e+03
4.768000000000000000e+03
4.714000000000000000e+03
4.751000000000000000e+03
4.866000000000000000e+03
4.769000000000000000e+03
4.912000000000000000e+03
4.820000000000000000e+03
4.822000000000000000e+03
4.815000000000000000e+03
4.893000000000000000e+03
4.927000000000000000e+03
4.912000000000000000e+03
4.884000000000000000e+03
4.930000000000000000e+03
4.969000000000000000e+03
4.941000000000000000e+03
4.904000000000000000e+03
4.896000000000000000e+03
4.975000000000000000e+03
5.049000000000000000e+03
5.042000000000000000e+03
4.976000000000000000e+03
5.167000000000000000e+03
5.081000000000000000e+03
5.077000000000000000e+03
5.103000000000000000e+03
5.079000000000000000e+03
5.138000000000000000e+03
5.169000000000000000e+03
5.186000000000000000e+03
5.138000000000000000e+03
5.293000000000000000e+03
5.208000000000000000e+03
5.229000000000000000e+03
5.220000000000000000e+03
5.203000000000000000e+03
5.257000000000000000e+03
5.248000000000000000e+03
5.305000000000000000e+03
5.264000000000000000e+03
5.345000000000000000e+03
5.241000000000000000e+03
5.384000000000000000e+03
5.334000000000000000e+03
5.564000000000000000e+03
5.382000000000000000e+03
5.378000000000000000e+03
5.371000000000000000e+03
5.387000000000000000e+03
5.475000000000000000e+03
5.424000000000000000e+03
5.420000000000000000e+03
5.569000000000000000e+03
5.469000000000000000e+03
5.546000000000000000e+03
5.547000000000000000e+03
5.516000000000000000e+03
5.546000000000000000e+03
5.562000000000000000e+03
5.640000000000000000e+03
5.625000000000000000e+03
5.627000000000000000e+03
5.620000000000000000e+03
5.664000000000000000e+03
5.515000000000000000e+03
5.701000000000000000e+03
5.693000000000000000e+03
5.695000000000000000e+03
5.675000000000000000e+03
5.753000000000000000e+03
5.805000000000000000e+03
5.849000000000000000e+03
5.770000000000000000e+03
5.810000000000000000e+03
5.814000000000000000e+03
5.850000000000000000e+03
5.898000000000000000e+03
5.883000000000000000e+03
5.887000000000000000e+03
5.948000000000000000e+03
5.892000000000000000e+03
6.043000000000000000e+03
5.958000000000000000e+03
5.862000000000000000e+03
6.075000000000000000e+03
5.951000000000000000e+03
5.985000000000000000e+03
5.995000000000000000e+03
5.991000000000000000e+03
6.046000000000000000e+03
6.054000000000000000e+03
6.106000000000000000e+03
6.009000000000000000e+03
6.165000000000000000e+03
6.143000000000000000e+03
6.112000000000000000e+03
6.064000000000000000e+03
6.089000000000000000e+03
6.182000000000000000e+03
6.218000000000000000e+03
6.147000000000000000e+03
6.212000000000000000e+03
6.265000000000000000e+03
6.188000000000000000e+03
6.144000000000000000e+03
6.173000000000000000e+03
6.183000000000000000e+03
6.302000000000000000e+03
6.247000000000000000e+03
6.272000000000000000e+03
6.189000000000000000e+03
6.234000000000000000e+03
6.235000000000000000e+03
6.314000000000000000e+03
6.360000000000000000e+03
6.317000000000000000e+03
6.332000000000000000e+03
6.285000000000000000e+03
6.320000000000000000e+03
6.299000000000000000e+03
6.365000000000000000e+03
6.328000000000000000e+03
6.454000000000000000e+03
6.399000000000000000e+03
6.354000000000000000e+03
6.493000000000000000e+03
6.399000000000000000e+03
6.475000000000000000e+03
6.437000000000000000e+03
6.507000000000000000e+03
6.518000000000000000e+03
6.402000000000000000e+03
6.473000000000000000e+03
6.553000000000000000e+03
6.514000000000000000e+03
6.656000000000000000e+03
6.495000000000000000e+03
6.581000000000000000e+03
6.610000000000000000e+03
6.587000000000000000e+03
6.624000000000000000e+03
6.642000000000000000e+03
6.658000000000000000e+03
6.668000000000000000e+03
6.633000000000000000e+03
6.635000000000000000e+03
6.688000000000000000e+03
6.623000000000000000e+03
6.616000000000000000e+03
6.774000000000000000e+03
6.726000000000000000e+03
6.779000000000000000e+03
6.909000000000000000e+03
6.819000000000000000e+03
6.708000000000000000e+03
6.923000000000000000e+03
6.961000000000000000e+03
7.101000000000000000e+03
6.874000000000000000e+03
6.883000000000000000e+03
6.777000000000000000e+03
7.089000000000000000e+03
7.006000000000000000e+03
7.047000000000000000e+03
7.282000000000000000e+03
7.074000000000000000e+03
7.129000000000000000e+03
7.104000000000000000e+03
7.046000000000000000e+03
7.080000000000000000e+03
7.147000000000000000e+03
7.230000000000000000e+03
7.271000000000000000e+03
7.127000000000000000e+03
7.172000000000000000e+03
7.265000000000000000e+03
7.292000000000000000e+03
7.361000000000000000e+03
7.426000000000000000e+03
7.388000000000000000e+03
7.466000000000000000e+03
7.419000000000000000e+03
7.489000000000000000e+03
7.504000000000000000e+03
7.488000000000000000e+03
7.552000000000000000e+03
7.677000000000000000e+03
7.630000000000000000e+03
7.651000000000000000e+03
7.663000000000000000e+03
7.692000000000000000e+03
7.762000000000000000e+03
7.667000000000000000e+03
7.678000000000000000e+03
7.654000000000000000e+03
7.796000000000000000e+03
7.792000000000000000e+03
7.865000000000000000e+03
7.867000000000000000e+03
7.864000000000000000e+03
7.936000000000000000e+03
7.891000000000000000e+03
7.909000000000000000e+03
8.074000000000000000e+03
8.019000000000000000e+03
8.091000000000000000e+03
8.081000000000000000e+03
8.090000000000000000e+03
8.003000000000000000e+03
8.053000000000000000e+03
8.098000000000000000e+03
8.162000000000000000e+03
8.135000000000000000e+03
8.237000000000000000e+03
8.265000000000000000e+03
8.347000000000000000e+03
8.311000000000000000e+03
8.238000000000000000e+03
8.349000000000000000e+03
8.325000000000000000e+03
8.374000000000000000e+03
8.385000000000000000e+03
8.260000000000000000e+03
8.405000000000000000e+03
8.389000000000000000e+03
8.404000000000000000e+03
8.298000000000000000e+03
8.556000000000000000e+03
8.526000000000000000e+03
8.609000000000000000e+03
8.587000000000000000e+03
8.447000000000000000e+03
8.547000000000000000e+03
8.596000000000000000e+03
8.630000000000000000e+03
8.549000000000000000e+03
8.686000000000000000e+03
8.577000000000000000e+03
8.684000000000000000e+03
8.795000000000000000e+03
8.690000000000000000e+03
8.695000000000000000e+03
8.857000000000000000e+03
8.835000000000000000e+03
8.770000000000000000e+03
8.787000000000000000e+03
9.014000000000000000e+03
8.690000000000000000e+03
8.938000000000000000e+03
8.951000000000000000e+03
8.922000000000000000e+03
8.832000000000000000e+03
8.943000000000000000e+03
9.060000000000000000e+03
8.961000000000000000e+03
9.104000000000000000e+03
9.043000000000000000e+03
9.078000000000000000e+03
9.208000000000000000e+03
9.125000000000000000e+03
9.163000000000000000e+03
9.258000000000000000e+03
9.280000000000000000e+03
9.295000000000000000e+03
9.361000000000000000e+03
9.338000000000000000e+03
9.404000000000000000e+03
9.320000000000000000e+03
9.553000000000000000e+03
9.586000000000000000e+03
9.427000000000000000e+03
9.419000000000000000e+03
9.536000000000000000e+03
9.705000000000000000e+03
9.652000000000000000e+03
9.706000000000000000e+03
9.677000000000000000e+03
9.759000000000000000e+03
9.758000000000000000e+03
9.864000000000000000e+03
9.935000000000000000e+03
1.001700000000000000e+04
1.005000000000000000e+04
9.979000000000000000e+03
9.856000000000000000e+03
1.001300000000000000e+04
1.015300000000000000e+04
1.019600000000000000e+04
1.018200000000000000e+04
1.026000000000000000e+04
1.027400000000000000e+04
1.024200000000000000e+04
1.028400000000000000e+04
1.035900000000000000e+04
1.044000000000000000e+04
1.049100000000000000e+04
1.047200000000000000e+04
1.061200000000000000e+04
1.069400000000000000e+04
1.061600000000000000e+04
1.053800000000000000e+04
1.073100000000000000e+04
1.077900000000000000e+04
1.063200000000000000e+04
1.081500000000000000e+04
1.086000000000000000e+04
1.102100000000000000e+04
1.114500000000000000e+04
1.091100000000000000e+04
1.095700000000000000e+04
1.097600000000000000e+04
1.103400000000000000e+04
1.114900000000000000e+04
1.112600000000000000e+04
1.101000000000000000e+04
1.107500000000000000e+04
1.129200000000000000e+04
1.108200000000000000e+04
1.117600000000000000e+04
1.124800000000000000e+04
1.120900000000000000e+04
1.126400000000000000e+04
1.146000000000000000e+04
1.125500000000000000e+04
1.159200000000000000e+04
1.139000000000000000e+04
1.152400000000000000e+04
1.152300000000000000e+04
1.133000000000000000e+04
1.131500000000000000e+04
1.139100000000000000e+04
1.139100000000000000e+04
1.141400000000000000e+04
1.142800000000000000e+04
1.144600000000000000e+04
1.153000000000000000e+04
1.142600000000000000e+04
1.156700000000000000e+04
1.157200000000000000e+04
1.165200000000000000e+04
1.164400000000000000e+04
1.161200000000000000e+04
1.170200000000000000e+04
1.172000000000000000e+04
1.165600000000000000e+04
1.177900000000000000e+04
1.170000000000000000e+04
1.184400000000000000e+04
1.180800000000000000e+04
1.187600000000000000e+04
1.171400000000000000e+04
1.182800000000000000e+04
1.189100000000000000e+04
1.182000000000000000e+04
1.201500000000000000e+04
1.192400000000000000e+04
1.183900000000000000e+04
1.186900000000000000e+04
1.197600000000000000e+04
1.188100000000000000e+04
1.181900000000000000e+04
1.187000000000000000e+04
1.178600000000000000e+04
1.191100000000000000e+04
1.193400000000000000e+04
1.196600000000000000e+04
1.189500000000000000e+04
1.184400000000000000e+04
1.197800000000000000e+04
1.203900000000000000e+04
1.199500000000000000e+04
1.218600000000000000e+04
1.196300000000000000e+04
1.202700000000000000e+04
1.200600000000000000e+04
1.202100000000000000e+04
1.191100000000000000e+04
1.208100000000000000e+04
1.181300000000000000e+04
1.201200000000000000e+04
1.196100000000000000e+04
1.195400000000000000e+04
1.226500000000000000e+04
1.198100000000000000e+04
1.198300000000000000e+04
1.189000000000000000e+04
1.199100000000000000e+04
1.193700000000000000e+04
1.217700000000000000e+04
1.232500000000000000e+04
1.197500000000000000e+04
1.181400000000000000e+04
1.200100000000000000e+04
1.207300000000000000e+04
1.198500000000000000e+04
1.210600000000000000e+04
1.207900000000000000e+04
1.208200000000000000e+04
1.206100000000000000e+04
1.202100000000000000e+04
1.206300000000000000e+04
1.213000000000000000e+04
1.227600000000000000e+04
1.248200000000000000e+04
1.211800000000000000e+04
1.217300000000000000e+04
1.228800000000000000e+04
1.226300000000000000e+04
1.234400000000000000e+04
1.233500000000000000e+04
1.221700000000000000e+04
1.242300000000000000e+04
1.242200000000000000e+04
1.229600000000000000e+04
1.239400000000000000e+04
1.223300000000000000e+04
1.243400000000000000e+04
1.236300000000000000e+04
1.244000000000000000e+04
1.241100000000000000e+04
1.266900000000000000e+04
1.240700000000000000e+04
1.246900000000000000e+04
1.244800000000000000e+04
1.249400000000000000e+04
1.260600000000000000e+04
1.252200000000000000e+04
1.260200000000000000e+04
1.271600000000000000e+04
1.268400000000000000e+04
1.273900000000000000e+04
1.276800000000000000e+04
1.272700000000000000e+04
1.282300000000000000e+04
1.281900000000000000e+04
1.279000000000000000e+04
1.276000000000000000e+04
1.286900000000000000e+04
1.294200000000000000e+04
1.295800000000000000e+04
1.290400000000000000e+04
1.296400000000000000e+04
1.312900000000000000e+04
1.301200000000000000e+04
1.301100000000000000e+04
1.285200000000000000e+04
1.301900000000000000e+04
1.305800000000000000e+04
1.320800000000000000e+04
1.304900000000000000e+04
1.313600000000000000e+04
1.317000000000000000e+04
1.343900000000000000e+04
1.299200000000000000e+04
1.327000000000000000e+04
1.319600000000000000e+04
1.321200000000000000e+04
1.320100000000000000e+04
1.330300000000000000e+04
1.319900000000000000e+04
1.320300000000000000e+04
1.340300000000000000e+04
1.322600000000000000e+04
1.338100000000000000e+04
1.346100000000000000e+04
1.330200000000000000e+04
1.351300000000000000e+04
1.347200000000000000e+04
1.333800000000000000e+04
1.325800000000000000e+04
1.343600000000000000e+04
1.339300000000000000e+04
1.341600000000000000e+04
1.350000000000000000e+04
1.348000000000000000e+04
1.353600000000000000e+04
1.346600000000000000e+04
1.363900000000000000e+04
1.351600000000000000e+04
1.352000000000000000e+04
1.374700000000000000e+04
1.350800000000000000e+04
1.364500000000000000e+04
1.366000000000000000e+04
1.357500000000000000e+04
1.367400000000000000e+04
1.349900000000000000e+04
1.356900000000000000e+04
1.356300000000000000e+04
1.339400000000000000e+04
1.345500000000000000e+04
1.343000000000000000e+04
1.331400000000000000e+04
1.326500000000000000e+04
1.323200000000000000e+04
1.325800000000000000e+04
1.321600000000000000e+04
1.316800000000000000e+04
1.323000000000000000e+04
1.313600000000000000e+04
1.311200000000000000e+04
1.296000000000000000e+04
1.307100000000000000e+04
1.295200000000000000e+04
1.285600000000000000e+04
1.287600000000000000e+04
1.287600000000000000e+04
1.292900000000000000e+04
1.285600000000000000e+04
1.281100000000000000e+04
1.261100000000000000e+04
1.261500000000000000e+04
1.261000000000000000e+04
1.249200000000000000e+04
1.237300000000000000e+04
1.239300000000000000e+04
1.251800000000000000e+04
1.240700000000000000e+04
1.257200000000000000e+04
1.248600000000000000e+04
1.261300000000000000e+04
1.243600000000000000e+04
1.229000000000000000e+04
1.227500000000000000e+04
1.221200000000000000e+04
1.227000000000000000e+04
1.216700000000000000e+04
1.213900000000000000e+04
1.230600000000000000e+04
1.233900000000000000e+04
1.247900000000000000e+04
1.254600000000000000e+04
1.233400000000000000e+04
1.249500000000000000e+04
1.240900000000000000e+04
1.208500000000000000e+04
1.214400000000000000e+04
1.206300000000000000e+04
1.204500000000000000e+04
1.202900000000000000e+04
1.195400000000000000e+04
1.196700000000000000e+04
1.185400000000000000e+04
1.196600000000000000e+04
1.182100000000000000e+04
1.163100000000000000e+04
1.155400000000000000e+04
1.159900000000000000e+04
1.154800000000000000e+04
1.139800000000000000e+04
1.144900000000000000e+04
1.132700000000000000e+04
1.133700000000000000e+04
1.109500000000000000e+04
1.128000000000000000e+04
1.128200000000000000e+04
1.122100000000000000e+04
1.120200000000000000e+04
1.143700000000000000e+04
1.140800000000000000e+04
1.151500000000000000e+04
1.154500000000000000e+04
1.129900000000000000e+04
1.125000000000000000e+04
1.136400000000000000e+04
1.106100000000000000e+04
1.097300000000000000e+04
1.079400000000000000e+04
1.075500000000000000e+04
1.059600000000000000e+04
1.069700000000000000e+04
1.072900000000000000e+04
1.073500000000000000e+04
1.100500000000000000e+04
1.110300000000000000e+04
1.103400000000000000e+04
1.092200000000000000e+04
1.099800000000000000e+04
1.099700000000000000e+04
1.085000000000000000e+04
1.074000000000000000e+04
1.058800000000000000e+04
1.082400000000000000e+04
1.090900000000000000e+04
1.108000000000000000e+04
1.089500000000000000e+04
1.108000000000000000e+04
1.088700000000000000e+04
1.103700000000000000e+04
1.096800000000000000e+04
1.086200000000000000e+04
1.055200000000000000e+04
1.056200000000000000e+04
1.064100000000000000e+04
1.063600000000000000e+04
1.063900000000000000e+04
1.060400000000000000e+04
1.064700000000000000e+04
1.069800000000000000e+04
1.059500000000000000e+04
1.046900000000000000e+04
1.044800000000000000e+04
1.067700000000000000e+04
1.061600000000000000e+04
1.064200000000000000e+04
1.072500000000000000e+04
1.056400000000000000e+04
1.065400000000000000e+04
1.055200000000000000e+04
1.047600000000000000e+04
1.054500000000000000e+04
1.074000000000000000e+04
1.067900000000000000e+04
1.052800000000000000e+04
