3.648000000000000000e+03
3.672000000000000000e+03
3.647000000000000000e+03
3.627000000000000000e+03
3.655000000000000000e+03
3.648000000000000000e+03
3.620000000000000000e+03
3.653000000000000000e+03
3.646000000000000000e+03
3.641000000000000000e+03
3.648000000000000000e+03
3.620000000000000000e+03
3.593000000000000000e+03
3.639000000000000000e+03
3.614000000000000000e+03
3.663000000000000000e+03
3.684000000000000000e+03
3.678000000000000000e+03
3.658000000000000000e+03
3.652000000000000000e+03
3.714000000000000000e+03
3.588000000000000000e+03
3.688000000000000000e+03
3.684000000000000000e+03
3.672000000000000000e+03
3.672000000000000000e+03
3.704000000000000000e+03
3.663000000000000000e+03
3.631000000000000000e+03
3.667000000000000000e+03
3.619000000000000000e+03
3.711000000000000000e+03
3.742000000000000000e+03
3.749000000000000000e+03
3.698000000000000000e+03
3.758000000000000000e+03
3.797000000000000000e+03
3.787000000000000000e+03
3.741000000000000000e+03
3.771000000000000000e+03
3.824000000000000000e+03
3.661000000000000000e+03
3.697000000000000000e+03
3.718000000000000000e+03
3.705000000000000000e+03
3.727000000000000000e+03
3.706000000000000000e+03
3.741000000000000000e+03
3.767000000000000000e+03
3.770000000000000000e+03
3.757000000000000000e+03
3.831000000000000000e+03
3.737000000000000000e+03
3.846000000000000000e+03
3.808000000000000000e+03
3.798000000000000000e+03
3.845000000000000000e+03
3.774000000000000000e+03
3.807000000000000000e+03
3.859000000000000000e+03
3.880000000000000000e+03
3.798000000000000000e+03
4.040000000000000000e+03
3.893000000000000000e+03
3.813000000000000000e+03
4.016000000000000000e+03
3.916000000000000000e+03
3.896000000000000000e+03
3.906000000000000000e+03
3.969000000000000000e+03
3.991000000000000000e+03
4.000000000000000000e+03
3.868000000000000000e+03
3.952000000000000000e+03
3.918000000000000000e+03
4.017000000000000000e+03
4.039000000000000000e+03
3.963000000000000000e+03
3.939000000000000000e+03
4.039000000000000000e+03
3.973000000000000000e+03
4.182000000000000000e+03
4.025000000000000000e+03
3.954000000000000000e+03
4.025000000000000000e+03
4.053000000000000000e+03
4.072000000000000000e+03
4.057000000000000000e+03
4.052000000000000000e+03
4.213000000000000000e+03
4.101000000000000000e+03
4.060000000000000000e+03
4.145000000000000000e+03
4.083000000000000000e+03
4.345000000000000000e+03
4.178000000000000000e+03
4.151000000000000000e+03
4.137000000000000000e+03
4.154000000000000000e+03
4.161000000000000000e+03
4.204000000000000000e+03
4.137000000000000000e+03
4.230000000000000000e+03
4.203000000000000000e+03
4.242000000000000000e+03
4.139000000000000000e+03
4.337000000000000000e+03
4.239000000000000000e+03
4.197000000000000000e+03
4.280000000000000000e+03
4.274000000000000000e+03
4.269000000000000000e+03
4.189000000000000000e+03
4.250000000000000000e+03
4.332000000000000000e+03
4.364000000000000000e+03
4.262000000000000000e+03
4.345000000000000000e+03
4.291000000000000000e+03
4.315000000000000000e+03
4.359000000000000000e+03
4.348000000000000000e+03
4.350000000000000000e+03
4.349000000000000000e+03
4.425000000000000000e+03
4.370000000000000000e+03
4.356000000000000000e+03
4.451000000000000000e+03
4.437000000000000000e+03
4.382000000000000000e+03
4.424000000000000000e+03
4.464000000000000000e+03
4.393000000000000000e+03
4.509000000000000000e+03
4.452000000000000000e+03
4.467000000000000000e+03
4.584000000000000000e+03
4.589000000000000000e+03
4.505000000000000000e+03
4.524000000000000000e+03
4.609000000000000000e+03
4.623000000000000000e+03
4.657000000000000000e+03
4.610000000000000000e+03
4.612000000000000000e+03
4.654000000000000000e+03
4.606000000000000000e+03
4.630000000000000000e+03
4.699000000000000000e+03
4.687000000000000000e+03
4.632000000000000000e+03
4.687000000000000000e+03
4.736000000000000000e+03
4.693000000000000000e+03
4.693000000000000000e+03
4.716000000000000000e+03
4.817000000000000000e+03
4.756000000000000000e+03
4.765000000000000000e+03
4.821000000000000000e+03
4.819000000000000000e+03
4.885000000000000000e+03
4.764000000000000000e+03
4.806000000000000000e+03
4.829000000000000000e+03
4.837000000000000000e+03
4.857000000000000000e+03
4.900000000000000000e+03
5.003000000000000000e+03
4.969000000000000000e+03
4.998000000000000000e+03
4.905000000000000000e+03
4.911000000000000000e+03
5.009000000000000000e+03
4.962000000000000000e+03
4.959000000000000000e+03
5.054000000000000000e+03
4.990000000000000000e+03
5.078000000000000000e+03
5.123000000000000000e+03
5.066000000000000000e+03
5.075000000000000000e+03
5.067000000000000000e+03
5.147000000000000000e+03
5.142000000000000000e+03
5.208000000000000000e+03
5.106000000000000000e+03
5.174000000000000000e+03
5.190000000000000000e+03
5.223000000000000000e+03
5.155000000000000000e+03
5.291000000000000000e+03
5.283000000000000000e+03
5.300000000000000000e+03
5.254000000000000000e+03
5.329000000000000000e+03
5.285000000000000000e+03
5.341000000000000000e+03
5.348000000000000000e+03
5.343000000000000000e+03
5.446000000000000000e+03
5.346000000000000000e+03
5.405000000000000000e+03
5.360000000000000000e+03
5.369000000000000000e+03
5.431000000000000000e+03
5.379000000000000000e+03
5.446000000000000000e+03
5.448000000000000000e+03
5.645000000000000000e+03
5.510000000000000000e+03
5.546000000000000000e+03
5.559000000000000000e+03
5.732000000000000000e+03
5.621000000000000000e+03
5.536000000000000000e+03
5.607000000000000000e+03
5.666000000000000000e+03
5.688000000000000000e+03
5.673000000000000000e+03
5.587000000000000000e+03
5.737000000000000000e+03
5.612000000000000000e+03
5.795000000000000000e+03
5.750000000000000000e+03
5.734000000000000000e+03
5.773000000000000000e+03
5.891000000000000000e+03
5.882000000000000000e+03
5.748000000000000000e+03
5.772000000000000000e+03
5.817000000000000000e+03
5.822000000000000000e+03
5.932000000000000000e+03
5.928000000000000000e+03
5.872000000000000000e+03
5.898000000000000000e+03
5.863000000000000000e+03
5.908000000000000000e+03
6.163000000000000000e+03
5.927000000000000000e+03
5.995000000000000000e+03
5.945000000000000000e+03
5.851000000000000000e+03
6.034000000000000000e+03
5.982000000000000000e+03
6.114000000000000000e+03
6.002000000000000000e+03
6.105000000000000000e+03
6.040000000000000000e+03
6.060000000000000000e+03
6.124000000000000000e+03
6.119000000000000000e+03
6.158000000000000000e+03
6.064000000000000000e+03
6.171000000000000000e+03
6.035000000000000000e+03
6.078000000000000000e+03
6.123000000000000000e+03
6.195000000000000000e+03
6.170000000000000000e+03
6.165000000000000000e+03
6.140000000000000000e+03
6.230000000000000000e+03
6.214000000000000000e+03
6.195000000000000000e+03
6.217000000000000000e+03
6.287000000000000000e+03
6.296000000000000000e+03
6.463000000000000000e+03
6.329000000000000000e+03
6.326000000000000000e+03
6.257000000000000000e+03
6.372000000000000000e+03
6.370000000000000000e+03
6.389000000000000000e+03
6.324000000000000000e+03
6.389000000000000000e+03
6.451000000000000000e+03
6.460000000000000000e+03
6.438000000000000000e+03
6.384000000000000000e+03
6.458000000000000000e+03
6.305000000000000000e+03
6.439000000000000000e+03
6.492000000000000000e+03
6.496000000000000000e+03
6.691000000000000000e+03
6.366000000000000000e+03
6.522000000000000000e+03
6.596000000000000000e+03
6.507000000000000000e+03
6.505000000000000000e+03
6.540000000000000000e+03
6.680000000000000000e+03
6.788000000000000000e+03
6.618000000000000000e+03
6.581000000000000000e+03
6.648000000000000000e+03
6.588000000000000000e+03
6.704000000000000000e+03
6.664000000000000000e+03
6.617000000000000000e+03
6.683000000000000000e+03
6.708000000000000000e+03
6.595000000000000000e+03
6.783000000000000000e+03
6.810000000000000000e+03
6.858000000000000000e+03
6.956000000000000000e+03
6.810000000000000000e+03
6.930000000000000000e+03
6.931000000000000000e+03
6.968000000000000000e+03
6.996000000000000000e+03
7.035000000000000000e+03
7.119000000000000000e+03
6.973000000000000000e+03
7.027000000000000000e+03
7.115000000000000000e+03
7.161000000000000000e+03
7.137000000000000000e+03
7.142000000000000000e+03
7.109000000000000000e+03
7.113000000000000000e+03
7.222000000000000000e+03
7.241000000000000000e+03
7.220000000000000000e+03
7.313000000000000000e+03
7.309000000000000000e+03
7.251000000000000000e+03
7.214000000000000000e+03
7.335000000000000000e+03
7.485000000000000000e+03
7.490000000000000000e+03
7.517000000000000000e+03
7.475000000000000000e+03
7.601000000000000000e+03
7.533000000000000000e+03
7.543000000000000000e+03
7.598000000000000000e+03
7.618000000000000000e+03
7.598000000000000000e+03
7.649000000000000000e+03
7.641000000000000000e+03
7.739000000000000000e+03
7.684000000000000000e+03
7.819000000000000000e+03
7.726000000000000000e+03
7.789000000000000000e+03
7.817000000000000000e+03
7.783000000000000000e+03
7.801000000000000000e+03
7.916000000000000000e+03
7.730000000000000000e+03
8.034000000000000000e+03
7.966000000000000000e+03
7.977000000000000000e+03
7.963000000000000000e+03
7.932000000000000000e+03
8.016000000000000000e+03
8.032000000000000000e+03
8.173000000000000000e+03
8.081000000000000000e+03
8.119000000000000000e+03
8.183000000000000000e+03
8.079000000000000000e+03
8.229000000000000000e+03
8.066000000000000000e+03
8.294000000000000000e+03
8.298000000000000000e+03
8.170000000000000000e+03
8.293000000000000000e+03
8.356000000000000000e+03
8.363000000000000000e+03
8.304000000000000000e+03
8.287000000000000000e+03
8.342000000000000000e+03
8.492000000000000000e+03
8.265000000000000000e+03
8.336000000000000000e+03
8.654000000000000000e+03
8.436000000000000000e+03
8.515000000000000000e+03
8.406000000000000000e+03
8.948000000000000000e+03
8.611000000000000000e+03
8.463000000000000000e+03
8.557000000000000000e+03
8.652000000000000000e+03
8.588000000000000000e+03
8.558000000000000000e+03
8.501000000000000000e+03
8.666000000000000000e+03
8.640000000000000000e+03
8.547000000000000000e+03
8.688000000000000000e+03
8.657000000000000000e+03
8.771000000000000000e+03
8.887000000000000000e+03
8.813000000000000000e+03
8.796000000000000000e+03
8.777000000000000000e+03
8.769000000000000000e+03
8.865000000000000000e+03
8.885000000000000000e+03
8.955000000000000000e+03
9.013000000000000000e+03
8.994000000000000000e+03
9.061000000000000000e+03
9.005000000000000000e+03
9.161000000000000000e+03
9.078000000000000000e+03
9.252000000000000000e+03
9.033000000000000000e+03
9.198000000000000000e+03
9.262000000000000000e+03
9.264000000000000000e+03
9.312000000000000000e+03
9.282000000000000000e+03
9.411000000000000000e+03
9.412000000000000000e+03
9.439000000000000000e+03
9.596000000000000000e+03
9.531000000000000000e+03
9.466000000000000000e+03
9.564000000000000000e+03
9.678000000000000000e+03
9.555000000000000000e+03
9.761000000000000000e+03
9.731000000000000000e+03
9.688000000000000000e+03
9.832000000000000000e+03
9.833000000000000000e+03
9.913000000000000000e+03
9.885000000000000000e+03
9.920000000000000000e+03
1.001500000000000000e+04
1.003700000000000000e+04
1.016100000000000000e+04
1.025300000000000000e+04
1.029900000000000000e+04
1.021700000000000000e+04
1.031300000000000000e+04
1.032500000000000000e+04
1.028600000000000000e+04
1.037300000000000000e+04
1.041800000000000000e+04
1.053000000000000000e+04
1.043400000000000000e+04
1.054800000000000000e+04
1.060600000000000000e+04
1.059200000000000000e+04
1.063100000000000000e+04
1.064300000000000000e+04
1.063500000000000000e+04
1.073500000000000000e+04
1.071500000000000000e+04
1.083800000000000000e+04
1.100600000000000000e+04
1.089000000000000000e+04
1.080200000000000000e+04
1.098500000000000000e+04
1.107100000000000000e+04
1.104700000000000000e+04
1.113600000000000000e+04
1.107600000000000000e+04
1.109400000000000000e+04
1.114500000000000000e+04
1.114900000000000000e+04
1.115600000000000000e+04
1.121600000000000000e+04
1.116300000000000000e+04
1.128600000000000000e+04
1.121000000000000000e+04
1.129100000000000000e+04
1.140400000000000000e+04
1.125000000000000000e+04
1.120400000000000000e+04
1.118700000000000000e+04
1.132900000000000000e+04
1.124700000000000000e+04
1.131200000000000000e+04
1.123100000000000000e+04
1.134900000000000000e+04
1.137000000000000000e+04
1.129700000000000000e+04
1.143600000000000000e+04
1.144500000000000000e+04
1.134200000000000000e+04
1.139200000000000000e+04
1.143300000000000000e+04
1.150800000000000000e+04
1.162500000000000000e+04
1.162400000000000000e+04
1.155600000000000000e+04
1.151300000000000000e+04
1.170300000000000000e+04
1.168600000000000000e+04
1.171100000000000000e+04
1.169600000000000000e+04
1.176600000000000000e+04
1.164100000000000000e+04
1.172800000000000000e+04
1.178500000000000000e+04
1.174400000000000000e+04
1.176700000000000000e+04
1.168500000000000000e+04
1.183500000000000000e+04
1.180200000000000000e+04
1.175500000000000000e+04
1.184200000000000000e+04
1.182600000000000000e+04
1.178200000000000000e+04
1.179200000000000000e+04
1.183000000000000000e+04
1.177900000000000000e+04
1.166800000000000000e+04
1.182300000000000000e+04
1.186700000000000000e+04
1.176000000000000000e+04
1.180600000000000000e+04
1.190000000000000000e+04
1.177400000000000000e+04
1.192100000000000000e+04
1.174000000000000000e+04
1.196000000000000000e+04
1.187600000000000000e+04
1.174400000000000000e+04
1.176900000000000000e+04
1.190400000000000000e+04
1.186700000000000000e+04
1.182800000000000000e+04
1.177900000000000000e+04
1.181700000000000000e+04
1.187100000000000000e+04
1.191300000000000000e+04
1.189900000000000000e+04
1.175300000000000000e+04
1.196100000000000000e+04
1.192900000000000000e+04
1.180600000000000000e+04
1.186900000000000000e+04
1.175000000000000000e+04
1.185700000000000000e+04
1.194100000000000000e+04
1.176400000000000000e+04
1.193300000000000000e+04
1.194700000000000000e+04
1.200500000000000000e+04
1.190100000000000000e+04
1.197500000000000000e+04
1.215700000000000000e+04
1.192900000000000000e+04
1.196600000000000000e+04
1.199300000000000000e+04
1.188600000000000000e+04
1.211400000000000000e+04
1.209400000000000000e+04
1.208700000000000000e+04
1.221300000000000000e+04
1.197100000000000000e+04
1.211200000000000000e+04
1.223600000000000000e+04
1.218600000000000000e+04
1.228100000000000000e+04
1.213000000000000000e+04
1.223500000000000000e+04
1.233100000000000000e+04
1.236700000000000000e+04
1.234600000000000000e+04
1.233900000000000000e+04
1.231400000000000000e+04
1.234900000000000000e+04
1.251800000000000000e+04
1.248700000000000000e+04
1.239000000000000000e+04
1.256700000000000000e+04
1.233800000000000000e+04
1.254800000000000000e+04
1.259800000000000000e+04
1.251600000000000000e+04
1.250600000000000000e+04
1.256000000000000000e+04
1.255100000000000000e+04
1.245100000000000000e+04
1.263100000000000000e+04
1.263500000000000000e+04
1.271500000000000000e+04
1.266900000000000000e+04
1.279000000000000000e+04
1.271300000000000000e+04
1.271800000000000000e+04
1.282900000000000000e+04
1.295000000000000000e+04
1.289200000000000000e+04
1.286600000000000000e+04
1.281200000000000000e+04
1.289300000000000000e+04
1.284800000000000000e+04
1.281500000000000000e+04
1.295900000000000000e+04
1.292300000000000000e+04
1.302500000000000000e+04
1.285900000000000000e+04
1.304500000000000000e+04
1.304900000000000000e+04
1.283300000000000000e+04
1.302100000000000000e+04
1.338600000000000000e+04
1.318600000000000000e+04
1.303800000000000000e+04
1.326500000000000000e+04
1.315300000000000000e+04
1.320700000000000000e+04
1.331500000000000000e+04
1.329600000000000000e+04
1.324900000000000000e+04
1.323400000000000000e+04
1.316200000000000000e+04
1.321300000000000000e+04
1.321600000000000000e+04
1.327400000000000000e+04
1.315200000000000000e+04
1.331600000000000000e+04
1.322900000000000000e+04
1.321500000000000000e+04
1.315500000000000000e+04
1.323600000000000000e+04
1.345600000000000000e+04
1.329400000000000000e+04
1.327700000000000000e+04
1.322500000000000000e+04
1.330300000000000000e+04
1.336700000000000000e+04
1.331900000000000000e+04
1.328100000000000000e+04
1.337800000000000000e+04
1.335000000000000000e+04
1.322600000000000000e+04
1.314500000000000000e+04
1.333800000000000000e+04
1.317900000000000000e+04
1.322300000000000000e+04
1.324000000000000000e+04
1.311800000000000000e+04
1.317500000000000000e+04
1.308200000000000000e+04
1.329800000000000000e+04
1.305500000000000000e+04
1.305100000000000000e+04
1.322100000000000000e+04
1.320400000000000000e+04
1.321900000000000000e+04
1.315700000000000000e+04
1.296200000000000000e+04
1.289800000000000000e+04
1.290000000000000000e+04
1.271700000000000000e+04
1.292500000000000000e+04
1.283100000000000000e+04
1.248400000000000000e+04
1.262300000000000000e+04
1.265300000000000000e+04
1.262600000000000000e+04
1.243400000000000000e+04
1.257100000000000000e+04
1.261700000000000000e+04
1.233300000000000000e+04
1.256700000000000000e+04
1.250300000000000000e+04
1.239400000000000000e+04
1.236100000000000000e+04
1.240100000000000000e+04
1.256500000000000000e+04
1.248200000000000000e+04
1.248400000000000000e+04
1.254900000000000000e+04
1.249300000000000000e+04
1.236500000000000000e+04
1.241500000000000000e+04
1.250300000000000000e+04
1.271700000000000000e+04
1.239800000000000000e+04
1.219400000000000000e+04
1.229800000000000000e+04
1.216600000000000000e+04
1.216900000000000000e+04
1.199900000000000000e+04
1.201200000000000000e+04
1.192700000000000000e+04
1.188000000000000000e+04
1.198900000000000000e+04
1.203000000000000000e+04
1.186300000000000000e+04
1.194200000000000000e+04
1.167600000000000000e+04
1.153400000000000000e+04
1.139100000000000000e+04
1.126500000000000000e+04
1.127200000000000000e+04
1.102700000000000000e+04
1.116400000000000000e+04
1.118900000000000000e+04
1.107800000000000000e+04
1.120700000000000000e+04
1.095800000000000000e+04
1.112700000000000000e+04
1.100500000000000000e+04
1.087600000000000000e+04
1.092500000000000000e+04
1.112300000000000000e+04
1.102500000000000000e+04
1.118600000000000000e+04
1.124300000000000000e+04
1.102200000000000000e+04
1.110200000000000000e+04
1.097800000000000000e+04
1.085600000000000000e+04
1.082100000000000000e+04
1.077600000000000000e+04
1.082000000000000000e+04
1.095900000000000000e+04
1.076300000000000000e+04
1.070900000000000000e+04
1.077500000000000000e+04
1.068000000000000000e+04
1.059300000000000000e+04
1.056200000000000000e+04
1.050600000000000000e+04
1.051400000000000000e+04
1.037600000000000000e+04
1.018500000000000000e+04
1.013100000000000000e+04
1.003200000000000000e+04
9.948000000000000000e+03
1.005200000000000000e+04
9.989000000000000000e+03
9.970000000000000000e+03
1.015500000000000000e+04
1.027100000000000000e+04
1.023600000000000000e+04
1.030100000000000000e+04
1.011100000000000000e+04
1.043300000000000000e+04
1.010500000000000000e+04
1.010700000000000000e+04
1.006600000000000000e+04
1.013000000000000000e+04
1.018600000000000000e+04
1.009300000000000000e+04
1.017800000000000000e+04
1.029900000000000000e+04
1.010300000000000000e+04
1.030000000000000000e+04
1.015300000000000000e+04
1.022700000000000000e+04
1.023700000000000000e+04
1.011400000000000000e+04
1.030300000000000000e+04
1.037300000000000000e+04
1.041000000000000000e+04
1.046600000000000000e+04
1.032300000000000000e+04
1.024500000000000000e+04
