3.460000000000000000e+03
3.546000000000000000e+03
3.501000000000000000e+03
3.507000000000000000e+03
3.472000000000000000e+03
3.491000000000000000e+03
3.512000000000000000e+03
3.530000000000000000e+03
3.450000000000000000e+03
3.456000000000000000e+03
3.473000000000000000e+03
3.500000000000000000e+03
3.528000000000000000e+03
3.480000000000000000e+03
3.531000000000000000e+03
3.473000000000000000e+03
3.531000000000000000e+03
3.451000000000000000e+03
3.591000000000000000e+03
3.474000000000000000e+03
3.441000000000000000e+03
3.478000000000000000e+03
3.489000000000000000e+03
3.485000000000000000e+03
3.564000000000000000e+03
3.593000000000000000e+03
3.507000000000000000e+03
3.549000000000000000e+03
3.486000000000000000e+03
3.547000000000000000e+03
3.634000000000000000e+03
3.530000000000000000e+03
3.505000000000000000e+03
3.560000000000000000e+03
3.534000000000000000e+03
3.488000000000000000e+03
3.528000000000000000e+03
3.586000000000000000e+03
3.608000000000000000e+03
3.607000000000000000e+03
3.547000000000000000e+03
3.559000000000000000e+03
3.656000000000000000e+03
3.580000000000000000e+03
3.637000000000000000e+03
3.633000000000000000e+03
3.606000000000000000e+03
3.556000000000000000e+03
3.576000000000000000e+03
3.642000000000000000e+03
3.621000000000000000e+03
3.655000000000000000e+03
3.583000000000000000e+03
3.575000000000000000e+03
3.628000000000000000e+03
3.613000000000000000e+03
3.713000000000000000e+03
3.697000000000000000e+03
3.693000000000000000e+03
3.651000000000000000e+03
3.653000000000000000e+03
3.693000000000000000e+03
3.677000000000000000e+03
3.733000000000000000e+03
3.734000000000000000e+03
3.798000000000000000e+03
3.718000000000000000e+03
3.786000000000000000e+03
3.770000000000000000e+03
3.731000000000000000e+03
3.795000000000000000e+03
3.764000000000000000e+03
3.787000000000000000e+03
3.775000000000000000e+03
3.778000000000000000e+03
3.798000000000000000e+03
3.788000000000000000e+03
3.825000000000000000e+03
3.829000000000000000e+03
3.796000000000000000e+03
3.792000000000000000e+03
3.864000000000000000e+03
3.933000000000000000e+03
3.789000000000000000e+03
3.923000000000000000e+03
3.856000000000000000e+03
3.864000000000000000e+03
3.878000000000000000e+03
3.853000000000000000e+03
3.914000000000000000e+03
3.936000000000000000e+03
3.895000000000000000e+03
3.928000000000000000e+03
3.910000000000000000e+03
3.880000000000000000e+03
3.955000000000000000e+03
3.886000000000000000e+03
3.927000000000000000e+03
3.932000000000000000e+03
4.124000000000000000e+03
3.985000000000000000e+03
4.052000000000000000e+03
3.973000000000000000e+03
4.028000000000000000e+03
3.976000000000000000e+03
4.057000000000000000e+03
4.060000000000000000e+03
4.033000000000000000e+03
4.040000000000000000e+03
4.035000000000000000e+03
4.029000000000000000e+03
4.000000000000000000e+03
4.073000000000000000e+03
4.032000000000000000e+03
4.142000000000000000e+03
4.185000000000000000e+03
4.303000000000000000e+03
4.046000000000000000e+03
4.095000000000000000e+03
4.151000000000000000e+03
4.285000000000000000e+03
4.093000000000000000e+03
4.120000000000000000e+03
4.141000000000000000e+03
4.157000000000000000e+03
4.169000000000000000e+03
4.229000000000000000e+03
4.216000000000000000e+03
4.201000000000000000e+03
4.141000000000000000e+03
4.285000000000000000e+03
4.285000000000000000e+03
4.264000000000000000e+03
4.265000000000000000e+03
4.218000000000000000e+03
4.317000000000000000e+03
4.373000000000000000e+03
4.323000000000000000e+03
4.401000000000000000e+03
4.371000000000000000e+03
4.362000000000000000e+03
4.346000000000000000e+03
4.373000000000000000e+03
4.361000000000000000e+03
4.329000000000000000e+03
4.404000000000000000e+03
4.436000000000000000e+03
4.397000000000000000e+03
4.369000000000000000e+03
4.445000000000000000e+03
4.444000000000000000e+03
4.420000000000000000e+03
4.405000000000000000e+03
4.537000000000000000e+03
4.573000000000000000e+03
4.560000000000000000e+03
4.604000000000000000e+03
4.553000000000000000e+03
4.621000000000000000e+03
4.554000000000000000e+03
4.652000000000000000e+03
4.584000000000000000e+03
4.577000000000000000e+03
4.569000000000000000e+03
4.551000000000000000e+03
4.699000000000000000e+03
4.567000000000000000e+03
4.726000000000000000e+03
4.666000000000000000e+03
4.618000000000000000e+03
4.682000000000000000e+03
4.826000000000000000e+03
4.691000000000000000e+03
4.735000000000000000e+03
4.723000000000000000e+03
4.751000000000000000e+03
4.747000000000000000e+03
4.778000000000000000e+03
4.742000000000000000e+03
4.814000000000000000e+03
4.794000000000000000e+03
4.894000000000000000e+03
4.771000000000000000e+03
4.843000000000000000e+03
4.772000000000000000e+03
4.899000000000000000e+03
4.827000000000000000e+03
4.965000000000000000e+03
4.894000000000000000e+03
5.008000000000000000e+03
4.918000000000000000e+03
4.933000000000000000e+03
4.978000000000000000e+03
5.012000000000000000e+03
5.011000000000000000e+03
5.048000000000000000e+03
5.074000000000000000e+03
4.964000000000000000e+03
5.027000000000000000e+03
5.029000000000000000e+03
5.047000000000000000e+03
5.220000000000000000e+03
5.099000000000000000e+03
5.073000000000000000e+03
5.174000000000000000e+03
5.121000000000000000e+03
5.111000000000000000e+03
5.185000000000000000e+03
5.262000000000000000e+03
5.243000000000000000e+03
5.194000000000000000e+03
5.205000000000000000e+03
5.282000000000000000e+03
5.328000000000000000e+03
5.325000000000000000e+03
5.292000000000000000e+03
5.305000000000000000e+03
5.347000000000000000e+03
5.328000000000000000e+03
5.342000000000000000e+03
5.347000000000000000e+03
5.430000000000000000e+03
5.486000000000000000e+03
5.432000000000000000e+03
5.463000000000000000e+03
5.461000000000000000e+03
5.436000000000000000e+03
5.452000000000000000e+03
5.600000000000000000e+03
5.474000000000000000e+03
5.565000000000000000e+03
5.635000000000000000e+03
5.475000000000000000e+03
5.587000000000000000e+03
5.568000000000000000e+03
5.593000000000000000e+03
5.610000000000000000e+03
5.634000000000000000e+03
5.577000000000000000e+03
5.635000000000000000e+03
5.882000000000000000e+03
5.664000000000000000e+03
5.616000000000000000e+03
5.682000000000000000e+03
5.702000000000000000e+03
5.743000000000000000e+03
5.648000000000000000e+03
5.724000000000000000e+03
5.667000000000000000e+03
5.779000000000000000e+03
5.713000000000000000e+03
5.691000000000000000e+03
5.855000000000000000e+03
5.817000000000000000e+03
5.745000000000000000e+03
5.878000000000000000e+03
5.862000000000000000e+03
5.838000000000000000e+03
5.813000000000000000e+03
6.034000000000000000e+03
5.843000000000000000e+03
5.879000000000000000e+03
5.800000000000000000e+03
5.926000000000000000e+03
5.912000000000000000e+03
5.938000000000000000e+03
5.946000000000000000e+03
5.892000000000000000e+03
6.028000000000000000e+03
5.864000000000000000e+03
5.959000000000000000e+03
5.928000000000000000e+03
6.024000000000000000e+03
6.056000000000000000e+03
5.971000000000000000e+03
6.021000000000000000e+03
6.071000000000000000e+03
5.984000000000000000e+03
6.048000000000000000e+03
6.098000000000000000e+03
6.110000000000000000e+03
6.018000000000000000e+03
6.072000000000000000e+03
6.079000000000000000e+03
6.036000000000000000e+03
6.139000000000000000e+03
6.156000000000000000e+03
6.168000000000000000e+03
6.233000000000000000e+03
6.152000000000000000e+03
6.098000000000000000e+03
6.139000000000000000e+03
6.220000000000000000e+03
6.258000000000000000e+03
6.231000000000000000e+03
6.239000000000000000e+03
6.254000000000000000e+03
6.287000000000000000e+03
6.359000000000000000e+03
6.337000000000000000e+03
6.322000000000000000e+03
6.284000000000000000e+03
6.433000000000000000e+03
6.342000000000000000e+03
6.386000000000000000e+03
6.431000000000000000e+03
6.424000000000000000e+03
6.494000000000000000e+03
6.492000000000000000e+03
6.556000000000000000e+03
6.493000000000000000e+03
6.508000000000000000e+03
6.520000000000000000e+03
6.436000000000000000e+03
6.500000000000000000e+03
6.646000000000000000e+03
6.687000000000000000e+03
6.580000000000000000e+03
6.688000000000000000e+03
6.692000000000000000e+03
6.731000000000000000e+03
6.722000000000000000e+03
6.719000000000000000e+03
6.788000000000000000e+03
6.763000000000000000e+03
6.969000000000000000e+03
6.720000000000000000e+03
6.838000000000000000e+03
6.899000000000000000e+03
6.894000000000000000e+03
6.817000000000000000e+03
6.963000000000000000e+03
7.008000000000000000e+03
7.013000000000000000e+03
6.915000000000000000e+03
7.093000000000000000e+03
7.121000000000000000e+03
7.043000000000000000e+03
7.017000000000000000e+03
7.157000000000000000e+03
7.233000000000000000e+03
7.174000000000000000e+03
7.217000000000000000e+03
7.305000000000000000e+03
7.326000000000000000e+03
7.250000000000000000e+03
7.351000000000000000e+03
7.277000000000000000e+03
7.278000000000000000e+03
7.312000000000000000e+03
7.404000000000000000e+03
7.386000000000000000e+03
7.462000000000000000e+03
7.379000000000000000e+03
7.536000000000000000e+03
7.603000000000000000e+03
7.564000000000000000e+03
7.540000000000000000e+03
7.542000000000000000e+03
7.691000000000000000e+03
7.665000000000000000e+03
7.611000000000000000e+03
7.680000000000000000e+03
7.672000000000000000e+03
7.730000000000000000e+03
7.741000000000000000e+03
7.758000000000000000e+03
7.735000000000000000e+03
7.796000000000000000e+03
7.768000000000000000e+03
7.769000000000000000e+03
7.795000000000000000e+03
7.953000000000000000e+03
7.799000000000000000e+03
7.851000000000000000e+03
7.901000000000000000e+03
7.849000000000000000e+03
7.889000000000000000e+03
7.986000000000000000e+03
7.869000000000000000e+03
7.970000000000000000e+03
7.930000000000000000e+03
7.901000000000000000e+03
7.956000000000000000e+03
7.941000000000000000e+03
8.020000000000000000e+03
7.987000000000000000e+03
8.125000000000000000e+03
7.972000000000000000e+03
7.989000000000000000e+03
8.036000000000000000e+03
8.102000000000000000e+03
8.046000000000000000e+03
8.136000000000000000e+03
8.190000000000000000e+03
8.211000000000000000e+03
8.115000000000000000e+03
8.203000000000000000e+03
8.352000000000000000e+03
8.292000000000000000e+03
8.402000000000000000e+03
8.385000000000000000e+03
8.277000000000000000e+03
8.332000000000000000e+03
8.408000000000000000e+03
8.375000000000000000e+03
8.498000000000000000e+03
8.461000000000000000e+03
8.543000000000000000e+03
8.539000000000000000e+03
8.529000000000000000e+03
8.560000000000000000e+03
8.674000000000000000e+03
8.701000000000000000e+03
8.705000000000000000e+03
8.702000000000000000e+03
8.787000000000000000e+03
8.775000000000000000e+03
8.838000000000000000e+03
8.881000000000000000e+03
8.952000000000000000e+03
8.853000000000000000e+03
9.066000000000000000e+03
8.996000000000000000e+03
8.869000000000000000e+03
9.032000000000000000e+03
8.953000000000000000e+03
9.076000000000000000e+03
9.112000000000000000e+03
9.265000000000000000e+03
9.283000000000000000e+03
9.210000000000000000e+03
9.236000000000000000e+03
9.380000000000000000e+03
9.401000000000000000e+03
9.473000000000000000e+03
9.376000000000000000e+03
9.475000000000000000e+03
9.664000000000000000e+03
9.597000000000000000e+03
9.641000000000000000e+03
9.603000000000000000e+03
9.578000000000000000e+03
9.639000000000000000e+03
9.774000000000000000e+03
9.738000000000000000e+03
9.806000000000000000e+03
9.812000000000000000e+03
9.758000000000000000e+03
9.911000000000000000e+03
9.992000000000000000e+03
9.991000000000000000e+03
1.001100000000000000e+04
9.960000000000000000e+03
1.012200000000000000e+04
1.012000000000000000e+04
1.013800000000000000e+04
1.021000000000000000e+04
1.014400000000000000e+04
1.034300000000000000e+04
1.028300000000000000e+04
1.022800000000000000e+04
1.041600000000000000e+04
1.038300000000000000e+04
1.044100000000000000e+04
1.036500000000000000e+04
1.047200000000000000e+04
1.054300000000000000e+04
1.053800000000000000e+04
1.034600000000000000e+04
1.059700000000000000e+04
1.051600000000000000e+04
1.069400000000000000e+04
1.063100000000000000e+04
1.054300000000000000e+04
1.088600000000000000e+04
1.058800000000000000e+04
1.077200000000000000e+04
1.069400000000000000e+04
1.071000000000000000e+04
1.074400000000000000e+04
1.082800000000000000e+04
1.074800000000000000e+04
1.065200000000000000e+04
1.076700000000000000e+04
1.073500000000000000e+04
1.078400000000000000e+04
1.117100000000000000e+04
1.100000000000000000e+04
1.101300000000000000e+04
1.083000000000000000e+04
1.088400000000000000e+04
1.099400000000000000e+04
1.090400000000000000e+04
1.089000000000000000e+04
1.095900000000000000e+04
1.130000000000000000e+04
1.104000000000000000e+04
1.112000000000000000e+04
1.108300000000000000e+04
1.105400000000000000e+04
1.104800000000000000e+04
1.114700000000000000e+04
1.100400000000000000e+04
1.108600000000000000e+04
1.103500000000000000e+04
1.118000000000000000e+04
1.109000000000000000e+04
1.103900000000000000e+04
1.120700000000000000e+04
1.132500000000000000e+04
1.115500000000000000e+04
1.114800000000000000e+04
1.118900000000000000e+04
1.104200000000000000e+04
1.119800000000000000e+04
1.121700000000000000e+04
1.122800000000000000e+04
1.113400000000000000e+04
1.122700000000000000e+04
1.126700000000000000e+04
1.109400000000000000e+04
1.124700000000000000e+04
1.121500000000000000e+04
1.129700000000000000e+04
1.119700000000000000e+04
1.118700000000000000e+04
1.123800000000000000e+04
1.129300000000000000e+04
1.122500000000000000e+04
1.118900000000000000e+04
1.128500000000000000e+04
1.115900000000000000e+04
1.128200000000000000e+04
1.116600000000000000e+04
1.114200000000000000e+04
1.131300000000000000e+04
1.129400000000000000e+04
1.122700000000000000e+04
1.116300000000000000e+04
1.132000000000000000e+04
1.106200000000000000e+04
1.125500000000000000e+04
1.124200000000000000e+04
1.134100000000000000e+04
1.125200000000000000e+04
1.125600000000000000e+04
1.127800000000000000e+04
1.117900000000000000e+04
1.125300000000000000e+04
1.135100000000000000e+04
1.129200000000000000e+04
1.135100000000000000e+04
1.145400000000000000e+04
1.132900000000000000e+04
1.146600000000000000e+04
1.137900000000000000e+04
1.137400000000000000e+04
1.146400000000000000e+04
1.152100000000000000e+04
1.140800000000000000e+04
1.141700000000000000e+04
1.129100000000000000e+04
1.152700000000000000e+04
1.133800000000000000e+04
1.150300000000000000e+04
1.154900000000000000e+04
1.172100000000000000e+04
1.167300000000000000e+04
1.162800000000000000e+04
1.168500000000000000e+04
1.163300000000000000e+04
1.181800000000000000e+04
1.164200000000000000e+04
1.174400000000000000e+04
1.198900000000000000e+04
1.172600000000000000e+04
1.179500000000000000e+04
1.174700000000000000e+04
1.179900000000000000e+04
1.168900000000000000e+04
1.181200000000000000e+04
1.178100000000000000e+04
1.186500000000000000e+04
1.181300000000000000e+04
1.198500000000000000e+04
1.189200000000000000e+04
1.202200000000000000e+04
1.205400000000000000e+04
1.208200000000000000e+04
1.186500000000000000e+04
1.193100000000000000e+04
1.179900000000000000e+04
1.185600000000000000e+04
1.194300000000000000e+04
1.181800000000000000e+04
1.191700000000000000e+04
1.194100000000000000e+04
1.214400000000000000e+04
1.202900000000000000e+04
1.193200000000000000e+04
1.195800000000000000e+04
1.200600000000000000e+04
1.204700000000000000e+04
1.201300000000000000e+04
1.211100000000000000e+04
1.242300000000000000e+04
1.228400000000000000e+04
1.255000000000000000e+04
1.235000000000000000e+04
1.243700000000000000e+04
1.240200000000000000e+04
1.236400000000000000e+04
1.234700000000000000e+04
1.253200000000000000e+04
1.250900000000000000e+04
1.255600000000000000e+04
1.247100000000000000e+04
1.262100000000000000e+04
1.252300000000000000e+04
1.265700000000000000e+04
1.269200000000000000e+04
1.284200000000000000e+04
1.274100000000000000e+04
1.276500000000000000e+04
1.288200000000000000e+04
1.280700000000000000e+04
1.275900000000000000e+04
1.284500000000000000e+04
1.277800000000000000e+04
1.274400000000000000e+04
1.276600000000000000e+04
1.261800000000000000e+04
1.261400000000000000e+04
1.251600000000000000e+04
1.264700000000000000e+04
1.263200000000000000e+04
1.265600000000000000e+04
1.266400000000000000e+04
1.273600000000000000e+04
1.277700000000000000e+04
1.278000000000000000e+04
1.269100000000000000e+04
1.260400000000000000e+04
1.267500000000000000e+04
1.257400000000000000e+04
1.252400000000000000e+04
1.252100000000000000e+04
1.258300000000000000e+04
1.258500000000000000e+04
1.251900000000000000e+04
1.236800000000000000e+04
1.231000000000000000e+04
1.209000000000000000e+04
1.209400000000000000e+04
1.224200000000000000e+04
1.220400000000000000e+04
1.213600000000000000e+04
1.219200000000000000e+04
1.198000000000000000e+04
1.193100000000000000e+04
1.191600000000000000e+04
1.212400000000000000e+04
1.188700000000000000e+04
1.187200000000000000e+04
1.209700000000000000e+04
1.206300000000000000e+04
1.210700000000000000e+04
1.207300000000000000e+04
1.198800000000000000e+04
1.202100000000000000e+04
1.187300000000000000e+04
1.188100000000000000e+04
1.184200000000000000e+04
1.173600000000000000e+04
1.174600000000000000e+04
1.171000000000000000e+04
1.169000000000000000e+04
1.169600000000000000e+04
1.160400000000000000e+04
1.154000000000000000e+04
1.130800000000000000e+04
1.148000000000000000e+04
1.134000000000000000e+04
1.142800000000000000e+04
1.128700000000000000e+04
1.119200000000000000e+04
1.123200000000000000e+04
1.111200000000000000e+04
1.100400000000000000e+04
1.097300000000000000e+04
1.085900000000000000e+04
1.081500000000000000e+04
1.080800000000000000e+04
1.078300000000000000e+04
1.076200000000000000e+04
1.072500000000000000e+04
1.082600000000000000e+04
1.044400000000000000e+04
1.049700000000000000e+04
1.045600000000000000e+04
1.040200000000000000e+04
1.041900000000000000e+04
1.030400000000000000e+04
1.042600000000000000e+04
1.044700000000000000e+04
1.035600000000000000e+04
1.036600000000000000e+04
1.040300000000000000e+04
1.031200000000000000e+04
1.030100000000000000e+04
1.042700000000000000e+04
1.036000000000000000e+04
1.038900000000000000e+04
1.048700000000000000e+04
1.040100000000000000e+04
1.028600000000000000e+04
1.032000000000000000e+04
1.037300000000000000e+04
1.029700000000000000e+04
1.042200000000000000e+04
1.053600000000000000e+04
1.041100000000000000e+04
1.031400000000000000e+04
1.036900000000000000e+04
1.041900000000000000e+04
1.041200000000000000e+04
1.021400000000000000e+04
1.025900000000000000e+04
1.030600000000000000e+04
1.024500000000000000e+04
1.019100000000000000e+04
1.008000000000000000e+04
1.001000000000000000e+04
1.005900000000000000e+04
9.941000000000000000e+03
1.025300000000000000e+04
9.947000000000000000e+03
9.928000000000000000e+03
9.930000000000000000e+03
9.846000000000000000e+03
9.754000000000000000e+03
9.822000000000000000e+03
9.775000000000000000e+03
9.783000000000000000e+03
9.932000000000000000e+03
9.815000000000000000e+03
9.724000000000000000e+03
9.522000000000000000e+03
9.626000000000000000e+03
9.571000000000000000e+03
9.586000000000000000e+03
9.624000000000000000e+03
9.676000000000000000e+03
9.636000000000000000e+03
9.685000000000000000e+03
9.843000000000000000e+03
1.003600000000000000e+04
9.859000000000000000e+03
9.944000000000000000e+03
9.709000000000000000e+03
9.750000000000000000e+03
9.787000000000000000e+03
9.741000000000000000e+03
9.552000000000000000e+03
