3.803000000000000000e+03
3.841000000000000000e+03
3.803000000000000000e+03
3.841000000000000000e+03
3.841000000000000000e+03
4.017000000000000000e+03
3.825000000000000000e+03
3.814000000000000000e+03
3.737000000000000000e+03
3.865000000000000000e+03
3.798000000000000000e+03
3.877000000000000000e+03
3.876000000000000000e+03
3.834000000000000000e+03
3.854000000000000000e+03
3.868000000000000000e+03
3.882000000000000000e+03
3.871000000000000000e+03
3.868000000000000000e+03
3.791000000000000000e+03
3.775000000000000000e+03
3.855000000000000000e+03
3.921000000000000000e+03
3.808000000000000000e+03
3.802000000000000000e+03
3.834000000000000000e+03
3.805000000000000000e+03
3.861000000000000000e+03
3.839000000000000000e+03
3.844000000000000000e+03
3.800000000000000000e+03
3.890000000000000000e+03
3.886000000000000000e+03
3.881000000000000000e+03
3.863000000000000000e+03
3.908000000000000000e+03
3.860000000000000000e+03
3.943000000000000000e+03
3.926000000000000000e+03
3.858000000000000000e+03
3.895000000000000000e+03
3.932000000000000000e+03
3.897000000000000000e+03
3.931000000000000000e+03
3.887000000000000000e+03
3.958000000000000000e+03
3.892000000000000000e+03
3.906000000000000000e+03
3.914000000000000000e+03
3.954000000000000000e+03
3.928000000000000000e+03
3.987000000000000000e+03
3.943000000000000000e+03
4.003000000000000000e+03
3.919000000000000000e+03
4.023000000000000000e+03
3.989000000000000000e+03
4.049000000000000000e+03
3.998000000000000000e+03
3.966000000000000000e+03
4.021000000000000000e+03
4.114000000000000000e+03
4.029000000000000000e+03
4.103000000000000000e+03
3.968000000000000000e+03
4.126000000000000000e+03
4.095000000000000000e+03
4.133000000000000000e+03
4.065000000000000000e+03
4.080000000000000000e+03
4.115000000000000000e+03
4.097000000000000000e+03
4.130000000000000000e+03
4.137000000000000000e+03
4.199000000000000000e+03
4.090000000000000000e+03
4.138000000000000000e+03
4.140000000000000000e+03
4.137000000000000000e+03
4.257000000000000000e+03
4.231000000000000000e+03
4.208000000000000000e+03
4.200000000000000000e+03
4.297000000000000000e+03
4.206000000000000000e+03
4.209000000000000000e+03
4.239000000000000000e+03
4.263000000000000000e+03
4.286000000000000000e+03
4.311000000000000000e+03
4.237000000000000000e+03
4.421000000000000000e+03
4.282000000000000000e+03
4.264000000000000000e+03
4.325000000000000000e+03
4.353000000000000000e+03
4.349000000000000000e+03
4.371000000000000000e+03
4.276000000000000000e+03
4.390000000000000000e+03
4.285000000000000000e+03
4.422000000000000000e+03
4.338000000000000000e+03
4.336000000000000000e+03
4.411000000000000000e+03
4.413000000000000000e+03
4.416000000000000000e+03
4.431000000000000000e+03
4.436000000000000000e+03
4.406000000000000000e+03
4.442000000000000000e+03
4.491000000000000000e+03
4.461000000000000000e+03
4.468000000000000000e+03
4.436000000000000000e+03
4.500000000000000000e+03
4.581000000000000000e+03
4.550000000000000000e+03
4.680000000000000000e+03
4.540000000000000000e+03
4.435000000000000000e+03
4.605000000000000000e+03
4.571000000000000000e+03
4.535000000000000000e+03
4.619000000000000000e+03
4.598000000000000000e+03
4.641000000000000000e+03
4.645000000000000000e+03
4.650000000000000000e+03
4.658000000000000000e+03
4.692000000000000000e+03
4.742000000000000000e+03
4.801000000000000000e+03
4.700000000000000000e+03
4.676000000000000000e+03
4.679000000000000000e+03
4.719000000000000000e+03
4.701000000000000000e+03
4.831000000000000000e+03
4.771000000000000000e+03
4.773000000000000000e+03
4.738000000000000000e+03
4.849000000000000000e+03
4.813000000000000000e+03
4.870000000000000000e+03
4.870000000000000000e+03
4.876000000000000000e+03
4.793000000000000000e+03
4.877000000000000000e+03
4.819000000000000000e+03
4.859000000000000000e+03
4.964000000000000000e+03
4.930000000000000000e+03
5.029000000000000000e+03
4.874000000000000000e+03
5.022000000000000000e+03
5.275000000000000000e+03
5.127000000000000000e+03
5.030000000000000000e+03
5.103000000000000000e+03
5.036000000000000000e+03
5.065000000000000000e+03
5.098000000000000000e+03
5.175000000000000000e+03
5.130000000000000000e+03
5.067000000000000000e+03
5.153000000000000000e+03
5.183000000000000000e+03
5.054000000000000000e+03
5.155000000000000000e+03
5.145000000000000000e+03
5.250000000000000000e+03
5.434000000000000000e+03
5.268000000000000000e+03
5.249000000000000000e+03
5.329000000000000000e+03
5.332000000000000000e+03
5.259000000000000000e+03
5.400000000000000000e+03
5.342000000000000000e+03
5.281000000000000000e+03
5.415000000000000000e+03
5.377000000000000000e+03
5.339000000000000000e+03
5.508000000000000000e+03
5.385000000000000000e+03
5.614000000000000000e+03
5.430000000000000000e+03
5.462000000000000000e+03
5.444000000000000000e+03
5.485000000000000000e+03
5.555000000000000000e+03
5.575000000000000000e+03
5.479000000000000000e+03
5.480000000000000000e+03
5.578000000000000000e+03
5.577000000000000000e+03
5.570000000000000000e+03
5.666000000000000000e+03
5.636000000000000000e+03
5.559000000000000000e+03
5.718000000000000000e+03
5.655000000000000000e+03
5.651000000000000000e+03
5.716000000000000000e+03
5.658000000000000000e+03
5.704000000000000000e+03
5.745000000000000000e+03
5.829000000000000000e+03
5.784000000000000000e+03
5.776000000000000000e+03
5.815000000000000000e+03
5.878000000000000000e+03
5.826000000000000000e+03
5.787000000000000000e+03
5.875000000000000000e+03
5.949000000000000000e+03
5.952000000000000000e+03
5.972000000000000000e+03
6.005000000000000000e+03
6.034000000000000000e+03
5.997000000000000000e+03
6.043000000000000000e+03
6.028000000000000000e+03
6.081000000000000000e+03
6.096000000000000000e+03
6.094000000000000000e+03
6.042000000000000000e+03
6.183000000000000000e+03
6.190000000000000000e+03
6.084000000000000000e+03
6.175000000000000000e+03
6.215000000000000000e+03
6.177000000000000000e+03
6.131000000000000000e+03
6.147000000000000000e+03
6.218000000000000000e+03
6.221000000000000000e+03
6.193000000000000000e+03
6.221000000000000000e+03
6.326000000000000000e+03
6.204000000000000000e+03
6.285000000000000000e+03
6.290000000000000000e+03
6.309000000000000000e+03
6.411000000000000000e+03
6.411000000000000000e+03
6.446000000000000000e+03
6.315000000000000000e+03
6.446000000000000000e+03
6.390000000000000000e+03
6.469000000000000000e+03
6.484000000000000000e+03
6.429000000000000000e+03
6.427000000000000000e+03
6.452000000000000000e+03
6.498000000000000000e+03
6.524000000000000000e+03
6.437000000000000000e+03
6.465000000000000000e+03
6.387000000000000000e+03
6.571000000000000000e+03
6.548000000000000000e+03
6.590000000000000000e+03
6.550000000000000000e+03
6.610000000000000000e+03
6.602000000000000000e+03
6.551000000000000000e+03
6.568000000000000000e+03
6.567000000000000000e+03
6.620000000000000000e+03
6.691000000000000000e+03
6.589000000000000000e+03
6.707000000000000000e+03
6.737000000000000000e+03
6.723000000000000000e+03
6.634000000000000000e+03
6.629000000000000000e+03
6.678000000000000000e+03
6.761000000000000000e+03
6.777000000000000000e+03
6.764000000000000000e+03
6.741000000000000000e+03
6.728000000000000000e+03
6.701000000000000000e+03
6.826000000000000000e+03
6.763000000000000000e+03
6.837000000000000000e+03
6.748000000000000000e+03
6.761000000000000000e+03
6.863000000000000000e+03
6.754000000000000000e+03
6.818000000000000000e+03
6.855000000000000000e+03
6.729000000000000000e+03
6.874000000000000000e+03
6.836000000000000000e+03
6.872000000000000000e+03
6.881000000000000000e+03
6.921000000000000000e+03
6.911000000000000000e+03
6.911000000000000000e+03
6.960000000000000000e+03
6.949000000000000000e+03
7.034000000000000000e+03
7.061000000000000000e+03
7.021000000000000000e+03
7.079000000000000000e+03
7.141000000000000000e+03
7.216000000000000000e+03
7.205000000000000000e+03
7.166000000000000000e+03
7.217000000000000000e+03
7.253000000000000000e+03
7.259000000000000000e+03
7.390000000000000000e+03
7.215000000000000000e+03
7.389000000000000000e+03
7.617000000000000000e+03
7.338000000000000000e+03
7.415000000000000000e+03
7.485000000000000000e+03
7.450000000000000000e+03
7.494000000000000000e+03
7.532000000000000000e+03
7.501000000000000000e+03
7.585000000000000000e+03
7.624000000000000000e+03
7.796000000000000000e+03
7.707000000000000000e+03
7.569000000000000000e+03
7.649000000000000000e+03
7.712000000000000000e+03
7.656000000000000000e+03
7.853000000000000000e+03
7.717000000000000000e+03
7.778000000000000000e+03
7.836000000000000000e+03
7.888000000000000000e+03
7.881000000000000000e+03
7.930000000000000000e+03
7.951000000000000000e+03
7.948000000000000000e+03
8.043000000000000000e+03
8.113000000000000000e+03
7.995000000000000000e+03
8.234000000000000000e+03
8.107000000000000000e+03
8.141000000000000000e+03
8.190000000000000000e+03
8.166000000000000000e+03
8.292000000000000000e+03
8.302000000000000000e+03
8.282000000000000000e+03
8.271000000000000000e+03
8.339000000000000000e+03
8.415000000000000000e+03
8.343000000000000000e+03
8.451000000000000000e+03
8.438000000000000000e+03
8.450000000000000000e+03
8.485000000000000000e+03
8.482000000000000000e+03
8.746000000000000000e+03
8.608000000000000000e+03
8.624000000000000000e+03
8.665000000000000000e+03
8.616000000000000000e+03
8.691000000000000000e+03
8.540000000000000000e+03
8.799000000000000000e+03
8.741000000000000000e+03
8.679000000000000000e+03
8.694000000000000000e+03
8.795000000000000000e+03
8.761000000000000000e+03
8.786000000000000000e+03
8.833000000000000000e+03
8.747000000000000000e+03
8.849000000000000000e+03
8.778000000000000000e+03
8.912000000000000000e+03
8.846000000000000000e+03
8.901000000000000000e+03
8.926000000000000000e+03
8.892000000000000000e+03
8.864000000000000000e+03
8.980000000000000000e+03
8.994000000000000000e+03
8.960000000000000000e+03
9.044000000000000000e+03
9.059000000000000000e+03
9.076000000000000000e+03
9.071000000000000000e+03
9.055000000000000000e+03
9.099000000000000000e+03
9.034000000000000000e+03
9.140000000000000000e+03
9.377000000000000000e+03
9.189000000000000000e+03
9.229000000000000000e+03
9.415000000000000000e+03
9.384000000000000000e+03
9.206000000000000000e+03
9.286000000000000000e+03
9.614000000000000000e+03
9.418000000000000000e+03
9.468000000000000000e+03
9.603000000000000000e+03
9.488000000000000000e+03
9.492000000000000000e+03
9.543000000000000000e+03
9.420000000000000000e+03
9.578000000000000000e+03
9.727000000000000000e+03
9.696000000000000000e+03
9.657000000000000000e+03
9.779000000000000000e+03
9.759000000000000000e+03
9.894000000000000000e+03
9.868000000000000000e+03
9.921000000000000000e+03
1.001000000000000000e+04
1.003300000000000000e+04
1.009600000000000000e+04
9.975000000000000000e+03
1.008200000000000000e+04
1.016800000000000000e+04
1.015300000000000000e+04
1.026000000000000000e+04
1.025400000000000000e+04
1.033900000000000000e+04
1.037200000000000000e+04
1.044100000000000000e+04
1.041100000000000000e+04
1.050800000000000000e+04
1.055800000000000000e+04
1.063500000000000000e+04
1.054600000000000000e+04
1.066900000000000000e+04
1.077100000000000000e+04
1.080300000000000000e+04
1.063800000000000000e+04
1.090000000000000000e+04
1.078100000000000000e+04
1.088200000000000000e+04
1.108900000000000000e+04
1.100700000000000000e+04
1.098700000000000000e+04
1.097300000000000000e+04
1.118400000000000000e+04
1.118500000000000000e+04
1.111300000000000000e+04
1.147300000000000000e+04
1.114100000000000000e+04
1.129900000000000000e+04
1.127400000000000000e+04
1.140500000000000000e+04
1.142200000000000000e+04
1.154900000000000000e+04
1.129700000000000000e+04
1.158400000000000000e+04
1.150600000000000000e+04
1.153100000000000000e+04
1.162100000000000000e+04
1.163700000000000000e+04
1.166000000000000000e+04
1.194300000000000000e+04
1.182500000000000000e+04
1.170500000000000000e+04
1.164900000000000000e+04
1.180400000000000000e+04
1.177000000000000000e+04
1.175400000000000000e+04
1.181300000000000000e+04
1.181000000000000000e+04
1.169900000000000000e+04
1.191600000000000000e+04
1.178700000000000000e+04
1.190200000000000000e+04
1.179100000000000000e+04
1.203300000000000000e+04
1.185500000000000000e+04
1.203300000000000000e+04
1.195200000000000000e+04
1.196600000000000000e+04
1.200900000000000000e+04
1.201800000000000000e+04
1.198100000000000000e+04
1.208400000000000000e+04
1.208700000000000000e+04
1.220100000000000000e+04
1.211500000000000000e+04
1.207400000000000000e+04
1.237600000000000000e+04
1.226200000000000000e+04
1.226600000000000000e+04
1.239000000000000000e+04
1.221200000000000000e+04
1.235500000000000000e+04
1.236800000000000000e+04
1.232700000000000000e+04
1.239500000000000000e+04
1.217900000000000000e+04
1.238500000000000000e+04
1.234800000000000000e+04
1.247000000000000000e+04
1.233800000000000000e+04
1.236500000000000000e+04
1.231400000000000000e+04
1.236800000000000000e+04
1.242400000000000000e+04
1.240800000000000000e+04
1.246500000000000000e+04
1.236400000000000000e+04
1.230700000000000000e+04
1.236400000000000000e+04
1.248300000000000000e+04
1.241700000000000000e+04
1.250800000000000000e+04
1.226900000000000000e+04
1.246300000000000000e+04
1.228200000000000000e+04
1.247700000000000000e+04
1.245200000000000000e+04
1.239400000000000000e+04
1.235800000000000000e+04
1.249500000000000000e+04
1.242900000000000000e+04
1.254300000000000000e+04
1.270300000000000000e+04
1.255500000000000000e+04
1.233300000000000000e+04
1.239000000000000000e+04
1.250100000000000000e+04
1.234500000000000000e+04
1.247400000000000000e+04
1.242900000000000000e+04
1.245600000000000000e+04
1.246600000000000000e+04
1.257800000000000000e+04
1.243200000000000000e+04
1.259300000000000000e+04
1.258700000000000000e+04
1.260000000000000000e+04
1.260400000000000000e+04
1.263200000000000000e+04
1.241400000000000000e+04
1.245700000000000000e+04
1.267200000000000000e+04
1.247200000000000000e+04
1.251500000000000000e+04
1.269500000000000000e+04
1.274100000000000000e+04
1.259200000000000000e+04
1.276400000000000000e+04
1.265800000000000000e+04
1.266500000000000000e+04
1.267800000000000000e+04
1.280300000000000000e+04
1.262000000000000000e+04
1.272000000000000000e+04
1.267400000000000000e+04
1.276800000000000000e+04
1.281800000000000000e+04
1.284400000000000000e+04
1.278400000000000000e+04
1.283900000000000000e+04
1.277100000000000000e+04
1.308400000000000000e+04
1.288700000000000000e+04
1.297900000000000000e+04
1.295800000000000000e+04
1.288600000000000000e+04
1.307500000000000000e+04
1.316200000000000000e+04
1.316100000000000000e+04
1.324400000000000000e+04
1.327500000000000000e+04
1.312100000000000000e+04
1.330000000000000000e+04
1.334500000000000000e+04
1.332400000000000000e+04
1.323800000000000000e+04
1.332600000000000000e+04
1.357600000000000000e+04
1.327000000000000000e+04
1.338000000000000000e+04
1.336000000000000000e+04
1.332400000000000000e+04
1.338800000000000000e+04
1.342000000000000000e+04
1.351500000000000000e+04
1.346300000000000000e+04
1.350400000000000000e+04
1.356000000000000000e+04
1.355200000000000000e+04
1.342600000000000000e+04
1.354200000000000000e+04
1.352700000000000000e+04
1.368400000000000000e+04
1.358700000000000000e+04
1.364700000000000000e+04
1.367500000000000000e+04
1.360200000000000000e+04
1.368300000000000000e+04
1.377000000000000000e+04
1.373000000000000000e+04
1.378500000000000000e+04
1.367600000000000000e+04
1.395000000000000000e+04
1.363500000000000000e+04
1.376400000000000000e+04
1.377400000000000000e+04
1.381900000000000000e+04
1.377200000000000000e+04
1.386600000000000000e+04
1.390000000000000000e+04
1.381500000000000000e+04
1.373800000000000000e+04
1.380800000000000000e+04
1.373500000000000000e+04
1.392400000000000000e+04
1.390600000000000000e+04
1.382400000000000000e+04
1.384800000000000000e+04
1.373700000000000000e+04
1.383900000000000000e+04
1.388700000000000000e+04
1.393500000000000000e+04
1.398800000000000000e+04
1.417700000000000000e+04
1.416100000000000000e+04
1.406500000000000000e+04
1.397300000000000000e+04
1.396300000000000000e+04
1.388600000000000000e+04
1.406500000000000000e+04
1.400100000000000000e+04
1.405300000000000000e+04
1.410100000000000000e+04
1.397100000000000000e+04
1.397700000000000000e+04
1.407800000000000000e+04
1.405700000000000000e+04
1.387300000000000000e+04
1.388100000000000000e+04
1.380500000000000000e+04
1.395900000000000000e+04
1.372900000000000000e+04
1.345700000000000000e+04
1.335800000000000000e+04
1.347000000000000000e+04
1.322600000000000000e+04
1.324900000000000000e+04
1.324600000000000000e+04
1.316300000000000000e+04
1.312000000000000000e+04
1.319100000000000000e+04
1.317800000000000000e+04
1.312300000000000000e+04
1.320900000000000000e+04
1.319900000000000000e+04
1.302600000000000000e+04
1.320400000000000000e+04
1.303800000000000000e+04
1.302500000000000000e+04
1.309300000000000000e+04
1.284800000000000000e+04
1.288400000000000000e+04
1.286800000000000000e+04
1.282900000000000000e+04
1.264100000000000000e+04
1.274700000000000000e+04
1.274000000000000000e+04
1.278000000000000000e+04
1.267300000000000000e+04
1.266200000000000000e+04
1.241400000000000000e+04
1.256800000000000000e+04
1.233200000000000000e+04
1.226500000000000000e+04
1.220800000000000000e+04
1.228300000000000000e+04
1.226300000000000000e+04
1.221900000000000000e+04
1.226200000000000000e+04
1.229200000000000000e+04
1.222500000000000000e+04
1.227400000000000000e+04
1.212600000000000000e+04
1.197600000000000000e+04
1.201900000000000000e+04
1.182200000000000000e+04
1.184400000000000000e+04
1.190700000000000000e+04
1.181900000000000000e+04
1.196500000000000000e+04
1.186000000000000000e+04
1.186300000000000000e+04
1.182500000000000000e+04
1.188100000000000000e+04
1.172100000000000000e+04
1.165500000000000000e+04
1.162100000000000000e+04
1.152900000000000000e+04
1.171400000000000000e+04
1.151700000000000000e+04
1.125800000000000000e+04
1.134900000000000000e+04
1.135400000000000000e+04
1.121200000000000000e+04
1.118900000000000000e+04
1.120300000000000000e+04
1.115400000000000000e+04
1.130700000000000000e+04
1.125900000000000000e+04
1.135300000000000000e+04
1.134900000000000000e+04
1.131100000000000000e+04
1.153400000000000000e+04
1.140600000000000000e+04
1.143000000000000000e+04
1.151400000000000000e+04
1.153300000000000000e+04
1.154300000000000000e+04
1.141900000000000000e+04
1.150400000000000000e+04
1.151600000000000000e+04
1.153800000000000000e+04
1.145700000000000000e+04
1.150600000000000000e+04
1.159500000000000000e+04
1.153500000000000000e+04
1.149500000000000000e+04
1.170500000000000000e+04
1.154300000000000000e+04
1.149800000000000000e+04
1.139400000000000000e+04
1.142900000000000000e+04
1.145300000000000000e+04
1.136500000000000000e+04
1.111600000000000000e+04
1.120800000000000000e+04
1.142600000000000000e+04
1.130200000000000000e+04
1.108600000000000000e+04
1.100000000000000000e+04
1.107600000000000000e+04
1.097100000000000000e+04
1.112300000000000000e+04
1.108300000000000000e+04
1.110700000000000000e+04
1.121900000000000000e+04
1.109300000000000000e+04
1.123800000000000000e+04
1.112500000000000000e+04
1.111800000000000000e+04
1.113300000000000000e+04
1.119000000000000000e+04
1.136700000000000000e+04
1.124200000000000000e+04
1.112400000000000000e+04
1.091700000000000000e+04
1.069100000000000000e+04
