3.400000000000000000e+03
3.471000000000000000e+03
3.484000000000000000e+03
3.551000000000000000e+03
3.491000000000000000e+03
3.476000000000000000e+03
3.449000000000000000e+03
3.435000000000000000e+03
3.485000000000000000e+03
3.414000000000000000e+03
3.400000000000000000e+03
3.433000000000000000e+03
3.453000000000000000e+03
3.354000000000000000e+03
3.399000000000000000e+03
3.428000000000000000e+03
3.309000000000000000e+03
3.357000000000000000e+03
3.396000000000000000e+03
3.457000000000000000e+03
3.419000000000000000e+03
3.446000000000000000e+03
3.397000000000000000e+03
3.471000000000000000e+03
3.494000000000000000e+03
3.529000000000000000e+03
3.508000000000000000e+03
3.514000000000000000e+03
3.582000000000000000e+03
3.515000000000000000e+03
3.482000000000000000e+03
3.475000000000000000e+03
3.540000000000000000e+03
3.535000000000000000e+03
3.557000000000000000e+03
3.520000000000000000e+03
3.554000000000000000e+03
3.452000000000000000e+03
3.518000000000000000e+03
3.497000000000000000e+03
3.548000000000000000e+03
3.575000000000000000e+03
3.544000000000000000e+03
3.564000000000000000e+03
3.518000000000000000e+03
3.543000000000000000e+03
3.554000000000000000e+03
3.599000000000000000e+03
3.564000000000000000e+03
3.584000000000000000e+03
3.562000000000000000e+03
3.644000000000000000e+03
3.566000000000000000e+03
3.616000000000000000e+03
3.895000000000000000e+03
3.524000000000000000e+03
3.635000000000000000e+03
3.595000000000000000e+03
3.675000000000000000e+03
3.662000000000000000e+03
3.631000000000000000e+03
3.657000000000000000e+03
3.626000000000000000e+03
3.693000000000000000e+03
3.860000000000000000e+03
3.718000000000000000e+03
3.742000000000000000e+03
3.752000000000000000e+03
3.718000000000000000e+03
3.712000000000000000e+03
3.719000000000000000e+03
3.748000000000000000e+03
3.787000000000000000e+03
3.711000000000000000e+03
3.776000000000000000e+03
3.701000000000000000e+03
3.823000000000000000e+03
3.854000000000000000e+03
3.765000000000000000e+03
3.792000000000000000e+03
3.826000000000000000e+03
3.842000000000000000e+03
3.923000000000000000e+03
3.841000000000000000e+03
3.804000000000000000e+03
3.836000000000000000e+03
3.832000000000000000e+03
3.902000000000000000e+03
3.933000000000000000e+03
3.824000000000000000e+03
3.888000000000000000e+03
4.107000000000000000e+03
3.912000000000000000e+03
3.946000000000000000e+03
3.935000000000000000e+03
3.895000000000000000e+03
3.870000000000000000e+03
3.824000000000000000e+03
3.952000000000000000e+03
3.994000000000000000e+03
3.997000000000000000e+03
3.975000000000000000e+03
3.988000000000000000e+03
3.924000000000000000e+03
3.983000000000000000e+03
3.918000000000000000e+03
3.926000000000000000e+03
3.996000000000000000e+03
3.987000000000000000e+03
4.030000000000000000e+03
3.992000000000000000e+03
3.967000000000000000e+03
3.984000000000000000e+03
4.025000000000000000e+03
3.991000000000000000e+03
4.056000000000000000e+03
4.070000000000000000e+03
4.091000000000000000e+03
4.114000000000000000e+03
4.105000000000000000e+03
4.028000000000000000e+03
4.120000000000000000e+03
4.137000000000000000e+03
4.280000000000000000e+03
4.130000000000000000e+03
4.204000000000000000e+03
4.155000000000000000e+03
4.170000000000000000e+03
4.104000000000000000e+03
4.164000000000000000e+03
4.140000000000000000e+03
4.218000000000000000e+03
4.280000000000000000e+03
4.227000000000000000e+03
4.232000000000000000e+03
4.216000000000000000e+03
4.200000000000000000e+03
4.224000000000000000e+03
4.261000000000000000e+03
4.307000000000000000e+03
4.332000000000000000e+03
4.347000000000000000e+03
4.404000000000000000e+03
4.334000000000000000e+03
4.454000000000000000e+03
4.368000000000000000e+03
4.334000000000000000e+03
4.411000000000000000e+03
4.432000000000000000e+03
4.408000000000000000e+03
4.451000000000000000e+03
4.403000000000000000e+03
4.422000000000000000e+03
4.427000000000000000e+03
4.491000000000000000e+03
4.438000000000000000e+03
4.461000000000000000e+03
4.503000000000000000e+03
4.517000000000000000e+03
4.505000000000000000e+03
4.523000000000000000e+03
4.545000000000000000e+03
4.533000000000000000e+03
4.550000000000000000e+03
4.622000000000000000e+03
4.609000000000000000e+03
4.797000000000000000e+03
4.614000000000000000e+03
4.659000000000000000e+03
4.567000000000000000e+03
4.618000000000000000e+03
4.897000000000000000e+03
4.768000000000000000e+03
4.682000000000000000e+03
4.689000000000000000e+03
4.687000000000000000e+03
4.757000000000000000e+03
4.747000000000000000e+03
4.780000000000000000e+03
4.674000000000000000e+03
4.741000000000000000e+03
4.833000000000000000e+03
4.797000000000000000e+03
4.820000000000000000e+03
4.876000000000000000e+03
5.014000000000000000e+03
4.833000000000000000e+03
4.917000000000000000e+03
4.900000000000000000e+03
4.891000000000000000e+03
4.904000000000000000e+03
4.969000000000000000e+03
4.977000000000000000e+03
4.911000000000000000e+03
4.966000000000000000e+03
4.891000000000000000e+03
4.950000000000000000e+03
4.970000000000000000e+03
4.921000000000000000e+03
5.027000000000000000e+03
5.045000000000000000e+03
5.016000000000000000e+03
5.080000000000000000e+03
5.145000000000000000e+03
5.126000000000000000e+03
5.169000000000000000e+03
5.080000000000000000e+03
5.139000000000000000e+03
5.093000000000000000e+03
5.160000000000000000e+03
5.121000000000000000e+03
5.244000000000000000e+03
5.161000000000000000e+03
5.265000000000000000e+03
5.359000000000000000e+03
5.205000000000000000e+03
5.480000000000000000e+03
5.342000000000000000e+03
5.290000000000000000e+03
5.274000000000000000e+03
5.309000000000000000e+03
5.356000000000000000e+03
5.348000000000000000e+03
5.436000000000000000e+03
5.351000000000000000e+03
5.437000000000000000e+03
5.444000000000000000e+03
5.371000000000000000e+03
5.684000000000000000e+03
5.522000000000000000e+03
5.458000000000000000e+03
5.528000000000000000e+03
5.433000000000000000e+03
5.503000000000000000e+03
5.508000000000000000e+03
5.548000000000000000e+03
5.467000000000000000e+03
5.477000000000000000e+03
5.533000000000000000e+03
5.648000000000000000e+03
5.548000000000000000e+03
5.685000000000000000e+03
5.570000000000000000e+03
5.710000000000000000e+03
5.707000000000000000e+03
5.643000000000000000e+03
5.614000000000000000e+03
5.583000000000000000e+03
5.735000000000000000e+03
5.705000000000000000e+03
5.682000000000000000e+03
5.743000000000000000e+03
5.634000000000000000e+03
5.762000000000000000e+03
5.713000000000000000e+03
5.808000000000000000e+03
5.758000000000000000e+03
5.788000000000000000e+03
5.719000000000000000e+03
5.794000000000000000e+03
5.780000000000000000e+03
5.804000000000000000e+03
5.839000000000000000e+03
5.873000000000000000e+03
5.852000000000000000e+03
5.859000000000000000e+03
5.892000000000000000e+03
5.858000000000000000e+03
5.933000000000000000e+03
5.923000000000000000e+03
5.909000000000000000e+03
6.051000000000000000e+03
5.936000000000000000e+03
5.970000000000000000e+03
5.954000000000000000e+03
5.858000000000000000e+03
5.957000000000000000e+03
5.988000000000000000e+03
6.196000000000000000e+03
6.060000000000000000e+03
5.944000000000000000e+03
5.982000000000000000e+03
6.048000000000000000e+03
6.035000000000000000e+03
6.132000000000000000e+03
6.120000000000000000e+03
6.075000000000000000e+03
5.963000000000000000e+03
6.141000000000000000e+03
6.123000000000000000e+03
6.104000000000000000e+03
6.001000000000000000e+03
6.225000000000000000e+03
6.125000000000000000e+03
6.138000000000000000e+03
6.192000000000000000e+03
6.154000000000000000e+03
6.210000000000000000e+03
6.242000000000000000e+03
6.292000000000000000e+03
6.180000000000000000e+03
6.283000000000000000e+03
6.296000000000000000e+03
6.292000000000000000e+03
6.343000000000000000e+03
6.332000000000000000e+03
6.278000000000000000e+03
6.355000000000000000e+03
6.479000000000000000e+03
6.466000000000000000e+03
6.443000000000000000e+03
6.452000000000000000e+03
6.489000000000000000e+03
6.546000000000000000e+03
6.567000000000000000e+03
6.505000000000000000e+03
6.635000000000000000e+03
6.618000000000000000e+03
6.532000000000000000e+03
6.577000000000000000e+03
6.706000000000000000e+03
6.690000000000000000e+03
6.687000000000000000e+03
6.688000000000000000e+03
6.606000000000000000e+03
6.799000000000000000e+03
6.667000000000000000e+03
6.762000000000000000e+03
6.747000000000000000e+03
6.836000000000000000e+03
6.798000000000000000e+03
6.821000000000000000e+03
6.811000000000000000e+03
6.797000000000000000e+03
6.875000000000000000e+03
6.868000000000000000e+03
6.989000000000000000e+03
7.002000000000000000e+03
7.002000000000000000e+03
7.082000000000000000e+03
6.979000000000000000e+03
7.037000000000000000e+03
7.140000000000000000e+03
7.127000000000000000e+03
7.116000000000000000e+03
7.294000000000000000e+03
7.261000000000000000e+03
7.271000000000000000e+03
7.270000000000000000e+03
7.395000000000000000e+03
7.288000000000000000e+03
7.353000000000000000e+03
7.341000000000000000e+03
7.831000000000000000e+03
7.377000000000000000e+03
7.459000000000000000e+03
7.414000000000000000e+03
7.454000000000000000e+03
7.466000000000000000e+03
7.537000000000000000e+03
7.610000000000000000e+03
7.587000000000000000e+03
7.627000000000000000e+03
7.620000000000000000e+03
7.753000000000000000e+03
7.620000000000000000e+03
7.537000000000000000e+03
7.741000000000000000e+03
7.615000000000000000e+03
7.797000000000000000e+03
7.755000000000000000e+03
7.746000000000000000e+03
7.726000000000000000e+03
7.793000000000000000e+03
7.725000000000000000e+03
7.694000000000000000e+03
7.744000000000000000e+03
7.700000000000000000e+03
7.777000000000000000e+03
7.873000000000000000e+03
7.887000000000000000e+03
7.899000000000000000e+03
7.931000000000000000e+03
8.057000000000000000e+03
7.930000000000000000e+03
7.885000000000000000e+03
8.018000000000000000e+03
7.985000000000000000e+03
7.969000000000000000e+03
8.059000000000000000e+03
8.049000000000000000e+03
8.100000000000000000e+03
8.002000000000000000e+03
8.174000000000000000e+03
7.937000000000000000e+03
8.169000000000000000e+03
8.200000000000000000e+03
8.239000000000000000e+03
8.240000000000000000e+03
8.201000000000000000e+03
8.189000000000000000e+03
8.212000000000000000e+03
8.285000000000000000e+03
8.300000000000000000e+03
8.445000000000000000e+03
8.346000000000000000e+03
8.391000000000000000e+03
8.282000000000000000e+03
8.391000000000000000e+03
8.441000000000000000e+03
8.459000000000000000e+03
8.561000000000000000e+03
8.504000000000000000e+03
8.418000000000000000e+03
8.846000000000000000e+03
8.565000000000000000e+03
8.678000000000000000e+03
8.752000000000000000e+03
8.631000000000000000e+03
8.807000000000000000e+03
8.781000000000000000e+03
8.815000000000000000e+03
8.720000000000000000e+03
8.905000000000000000e+03
8.854000000000000000e+03
8.801000000000000000e+03
8.857000000000000000e+03
8.967000000000000000e+03
9.025000000000000000e+03
9.204000000000000000e+03
9.109000000000000000e+03
9.046000000000000000e+03
9.174000000000000000e+03
9.254000000000000000e+03
9.183000000000000000e+03
9.269000000000000000e+03
9.335000000000000000e+03
9.331000000000000000e+03
9.439000000000000000e+03
9.513000000000000000e+03
9.474000000000000000e+03
9.509000000000000000e+03
9.569000000000000000e+03
9.625000000000000000e+03
9.562000000000000000e+03
9.592000000000000000e+03
9.742000000000000000e+03
9.758000000000000000e+03
9.773000000000000000e+03
9.732000000000000000e+03
9.847000000000000000e+03
9.836000000000000000e+03
9.899000000000000000e+03
9.942000000000000000e+03
9.980000000000000000e+03
1.011400000000000000e+04
1.000800000000000000e+04
1.016200000000000000e+04
1.021600000000000000e+04
1.023500000000000000e+04
1.016300000000000000e+04
1.023500000000000000e+04
1.027200000000000000e+04
1.026800000000000000e+04
1.030200000000000000e+04
1.022200000000000000e+04
1.027700000000000000e+04
1.041100000000000000e+04
1.039900000000000000e+04
1.042300000000000000e+04
1.035100000000000000e+04
1.028900000000000000e+04
1.051300000000000000e+04
1.048600000000000000e+04
1.038100000000000000e+04
1.043800000000000000e+04
1.049400000000000000e+04
1.055000000000000000e+04
1.043600000000000000e+04
1.054200000000000000e+04
1.056000000000000000e+04
1.059200000000000000e+04
1.059600000000000000e+04
1.062000000000000000e+04
1.063500000000000000e+04
1.068300000000000000e+04
1.077100000000000000e+04
1.067500000000000000e+04
1.063100000000000000e+04
1.072500000000000000e+04
1.079300000000000000e+04
1.068600000000000000e+04
1.078600000000000000e+04
1.077800000000000000e+04
1.076100000000000000e+04
1.086900000000000000e+04
1.085500000000000000e+04
1.103200000000000000e+04
1.091500000000000000e+04
1.099000000000000000e+04
1.103400000000000000e+04
1.073300000000000000e+04
1.093600000000000000e+04
1.099400000000000000e+04
1.104700000000000000e+04
1.104800000000000000e+04
1.109400000000000000e+04
1.116300000000000000e+04
1.109200000000000000e+04
1.101300000000000000e+04
1.102000000000000000e+04
1.119900000000000000e+04
1.095400000000000000e+04
1.101100000000000000e+04
1.121000000000000000e+04
1.099500000000000000e+04
1.110100000000000000e+04
1.122000000000000000e+04
1.092100000000000000e+04
1.110400000000000000e+04
1.097300000000000000e+04
1.102200000000000000e+04
1.107200000000000000e+04
1.107000000000000000e+04
1.098400000000000000e+04
1.118600000000000000e+04
1.111900000000000000e+04
1.105200000000000000e+04
1.096800000000000000e+04
1.092800000000000000e+04
1.109200000000000000e+04
1.124200000000000000e+04
1.108700000000000000e+04
1.126800000000000000e+04
1.118300000000000000e+04
1.114700000000000000e+04
1.111100000000000000e+04
1.118100000000000000e+04
1.109600000000000000e+04
1.106500000000000000e+04
1.114600000000000000e+04
1.111300000000000000e+04
1.107300000000000000e+04
1.129100000000000000e+04
1.122900000000000000e+04
1.123600000000000000e+04
1.117300000000000000e+04
1.121700000000000000e+04
1.108200000000000000e+04
1.126100000000000000e+04
1.116300000000000000e+04
1.120500000000000000e+04
1.120900000000000000e+04
1.123500000000000000e+04
1.124500000000000000e+04
1.124900000000000000e+04
1.136100000000000000e+04
1.130200000000000000e+04
1.130100000000000000e+04
1.148200000000000000e+04
1.149300000000000000e+04
1.134200000000000000e+04
1.139100000000000000e+04
1.124900000000000000e+04
1.139500000000000000e+04
1.147300000000000000e+04
1.152400000000000000e+04
1.147000000000000000e+04
1.152600000000000000e+04
1.147700000000000000e+04
1.158200000000000000e+04
1.151500000000000000e+04
1.152000000000000000e+04
1.169200000000000000e+04
1.151800000000000000e+04
1.143100000000000000e+04
1.153300000000000000e+04
1.149500000000000000e+04
1.167600000000000000e+04
1.179200000000000000e+04
1.155400000000000000e+04
1.161700000000000000e+04
1.178200000000000000e+04
1.184700000000000000e+04
1.191900000000000000e+04
1.184700000000000000e+04
1.174500000000000000e+04
1.178000000000000000e+04
1.177000000000000000e+04
1.183800000000000000e+04
1.170900000000000000e+04
1.174600000000000000e+04
1.168000000000000000e+04
1.167500000000000000e+04
1.200300000000000000e+04
1.169400000000000000e+04
1.164000000000000000e+04
1.186300000000000000e+04
1.183800000000000000e+04
1.199800000000000000e+04
1.189600000000000000e+04
1.179100000000000000e+04
1.188100000000000000e+04
1.186800000000000000e+04
1.199900000000000000e+04
1.194700000000000000e+04
1.198100000000000000e+04
1.198100000000000000e+04
1.197200000000000000e+04
1.205400000000000000e+04
1.210600000000000000e+04
1.220100000000000000e+04
1.203800000000000000e+04
1.249200000000000000e+04
1.235100000000000000e+04
1.229900000000000000e+04
1.233400000000000000e+04
1.236300000000000000e+04
1.233200000000000000e+04
1.220900000000000000e+04
1.230500000000000000e+04
1.232800000000000000e+04
1.243800000000000000e+04
1.236300000000000000e+04
1.251800000000000000e+04
1.255400000000000000e+04
1.250000000000000000e+04
1.260300000000000000e+04
1.240600000000000000e+04
1.257100000000000000e+04
1.251200000000000000e+04
1.240300000000000000e+04
1.247000000000000000e+04
1.250000000000000000e+04
1.239300000000000000e+04
1.252400000000000000e+04
1.249700000000000000e+04
1.231500000000000000e+04
1.241200000000000000e+04
1.231400000000000000e+04
1.230000000000000000e+04
1.238200000000000000e+04
1.236100000000000000e+04
1.231600000000000000e+04
1.255500000000000000e+04
1.252800000000000000e+04
1.254400000000000000e+04
1.264500000000000000e+04
1.252700000000000000e+04
1.239400000000000000e+04
1.227900000000000000e+04
1.219900000000000000e+04
1.220500000000000000e+04
1.228500000000000000e+04
1.210000000000000000e+04
1.217300000000000000e+04
1.217400000000000000e+04
1.202600000000000000e+04
1.209300000000000000e+04
1.201900000000000000e+04
1.211400000000000000e+04
1.172400000000000000e+04
1.201600000000000000e+04
1.180200000000000000e+04
1.194200000000000000e+04
1.175200000000000000e+04
1.184800000000000000e+04
1.184700000000000000e+04
1.202000000000000000e+04
1.182700000000000000e+04
1.190300000000000000e+04
1.173200000000000000e+04
1.159800000000000000e+04
1.157600000000000000e+04
1.182600000000000000e+04
1.153300000000000000e+04
1.131100000000000000e+04
1.129500000000000000e+04
1.145200000000000000e+04
1.141100000000000000e+04
1.139000000000000000e+04
1.141800000000000000e+04
1.132500000000000000e+04
1.141100000000000000e+04
1.134100000000000000e+04
1.130300000000000000e+04
1.120700000000000000e+04
1.108500000000000000e+04
1.102100000000000000e+04
1.089700000000000000e+04
1.078900000000000000e+04
1.066900000000000000e+04
1.065000000000000000e+04
1.074500000000000000e+04
1.078600000000000000e+04
1.066900000000000000e+04
1.064100000000000000e+04
1.058000000000000000e+04
1.058900000000000000e+04
1.054700000000000000e+04
1.050500000000000000e+04
1.048600000000000000e+04
1.026400000000000000e+04
1.062500000000000000e+04
1.037300000000000000e+04
1.030600000000000000e+04
1.042300000000000000e+04
1.036800000000000000e+04
1.036500000000000000e+04
1.036600000000000000e+04
1.041900000000000000e+04
1.047000000000000000e+04
1.037500000000000000e+04
1.025800000000000000e+04
1.027900000000000000e+04
1.022200000000000000e+04
1.017900000000000000e+04
1.024100000000000000e+04
1.022700000000000000e+04
1.035700000000000000e+04
1.037600000000000000e+04
1.041000000000000000e+04
1.038500000000000000e+04
1.031300000000000000e+04
1.037700000000000000e+04
1.012400000000000000e+04
1.018700000000000000e+04
1.040100000000000000e+04
1.003700000000000000e+04
1.024600000000000000e+04
1.031100000000000000e+04
1.027400000000000000e+04
1.028600000000000000e+04
1.028200000000000000e+04
1.039200000000000000e+04
1.016100000000000000e+04
1.019200000000000000e+04
1.004700000000000000e+04
1.021900000000000000e+04
1.006700000000000000e+04
1.019300000000000000e+04
1.021600000000000000e+04
1.024600000000000000e+04
1.021000000000000000e+04
1.015300000000000000e+04
1.007400000000000000e+04
1.017200000000000000e+04
9.912000000000000000e+03
9.995000000000000000e+03
9.965000000000000000e+03
9.628000000000000000e+03
9.772000000000000000e+03
9.896000000000000000e+03
9.789000000000000000e+03
1.003400000000000000e+04
9.975000000000000000e+03
9.927000000000000000e+03
1.007600000000000000e+04
9.797000000000000000e+03
9.843000000000000000e+03
9.897000000000000000e+03
9.801000000000000000e+03
9.740000000000000000e+03
9.778000000000000000e+03
9.526000000000000000e+03
