3.877000000000000000e+03
3.932000000000000000e+03
3.840000000000000000e+03
3.930000000000000000e+03
3.983000000000000000e+03
4.057000000000000000e+03
3.939000000000000000e+03
4.012000000000000000e+03
3.919000000000000000e+03
3.902000000000000000e+03
3.846000000000000000e+03
3.818000000000000000e+03
3.820000000000000000e+03
3.794000000000000000e+03
3.727000000000000000e+03
3.752000000000000000e+03
3.803000000000000000e+03
3.707000000000000000e+03
3.831000000000000000e+03
3.937000000000000000e+03
3.996000000000000000e+03
3.977000000000000000e+03
4.089000000000000000e+03
4.073000000000000000e+03
4.101000000000000000e+03
4.028000000000000000e+03
4.033000000000000000e+03
4.001000000000000000e+03
3.946000000000000000e+03
4.006000000000000000e+03
4.032000000000000000e+03
3.925000000000000000e+03
3.958000000000000000e+03
4.027000000000000000e+03
4.063000000000000000e+03
4.044000000000000000e+03
4.053000000000000000e+03
4.039000000000000000e+03
4.062000000000000000e+03
4.030000000000000000e+03
4.079000000000000000e+03
4.097000000000000000e+03
4.105000000000000000e+03
4.088000000000000000e+03
4.072000000000000000e+03
4.141000000000000000e+03
4.125000000000000000e+03
4.125000000000000000e+03
4.072000000000000000e+03
4.144000000000000000e+03
4.073000000000000000e+03
4.145000000000000000e+03
4.149000000000000000e+03
4.099000000000000000e+03
4.123000000000000000e+03
4.233000000000000000e+03
4.214000000000000000e+03
4.145000000000000000e+03
4.162000000000000000e+03
4.205000000000000000e+03
4.169000000000000000e+03
4.183000000000000000e+03
4.262000000000000000e+03
4.263000000000000000e+03
4.289000000000000000e+03
4.305000000000000000e+03
4.294000000000000000e+03
4.240000000000000000e+03
4.253000000000000000e+03
4.294000000000000000e+03
4.273000000000000000e+03
4.304000000000000000e+03
4.271000000000000000e+03
4.309000000000000000e+03
4.268000000000000000e+03
4.318000000000000000e+03
4.336000000000000000e+03
4.261000000000000000e+03
4.401000000000000000e+03
4.387000000000000000e+03
4.372000000000000000e+03
4.379000000000000000e+03
4.350000000000000000e+03
4.338000000000000000e+03
4.362000000000000000e+03
4.287000000000000000e+03
4.353000000000000000e+03
4.404000000000000000e+03
4.420000000000000000e+03
4.420000000000000000e+03
4.405000000000000000e+03
4.430000000000000000e+03
4.512000000000000000e+03
4.440000000000000000e+03
4.464000000000000000e+03
4.513000000000000000e+03
4.556000000000000000e+03
4.463000000000000000e+03
4.492000000000000000e+03
4.568000000000000000e+03
4.809000000000000000e+03
4.588000000000000000e+03
4.557000000000000000e+03
4.564000000000000000e+03
4.575000000000000000e+03
4.625000000000000000e+03
4.571000000000000000e+03
4.565000000000000000e+03
4.639000000000000000e+03
4.781000000000000000e+03
4.690000000000000000e+03
4.634000000000000000e+03
4.681000000000000000e+03
4.598000000000000000e+03
4.626000000000000000e+03
4.624000000000000000e+03
4.676000000000000000e+03
4.682000000000000000e+03
4.748000000000000000e+03
4.720000000000000000e+03
4.703000000000000000e+03
4.736000000000000000e+03
4.695000000000000000e+03
4.815000000000000000e+03
4.788000000000000000e+03
4.826000000000000000e+03
4.807000000000000000e+03
4.789000000000000000e+03
4.882000000000000000e+03
4.848000000000000000e+03
4.884000000000000000e+03
4.937000000000000000e+03
4.845000000000000000e+03
4.863000000000000000e+03
4.936000000000000000e+03
4.971000000000000000e+03
4.881000000000000000e+03
5.065000000000000000e+03
4.953000000000000000e+03
5.143000000000000000e+03
5.049000000000000000e+03
4.989000000000000000e+03
5.045000000000000000e+03
5.045000000000000000e+03
5.069000000000000000e+03
5.030000000000000000e+03
5.077000000000000000e+03
5.038000000000000000e+03
5.125000000000000000e+03
5.161000000000000000e+03
5.152000000000000000e+03
5.142000000000000000e+03
5.116000000000000000e+03
5.174000000000000000e+03
5.406000000000000000e+03
5.180000000000000000e+03
5.159000000000000000e+03
5.495000000000000000e+03
5.271000000000000000e+03
5.263000000000000000e+03
5.212000000000000000e+03
5.286000000000000000e+03
5.318000000000000000e+03
5.337000000000000000e+03
5.305000000000000000e+03
5.283000000000000000e+03
5.360000000000000000e+03
5.404000000000000000e+03
5.394000000000000000e+03
5.421000000000000000e+03
5.378000000000000000e+03
5.387000000000000000e+03
5.467000000000000000e+03
5.431000000000000000e+03
5.550000000000000000e+03
5.475000000000000000e+03
5.597000000000000000e+03
5.578000000000000000e+03
5.521000000000000000e+03
5.603000000000000000e+03
5.570000000000000000e+03
5.670000000000000000e+03
5.704000000000000000e+03
5.641000000000000000e+03
5.637000000000000000e+03
5.672000000000000000e+03
5.727000000000000000e+03
5.687000000000000000e+03
5.761000000000000000e+03
5.794000000000000000e+03
5.680000000000000000e+03
5.749000000000000000e+03
5.786000000000000000e+03
5.830000000000000000e+03
5.852000000000000000e+03
5.876000000000000000e+03
5.789000000000000000e+03
5.919000000000000000e+03
5.959000000000000000e+03
5.875000000000000000e+03
5.908000000000000000e+03
5.930000000000000000e+03
5.965000000000000000e+03
5.937000000000000000e+03
5.997000000000000000e+03
5.999000000000000000e+03
5.995000000000000000e+03
6.061000000000000000e+03
5.970000000000000000e+03
6.038000000000000000e+03
5.961000000000000000e+03
6.161000000000000000e+03
6.125000000000000000e+03
6.196000000000000000e+03
6.079000000000000000e+03
6.241000000000000000e+03
6.265000000000000000e+03
6.185000000000000000e+03
6.295000000000000000e+03
6.285000000000000000e+03
6.261000000000000000e+03
6.246000000000000000e+03
6.330000000000000000e+03
6.418000000000000000e+03
6.401000000000000000e+03
6.334000000000000000e+03
6.392000000000000000e+03
6.304000000000000000e+03
6.607000000000000000e+03
6.477000000000000000e+03
6.415000000000000000e+03
6.460000000000000000e+03
6.432000000000000000e+03
6.429000000000000000e+03
6.354000000000000000e+03
6.493000000000000000e+03
6.504000000000000000e+03
6.519000000000000000e+03
6.457000000000000000e+03
6.575000000000000000e+03
6.558000000000000000e+03
6.652000000000000000e+03
6.606000000000000000e+03
6.689000000000000000e+03
6.685000000000000000e+03
6.695000000000000000e+03
6.615000000000000000e+03
6.707000000000000000e+03
6.737000000000000000e+03
6.726000000000000000e+03
6.733000000000000000e+03
6.777000000000000000e+03
6.834000000000000000e+03
6.698000000000000000e+03
6.724000000000000000e+03
6.801000000000000000e+03
6.786000000000000000e+03
6.816000000000000000e+03
6.848000000000000000e+03
6.808000000000000000e+03
6.869000000000000000e+03
6.936000000000000000e+03
6.879000000000000000e+03
6.988000000000000000e+03
6.947000000000000000e+03
6.817000000000000000e+03
6.912000000000000000e+03
6.897000000000000000e+03
7.296000000000000000e+03
7.193000000000000000e+03
7.102000000000000000e+03
7.107000000000000000e+03
6.994000000000000000e+03
7.023000000000000000e+03
7.109000000000000000e+03
7.071000000000000000e+03
7.042000000000000000e+03
7.059000000000000000e+03
7.049000000000000000e+03
7.058000000000000000e+03
7.114000000000000000e+03
7.043000000000000000e+03
7.046000000000000000e+03
7.094000000000000000e+03
7.095000000000000000e+03
7.143000000000000000e+03
7.058000000000000000e+03
7.180000000000000000e+03
7.219000000000000000e+03
7.233000000000000000e+03
7.233000000000000000e+03
7.211000000000000000e+03
7.240000000000000000e+03
7.225000000000000000e+03
7.218000000000000000e+03
7.298000000000000000e+03
7.306000000000000000e+03
7.288000000000000000e+03
7.405000000000000000e+03
7.407000000000000000e+03
7.443000000000000000e+03
7.663000000000000000e+03
7.420000000000000000e+03
7.442000000000000000e+03
7.461000000000000000e+03
7.558000000000000000e+03
7.421000000000000000e+03
7.443000000000000000e+03
7.444000000000000000e+03
7.558000000000000000e+03
7.528000000000000000e+03
7.594000000000000000e+03
7.598000000000000000e+03
7.535000000000000000e+03
7.787000000000000000e+03
7.659000000000000000e+03
7.572000000000000000e+03
7.719000000000000000e+03
7.822000000000000000e+03
7.838000000000000000e+03
7.725000000000000000e+03
7.808000000000000000e+03
7.910000000000000000e+03
7.832000000000000000e+03
7.935000000000000000e+03
7.997000000000000000e+03
8.027000000000000000e+03
7.995000000000000000e+03
8.067000000000000000e+03
8.010000000000000000e+03
8.065000000000000000e+03
8.150000000000000000e+03
8.181000000000000000e+03
8.137000000000000000e+03
8.212000000000000000e+03
8.265000000000000000e+03
8.327000000000000000e+03
8.326000000000000000e+03
8.282000000000000000e+03
8.264000000000000000e+03
8.197000000000000000e+03
8.386000000000000000e+03
8.331000000000000000e+03
8.507000000000000000e+03
8.448000000000000000e+03
8.458000000000000000e+03
8.515000000000000000e+03
8.806000000000000000e+03
8.730000000000000000e+03
8.608000000000000000e+03
8.639000000000000000e+03
8.701000000000000000e+03
8.759000000000000000e+03
8.668000000000000000e+03
8.799000000000000000e+03
8.686000000000000000e+03
8.854000000000000000e+03
8.878000000000000000e+03
8.899000000000000000e+03
9.154000000000000000e+03
8.891000000000000000e+03
8.952000000000000000e+03
8.912000000000000000e+03
8.997000000000000000e+03
9.000000000000000000e+03
9.013000000000000000e+03
8.947000000000000000e+03
9.055000000000000000e+03
9.062000000000000000e+03
9.079000000000000000e+03
9.013000000000000000e+03
9.013000000000000000e+03
9.101000000000000000e+03
9.123000000000000000e+03
9.153000000000000000e+03
9.158000000000000000e+03
9.214000000000000000e+03
9.238000000000000000e+03
9.158000000000000000e+03
9.253000000000000000e+03
9.280000000000000000e+03
9.384000000000000000e+03
9.287000000000000000e+03
9.267000000000000000e+03
9.314000000000000000e+03
9.280000000000000000e+03
9.507000000000000000e+03
9.514000000000000000e+03
9.377000000000000000e+03
9.511000000000000000e+03
9.563000000000000000e+03
9.446000000000000000e+03
9.600000000000000000e+03
9.509000000000000000e+03
9.573000000000000000e+03
9.621000000000000000e+03
9.704000000000000000e+03
9.668000000000000000e+03
9.754000000000000000e+03
9.645000000000000000e+03
9.890000000000000000e+03
9.788000000000000000e+03
9.799000000000000000e+03
9.780000000000000000e+03
9.865000000000000000e+03
1.000700000000000000e+04
9.960000000000000000e+03
9.930000000000000000e+03
1.001600000000000000e+04
9.970000000000000000e+03
1.007800000000000000e+04
1.010300000000000000e+04
1.016400000000000000e+04
1.006300000000000000e+04
1.014000000000000000e+04
1.017500000000000000e+04
1.016500000000000000e+04
1.050000000000000000e+04
1.027800000000000000e+04
1.032400000000000000e+04
1.049300000000000000e+04
1.046200000000000000e+04
1.052800000000000000e+04
1.053900000000000000e+04
1.059900000000000000e+04
1.054200000000000000e+04
1.061500000000000000e+04
1.070000000000000000e+04
1.068200000000000000e+04
1.074200000000000000e+04
1.081100000000000000e+04
1.087000000000000000e+04
1.075200000000000000e+04
1.086700000000000000e+04
1.094400000000000000e+04
1.096200000000000000e+04
1.098000000000000000e+04
1.100400000000000000e+04
1.124100000000000000e+04
1.116800000000000000e+04
1.121900000000000000e+04
1.120000000000000000e+04
1.130800000000000000e+04
1.129300000000000000e+04
1.142000000000000000e+04
1.140500000000000000e+04
1.149900000000000000e+04
1.151200000000000000e+04
1.163800000000000000e+04
1.144000000000000000e+04
1.157000000000000000e+04
1.160100000000000000e+04
1.155600000000000000e+04
1.166400000000000000e+04
1.182700000000000000e+04
1.185100000000000000e+04
1.176600000000000000e+04
1.201900000000000000e+04
1.178000000000000000e+04
1.201800000000000000e+04
1.192500000000000000e+04
1.211600000000000000e+04
1.212200000000000000e+04
1.203600000000000000e+04
1.212400000000000000e+04
1.221700000000000000e+04
1.223200000000000000e+04
1.228800000000000000e+04
1.236000000000000000e+04
1.217600000000000000e+04
1.218100000000000000e+04
1.231900000000000000e+04
1.228400000000000000e+04
1.239500000000000000e+04
1.244700000000000000e+04
1.238600000000000000e+04
1.232200000000000000e+04
1.240300000000000000e+04
1.244200000000000000e+04
1.233300000000000000e+04
1.252400000000000000e+04
1.250800000000000000e+04
1.237400000000000000e+04
1.258400000000000000e+04
1.247000000000000000e+04
1.251500000000000000e+04
1.262000000000000000e+04
1.263200000000000000e+04
1.260700000000000000e+04
1.268400000000000000e+04
1.263700000000000000e+04
1.267900000000000000e+04
1.273200000000000000e+04
1.270100000000000000e+04
1.279900000000000000e+04
1.282500000000000000e+04
1.279400000000000000e+04
1.277100000000000000e+04
1.285400000000000000e+04
1.292100000000000000e+04
1.294100000000000000e+04
1.285200000000000000e+04
1.288600000000000000e+04
1.303100000000000000e+04
1.288500000000000000e+04
1.296600000000000000e+04
1.285100000000000000e+04
1.304300000000000000e+04
1.300200000000000000e+04
1.304900000000000000e+04
1.297600000000000000e+04
1.294600000000000000e+04
1.288500000000000000e+04
1.299900000000000000e+04
1.307000000000000000e+04
1.328800000000000000e+04
1.305600000000000000e+04
1.299800000000000000e+04
1.296500000000000000e+04
1.301500000000000000e+04
1.300700000000000000e+04
1.298700000000000000e+04
1.300800000000000000e+04
1.301700000000000000e+04
1.303000000000000000e+04
1.301300000000000000e+04
1.315700000000000000e+04
1.298400000000000000e+04
1.304600000000000000e+04
1.314400000000000000e+04
1.304600000000000000e+04
1.305700000000000000e+04
1.312700000000000000e+04
1.300000000000000000e+04
1.302000000000000000e+04
1.299500000000000000e+04
1.322200000000000000e+04
1.307300000000000000e+04
1.306400000000000000e+04
1.311200000000000000e+04
1.310900000000000000e+04
1.316400000000000000e+04
1.335800000000000000e+04
1.303600000000000000e+04
1.315100000000000000e+04
1.322500000000000000e+04
1.332300000000000000e+04
1.337900000000000000e+04
1.312400000000000000e+04
1.317300000000000000e+04
1.333400000000000000e+04
1.336900000000000000e+04
1.329700000000000000e+04
1.318400000000000000e+04
1.314500000000000000e+04
1.337900000000000000e+04
1.322900000000000000e+04
1.322600000000000000e+04
1.335900000000000000e+04
1.342100000000000000e+04
1.335300000000000000e+04
1.338900000000000000e+04
1.356000000000000000e+04
1.354500000000000000e+04
1.343700000000000000e+04
1.347700000000000000e+04
1.362500000000000000e+04
1.358300000000000000e+04
1.378500000000000000e+04
1.370600000000000000e+04
1.354200000000000000e+04
1.364200000000000000e+04
1.370100000000000000e+04
1.371000000000000000e+04
1.372300000000000000e+04
1.382300000000000000e+04
1.383500000000000000e+04
1.395000000000000000e+04
1.379900000000000000e+04
1.398600000000000000e+04
1.402100000000000000e+04
1.389400000000000000e+04
1.395600000000000000e+04
1.385400000000000000e+04
1.413900000000000000e+04
1.390100000000000000e+04
1.395900000000000000e+04
1.390700000000000000e+04
1.405600000000000000e+04
1.436200000000000000e+04
1.424200000000000000e+04
1.429700000000000000e+04
1.433300000000000000e+04
1.421100000000000000e+04
1.426300000000000000e+04
1.432300000000000000e+04
1.434500000000000000e+04
1.421400000000000000e+04
1.442500000000000000e+04
1.423400000000000000e+04
1.420500000000000000e+04
1.437400000000000000e+04
1.450800000000000000e+04
1.440600000000000000e+04
1.462000000000000000e+04
1.448900000000000000e+04
1.434800000000000000e+04
1.450000000000000000e+04
1.447100000000000000e+04
1.451900000000000000e+04
1.444900000000000000e+04
1.437600000000000000e+04
1.434400000000000000e+04
1.442900000000000000e+04
1.432600000000000000e+04
1.444200000000000000e+04
1.448000000000000000e+04
1.432700000000000000e+04
1.453700000000000000e+04
1.439100000000000000e+04
1.458000000000000000e+04
1.432400000000000000e+04
1.450500000000000000e+04
1.456900000000000000e+04
1.457000000000000000e+04
1.438400000000000000e+04
1.457100000000000000e+04
1.450200000000000000e+04
1.449400000000000000e+04
1.427100000000000000e+04
1.438700000000000000e+04
1.444600000000000000e+04
1.438700000000000000e+04
1.449600000000000000e+04
1.458500000000000000e+04
1.466600000000000000e+04
1.441600000000000000e+04
1.445700000000000000e+04
1.444300000000000000e+04
1.434600000000000000e+04
1.431500000000000000e+04
1.419500000000000000e+04
1.418100000000000000e+04
1.401800000000000000e+04
1.413600000000000000e+04
1.418500000000000000e+04
1.419400000000000000e+04
1.415700000000000000e+04
1.428000000000000000e+04
1.445600000000000000e+04
1.442900000000000000e+04
1.447900000000000000e+04
1.432600000000000000e+04
1.433500000000000000e+04
1.419600000000000000e+04
1.393300000000000000e+04
1.379700000000000000e+04
1.385100000000000000e+04
1.367300000000000000e+04
1.363200000000000000e+04
1.363700000000000000e+04
1.365700000000000000e+04
1.357700000000000000e+04
1.365800000000000000e+04
1.352300000000000000e+04
1.363800000000000000e+04
1.366900000000000000e+04
1.335400000000000000e+04
1.335600000000000000e+04
1.328100000000000000e+04
1.325500000000000000e+04
1.340600000000000000e+04
1.338800000000000000e+04
1.340300000000000000e+04
1.339800000000000000e+04
1.320500000000000000e+04
1.328400000000000000e+04
1.312800000000000000e+04
1.298600000000000000e+04
1.316800000000000000e+04
1.291300000000000000e+04
1.305500000000000000e+04
1.281500000000000000e+04
1.285200000000000000e+04
1.279500000000000000e+04
1.260600000000000000e+04
1.236500000000000000e+04
1.229800000000000000e+04
1.216800000000000000e+04
1.223000000000000000e+04
1.205600000000000000e+04
1.216500000000000000e+04
1.199600000000000000e+04
1.209600000000000000e+04
1.209600000000000000e+04
1.213900000000000000e+04
1.222600000000000000e+04
1.220800000000000000e+04
1.220000000000000000e+04
1.217200000000000000e+04
1.212100000000000000e+04
1.194000000000000000e+04
1.194000000000000000e+04
1.209100000000000000e+04
1.214400000000000000e+04
1.216900000000000000e+04
1.222400000000000000e+04
1.211900000000000000e+04
1.226500000000000000e+04
1.225500000000000000e+04
1.203700000000000000e+04
1.206800000000000000e+04
1.199300000000000000e+04
1.198500000000000000e+04
1.186600000000000000e+04
1.179700000000000000e+04
1.188000000000000000e+04
1.169400000000000000e+04
1.164900000000000000e+04
1.163600000000000000e+04
1.179700000000000000e+04
1.167900000000000000e+04
1.162400000000000000e+04
1.166500000000000000e+04
1.151100000000000000e+04
1.127300000000000000e+04
1.119300000000000000e+04
1.107100000000000000e+04
1.092200000000000000e+04
1.098100000000000000e+04
1.103000000000000000e+04
1.106600000000000000e+04
1.096200000000000000e+04
1.115100000000000000e+04
1.088100000000000000e+04
1.111500000000000000e+04
1.102300000000000000e+04
1.127200000000000000e+04
1.112600000000000000e+04
1.100100000000000000e+04
1.082100000000000000e+04
1.086600000000000000e+04
1.091500000000000000e+04
1.097200000000000000e+04
1.111000000000000000e+04
1.147400000000000000e+04
1.165100000000000000e+04
1.167400000000000000e+04
1.179500000000000000e+04
1.167600000000000000e+04
1.179500000000000000e+04
1.150200000000000000e+04
1.137900000000000000e+04
1.136500000000000000e+04
1.153900000000000000e+04
1.152900000000000000e+04
1.125900000000000000e+04
1.114900000000000000e+04
1.134600000000000000e+04
1.120600000000000000e+04
1.129400000000000000e+04
1.103700000000000000e+04
1.085400000000000000e+04
1.079200000000000000e+04
1.062000000000000000e+04
