3.926000000000000000e+03
3.962000000000000000e+03
4.079000000000000000e+03
3.898000000000000000e+03
3.842000000000000000e+03
3.900000000000000000e+03
3.991000000000000000e+03
4.013000000000000000e+03
4.007000000000000000e+03
3.912000000000000000e+03
3.832000000000000000e+03
3.806000000000000000e+03
3.718000000000000000e+03
3.686000000000000000e+03
3.647000000000000000e+03
3.695000000000000000e+03
3.612000000000000000e+03
3.731000000000000000e+03
3.784000000000000000e+03
3.941000000000000000e+03
3.938000000000000000e+03
3.939000000000000000e+03
4.069000000000000000e+03
3.963000000000000000e+03
4.102000000000000000e+03
3.947000000000000000e+03
3.985000000000000000e+03
4.025000000000000000e+03
4.017000000000000000e+03
3.919000000000000000e+03
4.017000000000000000e+03
3.922000000000000000e+03
3.894000000000000000e+03
4.002000000000000000e+03
3.978000000000000000e+03
4.030000000000000000e+03
4.044000000000000000e+03
4.036000000000000000e+03
4.060000000000000000e+03
4.055000000000000000e+03
4.027000000000000000e+03
4.036000000000000000e+03
4.028000000000000000e+03
4.119000000000000000e+03
4.133000000000000000e+03
4.090000000000000000e+03
4.032000000000000000e+03
4.100000000000000000e+03
4.137000000000000000e+03
4.106000000000000000e+03
4.079000000000000000e+03
4.076000000000000000e+03
4.199000000000000000e+03
4.170000000000000000e+03
3.991000000000000000e+03
4.158000000000000000e+03
4.180000000000000000e+03
4.145000000000000000e+03
4.204000000000000000e+03
4.078000000000000000e+03
4.175000000000000000e+03
4.216000000000000000e+03
4.226000000000000000e+03
4.231000000000000000e+03
4.207000000000000000e+03
4.317000000000000000e+03
4.259000000000000000e+03
4.199000000000000000e+03
4.206000000000000000e+03
4.242000000000000000e+03
4.257000000000000000e+03
4.402000000000000000e+03
4.222000000000000000e+03
4.312000000000000000e+03
4.268000000000000000e+03
4.369000000000000000e+03
4.256000000000000000e+03
4.291000000000000000e+03
4.255000000000000000e+03
4.331000000000000000e+03
4.373000000000000000e+03
4.339000000000000000e+03
4.338000000000000000e+03
4.297000000000000000e+03
4.373000000000000000e+03
4.361000000000000000e+03
4.373000000000000000e+03
4.431000000000000000e+03
4.430000000000000000e+03
4.570000000000000000e+03
4.470000000000000000e+03
4.501000000000000000e+03
4.465000000000000000e+03
4.508000000000000000e+03
4.503000000000000000e+03
4.456000000000000000e+03
4.450000000000000000e+03
4.497000000000000000e+03
4.536000000000000000e+03
4.502000000000000000e+03
4.496000000000000000e+03
4.568000000000000000e+03
4.509000000000000000e+03
4.579000000000000000e+03
4.587000000000000000e+03
4.544000000000000000e+03
4.652000000000000000e+03
4.605000000000000000e+03
4.545000000000000000e+03
4.657000000000000000e+03
4.628000000000000000e+03
4.648000000000000000e+03
4.634000000000000000e+03
4.578000000000000000e+03
4.682000000000000000e+03
4.692000000000000000e+03
4.731000000000000000e+03
4.719000000000000000e+03
4.628000000000000000e+03
4.744000000000000000e+03
4.763000000000000000e+03
4.734000000000000000e+03
4.781000000000000000e+03
4.779000000000000000e+03
4.776000000000000000e+03
4.797000000000000000e+03
4.847000000000000000e+03
4.781000000000000000e+03
4.818000000000000000e+03
4.848000000000000000e+03
4.857000000000000000e+03
4.890000000000000000e+03
4.861000000000000000e+03
4.856000000000000000e+03
4.811000000000000000e+03
4.861000000000000000e+03
5.108000000000000000e+03
4.933000000000000000e+03
5.087000000000000000e+03
4.898000000000000000e+03
4.985000000000000000e+03
4.976000000000000000e+03
5.057000000000000000e+03
5.093000000000000000e+03
5.072000000000000000e+03
5.058000000000000000e+03
5.083000000000000000e+03
5.061000000000000000e+03
5.125000000000000000e+03
5.091000000000000000e+03
5.092000000000000000e+03
5.162000000000000000e+03
5.194000000000000000e+03
5.162000000000000000e+03
5.174000000000000000e+03
5.171000000000000000e+03
5.260000000000000000e+03
5.251000000000000000e+03
5.183000000000000000e+03
5.251000000000000000e+03
5.226000000000000000e+03
5.259000000000000000e+03
5.330000000000000000e+03
5.357000000000000000e+03
5.229000000000000000e+03
5.303000000000000000e+03
5.333000000000000000e+03
5.420000000000000000e+03
5.394000000000000000e+03
5.457000000000000000e+03
5.390000000000000000e+03
5.505000000000000000e+03
5.440000000000000000e+03
5.379000000000000000e+03
5.454000000000000000e+03
5.516000000000000000e+03
5.473000000000000000e+03
5.564000000000000000e+03
5.534000000000000000e+03
5.599000000000000000e+03
5.563000000000000000e+03
5.570000000000000000e+03
5.572000000000000000e+03
5.656000000000000000e+03
5.625000000000000000e+03
5.658000000000000000e+03
5.759000000000000000e+03
5.599000000000000000e+03
5.747000000000000000e+03
5.770000000000000000e+03
5.760000000000000000e+03
5.774000000000000000e+03
5.750000000000000000e+03
5.882000000000000000e+03
5.835000000000000000e+03
5.824000000000000000e+03
5.795000000000000000e+03
5.803000000000000000e+03
5.927000000000000000e+03
5.901000000000000000e+03
5.915000000000000000e+03
5.918000000000000000e+03
5.913000000000000000e+03
5.989000000000000000e+03
5.965000000000000000e+03
5.950000000000000000e+03
5.991000000000000000e+03
6.097000000000000000e+03
6.006000000000000000e+03
6.050000000000000000e+03
6.079000000000000000e+03
6.181000000000000000e+03
6.129000000000000000e+03
6.108000000000000000e+03
6.095000000000000000e+03
6.157000000000000000e+03
6.186000000000000000e+03
6.157000000000000000e+03
6.155000000000000000e+03
6.193000000000000000e+03
6.293000000000000000e+03
6.296000000000000000e+03
6.338000000000000000e+03
6.254000000000000000e+03
6.257000000000000000e+03
6.389000000000000000e+03
6.372000000000000000e+03
6.292000000000000000e+03
6.384000000000000000e+03
6.345000000000000000e+03
6.450000000000000000e+03
6.495000000000000000e+03
6.468000000000000000e+03
6.488000000000000000e+03
6.437000000000000000e+03
6.455000000000000000e+03
6.513000000000000000e+03
6.496000000000000000e+03
6.503000000000000000e+03
6.582000000000000000e+03
6.589000000000000000e+03
6.561000000000000000e+03
6.587000000000000000e+03
6.550000000000000000e+03
6.540000000000000000e+03
6.582000000000000000e+03
6.598000000000000000e+03
6.650000000000000000e+03
6.696000000000000000e+03
6.667000000000000000e+03
6.711000000000000000e+03
6.760000000000000000e+03
6.711000000000000000e+03
6.703000000000000000e+03
6.853000000000000000e+03
6.713000000000000000e+03
6.828000000000000000e+03
6.837000000000000000e+03
6.773000000000000000e+03
6.857000000000000000e+03
6.834000000000000000e+03
6.904000000000000000e+03
6.769000000000000000e+03
6.769000000000000000e+03
6.902000000000000000e+03
6.932000000000000000e+03
6.872000000000000000e+03
6.989000000000000000e+03
6.946000000000000000e+03
6.896000000000000000e+03
6.955000000000000000e+03
6.900000000000000000e+03
6.990000000000000000e+03
6.919000000000000000e+03
6.991000000000000000e+03
6.993000000000000000e+03
6.999000000000000000e+03
6.980000000000000000e+03
7.050000000000000000e+03
6.950000000000000000e+03
7.089000000000000000e+03
7.114000000000000000e+03
7.055000000000000000e+03
6.940000000000000000e+03
7.207000000000000000e+03
7.129000000000000000e+03
7.056000000000000000e+03
7.126000000000000000e+03
7.084000000000000000e+03
7.134000000000000000e+03
7.146000000000000000e+03
7.196000000000000000e+03
7.507000000000000000e+03
7.244000000000000000e+03
7.208000000000000000e+03
7.260000000000000000e+03
7.264000000000000000e+03
7.206000000000000000e+03
7.511000000000000000e+03
7.239000000000000000e+03
7.283000000000000000e+03
7.316000000000000000e+03
7.379000000000000000e+03
7.385000000000000000e+03
7.446000000000000000e+03
7.438000000000000000e+03
7.439000000000000000e+03
7.513000000000000000e+03
7.590000000000000000e+03
7.436000000000000000e+03
7.520000000000000000e+03
7.794000000000000000e+03
7.642000000000000000e+03
7.528000000000000000e+03
7.668000000000000000e+03
7.784000000000000000e+03
7.668000000000000000e+03
7.679000000000000000e+03
7.740000000000000000e+03
7.776000000000000000e+03
7.683000000000000000e+03
7.856000000000000000e+03
7.842000000000000000e+03
7.896000000000000000e+03
7.951000000000000000e+03
7.841000000000000000e+03
7.840000000000000000e+03
7.932000000000000000e+03
8.028000000000000000e+03
7.978000000000000000e+03
8.042000000000000000e+03
8.123000000000000000e+03
8.031000000000000000e+03
8.056000000000000000e+03
8.003000000000000000e+03
8.247000000000000000e+03
8.170000000000000000e+03
8.281000000000000000e+03
8.339000000000000000e+03
8.334000000000000000e+03
8.437000000000000000e+03
8.279000000000000000e+03
8.489000000000000000e+03
8.521000000000000000e+03
8.475000000000000000e+03
8.334000000000000000e+03
8.361000000000000000e+03
8.485000000000000000e+03
8.550000000000000000e+03
8.506000000000000000e+03
8.672000000000000000e+03
8.638000000000000000e+03
8.750000000000000000e+03
8.604000000000000000e+03
8.684000000000000000e+03
8.692000000000000000e+03
8.839000000000000000e+03
8.767000000000000000e+03
8.812000000000000000e+03
8.680000000000000000e+03
8.808000000000000000e+03
8.854000000000000000e+03
8.873000000000000000e+03
8.871000000000000000e+03
8.976000000000000000e+03
9.036000000000000000e+03
9.028000000000000000e+03
8.949000000000000000e+03
8.973000000000000000e+03
9.083000000000000000e+03
9.191000000000000000e+03
9.196000000000000000e+03
9.082000000000000000e+03
9.217000000000000000e+03
9.154000000000000000e+03
9.154000000000000000e+03
9.131000000000000000e+03
9.260000000000000000e+03
9.238000000000000000e+03
9.295000000000000000e+03
9.276000000000000000e+03
9.253000000000000000e+03
9.172000000000000000e+03
9.252000000000000000e+03
9.417000000000000000e+03
9.328000000000000000e+03
9.330000000000000000e+03
9.264000000000000000e+03
9.279000000000000000e+03
9.474000000000000000e+03
9.488000000000000000e+03
9.579000000000000000e+03
9.551000000000000000e+03
9.469000000000000000e+03
9.556000000000000000e+03
9.568000000000000000e+03
9.585000000000000000e+03
9.626000000000000000e+03
9.993000000000000000e+03
9.687000000000000000e+03
9.592000000000000000e+03
9.746000000000000000e+03
9.695000000000000000e+03
9.738000000000000000e+03
9.869000000000000000e+03
9.775000000000000000e+03
9.891000000000000000e+03
9.941000000000000000e+03
9.979000000000000000e+03
9.870000000000000000e+03
9.993000000000000000e+03
1.010500000000000000e+04
1.013800000000000000e+04
1.017400000000000000e+04
1.002700000000000000e+04
1.017400000000000000e+04
1.026500000000000000e+04
1.020000000000000000e+04
1.025500000000000000e+04
1.022100000000000000e+04
1.022800000000000000e+04
1.035400000000000000e+04
1.041900000000000000e+04
1.054100000000000000e+04
1.044500000000000000e+04
1.057900000000000000e+04
1.050300000000000000e+04
1.052200000000000000e+04
1.064900000000000000e+04
1.070200000000000000e+04
1.070500000000000000e+04
1.079000000000000000e+04
1.077900000000000000e+04
1.088600000000000000e+04
1.096400000000000000e+04
1.088200000000000000e+04
1.095100000000000000e+04
1.109800000000000000e+04
1.094000000000000000e+04
1.105600000000000000e+04
1.116000000000000000e+04
1.119300000000000000e+04
1.120800000000000000e+04
1.129500000000000000e+04
1.132800000000000000e+04
1.141600000000000000e+04
1.136900000000000000e+04
1.140300000000000000e+04
1.136500000000000000e+04
1.150800000000000000e+04
1.160800000000000000e+04
1.153800000000000000e+04
1.160600000000000000e+04
1.161700000000000000e+04
1.173600000000000000e+04
1.187500000000000000e+04
1.174700000000000000e+04
1.186300000000000000e+04
1.202900000000000000e+04
1.191500000000000000e+04
1.191300000000000000e+04
1.198600000000000000e+04
1.205700000000000000e+04
1.201300000000000000e+04
1.198600000000000000e+04
1.208900000000000000e+04
1.209200000000000000e+04
1.213000000000000000e+04
1.219000000000000000e+04
1.226800000000000000e+04
1.225800000000000000e+04
1.213100000000000000e+04
1.216700000000000000e+04
1.216300000000000000e+04
1.225500000000000000e+04
1.219500000000000000e+04
1.238100000000000000e+04
1.235300000000000000e+04
1.235000000000000000e+04
1.232900000000000000e+04
1.224600000000000000e+04
1.238500000000000000e+04
1.255000000000000000e+04
1.236300000000000000e+04
1.246600000000000000e+04
1.251100000000000000e+04
1.254900000000000000e+04
1.244300000000000000e+04
1.253000000000000000e+04
1.249500000000000000e+04
1.245000000000000000e+04
1.257400000000000000e+04
1.262900000000000000e+04
1.257200000000000000e+04
1.261400000000000000e+04
1.276300000000000000e+04
1.281100000000000000e+04
1.271700000000000000e+04
1.286800000000000000e+04
1.262400000000000000e+04
1.279000000000000000e+04
1.282500000000000000e+04
1.285300000000000000e+04
1.276000000000000000e+04
1.286400000000000000e+04
1.298300000000000000e+04
1.297700000000000000e+04
1.291400000000000000e+04
1.290000000000000000e+04
1.290300000000000000e+04
1.281700000000000000e+04
1.300500000000000000e+04
1.278000000000000000e+04
1.282300000000000000e+04
1.287400000000000000e+04
1.293400000000000000e+04
1.288900000000000000e+04
1.299500000000000000e+04
1.300600000000000000e+04
1.282300000000000000e+04
1.305200000000000000e+04
1.285700000000000000e+04
1.303800000000000000e+04
1.299200000000000000e+04
1.305300000000000000e+04
1.300000000000000000e+04
1.286100000000000000e+04
1.296800000000000000e+04
1.298000000000000000e+04
1.286500000000000000e+04
1.316700000000000000e+04
1.290100000000000000e+04
1.289500000000000000e+04
1.288300000000000000e+04
1.290200000000000000e+04
1.295000000000000000e+04
1.299000000000000000e+04
1.298200000000000000e+04
1.285300000000000000e+04
1.304000000000000000e+04
1.296000000000000000e+04
1.334000000000000000e+04
1.299500000000000000e+04
1.299000000000000000e+04
1.308700000000000000e+04
1.297500000000000000e+04
1.299900000000000000e+04
1.300500000000000000e+04
1.287900000000000000e+04
1.297000000000000000e+04
1.317700000000000000e+04
1.323400000000000000e+04
1.311000000000000000e+04
1.316100000000000000e+04
1.314700000000000000e+04
1.322900000000000000e+04
1.316400000000000000e+04
1.326000000000000000e+04
1.329400000000000000e+04
1.331400000000000000e+04
1.331400000000000000e+04
1.328000000000000000e+04
1.332000000000000000e+04
1.315100000000000000e+04
1.339200000000000000e+04
1.345200000000000000e+04
1.341900000000000000e+04
1.344700000000000000e+04
1.347400000000000000e+04
1.352800000000000000e+04
1.350000000000000000e+04
1.358100000000000000e+04
1.362500000000000000e+04
1.355900000000000000e+04
1.359100000000000000e+04
1.358000000000000000e+04
1.372100000000000000e+04
1.366500000000000000e+04
1.372900000000000000e+04
1.359000000000000000e+04
1.368000000000000000e+04
1.372900000000000000e+04
1.380200000000000000e+04
1.373800000000000000e+04
1.379100000000000000e+04
1.384400000000000000e+04
1.397400000000000000e+04
1.405900000000000000e+04
1.400700000000000000e+04
1.399000000000000000e+04
1.423900000000000000e+04
1.420400000000000000e+04
1.411700000000000000e+04
1.422500000000000000e+04
1.422000000000000000e+04
1.419700000000000000e+04
1.434400000000000000e+04
1.438900000000000000e+04
1.430600000000000000e+04
1.436700000000000000e+04
1.428100000000000000e+04
1.438700000000000000e+04
1.442200000000000000e+04
1.426400000000000000e+04
1.431700000000000000e+04
1.427000000000000000e+04
1.424500000000000000e+04
1.430300000000000000e+04
1.444400000000000000e+04
1.431800000000000000e+04
1.431100000000000000e+04
1.424200000000000000e+04
1.429300000000000000e+04
1.429200000000000000e+04
1.432800000000000000e+04
1.427400000000000000e+04
1.410400000000000000e+04
1.427700000000000000e+04
1.438700000000000000e+04
1.431200000000000000e+04
1.442000000000000000e+04
1.431500000000000000e+04
1.434500000000000000e+04
1.422600000000000000e+04
1.426000000000000000e+04
1.435600000000000000e+04
1.439700000000000000e+04
1.448600000000000000e+04
1.448800000000000000e+04
1.448400000000000000e+04
1.449600000000000000e+04
1.443700000000000000e+04
1.461100000000000000e+04
1.453200000000000000e+04
1.449100000000000000e+04
1.432000000000000000e+04
1.425000000000000000e+04
1.422600000000000000e+04
1.413600000000000000e+04
1.409400000000000000e+04
1.412000000000000000e+04
1.405200000000000000e+04
1.403500000000000000e+04
1.405100000000000000e+04
1.421200000000000000e+04
1.404300000000000000e+04
1.430800000000000000e+04
1.418900000000000000e+04
1.442900000000000000e+04
1.424800000000000000e+04
1.411700000000000000e+04
1.405600000000000000e+04
1.405000000000000000e+04
1.383700000000000000e+04
1.375600000000000000e+04
1.366200000000000000e+04
1.338800000000000000e+04
1.347900000000000000e+04
1.339400000000000000e+04
1.347500000000000000e+04
1.347900000000000000e+04
1.408400000000000000e+04
1.389300000000000000e+04
1.379900000000000000e+04
1.368200000000000000e+04
1.355300000000000000e+04
1.341900000000000000e+04
1.338500000000000000e+04
1.337000000000000000e+04
1.341500000000000000e+04
1.345000000000000000e+04
1.326200000000000000e+04
1.339800000000000000e+04
1.313100000000000000e+04
1.339800000000000000e+04
1.349900000000000000e+04
1.316300000000000000e+04
1.308400000000000000e+04
1.314600000000000000e+04
1.289900000000000000e+04
1.264600000000000000e+04
1.260600000000000000e+04
1.240800000000000000e+04
1.232400000000000000e+04
1.248500000000000000e+04
1.231900000000000000e+04
1.249200000000000000e+04
1.244800000000000000e+04
1.244400000000000000e+04
1.242600000000000000e+04
1.223300000000000000e+04
1.218300000000000000e+04
1.215900000000000000e+04
1.209900000000000000e+04
1.194400000000000000e+04
1.214500000000000000e+04
1.208500000000000000e+04
1.214600000000000000e+04
1.207000000000000000e+04
1.221500000000000000e+04
1.209300000000000000e+04
1.223700000000000000e+04
1.218300000000000000e+04
1.227100000000000000e+04
1.237000000000000000e+04
1.244900000000000000e+04
1.227300000000000000e+04
1.239000000000000000e+04
1.226100000000000000e+04
1.218000000000000000e+04
1.201300000000000000e+04
1.182900000000000000e+04
1.179600000000000000e+04
1.182100000000000000e+04
1.193500000000000000e+04
1.178900000000000000e+04
1.185000000000000000e+04
1.173600000000000000e+04
1.190600000000000000e+04
1.167000000000000000e+04
1.180900000000000000e+04
1.191900000000000000e+04
1.173600000000000000e+04
1.164700000000000000e+04
1.162400000000000000e+04
1.157700000000000000e+04
1.133400000000000000e+04
1.137900000000000000e+04
1.144600000000000000e+04
1.140000000000000000e+04
1.134600000000000000e+04
1.119500000000000000e+04
1.099400000000000000e+04
1.113100000000000000e+04
1.131100000000000000e+04
1.121500000000000000e+04
1.113400000000000000e+04
1.101500000000000000e+04
1.100200000000000000e+04
1.092900000000000000e+04
1.087400000000000000e+04
1.103600000000000000e+04
1.114900000000000000e+04
1.119600000000000000e+04
1.137000000000000000e+04
1.154400000000000000e+04
1.144300000000000000e+04
1.157800000000000000e+04
1.156700000000000000e+04
1.167100000000000000e+04
1.145900000000000000e+04
1.128900000000000000e+04
1.118000000000000000e+04
1.114100000000000000e+04
1.106500000000000000e+04
1.096600000000000000e+04
1.090600000000000000e+04
1.109900000000000000e+04
1.106500000000000000e+04
1.089300000000000000e+04
1.082000000000000000e+04
1.082700000000000000e+04
1.085000000000000000e+04
1.098200000000000000e+04
1.067000000000000000e+04
