3.470000000000000000e+03
3.404000000000000000e+03
3.534000000000000000e+03
3.513000000000000000e+03
3.511000000000000000e+03
3.479000000000000000e+03
3.444000000000000000e+03
3.484000000000000000e+03
3.421000000000000000e+03
3.473000000000000000e+03
3.545000000000000000e+03
3.484000000000000000e+03
3.528000000000000000e+03
3.433000000000000000e+03
3.462000000000000000e+03
3.329000000000000000e+03
3.419000000000000000e+03
3.463000000000000000e+03
3.421000000000000000e+03
3.404000000000000000e+03
3.438000000000000000e+03
3.513000000000000000e+03
3.517000000000000000e+03
3.497000000000000000e+03
3.543000000000000000e+03
3.479000000000000000e+03
3.529000000000000000e+03
3.593000000000000000e+03
3.474000000000000000e+03
3.554000000000000000e+03
3.502000000000000000e+03
3.498000000000000000e+03
3.466000000000000000e+03
3.515000000000000000e+03
3.603000000000000000e+03
3.611000000000000000e+03
3.547000000000000000e+03
3.539000000000000000e+03
3.590000000000000000e+03
3.561000000000000000e+03
3.562000000000000000e+03
3.569000000000000000e+03
3.602000000000000000e+03
3.559000000000000000e+03
3.573000000000000000e+03
3.588000000000000000e+03
3.626000000000000000e+03
3.536000000000000000e+03
3.561000000000000000e+03
3.609000000000000000e+03
3.563000000000000000e+03
3.676000000000000000e+03
3.556000000000000000e+03
3.669000000000000000e+03
3.594000000000000000e+03
3.594000000000000000e+03
3.647000000000000000e+03
3.592000000000000000e+03
3.665000000000000000e+03
3.672000000000000000e+03
3.739000000000000000e+03
3.682000000000000000e+03
3.683000000000000000e+03
3.717000000000000000e+03
3.755000000000000000e+03
3.689000000000000000e+03
3.652000000000000000e+03
3.701000000000000000e+03
3.726000000000000000e+03
3.733000000000000000e+03
3.689000000000000000e+03
3.784000000000000000e+03
3.825000000000000000e+03
3.756000000000000000e+03
3.741000000000000000e+03
3.838000000000000000e+03
3.740000000000000000e+03
3.761000000000000000e+03
3.791000000000000000e+03
3.726000000000000000e+03
3.803000000000000000e+03
3.808000000000000000e+03
3.818000000000000000e+03
3.922000000000000000e+03
3.820000000000000000e+03
3.825000000000000000e+03
3.896000000000000000e+03
3.827000000000000000e+03
3.992000000000000000e+03
3.943000000000000000e+03
3.822000000000000000e+03
3.940000000000000000e+03
3.846000000000000000e+03
3.884000000000000000e+03
3.937000000000000000e+03
3.931000000000000000e+03
3.896000000000000000e+03
3.948000000000000000e+03
4.135000000000000000e+03
3.953000000000000000e+03
4.006000000000000000e+03
3.915000000000000000e+03
3.988000000000000000e+03
4.005000000000000000e+03
3.993000000000000000e+03
4.007000000000000000e+03
3.985000000000000000e+03
3.991000000000000000e+03
4.017000000000000000e+03
3.957000000000000000e+03
4.018000000000000000e+03
4.041000000000000000e+03
3.986000000000000000e+03
4.086000000000000000e+03
4.066000000000000000e+03
4.052000000000000000e+03
4.090000000000000000e+03
4.120000000000000000e+03
4.132000000000000000e+03
4.099000000000000000e+03
4.091000000000000000e+03
4.200000000000000000e+03
4.131000000000000000e+03
4.204000000000000000e+03
4.081000000000000000e+03
4.157000000000000000e+03
4.159000000000000000e+03
4.185000000000000000e+03
4.188000000000000000e+03
4.242000000000000000e+03
4.218000000000000000e+03
4.237000000000000000e+03
4.213000000000000000e+03
4.207000000000000000e+03
4.268000000000000000e+03
4.319000000000000000e+03
4.274000000000000000e+03
4.290000000000000000e+03
4.345000000000000000e+03
4.272000000000000000e+03
4.278000000000000000e+03
4.327000000000000000e+03
4.380000000000000000e+03
4.330000000000000000e+03
4.352000000000000000e+03
4.387000000000000000e+03
4.354000000000000000e+03
4.407000000000000000e+03
4.499000000000000000e+03
4.483000000000000000e+03
4.378000000000000000e+03
4.444000000000000000e+03
4.446000000000000000e+03
4.510000000000000000e+03
4.518000000000000000e+03
4.628000000000000000e+03
4.499000000000000000e+03
4.495000000000000000e+03
4.515000000000000000e+03
4.591000000000000000e+03
4.576000000000000000e+03
4.565000000000000000e+03
4.637000000000000000e+03
4.605000000000000000e+03
4.577000000000000000e+03
4.611000000000000000e+03
4.722000000000000000e+03
4.557000000000000000e+03
4.613000000000000000e+03
4.742000000000000000e+03
4.698000000000000000e+03
4.691000000000000000e+03
4.881000000000000000e+03
4.701000000000000000e+03
4.688000000000000000e+03
4.779000000000000000e+03
4.725000000000000000e+03
4.722000000000000000e+03
4.717000000000000000e+03
4.787000000000000000e+03
4.858000000000000000e+03
4.770000000000000000e+03
4.792000000000000000e+03
4.797000000000000000e+03
4.757000000000000000e+03
4.904000000000000000e+03
4.872000000000000000e+03
4.896000000000000000e+03
4.909000000000000000e+03
4.921000000000000000e+03
4.947000000000000000e+03
4.939000000000000000e+03
4.956000000000000000e+03
4.978000000000000000e+03
5.009000000000000000e+03
5.026000000000000000e+03
5.057000000000000000e+03
5.048000000000000000e+03
5.047000000000000000e+03
5.073000000000000000e+03
5.039000000000000000e+03
5.254000000000000000e+03
5.095000000000000000e+03
5.178000000000000000e+03
5.161000000000000000e+03
5.201000000000000000e+03
5.092000000000000000e+03
5.221000000000000000e+03
5.184000000000000000e+03
5.197000000000000000e+03
5.293000000000000000e+03
5.140000000000000000e+03
5.469000000000000000e+03
5.216000000000000000e+03
5.341000000000000000e+03
5.358000000000000000e+03
5.351000000000000000e+03
5.277000000000000000e+03
5.252000000000000000e+03
5.322000000000000000e+03
5.379000000000000000e+03
5.377000000000000000e+03
5.454000000000000000e+03
5.436000000000000000e+03
5.464000000000000000e+03
5.481000000000000000e+03
5.458000000000000000e+03
5.419000000000000000e+03
5.499000000000000000e+03
5.463000000000000000e+03
5.454000000000000000e+03
5.535000000000000000e+03
5.550000000000000000e+03
5.506000000000000000e+03
5.530000000000000000e+03
5.591000000000000000e+03
5.614000000000000000e+03
5.603000000000000000e+03
5.479000000000000000e+03
5.619000000000000000e+03
5.645000000000000000e+03
5.608000000000000000e+03
5.706000000000000000e+03
5.697000000000000000e+03
5.618000000000000000e+03
5.561000000000000000e+03
5.644000000000000000e+03
5.724000000000000000e+03
5.705000000000000000e+03
5.740000000000000000e+03
5.757000000000000000e+03
5.715000000000000000e+03
5.731000000000000000e+03
5.786000000000000000e+03
5.816000000000000000e+03
5.769000000000000000e+03
5.733000000000000000e+03
5.822000000000000000e+03
5.819000000000000000e+03
5.843000000000000000e+03
5.853000000000000000e+03
5.873000000000000000e+03
5.904000000000000000e+03
5.882000000000000000e+03
5.834000000000000000e+03
5.861000000000000000e+03
5.890000000000000000e+03
5.856000000000000000e+03
5.976000000000000000e+03
5.988000000000000000e+03
5.905000000000000000e+03
5.924000000000000000e+03
5.980000000000000000e+03
6.036000000000000000e+03
6.052000000000000000e+03
5.981000000000000000e+03
5.891000000000000000e+03
6.083000000000000000e+03
5.891000000000000000e+03
6.023000000000000000e+03
6.062000000000000000e+03
6.106000000000000000e+03
6.089000000000000000e+03
6.081000000000000000e+03
6.049000000000000000e+03
6.024000000000000000e+03
6.032000000000000000e+03
6.117000000000000000e+03
6.078000000000000000e+03
6.126000000000000000e+03
6.072000000000000000e+03
6.188000000000000000e+03
6.198000000000000000e+03
6.220000000000000000e+03
6.252000000000000000e+03
6.139000000000000000e+03
6.196000000000000000e+03
6.188000000000000000e+03
6.303000000000000000e+03
6.292000000000000000e+03
6.253000000000000000e+03
6.308000000000000000e+03
6.347000000000000000e+03
6.306000000000000000e+03
6.387000000000000000e+03
6.349000000000000000e+03
6.356000000000000000e+03
6.382000000000000000e+03
6.456000000000000000e+03
6.393000000000000000e+03
6.470000000000000000e+03
6.492000000000000000e+03
6.388000000000000000e+03
6.496000000000000000e+03
6.550000000000000000e+03
6.600000000000000000e+03
6.500000000000000000e+03
6.560000000000000000e+03
6.696000000000000000e+03
6.688000000000000000e+03
6.683000000000000000e+03
6.632000000000000000e+03
6.736000000000000000e+03
6.688000000000000000e+03
6.760000000000000000e+03
6.801000000000000000e+03
6.796000000000000000e+03
6.787000000000000000e+03
6.859000000000000000e+03
6.799000000000000000e+03
6.930000000000000000e+03
6.791000000000000000e+03
6.849000000000000000e+03
6.898000000000000000e+03
7.042000000000000000e+03
7.031000000000000000e+03
6.990000000000000000e+03
7.050000000000000000e+03
7.111000000000000000e+03
7.096000000000000000e+03
7.122000000000000000e+03
7.239000000000000000e+03
7.204000000000000000e+03
7.022000000000000000e+03
7.255000000000000000e+03
7.247000000000000000e+03
7.294000000000000000e+03
7.239000000000000000e+03
7.311000000000000000e+03
7.466000000000000000e+03
7.338000000000000000e+03
7.463000000000000000e+03
7.441000000000000000e+03
7.441000000000000000e+03
7.488000000000000000e+03
7.587000000000000000e+03
7.466000000000000000e+03
7.517000000000000000e+03
7.545000000000000000e+03
7.676000000000000000e+03
7.718000000000000000e+03
7.683000000000000000e+03
7.610000000000000000e+03
7.721000000000000000e+03
7.735000000000000000e+03
7.748000000000000000e+03
7.714000000000000000e+03
7.803000000000000000e+03
7.778000000000000000e+03
7.661000000000000000e+03
7.776000000000000000e+03
7.792000000000000000e+03
7.842000000000000000e+03
7.815000000000000000e+03
7.910000000000000000e+03
7.888000000000000000e+03
7.732000000000000000e+03
7.767000000000000000e+03
7.925000000000000000e+03
7.816000000000000000e+03
7.872000000000000000e+03
7.811000000000000000e+03
7.993000000000000000e+03
7.869000000000000000e+03
7.955000000000000000e+03
8.051000000000000000e+03
7.970000000000000000e+03
8.069000000000000000e+03
8.046000000000000000e+03
8.057000000000000000e+03
8.017000000000000000e+03
8.176000000000000000e+03
8.058000000000000000e+03
8.163000000000000000e+03
8.173000000000000000e+03
8.146000000000000000e+03
8.283000000000000000e+03
8.223000000000000000e+03
8.297000000000000000e+03
8.269000000000000000e+03
8.351000000000000000e+03
8.333000000000000000e+03
8.290000000000000000e+03
8.318000000000000000e+03
8.305000000000000000e+03
8.430000000000000000e+03
8.397000000000000000e+03
8.512000000000000000e+03
8.499000000000000000e+03
8.402000000000000000e+03
8.607000000000000000e+03
8.465000000000000000e+03
8.699000000000000000e+03
8.561000000000000000e+03
8.624000000000000000e+03
8.662000000000000000e+03
8.653000000000000000e+03
8.826000000000000000e+03
8.809000000000000000e+03
8.764000000000000000e+03
8.836000000000000000e+03
8.910000000000000000e+03
8.859000000000000000e+03
8.961000000000000000e+03
8.923000000000000000e+03
9.064000000000000000e+03
9.080000000000000000e+03
9.233000000000000000e+03
9.138000000000000000e+03
9.105000000000000000e+03
9.091000000000000000e+03
9.171000000000000000e+03
9.285000000000000000e+03
9.292000000000000000e+03
9.265000000000000000e+03
9.250000000000000000e+03
9.545000000000000000e+03
9.438000000000000000e+03
9.483000000000000000e+03
9.509000000000000000e+03
9.468000000000000000e+03
9.486000000000000000e+03
9.555000000000000000e+03
9.665000000000000000e+03
9.690000000000000000e+03
9.787000000000000000e+03
9.775000000000000000e+03
9.737000000000000000e+03
9.782000000000000000e+03
9.876000000000000000e+03
9.857000000000000000e+03
9.846000000000000000e+03
9.949000000000000000e+03
9.919000000000000000e+03
1.008700000000000000e+04
1.001800000000000000e+04
1.006400000000000000e+04
1.016600000000000000e+04
1.017400000000000000e+04
1.022900000000000000e+04
1.028000000000000000e+04
1.019500000000000000e+04
1.023100000000000000e+04
1.023500000000000000e+04
1.016600000000000000e+04
1.025900000000000000e+04
1.037300000000000000e+04
1.038900000000000000e+04
1.049000000000000000e+04
1.045500000000000000e+04
1.047000000000000000e+04
1.056900000000000000e+04
1.046600000000000000e+04
1.054000000000000000e+04
1.066500000000000000e+04
1.057500000000000000e+04
1.064600000000000000e+04
1.056400000000000000e+04
1.058000000000000000e+04
1.065700000000000000e+04
1.059000000000000000e+04
1.062400000000000000e+04
1.061500000000000000e+04
1.084400000000000000e+04
1.069300000000000000e+04
1.065500000000000000e+04
1.086700000000000000e+04
1.067000000000000000e+04
1.079200000000000000e+04
1.093700000000000000e+04
1.074900000000000000e+04
1.082500000000000000e+04
1.086400000000000000e+04
1.084300000000000000e+04
1.089800000000000000e+04
1.097800000000000000e+04
1.089400000000000000e+04
1.098800000000000000e+04
1.095800000000000000e+04
1.107500000000000000e+04
1.106300000000000000e+04
1.094800000000000000e+04
1.095900000000000000e+04
1.103100000000000000e+04
1.110900000000000000e+04
1.119700000000000000e+04
1.101100000000000000e+04
1.103400000000000000e+04
1.112500000000000000e+04
1.103800000000000000e+04
1.094500000000000000e+04
1.110200000000000000e+04
1.113600000000000000e+04
1.109700000000000000e+04
1.098300000000000000e+04
1.115700000000000000e+04
1.098000000000000000e+04
1.101500000000000000e+04
1.113400000000000000e+04
1.121800000000000000e+04
1.102900000000000000e+04
1.102000000000000000e+04
1.103800000000000000e+04
1.117100000000000000e+04
1.110700000000000000e+04
1.113300000000000000e+04
1.111500000000000000e+04
1.116400000000000000e+04
1.117400000000000000e+04
1.113800000000000000e+04
1.123300000000000000e+04
1.123700000000000000e+04
1.114800000000000000e+04
1.119200000000000000e+04
1.121900000000000000e+04
1.113700000000000000e+04
1.123400000000000000e+04
1.113900000000000000e+04
1.109200000000000000e+04
1.103700000000000000e+04
1.145000000000000000e+04
1.114800000000000000e+04
1.128200000000000000e+04
1.116000000000000000e+04
1.128200000000000000e+04
1.120300000000000000e+04
1.116400000000000000e+04
1.149200000000000000e+04
1.120000000000000000e+04
1.121100000000000000e+04
1.126900000000000000e+04
1.121500000000000000e+04
1.137100000000000000e+04
1.128300000000000000e+04
1.129700000000000000e+04
1.124600000000000000e+04
1.123000000000000000e+04
1.170100000000000000e+04
1.125800000000000000e+04
1.136900000000000000e+04
1.133600000000000000e+04
1.145200000000000000e+04
1.133800000000000000e+04
1.140400000000000000e+04
1.144500000000000000e+04
1.150000000000000000e+04
1.139600000000000000e+04
1.155100000000000000e+04
1.168400000000000000e+04
1.167000000000000000e+04
1.180800000000000000e+04
1.159200000000000000e+04
1.163800000000000000e+04
1.166400000000000000e+04
1.169500000000000000e+04
1.161900000000000000e+04
1.151900000000000000e+04
1.186800000000000000e+04
1.181600000000000000e+04
1.186200000000000000e+04
1.179000000000000000e+04
1.184600000000000000e+04
1.188300000000000000e+04
1.184000000000000000e+04
1.187500000000000000e+04
1.178700000000000000e+04
1.174800000000000000e+04
1.184900000000000000e+04
1.188700000000000000e+04
1.184100000000000000e+04
1.189700000000000000e+04
1.181900000000000000e+04
1.175000000000000000e+04
1.168500000000000000e+04
1.171300000000000000e+04
1.177000000000000000e+04
1.176100000000000000e+04
1.189100000000000000e+04
1.179800000000000000e+04
1.181000000000000000e+04
1.187200000000000000e+04
1.194100000000000000e+04
1.183800000000000000e+04
1.186400000000000000e+04
1.178300000000000000e+04
1.182400000000000000e+04
1.201400000000000000e+04
1.209200000000000000e+04
1.205600000000000000e+04
1.227700000000000000e+04
1.227500000000000000e+04
1.237200000000000000e+04
1.238000000000000000e+04
1.244000000000000000e+04
1.241700000000000000e+04
1.241700000000000000e+04
1.259100000000000000e+04
1.248700000000000000e+04
1.253600000000000000e+04
1.244600000000000000e+04
1.256500000000000000e+04
1.261300000000000000e+04
1.266500000000000000e+04
1.265900000000000000e+04
1.270300000000000000e+04
1.260500000000000000e+04
1.250200000000000000e+04
1.265700000000000000e+04
1.256500000000000000e+04
1.264900000000000000e+04
1.268900000000000000e+04
1.265500000000000000e+04
1.255700000000000000e+04
1.276900000000000000e+04
1.257400000000000000e+04
1.256600000000000000e+04
1.253300000000000000e+04
1.251400000000000000e+04
1.263400000000000000e+04
1.256400000000000000e+04
1.266700000000000000e+04
1.251300000000000000e+04
1.251900000000000000e+04
1.258300000000000000e+04
1.263500000000000000e+04
1.267800000000000000e+04
1.265000000000000000e+04
1.263800000000000000e+04
1.259300000000000000e+04
1.250500000000000000e+04
1.257500000000000000e+04
1.242700000000000000e+04
1.236800000000000000e+04
1.241000000000000000e+04
1.239400000000000000e+04
1.252900000000000000e+04
1.232100000000000000e+04
1.256300000000000000e+04
1.242000000000000000e+04
1.228700000000000000e+04
1.228500000000000000e+04
1.221300000000000000e+04
1.208900000000000000e+04
1.208300000000000000e+04
1.198500000000000000e+04
1.196200000000000000e+04
1.197400000000000000e+04
1.193400000000000000e+04
1.215700000000000000e+04
1.205300000000000000e+04
1.192000000000000000e+04
1.171100000000000000e+04
1.175100000000000000e+04
1.172900000000000000e+04
1.156600000000000000e+04
1.154800000000000000e+04
1.151800000000000000e+04
1.154200000000000000e+04
1.157400000000000000e+04
1.162400000000000000e+04
1.155900000000000000e+04
1.165900000000000000e+04
1.130300000000000000e+04
1.139900000000000000e+04
1.130800000000000000e+04
1.125000000000000000e+04
1.118600000000000000e+04
1.107700000000000000e+04
1.110900000000000000e+04
1.093100000000000000e+04
1.091100000000000000e+04
1.092700000000000000e+04
1.070900000000000000e+04
1.087400000000000000e+04
1.069400000000000000e+04
1.067700000000000000e+04
1.066900000000000000e+04
1.068500000000000000e+04
1.059200000000000000e+04
1.039500000000000000e+04
1.110100000000000000e+04
1.038200000000000000e+04
1.070500000000000000e+04
1.040300000000000000e+04
1.034600000000000000e+04
1.045800000000000000e+04
1.050800000000000000e+04
1.040500000000000000e+04
1.044100000000000000e+04
1.065600000000000000e+04
1.054300000000000000e+04
1.043100000000000000e+04
1.045700000000000000e+04
1.039400000000000000e+04
1.026400000000000000e+04
1.027800000000000000e+04
1.006100000000000000e+04
1.021700000000000000e+04
1.020400000000000000e+04
1.019500000000000000e+04
1.016400000000000000e+04
1.034900000000000000e+04
1.024200000000000000e+04
1.028000000000000000e+04
1.013800000000000000e+04
1.023500000000000000e+04
1.014600000000000000e+04
1.014300000000000000e+04
1.011200000000000000e+04
1.013600000000000000e+04
1.019700000000000000e+04
1.012800000000000000e+04
1.028900000000000000e+04
1.024000000000000000e+04
1.016000000000000000e+04
1.016600000000000000e+04
1.020700000000000000e+04
1.007700000000000000e+04
1.012000000000000000e+04
1.019500000000000000e+04
1.001500000000000000e+04
1.011700000000000000e+04
1.025400000000000000e+04
1.011100000000000000e+04
1.018200000000000000e+04
1.019400000000000000e+04
1.010600000000000000e+04
1.007200000000000000e+04
9.874000000000000000e+03
9.796000000000000000e+03
9.775000000000000000e+03
9.652000000000000000e+03
9.775000000000000000e+03
9.827000000000000000e+03
9.780000000000000000e+03
9.682000000000000000e+03
9.795000000000000000e+03
9.829000000000000000e+03
9.766000000000000000e+03
9.759000000000000000e+03
9.879000000000000000e+03
9.769000000000000000e+03
9.910000000000000000e+03
9.727000000000000000e+03
9.642000000000000000e+03
