3.886000000000000000e+03
3.915000000000000000e+03
3.892000000000000000e+03
3.952000000000000000e+03
3.887000000000000000e+03
3.907000000000000000e+03
3.986000000000000000e+03
4.031000000000000000e+03
3.956000000000000000e+03
3.890000000000000000e+03
3.821000000000000000e+03
3.840000000000000000e+03
3.761000000000000000e+03
3.772000000000000000e+03
3.675000000000000000e+03
3.734000000000000000e+03
3.724000000000000000e+03
3.833000000000000000e+03
3.903000000000000000e+03
3.945000000000000000e+03
3.956000000000000000e+03
3.975000000000000000e+03
3.937000000000000000e+03
4.074000000000000000e+03
3.989000000000000000e+03
4.083000000000000000e+03
4.145000000000000000e+03
3.981000000000000000e+03
3.971000000000000000e+03
3.922000000000000000e+03
3.982000000000000000e+03
3.965000000000000000e+03
3.981000000000000000e+03
4.042000000000000000e+03
4.035000000000000000e+03
4.060000000000000000e+03
4.098000000000000000e+03
4.026000000000000000e+03
4.060000000000000000e+03
4.097000000000000000e+03
4.044000000000000000e+03
4.016000000000000000e+03
4.040000000000000000e+03
4.043000000000000000e+03
4.117000000000000000e+03
4.120000000000000000e+03
4.100000000000000000e+03
4.128000000000000000e+03
4.070000000000000000e+03
4.069000000000000000e+03
4.147000000000000000e+03
4.135000000000000000e+03
4.136000000000000000e+03
4.144000000000000000e+03
4.121000000000000000e+03
4.210000000000000000e+03
4.117000000000000000e+03
4.172000000000000000e+03
4.172000000000000000e+03
4.134000000000000000e+03
4.192000000000000000e+03
4.102000000000000000e+03
4.228000000000000000e+03
4.280000000000000000e+03
4.203000000000000000e+03
4.284000000000000000e+03
4.264000000000000000e+03
4.303000000000000000e+03
4.299000000000000000e+03
4.225000000000000000e+03
4.239000000000000000e+03
4.311000000000000000e+03
4.273000000000000000e+03
4.301000000000000000e+03
4.302000000000000000e+03
4.310000000000000000e+03
4.314000000000000000e+03
4.306000000000000000e+03
4.282000000000000000e+03
4.355000000000000000e+03
4.320000000000000000e+03
4.559000000000000000e+03
4.423000000000000000e+03
4.292000000000000000e+03
4.325000000000000000e+03
4.375000000000000000e+03
4.434000000000000000e+03
4.293000000000000000e+03
4.491000000000000000e+03
4.413000000000000000e+03
4.413000000000000000e+03
4.391000000000000000e+03
4.490000000000000000e+03
4.510000000000000000e+03
4.526000000000000000e+03
4.521000000000000000e+03
4.549000000000000000e+03
4.523000000000000000e+03
4.484000000000000000e+03
4.511000000000000000e+03
4.541000000000000000e+03
4.506000000000000000e+03
4.609000000000000000e+03
4.575000000000000000e+03
4.565000000000000000e+03
4.561000000000000000e+03
4.568000000000000000e+03
4.610000000000000000e+03
4.625000000000000000e+03
4.609000000000000000e+03
4.557000000000000000e+03
4.627000000000000000e+03
4.656000000000000000e+03
4.666000000000000000e+03
4.650000000000000000e+03
4.733000000000000000e+03
4.749000000000000000e+03
4.676000000000000000e+03
4.815000000000000000e+03
4.675000000000000000e+03
4.733000000000000000e+03
4.678000000000000000e+03
4.764000000000000000e+03
4.845000000000000000e+03
4.717000000000000000e+03
4.745000000000000000e+03
4.863000000000000000e+03
4.764000000000000000e+03
4.806000000000000000e+03
4.870000000000000000e+03
4.853000000000000000e+03
4.838000000000000000e+03
4.964000000000000000e+03
5.140000000000000000e+03
4.943000000000000000e+03
4.941000000000000000e+03
4.935000000000000000e+03
4.963000000000000000e+03
5.187000000000000000e+03
4.953000000000000000e+03
5.034000000000000000e+03
5.006000000000000000e+03
4.993000000000000000e+03
5.033000000000000000e+03
5.073000000000000000e+03
5.056000000000000000e+03
5.063000000000000000e+03
5.101000000000000000e+03
5.233000000000000000e+03
5.106000000000000000e+03
5.196000000000000000e+03
5.098000000000000000e+03
5.138000000000000000e+03
5.230000000000000000e+03
5.160000000000000000e+03
5.279000000000000000e+03
5.252000000000000000e+03
5.276000000000000000e+03
5.207000000000000000e+03
5.315000000000000000e+03
5.217000000000000000e+03
5.300000000000000000e+03
5.320000000000000000e+03
5.290000000000000000e+03
5.501000000000000000e+03
5.354000000000000000e+03
5.456000000000000000e+03
5.336000000000000000e+03
5.347000000000000000e+03
5.421000000000000000e+03
5.392000000000000000e+03
5.420000000000000000e+03
5.588000000000000000e+03
5.481000000000000000e+03
5.474000000000000000e+03
5.508000000000000000e+03
5.591000000000000000e+03
5.616000000000000000e+03
5.634000000000000000e+03
5.563000000000000000e+03
5.555000000000000000e+03
5.682000000000000000e+03
5.555000000000000000e+03
5.676000000000000000e+03
5.661000000000000000e+03
5.646000000000000000e+03
5.612000000000000000e+03
5.669000000000000000e+03
5.732000000000000000e+03
5.785000000000000000e+03
5.663000000000000000e+03
5.760000000000000000e+03
5.785000000000000000e+03
5.776000000000000000e+03
5.741000000000000000e+03
5.817000000000000000e+03
5.828000000000000000e+03
5.837000000000000000e+03
5.968000000000000000e+03
5.834000000000000000e+03
6.017000000000000000e+03
5.959000000000000000e+03
7.546000000000000000e+03
5.931000000000000000e+03
5.972000000000000000e+03
5.925000000000000000e+03
6.041000000000000000e+03
6.011000000000000000e+03
6.049000000000000000e+03
6.108000000000000000e+03
6.153000000000000000e+03
6.185000000000000000e+03
6.137000000000000000e+03
6.101000000000000000e+03
6.384000000000000000e+03
6.266000000000000000e+03
6.221000000000000000e+03
6.217000000000000000e+03
6.302000000000000000e+03
6.312000000000000000e+03
6.292000000000000000e+03
6.278000000000000000e+03
6.281000000000000000e+03
6.292000000000000000e+03
6.332000000000000000e+03
6.340000000000000000e+03
6.319000000000000000e+03
6.270000000000000000e+03
6.379000000000000000e+03
6.335000000000000000e+03
6.403000000000000000e+03
6.422000000000000000e+03
6.332000000000000000e+03
6.342000000000000000e+03
6.550000000000000000e+03
6.489000000000000000e+03
6.487000000000000000e+03
6.547000000000000000e+03
6.484000000000000000e+03
6.551000000000000000e+03
6.573000000000000000e+03
6.577000000000000000e+03
6.522000000000000000e+03
6.567000000000000000e+03
6.577000000000000000e+03
6.638000000000000000e+03
6.633000000000000000e+03
6.636000000000000000e+03
6.598000000000000000e+03
6.717000000000000000e+03
6.696000000000000000e+03
6.685000000000000000e+03
6.727000000000000000e+03
6.747000000000000000e+03
6.730000000000000000e+03
7.040000000000000000e+03
6.721000000000000000e+03
6.778000000000000000e+03
6.754000000000000000e+03
6.823000000000000000e+03
6.839000000000000000e+03
6.805000000000000000e+03
6.976000000000000000e+03
6.887000000000000000e+03
6.878000000000000000e+03
6.877000000000000000e+03
6.834000000000000000e+03
6.936000000000000000e+03
6.926000000000000000e+03
7.123000000000000000e+03
7.070000000000000000e+03
6.991000000000000000e+03
6.991000000000000000e+03
6.956000000000000000e+03
6.938000000000000000e+03
6.895000000000000000e+03
6.993000000000000000e+03
7.097000000000000000e+03
7.024000000000000000e+03
7.123000000000000000e+03
7.145000000000000000e+03
7.193000000000000000e+03
7.077000000000000000e+03
7.151000000000000000e+03
7.142000000000000000e+03
7.086000000000000000e+03
7.106000000000000000e+03
7.202000000000000000e+03
7.145000000000000000e+03
7.116000000000000000e+03
7.139000000000000000e+03
7.167000000000000000e+03
7.136000000000000000e+03
7.281000000000000000e+03
7.260000000000000000e+03
7.194000000000000000e+03
7.258000000000000000e+03
7.223000000000000000e+03
7.242000000000000000e+03
7.336000000000000000e+03
7.324000000000000000e+03
7.311000000000000000e+03
7.429000000000000000e+03
7.384000000000000000e+03
7.428000000000000000e+03
7.460000000000000000e+03
7.341000000000000000e+03
7.489000000000000000e+03
7.435000000000000000e+03
7.455000000000000000e+03
7.631000000000000000e+03
7.437000000000000000e+03
7.557000000000000000e+03
7.518000000000000000e+03
7.597000000000000000e+03
7.674000000000000000e+03
7.657000000000000000e+03
7.677000000000000000e+03
7.783000000000000000e+03
7.829000000000000000e+03
7.883000000000000000e+03
7.797000000000000000e+03
7.770000000000000000e+03
7.889000000000000000e+03
7.909000000000000000e+03
7.922000000000000000e+03
8.038000000000000000e+03
7.852000000000000000e+03
8.002000000000000000e+03
8.230000000000000000e+03
8.196000000000000000e+03
8.175000000000000000e+03
8.107000000000000000e+03
8.159000000000000000e+03
8.204000000000000000e+03
8.108000000000000000e+03
8.338000000000000000e+03
8.201000000000000000e+03
8.330000000000000000e+03
8.251000000000000000e+03
8.451000000000000000e+03
8.327000000000000000e+03
8.406000000000000000e+03
8.424000000000000000e+03
8.406000000000000000e+03
8.445000000000000000e+03
8.449000000000000000e+03
8.540000000000000000e+03
8.544000000000000000e+03
8.560000000000000000e+03
8.582000000000000000e+03
8.722000000000000000e+03
8.608000000000000000e+03
8.688000000000000000e+03
8.708000000000000000e+03
8.700000000000000000e+03
8.743000000000000000e+03
8.863000000000000000e+03
8.867000000000000000e+03
8.903000000000000000e+03
8.931000000000000000e+03
8.965000000000000000e+03
8.950000000000000000e+03
8.929000000000000000e+03
8.794000000000000000e+03
8.977000000000000000e+03
8.998000000000000000e+03
9.036000000000000000e+03
9.097000000000000000e+03
9.120000000000000000e+03
9.097000000000000000e+03
9.104000000000000000e+03
9.112000000000000000e+03
9.185000000000000000e+03
9.052000000000000000e+03
9.038000000000000000e+03
9.119000000000000000e+03
9.128000000000000000e+03
9.330000000000000000e+03
9.267000000000000000e+03
9.064000000000000000e+03
9.325000000000000000e+03
9.464000000000000000e+03
9.435000000000000000e+03
9.418000000000000000e+03
9.291000000000000000e+03
9.358000000000000000e+03
9.448000000000000000e+03
9.450000000000000000e+03
9.448000000000000000e+03
9.497000000000000000e+03
9.508000000000000000e+03
9.564000000000000000e+03
9.456000000000000000e+03
9.660000000000000000e+03
9.577000000000000000e+03
9.608000000000000000e+03
9.672000000000000000e+03
9.736000000000000000e+03
9.624000000000000000e+03
9.758000000000000000e+03
9.675000000000000000e+03
9.860000000000000000e+03
9.812000000000000000e+03
9.916000000000000000e+03
9.912000000000000000e+03
9.793000000000000000e+03
9.852000000000000000e+03
9.955000000000000000e+03
9.955000000000000000e+03
9.939000000000000000e+03
1.012100000000000000e+04
1.007100000000000000e+04
1.001300000000000000e+04
1.021300000000000000e+04
1.036600000000000000e+04
1.029300000000000000e+04
1.028500000000000000e+04
1.029400000000000000e+04
1.052900000000000000e+04
1.046800000000000000e+04
1.053800000000000000e+04
1.041700000000000000e+04
1.046000000000000000e+04
1.050200000000000000e+04
1.057100000000000000e+04
1.058300000000000000e+04
1.065800000000000000e+04
1.064700000000000000e+04
1.073900000000000000e+04
1.090200000000000000e+04
1.096200000000000000e+04
1.091100000000000000e+04
1.096900000000000000e+04
1.100900000000000000e+04
1.101600000000000000e+04
1.121200000000000000e+04
1.109800000000000000e+04
1.108900000000000000e+04
1.112900000000000000e+04
1.121200000000000000e+04
1.120800000000000000e+04
1.120800000000000000e+04
1.116600000000000000e+04
1.142100000000000000e+04
1.134400000000000000e+04
1.138000000000000000e+04
1.139600000000000000e+04
1.149200000000000000e+04
1.175800000000000000e+04
1.173500000000000000e+04
1.174300000000000000e+04
1.178800000000000000e+04
1.166400000000000000e+04
1.177200000000000000e+04
1.177800000000000000e+04
1.184200000000000000e+04
1.184300000000000000e+04
1.183500000000000000e+04
1.195500000000000000e+04
1.211100000000000000e+04
1.201100000000000000e+04
1.215700000000000000e+04
1.215400000000000000e+04
1.208200000000000000e+04
1.230100000000000000e+04
1.207800000000000000e+04
1.214600000000000000e+04
1.234700000000000000e+04
1.226300000000000000e+04
1.228200000000000000e+04
1.227900000000000000e+04
1.233900000000000000e+04
1.215400000000000000e+04
1.242500000000000000e+04
1.239200000000000000e+04
1.231300000000000000e+04
1.237700000000000000e+04
1.252000000000000000e+04
1.243700000000000000e+04
1.239900000000000000e+04
1.240200000000000000e+04
1.242200000000000000e+04
1.239200000000000000e+04
1.241300000000000000e+04
1.242100000000000000e+04
1.243900000000000000e+04
1.252400000000000000e+04
1.261900000000000000e+04
1.268500000000000000e+04
1.266900000000000000e+04
1.258500000000000000e+04
1.253500000000000000e+04
1.272600000000000000e+04
1.279800000000000000e+04
1.282900000000000000e+04
1.282900000000000000e+04
1.279700000000000000e+04
1.291900000000000000e+04
1.293200000000000000e+04
1.298900000000000000e+04
1.288200000000000000e+04
1.285300000000000000e+04
1.284500000000000000e+04
1.292300000000000000e+04
1.288600000000000000e+04
1.288700000000000000e+04
1.303700000000000000e+04
1.303000000000000000e+04
1.309000000000000000e+04
1.279600000000000000e+04
1.298900000000000000e+04
1.299400000000000000e+04
1.314700000000000000e+04
1.288400000000000000e+04
1.296700000000000000e+04
1.301000000000000000e+04
1.298700000000000000e+04
1.301300000000000000e+04
1.301200000000000000e+04
1.303400000000000000e+04
1.290800000000000000e+04
1.283300000000000000e+04
1.293300000000000000e+04
1.300400000000000000e+04
1.300800000000000000e+04
1.294300000000000000e+04
1.297700000000000000e+04
1.289700000000000000e+04
1.304000000000000000e+04
1.305900000000000000e+04
1.294600000000000000e+04
1.294500000000000000e+04
1.310500000000000000e+04
1.310400000000000000e+04
1.296100000000000000e+04
1.296800000000000000e+04
1.312600000000000000e+04
1.310600000000000000e+04
1.311600000000000000e+04
1.301700000000000000e+04
1.322000000000000000e+04
1.337500000000000000e+04
1.314800000000000000e+04
1.316800000000000000e+04
1.317300000000000000e+04
1.324400000000000000e+04
1.318500000000000000e+04
1.302800000000000000e+04
1.312400000000000000e+04
1.316500000000000000e+04
1.321100000000000000e+04
1.327300000000000000e+04
1.320400000000000000e+04
1.329900000000000000e+04
1.326600000000000000e+04
1.327800000000000000e+04
1.325400000000000000e+04
1.337900000000000000e+04
1.349800000000000000e+04
1.339500000000000000e+04
1.343900000000000000e+04
1.330000000000000000e+04
1.340900000000000000e+04
1.346300000000000000e+04
1.345700000000000000e+04
1.346500000000000000e+04
1.354800000000000000e+04
1.363700000000000000e+04
1.369300000000000000e+04
1.354500000000000000e+04
1.356900000000000000e+04
1.371200000000000000e+04
1.378900000000000000e+04
1.364500000000000000e+04
1.369300000000000000e+04
1.373400000000000000e+04
1.378800000000000000e+04
1.383300000000000000e+04
1.382100000000000000e+04
1.388200000000000000e+04
1.400700000000000000e+04
1.376700000000000000e+04
1.387300000000000000e+04
1.391700000000000000e+04
1.398800000000000000e+04
1.408600000000000000e+04
1.403300000000000000e+04
1.401700000000000000e+04
1.416100000000000000e+04
1.413600000000000000e+04
1.418000000000000000e+04
1.426100000000000000e+04
1.427700000000000000e+04
1.432500000000000000e+04
1.422800000000000000e+04
1.425600000000000000e+04
1.422500000000000000e+04
1.439300000000000000e+04
1.439700000000000000e+04
1.432000000000000000e+04
1.422700000000000000e+04
1.430500000000000000e+04
1.440100000000000000e+04
1.436600000000000000e+04
1.438300000000000000e+04
1.439000000000000000e+04
1.446900000000000000e+04
1.435800000000000000e+04
1.444300000000000000e+04
1.455300000000000000e+04
1.441600000000000000e+04
1.444600000000000000e+04
1.442800000000000000e+04
1.448500000000000000e+04
1.437400000000000000e+04
1.451200000000000000e+04
1.438800000000000000e+04
1.446700000000000000e+04
1.428500000000000000e+04
1.454000000000000000e+04
1.443900000000000000e+04
1.439200000000000000e+04
1.446100000000000000e+04
1.440200000000000000e+04
1.448400000000000000e+04
1.443400000000000000e+04
1.441900000000000000e+04
1.441700000000000000e+04
1.437600000000000000e+04
1.438800000000000000e+04
1.438700000000000000e+04
1.448900000000000000e+04
1.458600000000000000e+04
1.442000000000000000e+04
1.450400000000000000e+04
1.431400000000000000e+04
1.427000000000000000e+04
1.428400000000000000e+04
1.415500000000000000e+04
1.418400000000000000e+04
1.410400000000000000e+04
1.421900000000000000e+04
1.422300000000000000e+04
1.422500000000000000e+04
1.416700000000000000e+04
1.411200000000000000e+04
1.416500000000000000e+04
1.435000000000000000e+04
1.446600000000000000e+04
1.428500000000000000e+04
1.416400000000000000e+04
1.406500000000000000e+04
1.397200000000000000e+04
1.381600000000000000e+04
1.378100000000000000e+04
1.367500000000000000e+04
1.354900000000000000e+04
1.360300000000000000e+04
1.363500000000000000e+04
1.364100000000000000e+04
1.370900000000000000e+04
1.370500000000000000e+04
1.384500000000000000e+04
1.367800000000000000e+04
1.363300000000000000e+04
1.356500000000000000e+04
1.341300000000000000e+04
1.337400000000000000e+04
1.344400000000000000e+04
1.337400000000000000e+04
1.335000000000000000e+04
1.341300000000000000e+04
1.341200000000000000e+04
1.339600000000000000e+04
1.321600000000000000e+04
1.314800000000000000e+04
1.296100000000000000e+04
1.299200000000000000e+04
1.298800000000000000e+04
1.282400000000000000e+04
1.257100000000000000e+04
1.267300000000000000e+04
1.263100000000000000e+04
1.250000000000000000e+04
1.248000000000000000e+04
1.256600000000000000e+04
1.228900000000000000e+04
1.227700000000000000e+04
1.234400000000000000e+04
1.224400000000000000e+04
1.217600000000000000e+04
1.215300000000000000e+04
1.225800000000000000e+04
1.231200000000000000e+04
1.234300000000000000e+04
1.228800000000000000e+04
1.226900000000000000e+04
1.224700000000000000e+04
1.228400000000000000e+04
1.227300000000000000e+04
1.203100000000000000e+04
1.211300000000000000e+04
1.213300000000000000e+04
1.207900000000000000e+04
1.222100000000000000e+04
1.238600000000000000e+04
1.232600000000000000e+04
1.215000000000000000e+04
1.220200000000000000e+04
1.224200000000000000e+04
1.206400000000000000e+04
1.202300000000000000e+04
1.190300000000000000e+04
1.194400000000000000e+04
1.193100000000000000e+04
1.197900000000000000e+04
1.186100000000000000e+04
1.200500000000000000e+04
1.193100000000000000e+04
1.188600000000000000e+04
1.190500000000000000e+04
1.166200000000000000e+04
1.156900000000000000e+04
1.153700000000000000e+04
1.137500000000000000e+04
1.124600000000000000e+04
1.130800000000000000e+04
1.125000000000000000e+04
1.122500000000000000e+04
1.108900000000000000e+04
1.114800000000000000e+04
1.104300000000000000e+04
1.106700000000000000e+04
1.107400000000000000e+04
1.120500000000000000e+04
1.123500000000000000e+04
1.123300000000000000e+04
1.115000000000000000e+04
1.104700000000000000e+04
1.082600000000000000e+04
1.099300000000000000e+04
1.090600000000000000e+04
1.120700000000000000e+04
1.115800000000000000e+04
1.138400000000000000e+04
1.145000000000000000e+04
1.165200000000000000e+04
1.162500000000000000e+04
1.162300000000000000e+04
1.167500000000000000e+04
1.149900000000000000e+04
1.130300000000000000e+04
1.116900000000000000e+04
1.116200000000000000e+04
1.107800000000000000e+04
1.106900000000000000e+04
1.111700000000000000e+04
1.112900000000000000e+04
1.089100000000000000e+04
1.090400000000000000e+04
1.079800000000000000e+04
1.089800000000000000e+04
1.075400000000000000e+04
1.056900000000000000e+04
