3.411000000000000000e+03
3.480000000000000000e+03
3.388000000000000000e+03
3.477000000000000000e+03
3.498000000000000000e+03
3.494000000000000000e+03
3.488000000000000000e+03
3.452000000000000000e+03
3.470000000000000000e+03
3.403000000000000000e+03
3.463000000000000000e+03
3.460000000000000000e+03
3.408000000000000000e+03
3.463000000000000000e+03
3.409000000000000000e+03
3.429000000000000000e+03
3.456000000000000000e+03
3.400000000000000000e+03
3.381000000000000000e+03
3.446000000000000000e+03
3.470000000000000000e+03
3.499000000000000000e+03
3.480000000000000000e+03
3.473000000000000000e+03
3.468000000000000000e+03
3.491000000000000000e+03
3.537000000000000000e+03
3.504000000000000000e+03
3.526000000000000000e+03
3.483000000000000000e+03
3.506000000000000000e+03
3.494000000000000000e+03
3.515000000000000000e+03
3.504000000000000000e+03
3.585000000000000000e+03
3.488000000000000000e+03
3.492000000000000000e+03
3.509000000000000000e+03
3.567000000000000000e+03
3.565000000000000000e+03
3.536000000000000000e+03
3.643000000000000000e+03
3.537000000000000000e+03
3.513000000000000000e+03
3.545000000000000000e+03
3.551000000000000000e+03
3.622000000000000000e+03
3.569000000000000000e+03
3.574000000000000000e+03
3.638000000000000000e+03
3.550000000000000000e+03
3.635000000000000000e+03
3.594000000000000000e+03
3.628000000000000000e+03
3.648000000000000000e+03
3.620000000000000000e+03
3.642000000000000000e+03
3.667000000000000000e+03
3.624000000000000000e+03
3.619000000000000000e+03
3.627000000000000000e+03
3.708000000000000000e+03
3.722000000000000000e+03
3.644000000000000000e+03
3.769000000000000000e+03
3.662000000000000000e+03
3.723000000000000000e+03
3.700000000000000000e+03
3.703000000000000000e+03
3.702000000000000000e+03
3.695000000000000000e+03
3.765000000000000000e+03
3.743000000000000000e+03
3.813000000000000000e+03
3.807000000000000000e+03
3.761000000000000000e+03
3.782000000000000000e+03
3.805000000000000000e+03
3.805000000000000000e+03
3.782000000000000000e+03
3.737000000000000000e+03
3.835000000000000000e+03
3.837000000000000000e+03
4.001000000000000000e+03
3.844000000000000000e+03
3.874000000000000000e+03
3.861000000000000000e+03
3.858000000000000000e+03
3.834000000000000000e+03
3.892000000000000000e+03
3.872000000000000000e+03
3.873000000000000000e+03
3.800000000000000000e+03
3.799000000000000000e+03
3.919000000000000000e+03
3.947000000000000000e+03
3.922000000000000000e+03
3.928000000000000000e+03
3.934000000000000000e+03
3.945000000000000000e+03
3.969000000000000000e+03
3.956000000000000000e+03
3.956000000000000000e+03
3.948000000000000000e+03
4.026000000000000000e+03
3.997000000000000000e+03
4.047000000000000000e+03
3.943000000000000000e+03
3.956000000000000000e+03
3.967000000000000000e+03
3.945000000000000000e+03
3.969000000000000000e+03
4.001000000000000000e+03
3.987000000000000000e+03
4.057000000000000000e+03
4.113000000000000000e+03
4.078000000000000000e+03
4.105000000000000000e+03
4.138000000000000000e+03
4.029000000000000000e+03
4.178000000000000000e+03
4.132000000000000000e+03
4.041000000000000000e+03
4.192000000000000000e+03
4.205000000000000000e+03
4.256000000000000000e+03
4.188000000000000000e+03
4.173000000000000000e+03
4.204000000000000000e+03
4.150000000000000000e+03
4.220000000000000000e+03
4.227000000000000000e+03
4.213000000000000000e+03
4.212000000000000000e+03
4.296000000000000000e+03
4.312000000000000000e+03
4.225000000000000000e+03
4.337000000000000000e+03
4.335000000000000000e+03
4.268000000000000000e+03
4.332000000000000000e+03
4.321000000000000000e+03
4.261000000000000000e+03
4.486000000000000000e+03
4.432000000000000000e+03
4.419000000000000000e+03
4.374000000000000000e+03
4.505000000000000000e+03
4.443000000000000000e+03
4.427000000000000000e+03
4.433000000000000000e+03
4.419000000000000000e+03
4.462000000000000000e+03
4.369000000000000000e+03
4.449000000000000000e+03
4.522000000000000000e+03
4.518000000000000000e+03
4.496000000000000000e+03
4.534000000000000000e+03
4.550000000000000000e+03
4.592000000000000000e+03
4.555000000000000000e+03
4.583000000000000000e+03
4.507000000000000000e+03
4.635000000000000000e+03
4.567000000000000000e+03
4.634000000000000000e+03
4.622000000000000000e+03
4.597000000000000000e+03
4.682000000000000000e+03
4.689000000000000000e+03
4.691000000000000000e+03
4.687000000000000000e+03
4.778000000000000000e+03
4.648000000000000000e+03
4.742000000000000000e+03
4.757000000000000000e+03
4.746000000000000000e+03
4.779000000000000000e+03
4.768000000000000000e+03
4.768000000000000000e+03
4.773000000000000000e+03
4.768000000000000000e+03
6.010000000000000000e+03
4.727000000000000000e+03
4.756000000000000000e+03
4.813000000000000000e+03
4.872000000000000000e+03
4.803000000000000000e+03
4.878000000000000000e+03
4.883000000000000000e+03
4.945000000000000000e+03
4.972000000000000000e+03
4.926000000000000000e+03
4.935000000000000000e+03
4.957000000000000000e+03
4.965000000000000000e+03
4.944000000000000000e+03
5.039000000000000000e+03
5.061000000000000000e+03
5.026000000000000000e+03
5.046000000000000000e+03
5.079000000000000000e+03
5.173000000000000000e+03
5.142000000000000000e+03
5.119000000000000000e+03
5.100000000000000000e+03
5.138000000000000000e+03
5.221000000000000000e+03
5.159000000000000000e+03
5.246000000000000000e+03
5.308000000000000000e+03
5.219000000000000000e+03
5.221000000000000000e+03
5.254000000000000000e+03
5.380000000000000000e+03
5.332000000000000000e+03
5.274000000000000000e+03
5.362000000000000000e+03
5.291000000000000000e+03
5.307000000000000000e+03
5.323000000000000000e+03
5.355000000000000000e+03
5.416000000000000000e+03
5.402000000000000000e+03
5.401000000000000000e+03
5.446000000000000000e+03
5.401000000000000000e+03
5.432000000000000000e+03
5.432000000000000000e+03
5.390000000000000000e+03
5.520000000000000000e+03
5.494000000000000000e+03
5.407000000000000000e+03
5.483000000000000000e+03
5.484000000000000000e+03
5.575000000000000000e+03
5.568000000000000000e+03
5.661000000000000000e+03
5.521000000000000000e+03
5.604000000000000000e+03
5.585000000000000000e+03
5.659000000000000000e+03
5.678000000000000000e+03
5.706000000000000000e+03
5.656000000000000000e+03
5.629000000000000000e+03
5.697000000000000000e+03
5.992000000000000000e+03
5.667000000000000000e+03
5.744000000000000000e+03
5.726000000000000000e+03
5.746000000000000000e+03
5.768000000000000000e+03
5.706000000000000000e+03
5.696000000000000000e+03
5.836000000000000000e+03
5.824000000000000000e+03
5.803000000000000000e+03
5.827000000000000000e+03
5.820000000000000000e+03
5.888000000000000000e+03
5.803000000000000000e+03
6.133000000000000000e+03
5.797000000000000000e+03
5.907000000000000000e+03
5.932000000000000000e+03
5.946000000000000000e+03
5.953000000000000000e+03
5.950000000000000000e+03
6.066000000000000000e+03
5.952000000000000000e+03
5.963000000000000000e+03
6.018000000000000000e+03
5.939000000000000000e+03
6.015000000000000000e+03
6.036000000000000000e+03
5.969000000000000000e+03
6.055000000000000000e+03
5.962000000000000000e+03
6.001000000000000000e+03
6.111000000000000000e+03
6.102000000000000000e+03
5.914000000000000000e+03
6.020000000000000000e+03
6.030000000000000000e+03
6.222000000000000000e+03
6.015000000000000000e+03
6.059000000000000000e+03
6.135000000000000000e+03
6.076000000000000000e+03
6.107000000000000000e+03
6.349000000000000000e+03
6.105000000000000000e+03
6.125000000000000000e+03
6.175000000000000000e+03
6.161000000000000000e+03
6.178000000000000000e+03
6.189000000000000000e+03
6.230000000000000000e+03
6.293000000000000000e+03
6.281000000000000000e+03
6.247000000000000000e+03
6.262000000000000000e+03
6.519000000000000000e+03
6.342000000000000000e+03
6.361000000000000000e+03
6.385000000000000000e+03
6.320000000000000000e+03
6.377000000000000000e+03
6.451000000000000000e+03
6.574000000000000000e+03
6.422000000000000000e+03
6.528000000000000000e+03
6.473000000000000000e+03
6.638000000000000000e+03
6.599000000000000000e+03
6.592000000000000000e+03
6.599000000000000000e+03
6.670000000000000000e+03
6.595000000000000000e+03
6.670000000000000000e+03
6.616000000000000000e+03
6.778000000000000000e+03
6.708000000000000000e+03
6.621000000000000000e+03
6.747000000000000000e+03
6.807000000000000000e+03
6.891000000000000000e+03
6.808000000000000000e+03
6.957000000000000000e+03
6.802000000000000000e+03
6.909000000000000000e+03
6.925000000000000000e+03
6.975000000000000000e+03
6.906000000000000000e+03
7.067000000000000000e+03
6.997000000000000000e+03
6.998000000000000000e+03
7.026000000000000000e+03
7.095000000000000000e+03
7.009000000000000000e+03
7.166000000000000000e+03
7.116000000000000000e+03
7.159000000000000000e+03
7.313000000000000000e+03
7.186000000000000000e+03
7.271000000000000000e+03
7.307000000000000000e+03
7.310000000000000000e+03
7.366000000000000000e+03
7.432000000000000000e+03
7.553000000000000000e+03
7.473000000000000000e+03
7.388000000000000000e+03
7.364000000000000000e+03
7.391000000000000000e+03
7.437000000000000000e+03
7.617000000000000000e+03
7.544000000000000000e+03
7.635000000000000000e+03
7.690000000000000000e+03
7.573000000000000000e+03
7.573000000000000000e+03
7.620000000000000000e+03
7.626000000000000000e+03
7.724000000000000000e+03
7.610000000000000000e+03
7.814000000000000000e+03
7.703000000000000000e+03
7.687000000000000000e+03
7.768000000000000000e+03
7.808000000000000000e+03
7.680000000000000000e+03
7.770000000000000000e+03
7.766000000000000000e+03
7.768000000000000000e+03
7.935000000000000000e+03
7.807000000000000000e+03
7.812000000000000000e+03
7.879000000000000000e+03
7.908000000000000000e+03
7.881000000000000000e+03
7.974000000000000000e+03
7.932000000000000000e+03
8.022000000000000000e+03
8.112000000000000000e+03
8.001000000000000000e+03
8.059000000000000000e+03
8.128000000000000000e+03
8.103000000000000000e+03
8.039000000000000000e+03
7.990000000000000000e+03
8.117000000000000000e+03
8.092000000000000000e+03
8.161000000000000000e+03
8.129000000000000000e+03
8.256000000000000000e+03
8.293000000000000000e+03
8.147000000000000000e+03
8.298000000000000000e+03
8.305000000000000000e+03
8.256000000000000000e+03
8.329000000000000000e+03
8.393000000000000000e+03
8.367000000000000000e+03
8.361000000000000000e+03
8.436000000000000000e+03
8.413000000000000000e+03
8.505000000000000000e+03
8.562000000000000000e+03
8.509000000000000000e+03
8.600000000000000000e+03
8.665000000000000000e+03
8.593000000000000000e+03
8.571000000000000000e+03
8.662000000000000000e+03
8.599000000000000000e+03
8.726000000000000000e+03
8.798000000000000000e+03
8.750000000000000000e+03
8.779000000000000000e+03
8.978000000000000000e+03
8.951000000000000000e+03
8.900000000000000000e+03
9.060000000000000000e+03
9.278000000000000000e+03
8.952000000000000000e+03
8.933000000000000000e+03
9.027000000000000000e+03
9.055000000000000000e+03
9.092000000000000000e+03
9.151000000000000000e+03
9.258000000000000000e+03
9.261000000000000000e+03
9.573000000000000000e+03
9.411000000000000000e+03
9.345000000000000000e+03
9.472000000000000000e+03
9.318000000000000000e+03
9.526000000000000000e+03
9.538000000000000000e+03
9.553000000000000000e+03
9.564000000000000000e+03
9.632000000000000000e+03
9.719000000000000000e+03
9.775000000000000000e+03
9.774000000000000000e+03
9.656000000000000000e+03
9.843000000000000000e+03
9.862000000000000000e+03
9.790000000000000000e+03
9.927000000000000000e+03
9.787000000000000000e+03
9.973000000000000000e+03
1.003200000000000000e+04
9.995000000000000000e+03
1.014600000000000000e+04
1.019400000000000000e+04
1.024200000000000000e+04
1.008300000000000000e+04
1.016900000000000000e+04
1.031100000000000000e+04
1.020300000000000000e+04
1.025500000000000000e+04
1.030900000000000000e+04
1.042900000000000000e+04
1.037400000000000000e+04
1.035300000000000000e+04
1.056500000000000000e+04
1.050900000000000000e+04
1.050600000000000000e+04
1.039900000000000000e+04
1.056500000000000000e+04
1.068100000000000000e+04
1.051700000000000000e+04
1.059100000000000000e+04
1.067000000000000000e+04
1.056600000000000000e+04
1.067000000000000000e+04
1.051800000000000000e+04
1.051300000000000000e+04
1.067200000000000000e+04
1.066800000000000000e+04
1.070700000000000000e+04
1.069100000000000000e+04
1.074100000000000000e+04
1.062800000000000000e+04
1.066800000000000000e+04
1.076200000000000000e+04
1.076900000000000000e+04
1.078500000000000000e+04
1.083200000000000000e+04
1.075200000000000000e+04
1.080800000000000000e+04
1.098900000000000000e+04
1.094600000000000000e+04
1.097900000000000000e+04
1.104000000000000000e+04
1.103100000000000000e+04
1.103800000000000000e+04
1.096300000000000000e+04
1.098100000000000000e+04
1.104400000000000000e+04
1.108900000000000000e+04
1.105100000000000000e+04
1.113700000000000000e+04
1.098100000000000000e+04
1.109900000000000000e+04
1.109000000000000000e+04
1.112600000000000000e+04
1.104600000000000000e+04
1.097400000000000000e+04
1.103400000000000000e+04
1.108400000000000000e+04
1.107500000000000000e+04
1.096700000000000000e+04
1.117600000000000000e+04
1.122300000000000000e+04
1.112700000000000000e+04
1.114500000000000000e+04
1.107300000000000000e+04
1.110000000000000000e+04
1.120100000000000000e+04
1.123800000000000000e+04
1.109400000000000000e+04
1.108200000000000000e+04
1.111500000000000000e+04
1.113400000000000000e+04
1.118300000000000000e+04
1.101600000000000000e+04
1.110700000000000000e+04
1.119800000000000000e+04
1.115100000000000000e+04
1.106900000000000000e+04
1.124800000000000000e+04
1.121300000000000000e+04
1.124300000000000000e+04
1.106200000000000000e+04
1.118100000000000000e+04
1.114400000000000000e+04
1.108100000000000000e+04
1.115700000000000000e+04
1.112700000000000000e+04
1.129400000000000000e+04
1.116000000000000000e+04
1.128600000000000000e+04
1.122600000000000000e+04
1.105700000000000000e+04
1.118400000000000000e+04
1.120800000000000000e+04
1.123500000000000000e+04
1.133500000000000000e+04
1.114600000000000000e+04
1.119200000000000000e+04
1.124300000000000000e+04
1.128500000000000000e+04
1.123000000000000000e+04
1.136400000000000000e+04
1.134000000000000000e+04
1.143400000000000000e+04
1.130900000000000000e+04
1.142700000000000000e+04
1.155200000000000000e+04
1.154800000000000000e+04
1.143100000000000000e+04
1.150500000000000000e+04
1.151300000000000000e+04
1.152400000000000000e+04
1.146300000000000000e+04
1.162500000000000000e+04
1.143000000000000000e+04
1.235300000000000000e+04
1.156400000000000000e+04
1.161800000000000000e+04
1.152500000000000000e+04
1.176700000000000000e+04
1.171300000000000000e+04
1.173100000000000000e+04
1.163100000000000000e+04
1.176200000000000000e+04
1.178600000000000000e+04
1.180100000000000000e+04
1.170200000000000000e+04
1.174600000000000000e+04
1.171100000000000000e+04
1.183500000000000000e+04
1.181700000000000000e+04
1.175900000000000000e+04
1.178700000000000000e+04
1.179800000000000000e+04
1.178200000000000000e+04
1.182200000000000000e+04
1.183400000000000000e+04
1.178900000000000000e+04
1.168300000000000000e+04
1.186400000000000000e+04
1.188800000000000000e+04
1.179500000000000000e+04
1.196600000000000000e+04
1.181700000000000000e+04
1.202800000000000000e+04
1.193500000000000000e+04
1.186200000000000000e+04
1.193900000000000000e+04
1.188100000000000000e+04
1.200800000000000000e+04
1.207000000000000000e+04
1.207900000000000000e+04
1.212600000000000000e+04
1.212900000000000000e+04
1.227200000000000000e+04
1.226700000000000000e+04
1.232600000000000000e+04
1.229900000000000000e+04
1.242100000000000000e+04
1.246400000000000000e+04
1.243300000000000000e+04
1.247100000000000000e+04
1.236500000000000000e+04
1.253400000000000000e+04
1.240700000000000000e+04
1.245700000000000000e+04
1.245300000000000000e+04
1.250500000000000000e+04
1.251600000000000000e+04
1.246100000000000000e+04
1.252600000000000000e+04
1.253800000000000000e+04
1.265000000000000000e+04
1.269100000000000000e+04
1.267800000000000000e+04
1.270400000000000000e+04
1.277600000000000000e+04
1.279200000000000000e+04
1.256900000000000000e+04
1.243200000000000000e+04
1.242300000000000000e+04
1.249900000000000000e+04
1.241900000000000000e+04
1.246600000000000000e+04
1.245900000000000000e+04
1.250200000000000000e+04
1.249700000000000000e+04
1.263400000000000000e+04
1.250400000000000000e+04
1.235800000000000000e+04
1.262700000000000000e+04
1.242500000000000000e+04
1.255500000000000000e+04
1.242300000000000000e+04
1.232400000000000000e+04
1.235700000000000000e+04
1.235700000000000000e+04
1.229400000000000000e+04
1.216200000000000000e+04
1.239500000000000000e+04
1.232200000000000000e+04
1.225000000000000000e+04
1.214700000000000000e+04
1.191100000000000000e+04
1.202600000000000000e+04
1.182800000000000000e+04
1.188000000000000000e+04
1.197700000000000000e+04
1.194200000000000000e+04
1.190300000000000000e+04
1.197100000000000000e+04
1.200700000000000000e+04
1.196100000000000000e+04
1.192300000000000000e+04
1.169300000000000000e+04
1.171000000000000000e+04
1.159800000000000000e+04
1.159800000000000000e+04
1.159300000000000000e+04
1.174200000000000000e+04
1.154300000000000000e+04
1.159200000000000000e+04
1.148000000000000000e+04
1.139700000000000000e+04
1.137500000000000000e+04
1.147400000000000000e+04
1.149100000000000000e+04
1.147200000000000000e+04
1.137300000000000000e+04
1.114100000000000000e+04
1.131200000000000000e+04
1.114500000000000000e+04
1.090400000000000000e+04
1.078200000000000000e+04
1.086200000000000000e+04
1.073100000000000000e+04
1.070100000000000000e+04
1.078700000000000000e+04
1.081200000000000000e+04
1.061600000000000000e+04
1.054100000000000000e+04
1.067000000000000000e+04
1.045800000000000000e+04
1.033600000000000000e+04
1.046400000000000000e+04
1.042900000000000000e+04
1.036400000000000000e+04
1.033200000000000000e+04
1.034400000000000000e+04
1.043900000000000000e+04
1.026600000000000000e+04
1.020700000000000000e+04
1.025500000000000000e+04
1.022700000000000000e+04
1.027000000000000000e+04
1.033900000000000000e+04
1.024600000000000000e+04
1.032200000000000000e+04
1.031300000000000000e+04
1.012800000000000000e+04
1.014500000000000000e+04
1.012000000000000000e+04
1.020700000000000000e+04
1.021300000000000000e+04
1.023600000000000000e+04
1.024600000000000000e+04
1.017900000000000000e+04
1.007400000000000000e+04
1.007000000000000000e+04
1.000300000000000000e+04
9.991000000000000000e+03
1.014600000000000000e+04
1.019900000000000000e+04
1.027500000000000000e+04
1.037700000000000000e+04
1.040100000000000000e+04
1.042800000000000000e+04
1.042600000000000000e+04
1.029000000000000000e+04
1.014200000000000000e+04
1.010900000000000000e+04
1.013200000000000000e+04
1.013200000000000000e+04
1.023200000000000000e+04
1.003200000000000000e+04
1.010100000000000000e+04
1.023600000000000000e+04
1.023900000000000000e+04
1.009200000000000000e+04
1.017600000000000000e+04
1.005700000000000000e+04
1.003900000000000000e+04
9.998000000000000000e+03
9.835000000000000000e+03
9.884000000000000000e+03
9.769000000000000000e+03
9.857000000000000000e+03
1.002700000000000000e+04
1.001000000000000000e+04
9.924000000000000000e+03
1.001000000000000000e+04
9.910000000000000000e+03
1.004600000000000000e+04
9.828000000000000000e+03
9.840000000000000000e+03
9.847000000000000000e+03
9.896000000000000000e+03
9.516000000000000000e+03
