3.741000000000000000e+03
3.818000000000000000e+03
3.751000000000000000e+03
3.689000000000000000e+03
3.758000000000000000e+03
3.753000000000000000e+03
3.820000000000000000e+03
3.770000000000000000e+03
3.742000000000000000e+03
3.764000000000000000e+03
3.686000000000000000e+03
3.687000000000000000e+03
3.711000000000000000e+03
3.699000000000000000e+03
3.807000000000000000e+03
3.755000000000000000e+03
3.761000000000000000e+03
3.805000000000000000e+03
3.730000000000000000e+03
3.774000000000000000e+03
3.790000000000000000e+03
3.757000000000000000e+03
3.778000000000000000e+03
3.767000000000000000e+03
3.732000000000000000e+03
3.787000000000000000e+03
3.713000000000000000e+03
3.811000000000000000e+03
3.802000000000000000e+03
4.019000000000000000e+03
3.794000000000000000e+03
3.790000000000000000e+03
3.825000000000000000e+03
3.908000000000000000e+03
3.818000000000000000e+03
3.803000000000000000e+03
3.907000000000000000e+03
3.805000000000000000e+03
3.884000000000000000e+03
3.828000000000000000e+03
3.842000000000000000e+03
3.901000000000000000e+03
3.813000000000000000e+03
3.884000000000000000e+03
3.867000000000000000e+03
3.835000000000000000e+03
3.829000000000000000e+03
3.929000000000000000e+03
3.904000000000000000e+03
3.889000000000000000e+03
3.874000000000000000e+03
4.169000000000000000e+03
3.918000000000000000e+03
3.968000000000000000e+03
3.986000000000000000e+03
3.924000000000000000e+03
3.870000000000000000e+03
3.927000000000000000e+03
4.012000000000000000e+03
3.944000000000000000e+03
4.024000000000000000e+03
3.951000000000000000e+03
3.973000000000000000e+03
4.012000000000000000e+03
4.031000000000000000e+03
4.007000000000000000e+03
4.049000000000000000e+03
4.022000000000000000e+03
4.023000000000000000e+03
4.054000000000000000e+03
4.009000000000000000e+03
4.102000000000000000e+03
4.071000000000000000e+03
4.069000000000000000e+03
4.087000000000000000e+03
4.057000000000000000e+03
4.092000000000000000e+03
4.081000000000000000e+03
4.333000000000000000e+03
4.026000000000000000e+03
4.105000000000000000e+03
4.067000000000000000e+03
4.109000000000000000e+03
4.121000000000000000e+03
4.187000000000000000e+03
4.113000000000000000e+03
4.154000000000000000e+03
4.198000000000000000e+03
4.189000000000000000e+03
4.201000000000000000e+03
4.161000000000000000e+03
4.184000000000000000e+03
4.303000000000000000e+03
4.218000000000000000e+03
4.190000000000000000e+03
4.302000000000000000e+03
4.272000000000000000e+03
4.205000000000000000e+03
4.235000000000000000e+03
4.251000000000000000e+03
4.300000000000000000e+03
4.319000000000000000e+03
4.290000000000000000e+03
4.265000000000000000e+03
4.313000000000000000e+03
4.295000000000000000e+03
4.290000000000000000e+03
4.572000000000000000e+03
4.334000000000000000e+03
4.309000000000000000e+03
4.365000000000000000e+03
4.324000000000000000e+03
4.387000000000000000e+03
4.360000000000000000e+03
4.429000000000000000e+03
4.438000000000000000e+03
4.484000000000000000e+03
4.458000000000000000e+03
4.468000000000000000e+03
4.478000000000000000e+03
4.560000000000000000e+03
4.452000000000000000e+03
4.555000000000000000e+03
4.587000000000000000e+03
4.499000000000000000e+03
4.547000000000000000e+03
4.508000000000000000e+03
4.489000000000000000e+03
4.506000000000000000e+03
4.549000000000000000e+03
4.522000000000000000e+03
4.620000000000000000e+03
4.593000000000000000e+03
4.576000000000000000e+03
4.601000000000000000e+03
4.684000000000000000e+03
4.696000000000000000e+03
4.602000000000000000e+03
4.600000000000000000e+03
4.709000000000000000e+03
4.692000000000000000e+03
4.632000000000000000e+03
4.711000000000000000e+03
4.724000000000000000e+03
4.698000000000000000e+03
4.703000000000000000e+03
4.792000000000000000e+03
4.701000000000000000e+03
4.896000000000000000e+03
4.799000000000000000e+03
4.818000000000000000e+03
4.808000000000000000e+03
4.850000000000000000e+03
4.876000000000000000e+03
4.833000000000000000e+03
4.932000000000000000e+03
4.932000000000000000e+03
4.880000000000000000e+03
4.920000000000000000e+03
4.933000000000000000e+03
4.964000000000000000e+03
4.984000000000000000e+03
4.951000000000000000e+03
4.996000000000000000e+03
4.965000000000000000e+03
5.031000000000000000e+03
5.104000000000000000e+03
5.070000000000000000e+03
5.063000000000000000e+03
5.094000000000000000e+03
5.029000000000000000e+03
5.119000000000000000e+03
5.131000000000000000e+03
5.365000000000000000e+03
5.144000000000000000e+03
5.149000000000000000e+03
5.093000000000000000e+03
5.266000000000000000e+03
5.205000000000000000e+03
5.220000000000000000e+03
5.146000000000000000e+03
5.273000000000000000e+03
5.252000000000000000e+03
5.362000000000000000e+03
5.364000000000000000e+03
5.260000000000000000e+03
5.326000000000000000e+03
5.355000000000000000e+03
5.316000000000000000e+03
5.351000000000000000e+03
5.228000000000000000e+03
5.436000000000000000e+03
5.409000000000000000e+03
5.371000000000000000e+03
5.586000000000000000e+03
5.428000000000000000e+03
5.464000000000000000e+03
5.437000000000000000e+03
5.557000000000000000e+03
5.436000000000000000e+03
5.540000000000000000e+03
5.540000000000000000e+03
5.566000000000000000e+03
5.533000000000000000e+03
5.544000000000000000e+03
5.596000000000000000e+03
5.628000000000000000e+03
5.632000000000000000e+03
5.682000000000000000e+03
5.704000000000000000e+03
5.688000000000000000e+03
5.684000000000000000e+03
5.647000000000000000e+03
5.724000000000000000e+03
5.691000000000000000e+03
5.791000000000000000e+03
5.748000000000000000e+03
5.854000000000000000e+03
5.900000000000000000e+03
5.702000000000000000e+03
5.958000000000000000e+03
5.924000000000000000e+03
5.951000000000000000e+03
6.155000000000000000e+03
5.856000000000000000e+03
5.891000000000000000e+03
5.903000000000000000e+03
5.934000000000000000e+03
6.010000000000000000e+03
5.983000000000000000e+03
5.910000000000000000e+03
5.930000000000000000e+03
6.067000000000000000e+03
6.024000000000000000e+03
6.074000000000000000e+03
6.091000000000000000e+03
6.060000000000000000e+03
6.029000000000000000e+03
6.115000000000000000e+03
6.083000000000000000e+03
6.102000000000000000e+03
6.163000000000000000e+03
6.157000000000000000e+03
6.194000000000000000e+03
6.213000000000000000e+03
6.199000000000000000e+03
6.214000000000000000e+03
6.266000000000000000e+03
6.232000000000000000e+03
6.130000000000000000e+03
6.157000000000000000e+03
6.239000000000000000e+03
6.292000000000000000e+03
6.415000000000000000e+03
6.308000000000000000e+03
6.474000000000000000e+03
6.309000000000000000e+03
6.363000000000000000e+03
6.234000000000000000e+03
6.319000000000000000e+03
6.308000000000000000e+03
6.350000000000000000e+03
6.398000000000000000e+03
6.455000000000000000e+03
6.457000000000000000e+03
6.368000000000000000e+03
6.488000000000000000e+03
6.380000000000000000e+03
6.386000000000000000e+03
6.489000000000000000e+03
6.415000000000000000e+03
6.516000000000000000e+03
6.471000000000000000e+03
6.555000000000000000e+03
6.558000000000000000e+03
6.594000000000000000e+03
6.740000000000000000e+03
6.570000000000000000e+03
6.605000000000000000e+03
6.472000000000000000e+03
6.660000000000000000e+03
6.668000000000000000e+03
6.555000000000000000e+03
6.586000000000000000e+03
6.663000000000000000e+03
6.563000000000000000e+03
6.668000000000000000e+03
6.933000000000000000e+03
6.724000000000000000e+03
6.753000000000000000e+03
6.597000000000000000e+03
6.676000000000000000e+03
6.733000000000000000e+03
6.711000000000000000e+03
6.701000000000000000e+03
6.786000000000000000e+03
6.679000000000000000e+03
6.698000000000000000e+03
6.945000000000000000e+03
6.861000000000000000e+03
6.728000000000000000e+03
6.917000000000000000e+03
6.867000000000000000e+03
6.849000000000000000e+03
6.921000000000000000e+03
6.951000000000000000e+03
7.041000000000000000e+03
6.958000000000000000e+03
7.005000000000000000e+03
7.014000000000000000e+03
6.981000000000000000e+03
7.057000000000000000e+03
7.103000000000000000e+03
7.073000000000000000e+03
7.164000000000000000e+03
7.162000000000000000e+03
7.141000000000000000e+03
7.185000000000000000e+03
7.225000000000000000e+03
7.220000000000000000e+03
7.203000000000000000e+03
7.298000000000000000e+03
7.282000000000000000e+03
7.398000000000000000e+03
7.243000000000000000e+03
7.342000000000000000e+03
7.439000000000000000e+03
7.300000000000000000e+03
7.407000000000000000e+03
7.610000000000000000e+03
7.491000000000000000e+03
7.598000000000000000e+03
7.560000000000000000e+03
7.582000000000000000e+03
7.588000000000000000e+03
7.537000000000000000e+03
7.683000000000000000e+03
7.663000000000000000e+03
7.644000000000000000e+03
7.747000000000000000e+03
7.781000000000000000e+03
7.729000000000000000e+03
7.882000000000000000e+03
7.796000000000000000e+03
7.865000000000000000e+03
7.749000000000000000e+03
8.026000000000000000e+03
7.807000000000000000e+03
7.915000000000000000e+03
8.141000000000000000e+03
8.085000000000000000e+03
8.052000000000000000e+03
8.073000000000000000e+03
8.106000000000000000e+03
8.090000000000000000e+03
8.070000000000000000e+03
8.204000000000000000e+03
8.194000000000000000e+03
8.252000000000000000e+03
8.196000000000000000e+03
8.307000000000000000e+03
8.259000000000000000e+03
8.283000000000000000e+03
8.271000000000000000e+03
8.384000000000000000e+03
8.334000000000000000e+03
8.478000000000000000e+03
8.470000000000000000e+03
8.498000000000000000e+03
8.611000000000000000e+03
8.463000000000000000e+03
8.416000000000000000e+03
8.548000000000000000e+03
8.664000000000000000e+03
8.557000000000000000e+03
8.569000000000000000e+03
8.564000000000000000e+03
8.572000000000000000e+03
8.635000000000000000e+03
8.658000000000000000e+03
8.550000000000000000e+03
8.563000000000000000e+03
8.672000000000000000e+03
8.750000000000000000e+03
8.611000000000000000e+03
8.747000000000000000e+03
8.657000000000000000e+03
8.800000000000000000e+03
8.844000000000000000e+03
8.905000000000000000e+03
8.914000000000000000e+03
8.886000000000000000e+03
8.843000000000000000e+03
8.952000000000000000e+03
8.949000000000000000e+03
8.928000000000000000e+03
8.928000000000000000e+03
9.017000000000000000e+03
8.920000000000000000e+03
8.865000000000000000e+03
8.932000000000000000e+03
8.924000000000000000e+03
9.153000000000000000e+03
9.111000000000000000e+03
9.122000000000000000e+03
9.219000000000000000e+03
9.208000000000000000e+03
9.302000000000000000e+03
9.117000000000000000e+03
9.239000000000000000e+03
9.329000000000000000e+03
9.280000000000000000e+03
9.411000000000000000e+03
9.425000000000000000e+03
9.417000000000000000e+03
9.405000000000000000e+03
9.567000000000000000e+03
9.546000000000000000e+03
9.621000000000000000e+03
9.602000000000000000e+03
9.586000000000000000e+03
9.573000000000000000e+03
9.679000000000000000e+03
9.702000000000000000e+03
9.708000000000000000e+03
9.931000000000000000e+03
9.966000000000000000e+03
9.969000000000000000e+03
9.964000000000000000e+03
1.001200000000000000e+04
9.974000000000000000e+03
1.020800000000000000e+04
1.025000000000000000e+04
1.027900000000000000e+04
1.064300000000000000e+04
1.020300000000000000e+04
1.017500000000000000e+04
1.035600000000000000e+04
1.042200000000000000e+04
1.037800000000000000e+04
1.034500000000000000e+04
1.050100000000000000e+04
1.044800000000000000e+04
1.054400000000000000e+04
1.049500000000000000e+04
1.054600000000000000e+04
1.058900000000000000e+04
1.068800000000000000e+04
1.078400000000000000e+04
1.088900000000000000e+04
1.082700000000000000e+04
1.099400000000000000e+04
1.088800000000000000e+04
1.093900000000000000e+04
1.091000000000000000e+04
1.097000000000000000e+04
1.109900000000000000e+04
1.106400000000000000e+04
1.110500000000000000e+04
1.115600000000000000e+04
1.117900000000000000e+04
1.112600000000000000e+04
1.119200000000000000e+04
1.140900000000000000e+04
1.128800000000000000e+04
1.140500000000000000e+04
1.124800000000000000e+04
1.142800000000000000e+04
1.142100000000000000e+04
1.133100000000000000e+04
1.150200000000000000e+04
1.143600000000000000e+04
1.156300000000000000e+04
1.135000000000000000e+04
1.143700000000000000e+04
1.170000000000000000e+04
1.144400000000000000e+04
1.153700000000000000e+04
1.157900000000000000e+04
1.147400000000000000e+04
1.155100000000000000e+04
1.170000000000000000e+04
1.159000000000000000e+04
1.179800000000000000e+04
1.169600000000000000e+04
1.156900000000000000e+04
1.174400000000000000e+04
1.171600000000000000e+04
1.172800000000000000e+04
1.171600000000000000e+04
1.180900000000000000e+04
1.184000000000000000e+04
1.185600000000000000e+04
1.185200000000000000e+04
1.196700000000000000e+04
1.194600000000000000e+04
1.193200000000000000e+04
1.195200000000000000e+04
1.210000000000000000e+04
1.206100000000000000e+04
1.200400000000000000e+04
1.210800000000000000e+04
1.203200000000000000e+04
1.203100000000000000e+04
1.203000000000000000e+04
1.211900000000000000e+04
1.205100000000000000e+04
1.198400000000000000e+04
1.205300000000000000e+04
1.209500000000000000e+04
1.211300000000000000e+04
1.220500000000000000e+04
1.197900000000000000e+04
1.206100000000000000e+04
1.216900000000000000e+04
1.211400000000000000e+04
1.210900000000000000e+04
1.207300000000000000e+04
1.232200000000000000e+04
1.201800000000000000e+04
1.224700000000000000e+04
1.225400000000000000e+04
1.221400000000000000e+04
1.216300000000000000e+04
1.203100000000000000e+04
1.203400000000000000e+04
1.203900000000000000e+04
1.215100000000000000e+04
1.220900000000000000e+04
1.211300000000000000e+04
1.229200000000000000e+04
1.213400000000000000e+04
1.215300000000000000e+04
1.226500000000000000e+04
1.226100000000000000e+04
1.211600000000000000e+04
1.217600000000000000e+04
1.219000000000000000e+04
1.218900000000000000e+04
1.220900000000000000e+04
1.207200000000000000e+04
1.224400000000000000e+04
1.215600000000000000e+04
1.225800000000000000e+04
1.233400000000000000e+04
1.209900000000000000e+04
1.221200000000000000e+04
1.221200000000000000e+04
1.222000000000000000e+04
1.239900000000000000e+04
1.218200000000000000e+04
1.221900000000000000e+04
1.230400000000000000e+04
1.227500000000000000e+04
1.227800000000000000e+04
1.218800000000000000e+04
1.228500000000000000e+04
1.237500000000000000e+04
1.228900000000000000e+04
1.238400000000000000e+04
1.242300000000000000e+04
1.244100000000000000e+04
1.245000000000000000e+04
1.252600000000000000e+04
1.252400000000000000e+04
1.262200000000000000e+04
1.255800000000000000e+04
1.243200000000000000e+04
1.249600000000000000e+04
1.255600000000000000e+04
1.251100000000000000e+04
1.256000000000000000e+04
1.264800000000000000e+04
1.275500000000000000e+04
1.277500000000000000e+04
1.277800000000000000e+04
1.269200000000000000e+04
1.285500000000000000e+04
1.274900000000000000e+04
1.292200000000000000e+04
1.289900000000000000e+04
1.300800000000000000e+04
1.306900000000000000e+04
1.287800000000000000e+04
1.312000000000000000e+04
1.305800000000000000e+04
1.307100000000000000e+04
1.299000000000000000e+04
1.306400000000000000e+04
1.313900000000000000e+04
1.326400000000000000e+04
1.308200000000000000e+04
1.311900000000000000e+04
1.307600000000000000e+04
1.339400000000000000e+04
1.329200000000000000e+04
1.332800000000000000e+04
1.327800000000000000e+04
1.334700000000000000e+04
1.332700000000000000e+04
1.334800000000000000e+04
1.337100000000000000e+04
1.330800000000000000e+04
1.343700000000000000e+04
1.338100000000000000e+04
1.325100000000000000e+04
1.336100000000000000e+04
1.327600000000000000e+04
1.339700000000000000e+04
1.336100000000000000e+04
1.350600000000000000e+04
1.342200000000000000e+04
1.345500000000000000e+04
1.342600000000000000e+04
1.372900000000000000e+04
1.347900000000000000e+04
1.349600000000000000e+04
1.376600000000000000e+04
1.344700000000000000e+04
1.353000000000000000e+04
1.356600000000000000e+04
1.360300000000000000e+04
1.361200000000000000e+04
1.348100000000000000e+04
1.357200000000000000e+04
1.356800000000000000e+04
1.350600000000000000e+04
1.355600000000000000e+04
1.349700000000000000e+04
1.354300000000000000e+04
1.372300000000000000e+04
1.357600000000000000e+04
1.369900000000000000e+04
1.378600000000000000e+04
1.376500000000000000e+04
1.377300000000000000e+04
1.368400000000000000e+04
1.361400000000000000e+04
1.383900000000000000e+04
1.370900000000000000e+04
1.373700000000000000e+04
1.368300000000000000e+04
1.382700000000000000e+04
1.359800000000000000e+04
1.381300000000000000e+04
1.335700000000000000e+04
1.336500000000000000e+04
1.336500000000000000e+04
1.346400000000000000e+04
1.358100000000000000e+04
1.335300000000000000e+04
1.366200000000000000e+04
1.344100000000000000e+04
1.325600000000000000e+04
1.352500000000000000e+04
1.329000000000000000e+04
1.325600000000000000e+04
1.317400000000000000e+04
1.314800000000000000e+04
1.301700000000000000e+04
1.297900000000000000e+04
1.285600000000000000e+04
1.286700000000000000e+04
1.281600000000000000e+04
1.292900000000000000e+04
1.289000000000000000e+04
1.265900000000000000e+04
1.283400000000000000e+04
1.263200000000000000e+04
1.260200000000000000e+04
1.265900000000000000e+04
1.263300000000000000e+04
1.256700000000000000e+04
1.260700000000000000e+04
1.245600000000000000e+04
1.239800000000000000e+04
1.247300000000000000e+04
1.249700000000000000e+04
1.252200000000000000e+04
1.238000000000000000e+04
1.244300000000000000e+04
1.255800000000000000e+04
1.262200000000000000e+04
1.249900000000000000e+04
1.253500000000000000e+04
1.226500000000000000e+04
1.233100000000000000e+04
1.228400000000000000e+04
1.225300000000000000e+04
1.226200000000000000e+04
1.237000000000000000e+04
1.218200000000000000e+04
1.240400000000000000e+04
1.230200000000000000e+04
1.222400000000000000e+04
1.217100000000000000e+04
1.211100000000000000e+04
1.197900000000000000e+04
1.194800000000000000e+04
1.180300000000000000e+04
1.182100000000000000e+04
1.183700000000000000e+04
1.180600000000000000e+04
1.193100000000000000e+04
1.185300000000000000e+04
1.169700000000000000e+04
1.168500000000000000e+04
1.165100000000000000e+04
1.141800000000000000e+04
1.129800000000000000e+04
1.133800000000000000e+04
1.114100000000000000e+04
1.113400000000000000e+04
1.111100000000000000e+04
1.113900000000000000e+04
1.114800000000000000e+04
1.116100000000000000e+04
1.127900000000000000e+04
1.137400000000000000e+04
1.139700000000000000e+04
1.124800000000000000e+04
1.134500000000000000e+04
1.133000000000000000e+04
1.126000000000000000e+04
1.123000000000000000e+04
1.099500000000000000e+04
1.091700000000000000e+04
1.076800000000000000e+04
1.083600000000000000e+04
1.062000000000000000e+04
1.050500000000000000e+04
1.066100000000000000e+04
1.089900000000000000e+04
1.103100000000000000e+04
1.102300000000000000e+04
1.105700000000000000e+04
1.089000000000000000e+04
1.100900000000000000e+04
1.084200000000000000e+04
1.059700000000000000e+04
1.063300000000000000e+04
1.073500000000000000e+04
1.065400000000000000e+04
1.059500000000000000e+04
1.053400000000000000e+04
1.063000000000000000e+04
1.037000000000000000e+04
1.047600000000000000e+04
1.053000000000000000e+04
1.034800000000000000e+04
1.056300000000000000e+04
1.051900000000000000e+04
1.056000000000000000e+04
1.063100000000000000e+04
1.090300000000000000e+04
1.090100000000000000e+04
1.105400000000000000e+04
1.099600000000000000e+04
1.092600000000000000e+04
1.090900000000000000e+04
1.094100000000000000e+04
1.083600000000000000e+04
1.073600000000000000e+04
1.063100000000000000e+04
1.050900000000000000e+04
