3.842000000000000000e+03
3.809000000000000000e+03
3.786000000000000000e+03
3.809000000000000000e+03
3.821000000000000000e+03
3.824000000000000000e+03
3.817000000000000000e+03
3.731000000000000000e+03
3.782000000000000000e+03
3.809000000000000000e+03
3.828000000000000000e+03
3.758000000000000000e+03
3.801000000000000000e+03
3.788000000000000000e+03
3.741000000000000000e+03
3.792000000000000000e+03
3.859000000000000000e+03
3.802000000000000000e+03
3.812000000000000000e+03
3.798000000000000000e+03
3.847000000000000000e+03
3.805000000000000000e+03
3.843000000000000000e+03
3.768000000000000000e+03
3.780000000000000000e+03
3.833000000000000000e+03
3.781000000000000000e+03
3.854000000000000000e+03
3.836000000000000000e+03
3.872000000000000000e+03
3.862000000000000000e+03
3.805000000000000000e+03
3.831000000000000000e+03
3.872000000000000000e+03
3.828000000000000000e+03
3.871000000000000000e+03
3.822000000000000000e+03
3.889000000000000000e+03
3.855000000000000000e+03
3.887000000000000000e+03
3.825000000000000000e+03
3.884000000000000000e+03
3.949000000000000000e+03
3.833000000000000000e+03
3.902000000000000000e+03
3.918000000000000000e+03
4.136000000000000000e+03
3.957000000000000000e+03
4.066000000000000000e+03
3.924000000000000000e+03
4.020000000000000000e+03
3.975000000000000000e+03
3.974000000000000000e+03
4.028000000000000000e+03
3.943000000000000000e+03
4.004000000000000000e+03
3.913000000000000000e+03
4.000000000000000000e+03
3.960000000000000000e+03
3.993000000000000000e+03
3.975000000000000000e+03
4.018000000000000000e+03
3.996000000000000000e+03
4.100000000000000000e+03
4.025000000000000000e+03
4.045000000000000000e+03
4.084000000000000000e+03
4.064000000000000000e+03
4.044000000000000000e+03
3.998000000000000000e+03
4.058000000000000000e+03
4.028000000000000000e+03
4.143000000000000000e+03
4.164000000000000000e+03
4.228000000000000000e+03
4.183000000000000000e+03
4.167000000000000000e+03
4.174000000000000000e+03
4.171000000000000000e+03
4.140000000000000000e+03
4.130000000000000000e+03
4.158000000000000000e+03
4.140000000000000000e+03
4.226000000000000000e+03
4.151000000000000000e+03
4.203000000000000000e+03
4.248000000000000000e+03
4.167000000000000000e+03
4.227000000000000000e+03
4.269000000000000000e+03
4.310000000000000000e+03
4.283000000000000000e+03
4.285000000000000000e+03
4.298000000000000000e+03
4.309000000000000000e+03
4.227000000000000000e+03
4.242000000000000000e+03
4.310000000000000000e+03
4.335000000000000000e+03
4.282000000000000000e+03
4.353000000000000000e+03
4.320000000000000000e+03
4.280000000000000000e+03
4.406000000000000000e+03
4.336000000000000000e+03
4.322000000000000000e+03
4.368000000000000000e+03
4.404000000000000000e+03
4.416000000000000000e+03
4.455000000000000000e+03
4.383000000000000000e+03
4.472000000000000000e+03
4.412000000000000000e+03
4.456000000000000000e+03
4.421000000000000000e+03
4.462000000000000000e+03
4.543000000000000000e+03
4.420000000000000000e+03
4.488000000000000000e+03
4.458000000000000000e+03
4.567000000000000000e+03
4.562000000000000000e+03
4.508000000000000000e+03
4.592000000000000000e+03
4.544000000000000000e+03
4.557000000000000000e+03
4.620000000000000000e+03
4.616000000000000000e+03
4.671000000000000000e+03
4.600000000000000000e+03
4.614000000000000000e+03
4.603000000000000000e+03
4.772000000000000000e+03
4.686000000000000000e+03
4.644000000000000000e+03
4.671000000000000000e+03
4.650000000000000000e+03
4.724000000000000000e+03
4.703000000000000000e+03
4.723000000000000000e+03
4.806000000000000000e+03
4.792000000000000000e+03
4.803000000000000000e+03
4.950000000000000000e+03
4.758000000000000000e+03
4.768000000000000000e+03
4.808000000000000000e+03
4.886000000000000000e+03
4.884000000000000000e+03
4.824000000000000000e+03
4.955000000000000000e+03
4.844000000000000000e+03
4.888000000000000000e+03
4.948000000000000000e+03
4.932000000000000000e+03
4.974000000000000000e+03
5.003000000000000000e+03
4.932000000000000000e+03
4.968000000000000000e+03
4.935000000000000000e+03
5.111000000000000000e+03
5.114000000000000000e+03
4.987000000000000000e+03
5.072000000000000000e+03
5.033000000000000000e+03
5.089000000000000000e+03
5.116000000000000000e+03
5.162000000000000000e+03
5.083000000000000000e+03
5.178000000000000000e+03
5.222000000000000000e+03
5.211000000000000000e+03
5.168000000000000000e+03
5.170000000000000000e+03
5.239000000000000000e+03
5.235000000000000000e+03
5.342000000000000000e+03
5.271000000000000000e+03
5.311000000000000000e+03
5.318000000000000000e+03
5.357000000000000000e+03
5.324000000000000000e+03
5.330000000000000000e+03
5.305000000000000000e+03
5.435000000000000000e+03
5.369000000000000000e+03
5.423000000000000000e+03
5.376000000000000000e+03
5.465000000000000000e+03
5.462000000000000000e+03
5.397000000000000000e+03
5.333000000000000000e+03
5.460000000000000000e+03
5.478000000000000000e+03
5.483000000000000000e+03
5.534000000000000000e+03
5.581000000000000000e+03
5.487000000000000000e+03
5.520000000000000000e+03
5.634000000000000000e+03
5.604000000000000000e+03
5.606000000000000000e+03
5.573000000000000000e+03
5.587000000000000000e+03
5.620000000000000000e+03
5.736000000000000000e+03
5.703000000000000000e+03
5.758000000000000000e+03
5.745000000000000000e+03
5.824000000000000000e+03
5.771000000000000000e+03
5.830000000000000000e+03
5.768000000000000000e+03
5.786000000000000000e+03
5.884000000000000000e+03
5.837000000000000000e+03
5.831000000000000000e+03
5.864000000000000000e+03
5.991000000000000000e+03
5.956000000000000000e+03
5.938000000000000000e+03
5.942000000000000000e+03
5.995000000000000000e+03
6.054000000000000000e+03
6.044000000000000000e+03
6.039000000000000000e+03
6.000000000000000000e+03
6.077000000000000000e+03
5.960000000000000000e+03
6.024000000000000000e+03
6.085000000000000000e+03
6.091000000000000000e+03
6.154000000000000000e+03
6.092000000000000000e+03
6.151000000000000000e+03
6.069000000000000000e+03
6.142000000000000000e+03
6.135000000000000000e+03
6.191000000000000000e+03
6.218000000000000000e+03
6.238000000000000000e+03
6.148000000000000000e+03
6.234000000000000000e+03
6.245000000000000000e+03
6.212000000000000000e+03
6.220000000000000000e+03
6.283000000000000000e+03
6.387000000000000000e+03
6.294000000000000000e+03
6.319000000000000000e+03
6.304000000000000000e+03
6.298000000000000000e+03
6.318000000000000000e+03
6.480000000000000000e+03
6.450000000000000000e+03
6.375000000000000000e+03
6.467000000000000000e+03
6.388000000000000000e+03
6.407000000000000000e+03
6.416000000000000000e+03
6.473000000000000000e+03
6.413000000000000000e+03
6.447000000000000000e+03
6.406000000000000000e+03
6.491000000000000000e+03
6.517000000000000000e+03
6.514000000000000000e+03
6.349000000000000000e+03
6.528000000000000000e+03
6.554000000000000000e+03
6.633000000000000000e+03
6.667000000000000000e+03
6.637000000000000000e+03
6.619000000000000000e+03
6.604000000000000000e+03
6.509000000000000000e+03
6.585000000000000000e+03
6.710000000000000000e+03
6.601000000000000000e+03
6.635000000000000000e+03
6.557000000000000000e+03
6.646000000000000000e+03
6.747000000000000000e+03
6.634000000000000000e+03
6.590000000000000000e+03
6.714000000000000000e+03
6.719000000000000000e+03
6.689000000000000000e+03
6.624000000000000000e+03
6.684000000000000000e+03
6.784000000000000000e+03
6.682000000000000000e+03
6.965000000000000000e+03
6.596000000000000000e+03
6.816000000000000000e+03
6.700000000000000000e+03
6.835000000000000000e+03
6.841000000000000000e+03
6.903000000000000000e+03
6.879000000000000000e+03
6.812000000000000000e+03
6.910000000000000000e+03
6.905000000000000000e+03
6.845000000000000000e+03
6.945000000000000000e+03
6.996000000000000000e+03
7.015000000000000000e+03
7.010000000000000000e+03
7.106000000000000000e+03
7.089000000000000000e+03
7.064000000000000000e+03
7.085000000000000000e+03
7.128000000000000000e+03
7.168000000000000000e+03
7.217000000000000000e+03
7.268000000000000000e+03
7.222000000000000000e+03
7.220000000000000000e+03
7.264000000000000000e+03
7.290000000000000000e+03
7.292000000000000000e+03
7.347000000000000000e+03
7.387000000000000000e+03
7.355000000000000000e+03
7.460000000000000000e+03
7.371000000000000000e+03
7.465000000000000000e+03
7.505000000000000000e+03
7.510000000000000000e+03
7.584000000000000000e+03
7.617000000000000000e+03
7.561000000000000000e+03
7.642000000000000000e+03
7.659000000000000000e+03
7.684000000000000000e+03
7.634000000000000000e+03
7.738000000000000000e+03
7.788000000000000000e+03
7.870000000000000000e+03
7.787000000000000000e+03
7.668000000000000000e+03
7.972000000000000000e+03
7.839000000000000000e+03
7.896000000000000000e+03
7.962000000000000000e+03
8.023000000000000000e+03
8.099000000000000000e+03
8.117000000000000000e+03
8.096000000000000000e+03
8.071000000000000000e+03
8.198000000000000000e+03
8.233000000000000000e+03
8.166000000000000000e+03
8.292000000000000000e+03
8.217000000000000000e+03
8.239000000000000000e+03
8.309000000000000000e+03
8.291000000000000000e+03
8.356000000000000000e+03
8.469000000000000000e+03
8.325000000000000000e+03
8.342000000000000000e+03
8.345000000000000000e+03
8.639000000000000000e+03
8.361000000000000000e+03
8.469000000000000000e+03
8.463000000000000000e+03
8.538000000000000000e+03
8.553000000000000000e+03
8.637000000000000000e+03
8.637000000000000000e+03
8.598000000000000000e+03
8.688000000000000000e+03
8.629000000000000000e+03
8.645000000000000000e+03
8.706000000000000000e+03
8.636000000000000000e+03
8.747000000000000000e+03
8.718000000000000000e+03
8.745000000000000000e+03
8.892000000000000000e+03
8.907000000000000000e+03
8.694000000000000000e+03
8.764000000000000000e+03
8.710000000000000000e+03
8.827000000000000000e+03
8.886000000000000000e+03
8.787000000000000000e+03
8.868000000000000000e+03
8.903000000000000000e+03
8.938000000000000000e+03
8.967000000000000000e+03
8.977000000000000000e+03
9.291000000000000000e+03
9.074000000000000000e+03
9.088000000000000000e+03
8.893000000000000000e+03
9.010000000000000000e+03
9.241000000000000000e+03
9.124000000000000000e+03
9.256000000000000000e+03
9.109000000000000000e+03
9.083000000000000000e+03
9.366000000000000000e+03
9.316000000000000000e+03
9.339000000000000000e+03
9.217000000000000000e+03
9.406000000000000000e+03
9.311000000000000000e+03
9.511000000000000000e+03
9.449000000000000000e+03
9.609000000000000000e+03
9.532000000000000000e+03
9.593000000000000000e+03
9.694000000000000000e+03
9.514000000000000000e+03
9.654000000000000000e+03
9.747000000000000000e+03
9.637000000000000000e+03
9.760000000000000000e+03
9.875000000000000000e+03
9.868000000000000000e+03
9.926000000000000000e+03
9.842000000000000000e+03
9.888000000000000000e+03
1.005000000000000000e+04
1.011100000000000000e+04
1.011900000000000000e+04
1.005600000000000000e+04
1.003100000000000000e+04
1.013200000000000000e+04
1.030100000000000000e+04
1.039300000000000000e+04
1.047900000000000000e+04
1.039400000000000000e+04
1.032400000000000000e+04
1.049800000000000000e+04
1.051000000000000000e+04
1.047700000000000000e+04
1.046400000000000000e+04
1.060400000000000000e+04
1.051500000000000000e+04
1.077100000000000000e+04
1.062500000000000000e+04
1.063500000000000000e+04
1.060400000000000000e+04
1.071700000000000000e+04
1.083700000000000000e+04
1.076200000000000000e+04
1.090900000000000000e+04
1.087500000000000000e+04
1.098100000000000000e+04
1.117000000000000000e+04
1.106700000000000000e+04
1.111800000000000000e+04
1.112200000000000000e+04
1.110600000000000000e+04
1.117500000000000000e+04
1.123300000000000000e+04
1.120000000000000000e+04
1.132700000000000000e+04
1.133900000000000000e+04
1.125000000000000000e+04
1.155000000000000000e+04
1.141500000000000000e+04
1.149800000000000000e+04
1.137700000000000000e+04
1.155200000000000000e+04
1.149100000000000000e+04
1.143400000000000000e+04
1.153200000000000000e+04
1.157000000000000000e+04
1.170300000000000000e+04
1.150200000000000000e+04
1.173500000000000000e+04
1.159600000000000000e+04
1.170700000000000000e+04
1.180900000000000000e+04
1.173900000000000000e+04
1.184100000000000000e+04
1.165500000000000000e+04
1.178100000000000000e+04
1.184600000000000000e+04
1.177400000000000000e+04
1.179300000000000000e+04
1.192900000000000000e+04
1.192100000000000000e+04
1.187900000000000000e+04
1.184700000000000000e+04
1.191400000000000000e+04
1.198900000000000000e+04
1.199400000000000000e+04
1.197000000000000000e+04
1.190600000000000000e+04
1.204800000000000000e+04
1.213000000000000000e+04
1.200000000000000000e+04
1.218700000000000000e+04
1.210800000000000000e+04
1.206700000000000000e+04
1.217500000000000000e+04
1.218700000000000000e+04
1.223800000000000000e+04
1.214400000000000000e+04
1.216600000000000000e+04
1.232500000000000000e+04
1.219300000000000000e+04
1.222800000000000000e+04
1.228700000000000000e+04
1.222000000000000000e+04
1.219700000000000000e+04
1.231400000000000000e+04
1.231100000000000000e+04
1.231400000000000000e+04
1.230000000000000000e+04
1.263400000000000000e+04
1.233200000000000000e+04
1.233400000000000000e+04
1.227600000000000000e+04
1.240000000000000000e+04
1.228000000000000000e+04
1.231600000000000000e+04
1.220300000000000000e+04
1.232800000000000000e+04
1.235500000000000000e+04
1.227600000000000000e+04
1.235500000000000000e+04
1.218900000000000000e+04
1.239200000000000000e+04
1.400100000000000000e+04
1.230000000000000000e+04
1.224900000000000000e+04
1.229700000000000000e+04
1.235100000000000000e+04
1.237300000000000000e+04
1.236800000000000000e+04
1.234100000000000000e+04
1.349000000000000000e+04
1.236600000000000000e+04
1.248100000000000000e+04
1.231200000000000000e+04
1.233000000000000000e+04
1.231500000000000000e+04
1.239600000000000000e+04
1.247000000000000000e+04
1.248300000000000000e+04
1.242000000000000000e+04
1.239300000000000000e+04
1.239500000000000000e+04
1.251900000000000000e+04
1.240500000000000000e+04
1.241200000000000000e+04
1.232200000000000000e+04
1.244500000000000000e+04
1.248100000000000000e+04
1.256600000000000000e+04
1.244000000000000000e+04
1.247200000000000000e+04
1.255300000000000000e+04
1.263700000000000000e+04
1.273600000000000000e+04
1.264800000000000000e+04
1.252300000000000000e+04
1.256200000000000000e+04
1.268500000000000000e+04
1.261900000000000000e+04
1.275600000000000000e+04
1.259800000000000000e+04
1.279100000000000000e+04
1.281400000000000000e+04
1.276500000000000000e+04
1.285500000000000000e+04
1.285100000000000000e+04
1.277000000000000000e+04
1.287200000000000000e+04
1.283800000000000000e+04
1.289800000000000000e+04
1.302200000000000000e+04
1.292700000000000000e+04
1.302300000000000000e+04
1.303600000000000000e+04
1.300700000000000000e+04
1.293900000000000000e+04
1.296100000000000000e+04
1.316200000000000000e+04
1.322300000000000000e+04
1.330900000000000000e+04
1.338900000000000000e+04
1.332500000000000000e+04
1.315200000000000000e+04
1.343800000000000000e+04
1.330900000000000000e+04
1.331000000000000000e+04
1.339700000000000000e+04
1.337900000000000000e+04
1.338700000000000000e+04
1.369800000000000000e+04
1.348800000000000000e+04
1.356500000000000000e+04
1.359000000000000000e+04
1.360200000000000000e+04
1.373500000000000000e+04
1.354400000000000000e+04
1.369700000000000000e+04
1.358000000000000000e+04
1.356000000000000000e+04
1.359800000000000000e+04
1.363100000000000000e+04
1.358500000000000000e+04
1.373600000000000000e+04
1.355600000000000000e+04
1.374000000000000000e+04
1.386100000000000000e+04
1.371300000000000000e+04
1.383600000000000000e+04
1.369900000000000000e+04
1.370800000000000000e+04
1.374600000000000000e+04
1.371400000000000000e+04
1.386700000000000000e+04
1.374500000000000000e+04
1.369600000000000000e+04
1.362700000000000000e+04
1.367600000000000000e+04
1.355800000000000000e+04
1.353300000000000000e+04
1.371500000000000000e+04
1.375400000000000000e+04
1.371200000000000000e+04
1.385100000000000000e+04
1.389400000000000000e+04
1.383400000000000000e+04
1.392800000000000000e+04
1.381100000000000000e+04
1.373400000000000000e+04
1.392000000000000000e+04
1.370300000000000000e+04
1.396300000000000000e+04
1.398100000000000000e+04
1.385900000000000000e+04
1.385600000000000000e+04
1.399700000000000000e+04
1.387300000000000000e+04
1.384200000000000000e+04
1.400200000000000000e+04
1.366400000000000000e+04
1.370200000000000000e+04
1.381700000000000000e+04
1.366400000000000000e+04
1.363200000000000000e+04
1.340400000000000000e+04
1.343500000000000000e+04
1.329400000000000000e+04
1.327600000000000000e+04
1.335200000000000000e+04
1.342400000000000000e+04
1.340600000000000000e+04
1.356400000000000000e+04
1.346300000000000000e+04
1.346000000000000000e+04
1.330000000000000000e+04
1.321200000000000000e+04
1.290300000000000000e+04
1.299700000000000000e+04
1.287100000000000000e+04
1.291900000000000000e+04
1.286000000000000000e+04
1.278600000000000000e+04
1.287300000000000000e+04
1.301400000000000000e+04
1.294600000000000000e+04
1.280300000000000000e+04
1.292300000000000000e+04
1.279400000000000000e+04
1.267100000000000000e+04
1.282700000000000000e+04
1.260900000000000000e+04
1.256100000000000000e+04
1.232300000000000000e+04
1.236900000000000000e+04
1.244100000000000000e+04
1.211300000000000000e+04
1.218100000000000000e+04
1.208600000000000000e+04
1.212900000000000000e+04
1.212900000000000000e+04
1.219400000000000000e+04
1.219400000000000000e+04
1.228000000000000000e+04
1.216100000000000000e+04
1.215300000000000000e+04
1.204000000000000000e+04
1.190300000000000000e+04
1.197600000000000000e+04
1.188600000000000000e+04
1.190100000000000000e+04
1.182300000000000000e+04
1.190900000000000000e+04
1.200700000000000000e+04
1.200000000000000000e+04
1.173400000000000000e+04
1.179400000000000000e+04
1.162100000000000000e+04
1.161700000000000000e+04
1.165100000000000000e+04
1.155200000000000000e+04
1.148000000000000000e+04
1.153000000000000000e+04
1.157000000000000000e+04
1.164500000000000000e+04
1.170700000000000000e+04
1.154800000000000000e+04
1.156300000000000000e+04
1.148300000000000000e+04
1.154500000000000000e+04
1.130200000000000000e+04
1.147100000000000000e+04
1.147400000000000000e+04
1.148200000000000000e+04
1.134900000000000000e+04
1.142300000000000000e+04
1.142100000000000000e+04
1.131600000000000000e+04
1.123600000000000000e+04
1.133700000000000000e+04
1.124600000000000000e+04
1.137400000000000000e+04
1.129200000000000000e+04
1.128300000000000000e+04
1.134100000000000000e+04
1.138800000000000000e+04
1.147900000000000000e+04
1.137900000000000000e+04
1.143400000000000000e+04
1.134600000000000000e+04
1.123200000000000000e+04
1.097000000000000000e+04
1.108900000000000000e+04
1.095500000000000000e+04
1.090700000000000000e+04
1.104700000000000000e+04
1.094400000000000000e+04
1.089700000000000000e+04
1.094100000000000000e+04
1.096100000000000000e+04
1.079000000000000000e+04
1.080400000000000000e+04
1.060500000000000000e+04
1.076200000000000000e+04
1.086900000000000000e+04
1.083500000000000000e+04
1.094400000000000000e+04
1.116100000000000000e+04
1.095200000000000000e+04
1.082100000000000000e+04
1.083300000000000000e+04
1.095900000000000000e+04
1.095800000000000000e+04
1.089500000000000000e+04
1.081300000000000000e+04
1.089400000000000000e+04
1.107300000000000000e+04
1.086400000000000000e+04
1.091700000000000000e+04
1.068200000000000000e+04
