3.978000000000000000e+03
3.969000000000000000e+03
3.933000000000000000e+03
3.919000000000000000e+03
3.969000000000000000e+03
3.968000000000000000e+03
3.898000000000000000e+03
3.902000000000000000e+03
3.922000000000000000e+03
3.869000000000000000e+03
3.839000000000000000e+03
3.755000000000000000e+03
3.771000000000000000e+03
3.736000000000000000e+03
3.645000000000000000e+03
3.706000000000000000e+03
3.734000000000000000e+03
3.682000000000000000e+03
3.788000000000000000e+03
3.874000000000000000e+03
3.867000000000000000e+03
3.983000000000000000e+03
4.011000000000000000e+03
3.943000000000000000e+03
4.124000000000000000e+03
3.937000000000000000e+03
4.030000000000000000e+03
4.045000000000000000e+03
4.014000000000000000e+03
4.043000000000000000e+03
3.925000000000000000e+03
3.896000000000000000e+03
3.953000000000000000e+03
3.983000000000000000e+03
3.957000000000000000e+03
3.998000000000000000e+03
4.044000000000000000e+03
4.118000000000000000e+03
4.026000000000000000e+03
4.053000000000000000e+03
4.096000000000000000e+03
4.064000000000000000e+03
4.031000000000000000e+03
4.080000000000000000e+03
4.034000000000000000e+03
4.128000000000000000e+03
4.087000000000000000e+03
4.041000000000000000e+03
4.063000000000000000e+03
4.099000000000000000e+03
4.140000000000000000e+03
4.025000000000000000e+03
4.074000000000000000e+03
4.170000000000000000e+03
4.102000000000000000e+03
4.019000000000000000e+03
4.162000000000000000e+03
4.187000000000000000e+03
4.196000000000000000e+03
4.191000000000000000e+03
4.197000000000000000e+03
4.180000000000000000e+03
4.157000000000000000e+03
4.255000000000000000e+03
4.253000000000000000e+03
4.229000000000000000e+03
4.267000000000000000e+03
4.226000000000000000e+03
4.253000000000000000e+03
4.289000000000000000e+03
4.222000000000000000e+03
4.302000000000000000e+03
4.352000000000000000e+03
4.317000000000000000e+03
4.281000000000000000e+03
4.348000000000000000e+03
4.252000000000000000e+03
4.487000000000000000e+03
4.302000000000000000e+03
4.358000000000000000e+03
4.336000000000000000e+03
4.316000000000000000e+03
4.397000000000000000e+03
4.352000000000000000e+03
4.343000000000000000e+03
4.300000000000000000e+03
4.420000000000000000e+03
4.362000000000000000e+03
4.403000000000000000e+03
4.385000000000000000e+03
4.423000000000000000e+03
4.448000000000000000e+03
4.487000000000000000e+03
4.458000000000000000e+03
4.469000000000000000e+03
4.429000000000000000e+03
4.416000000000000000e+03
4.473000000000000000e+03
4.508000000000000000e+03
4.525000000000000000e+03
4.457000000000000000e+03
4.484000000000000000e+03
4.590000000000000000e+03
4.559000000000000000e+03
4.546000000000000000e+03
4.550000000000000000e+03
4.503000000000000000e+03
4.559000000000000000e+03
4.642000000000000000e+03
4.584000000000000000e+03
4.659000000000000000e+03
4.670000000000000000e+03
4.622000000000000000e+03
4.572000000000000000e+03
4.631000000000000000e+03
4.621000000000000000e+03
4.640000000000000000e+03
4.628000000000000000e+03
4.651000000000000000e+03
4.701000000000000000e+03
4.725000000000000000e+03
4.727000000000000000e+03
4.788000000000000000e+03
4.785000000000000000e+03
4.794000000000000000e+03
4.761000000000000000e+03
4.797000000000000000e+03
4.732000000000000000e+03
4.774000000000000000e+03
4.863000000000000000e+03
4.926000000000000000e+03
4.829000000000000000e+03
4.860000000000000000e+03
4.852000000000000000e+03
4.905000000000000000e+03
4.883000000000000000e+03
4.946000000000000000e+03
4.883000000000000000e+03
4.951000000000000000e+03
4.949000000000000000e+03
4.914000000000000000e+03
5.007000000000000000e+03
4.969000000000000000e+03
4.941000000000000000e+03
5.066000000000000000e+03
4.996000000000000000e+03
5.050000000000000000e+03
5.014000000000000000e+03
5.145000000000000000e+03
5.072000000000000000e+03
5.083000000000000000e+03
5.136000000000000000e+03
5.112000000000000000e+03
5.169000000000000000e+03
5.163000000000000000e+03
5.162000000000000000e+03
5.144000000000000000e+03
5.203000000000000000e+03
5.222000000000000000e+03
5.169000000000000000e+03
5.224000000000000000e+03
5.256000000000000000e+03
5.302000000000000000e+03
5.259000000000000000e+03
5.301000000000000000e+03
5.288000000000000000e+03
5.392000000000000000e+03
5.592000000000000000e+03
5.349000000000000000e+03
5.410000000000000000e+03
5.500000000000000000e+03
5.471000000000000000e+03
5.488000000000000000e+03
5.481000000000000000e+03
5.439000000000000000e+03
5.499000000000000000e+03
5.557000000000000000e+03
5.527000000000000000e+03
5.450000000000000000e+03
5.478000000000000000e+03
5.641000000000000000e+03
5.798000000000000000e+03
5.581000000000000000e+03
5.683000000000000000e+03
5.719000000000000000e+03
5.629000000000000000e+03
5.739000000000000000e+03
5.641000000000000000e+03
5.666000000000000000e+03
5.742000000000000000e+03
5.689000000000000000e+03
5.826000000000000000e+03
5.750000000000000000e+03
5.780000000000000000e+03
5.776000000000000000e+03
5.738000000000000000e+03
5.779000000000000000e+03
5.796000000000000000e+03
5.815000000000000000e+03
5.812000000000000000e+03
5.819000000000000000e+03
5.894000000000000000e+03
6.091000000000000000e+03
5.881000000000000000e+03
5.904000000000000000e+03
5.970000000000000000e+03
6.015000000000000000e+03
5.941000000000000000e+03
5.973000000000000000e+03
6.028000000000000000e+03
6.276000000000000000e+03
6.134000000000000000e+03
6.029000000000000000e+03
6.122000000000000000e+03
6.200000000000000000e+03
6.108000000000000000e+03
6.120000000000000000e+03
6.226000000000000000e+03
6.188000000000000000e+03
6.140000000000000000e+03
6.240000000000000000e+03
6.275000000000000000e+03
6.260000000000000000e+03
6.235000000000000000e+03
6.235000000000000000e+03
6.307000000000000000e+03
6.365000000000000000e+03
6.400000000000000000e+03
6.270000000000000000e+03
6.329000000000000000e+03
6.550000000000000000e+03
6.405000000000000000e+03
6.476000000000000000e+03
6.407000000000000000e+03
6.441000000000000000e+03
6.360000000000000000e+03
6.389000000000000000e+03
6.572000000000000000e+03
6.446000000000000000e+03
6.505000000000000000e+03
6.488000000000000000e+03
6.578000000000000000e+03
6.511000000000000000e+03
6.520000000000000000e+03
6.614000000000000000e+03
6.595000000000000000e+03
6.655000000000000000e+03
6.510000000000000000e+03
6.516000000000000000e+03
6.628000000000000000e+03
6.641000000000000000e+03
6.677000000000000000e+03
6.724000000000000000e+03
6.643000000000000000e+03
6.736000000000000000e+03
6.710000000000000000e+03
6.758000000000000000e+03
6.724000000000000000e+03
6.689000000000000000e+03
6.803000000000000000e+03
6.736000000000000000e+03
6.824000000000000000e+03
6.719000000000000000e+03
6.870000000000000000e+03
6.849000000000000000e+03
6.835000000000000000e+03
6.768000000000000000e+03
6.858000000000000000e+03
6.855000000000000000e+03
6.950000000000000000e+03
6.857000000000000000e+03
6.920000000000000000e+03
6.964000000000000000e+03
6.953000000000000000e+03
6.904000000000000000e+03
6.933000000000000000e+03
6.960000000000000000e+03
6.972000000000000000e+03
7.066000000000000000e+03
6.920000000000000000e+03
6.962000000000000000e+03
7.040000000000000000e+03
7.028000000000000000e+03
6.987000000000000000e+03
7.111000000000000000e+03
7.116000000000000000e+03
7.159000000000000000e+03
7.076000000000000000e+03
7.190000000000000000e+03
7.042000000000000000e+03
7.191000000000000000e+03
7.170000000000000000e+03
7.104000000000000000e+03
7.128000000000000000e+03
7.060000000000000000e+03
7.153000000000000000e+03
7.168000000000000000e+03
7.216000000000000000e+03
7.296000000000000000e+03
7.232000000000000000e+03
7.329000000000000000e+03
7.288000000000000000e+03
7.268000000000000000e+03
7.455000000000000000e+03
7.384000000000000000e+03
7.422000000000000000e+03
7.423000000000000000e+03
7.472000000000000000e+03
7.397000000000000000e+03
7.528000000000000000e+03
7.716000000000000000e+03
7.518000000000000000e+03
7.524000000000000000e+03
7.622000000000000000e+03
7.648000000000000000e+03
7.595000000000000000e+03
7.672000000000000000e+03
7.772000000000000000e+03
7.655000000000000000e+03
7.796000000000000000e+03
7.749000000000000000e+03
7.855000000000000000e+03
8.116000000000000000e+03
7.829000000000000000e+03
7.851000000000000000e+03
7.997000000000000000e+03
7.909000000000000000e+03
7.827000000000000000e+03
7.894000000000000000e+03
7.989000000000000000e+03
8.005000000000000000e+03
8.085000000000000000e+03
8.085000000000000000e+03
8.084000000000000000e+03
7.985000000000000000e+03
8.253000000000000000e+03
8.286000000000000000e+03
8.153000000000000000e+03
8.239000000000000000e+03
8.202000000000000000e+03
8.262000000000000000e+03
8.371000000000000000e+03
8.278000000000000000e+03
8.385000000000000000e+03
8.363000000000000000e+03
8.347000000000000000e+03
8.402000000000000000e+03
8.411000000000000000e+03
8.394000000000000000e+03
8.477000000000000000e+03
8.650000000000000000e+03
8.503000000000000000e+03
8.574000000000000000e+03
8.704000000000000000e+03
8.590000000000000000e+03
8.663000000000000000e+03
8.681000000000000000e+03
8.795000000000000000e+03
8.751000000000000000e+03
8.836000000000000000e+03
8.746000000000000000e+03
8.949000000000000000e+03
8.797000000000000000e+03
9.153000000000000000e+03
8.867000000000000000e+03
8.847000000000000000e+03
8.914000000000000000e+03
9.049000000000000000e+03
9.074000000000000000e+03
8.973000000000000000e+03
9.042000000000000000e+03
9.020000000000000000e+03
9.102000000000000000e+03
9.184000000000000000e+03
9.037000000000000000e+03
9.180000000000000000e+03
9.359000000000000000e+03
9.199000000000000000e+03
9.088000000000000000e+03
9.145000000000000000e+03
9.248000000000000000e+03
9.045000000000000000e+03
9.202000000000000000e+03
9.083000000000000000e+03
9.305000000000000000e+03
9.296000000000000000e+03
9.330000000000000000e+03
9.276000000000000000e+03
9.385000000000000000e+03
9.433000000000000000e+03
9.483000000000000000e+03
9.411000000000000000e+03
9.500000000000000000e+03
9.513000000000000000e+03
9.670000000000000000e+03
9.474000000000000000e+03
9.569000000000000000e+03
9.480000000000000000e+03
9.830000000000000000e+03
9.708000000000000000e+03
9.636000000000000000e+03
9.649000000000000000e+03
9.715000000000000000e+03
9.924000000000000000e+03
9.728000000000000000e+03
9.763000000000000000e+03
9.825000000000000000e+03
1.003400000000000000e+04
9.828000000000000000e+03
9.908000000000000000e+03
9.938000000000000000e+03
1.006200000000000000e+04
1.004000000000000000e+04
1.003500000000000000e+04
9.999000000000000000e+03
1.023500000000000000e+04
1.012000000000000000e+04
1.006300000000000000e+04
1.019000000000000000e+04
1.021800000000000000e+04
1.025700000000000000e+04
1.027500000000000000e+04
1.032200000000000000e+04
1.051100000000000000e+04
1.046300000000000000e+04
1.043400000000000000e+04
1.060600000000000000e+04
1.052000000000000000e+04
1.057000000000000000e+04
1.061000000000000000e+04
1.082300000000000000e+04
1.067900000000000000e+04
1.076000000000000000e+04
1.092300000000000000e+04
1.094300000000000000e+04
1.093000000000000000e+04
1.110500000000000000e+04
1.093500000000000000e+04
1.106100000000000000e+04
1.109400000000000000e+04
1.115200000000000000e+04
1.114900000000000000e+04
1.128900000000000000e+04
1.126600000000000000e+04
1.125500000000000000e+04
1.133600000000000000e+04
1.131700000000000000e+04
1.119700000000000000e+04
1.137100000000000000e+04
1.148600000000000000e+04
1.141900000000000000e+04
1.163700000000000000e+04
1.156200000000000000e+04
1.168500000000000000e+04
1.182300000000000000e+04
1.177300000000000000e+04
1.166600000000000000e+04
1.179900000000000000e+04
1.176600000000000000e+04
1.192100000000000000e+04
1.180900000000000000e+04
1.187900000000000000e+04
1.209400000000000000e+04
1.201600000000000000e+04
1.199700000000000000e+04
1.199800000000000000e+04
1.212900000000000000e+04
1.222000000000000000e+04
1.224800000000000000e+04
1.217000000000000000e+04
1.211200000000000000e+04
1.213700000000000000e+04
1.217500000000000000e+04
1.223900000000000000e+04
1.254300000000000000e+04
1.229600000000000000e+04
1.235400000000000000e+04
1.228900000000000000e+04
1.220500000000000000e+04
1.229700000000000000e+04
1.235600000000000000e+04
1.232300000000000000e+04
1.237400000000000000e+04
1.242600000000000000e+04
1.239000000000000000e+04
1.261100000000000000e+04
1.254900000000000000e+04
1.236000000000000000e+04
1.243900000000000000e+04
1.244400000000000000e+04
1.258600000000000000e+04
1.249800000000000000e+04
1.259200000000000000e+04
1.242200000000000000e+04
1.265600000000000000e+04
1.264000000000000000e+04
1.283100000000000000e+04
1.265500000000000000e+04
1.273900000000000000e+04
1.268400000000000000e+04
1.267500000000000000e+04
1.279300000000000000e+04
1.283700000000000000e+04
1.278600000000000000e+04
1.272400000000000000e+04
1.290900000000000000e+04
1.287300000000000000e+04
1.292600000000000000e+04
1.279100000000000000e+04
1.280700000000000000e+04
1.295300000000000000e+04
1.289400000000000000e+04
1.296700000000000000e+04
1.291400000000000000e+04
1.289400000000000000e+04
1.282100000000000000e+04
1.292000000000000000e+04
1.304600000000000000e+04
1.279500000000000000e+04
1.279200000000000000e+04
1.298600000000000000e+04
1.273200000000000000e+04
1.290300000000000000e+04
1.289300000000000000e+04
1.306000000000000000e+04
1.297200000000000000e+04
1.288400000000000000e+04
1.292100000000000000e+04
1.292200000000000000e+04
1.296400000000000000e+04
1.298000000000000000e+04
1.303100000000000000e+04
1.276200000000000000e+04
1.295900000000000000e+04
1.298400000000000000e+04
1.307100000000000000e+04
1.303700000000000000e+04
1.297900000000000000e+04
1.308900000000000000e+04
1.291900000000000000e+04
1.298200000000000000e+04
1.297700000000000000e+04
1.295700000000000000e+04
1.307300000000000000e+04
1.295700000000000000e+04
1.288700000000000000e+04
1.292100000000000000e+04
1.325000000000000000e+04
1.303800000000000000e+04
1.317300000000000000e+04
1.304600000000000000e+04
1.325400000000000000e+04
1.319600000000000000e+04
1.312400000000000000e+04
1.307800000000000000e+04
1.312400000000000000e+04
1.340700000000000000e+04
1.311600000000000000e+04
1.363900000000000000e+04
1.327100000000000000e+04
1.317100000000000000e+04
1.318600000000000000e+04
1.326800000000000000e+04
1.331800000000000000e+04
1.334500000000000000e+04
1.342600000000000000e+04
1.341900000000000000e+04
1.352000000000000000e+04
1.331500000000000000e+04
1.353800000000000000e+04
1.344300000000000000e+04
1.355000000000000000e+04
1.358400000000000000e+04
1.362100000000000000e+04
1.355900000000000000e+04
1.377000000000000000e+04
1.357500000000000000e+04
1.359500000000000000e+04
1.374200000000000000e+04
1.375300000000000000e+04
1.361900000000000000e+04
1.373300000000000000e+04
1.364100000000000000e+04
1.379200000000000000e+04
1.391800000000000000e+04
1.382600000000000000e+04
1.395000000000000000e+04
1.392200000000000000e+04
1.391200000000000000e+04
1.397500000000000000e+04
1.385200000000000000e+04
1.407500000000000000e+04
1.399900000000000000e+04
1.405500000000000000e+04
1.419300000000000000e+04
1.427200000000000000e+04
1.405700000000000000e+04
1.425300000000000000e+04
1.425700000000000000e+04
1.429800000000000000e+04
1.426700000000000000e+04
1.446600000000000000e+04
1.427700000000000000e+04
1.428500000000000000e+04
1.426300000000000000e+04
1.424600000000000000e+04
1.438800000000000000e+04
1.460600000000000000e+04
1.439800000000000000e+04
1.441400000000000000e+04
1.425200000000000000e+04
1.437200000000000000e+04
1.425600000000000000e+04
1.436000000000000000e+04
1.415500000000000000e+04
1.435200000000000000e+04
1.428300000000000000e+04
1.430000000000000000e+04
1.435100000000000000e+04
1.417800000000000000e+04
1.424000000000000000e+04
1.425000000000000000e+04
1.422700000000000000e+04
1.423300000000000000e+04
1.409200000000000000e+04
1.433200000000000000e+04
1.413100000000000000e+04
1.421700000000000000e+04
1.445300000000000000e+04
1.442400000000000000e+04
1.459500000000000000e+04
1.459300000000000000e+04
1.471400000000000000e+04
1.450900000000000000e+04
1.460700000000000000e+04
1.445800000000000000e+04
1.450500000000000000e+04
1.443100000000000000e+04
1.426600000000000000e+04
1.433400000000000000e+04
1.439100000000000000e+04
1.422100000000000000e+04
1.405800000000000000e+04
1.411200000000000000e+04
1.395900000000000000e+04
1.405800000000000000e+04
1.400200000000000000e+04
1.409600000000000000e+04
1.405100000000000000e+04
1.397800000000000000e+04
1.394400000000000000e+04
1.388000000000000000e+04
1.382300000000000000e+04
1.378500000000000000e+04
1.379600000000000000e+04
1.352000000000000000e+04
1.352000000000000000e+04
1.355000000000000000e+04
1.365300000000000000e+04
1.356300000000000000e+04
1.363600000000000000e+04
1.369600000000000000e+04
1.364400000000000000e+04
1.372200000000000000e+04
1.374200000000000000e+04
1.370700000000000000e+04
1.363500000000000000e+04
1.352000000000000000e+04
1.340700000000000000e+04
1.318000000000000000e+04
1.331800000000000000e+04
1.292900000000000000e+04
1.316400000000000000e+04
1.302100000000000000e+04
1.301900000000000000e+04
1.301600000000000000e+04
1.278500000000000000e+04
1.283200000000000000e+04
1.259700000000000000e+04
1.273300000000000000e+04
1.249200000000000000e+04
1.242100000000000000e+04
1.233100000000000000e+04
1.238500000000000000e+04
1.233000000000000000e+04
1.249900000000000000e+04
1.249700000000000000e+04
1.252200000000000000e+04
1.248900000000000000e+04
1.248700000000000000e+04
1.259700000000000000e+04
1.263000000000000000e+04
1.248300000000000000e+04
1.236600000000000000e+04
1.239800000000000000e+04
1.243700000000000000e+04
1.247900000000000000e+04
1.261800000000000000e+04
1.232400000000000000e+04
1.234400000000000000e+04
1.237800000000000000e+04
1.225700000000000000e+04
1.212800000000000000e+04
1.238300000000000000e+04
1.243600000000000000e+04
1.239600000000000000e+04
1.227800000000000000e+04
1.205900000000000000e+04
1.185700000000000000e+04
1.195200000000000000e+04
1.180800000000000000e+04
1.186400000000000000e+04
1.166600000000000000e+04
1.165300000000000000e+04
1.170700000000000000e+04
1.179100000000000000e+04
1.165500000000000000e+04
1.184400000000000000e+04
1.180100000000000000e+04
1.162100000000000000e+04
1.175300000000000000e+04
1.180200000000000000e+04
1.174700000000000000e+04
1.184100000000000000e+04
1.167000000000000000e+04
1.158900000000000000e+04
1.160000000000000000e+04
1.150200000000000000e+04
1.159400000000000000e+04
1.155200000000000000e+04
1.142600000000000000e+04
1.140400000000000000e+04
1.120300000000000000e+04
1.109500000000000000e+04
1.099200000000000000e+04
1.115900000000000000e+04
1.123500000000000000e+04
1.106200000000000000e+04
1.121000000000000000e+04
1.117600000000000000e+04
1.117300000000000000e+04
1.130500000000000000e+04
1.149200000000000000e+04
1.153200000000000000e+04
1.158400000000000000e+04
1.158500000000000000e+04
1.157000000000000000e+04
1.141100000000000000e+04
1.144400000000000000e+04
1.145200000000000000e+04
1.142600000000000000e+04
1.143200000000000000e+04
1.136600000000000000e+04
1.131600000000000000e+04
1.131200000000000000e+04
1.131600000000000000e+04
1.127200000000000000e+04
1.123100000000000000e+04
1.114300000000000000e+04
1.124400000000000000e+04
1.099600000000000000e+04
1.096000000000000000e+04
1.077000000000000000e+04
1.063000000000000000e+04
1.043600000000000000e+04
