3.661000000000000000e+03
3.665000000000000000e+03
3.726000000000000000e+03
3.712000000000000000e+03
3.714000000000000000e+03
3.722000000000000000e+03
3.717000000000000000e+03
3.700000000000000000e+03
3.724000000000000000e+03
3.683000000000000000e+03
3.704000000000000000e+03
3.761000000000000000e+03
3.728000000000000000e+03
3.664000000000000000e+03
3.694000000000000000e+03
3.720000000000000000e+03
3.705000000000000000e+03
3.788000000000000000e+03
3.739000000000000000e+03
3.751000000000000000e+03
3.683000000000000000e+03
3.722000000000000000e+03
3.800000000000000000e+03
3.621000000000000000e+03
3.769000000000000000e+03
3.721000000000000000e+03
3.716000000000000000e+03
3.715000000000000000e+03
3.721000000000000000e+03
3.746000000000000000e+03
3.745000000000000000e+03
3.764000000000000000e+03
3.718000000000000000e+03
3.769000000000000000e+03
3.951000000000000000e+03
3.790000000000000000e+03
3.796000000000000000e+03
3.751000000000000000e+03
3.818000000000000000e+03
3.802000000000000000e+03
3.791000000000000000e+03
3.687000000000000000e+03
3.814000000000000000e+03
3.836000000000000000e+03
3.724000000000000000e+03
3.781000000000000000e+03
3.826000000000000000e+03
3.804000000000000000e+03
3.936000000000000000e+03
3.799000000000000000e+03
3.869000000000000000e+03
3.900000000000000000e+03
3.788000000000000000e+03
3.904000000000000000e+03
3.850000000000000000e+03
3.925000000000000000e+03
3.916000000000000000e+03
3.856000000000000000e+03
3.908000000000000000e+03
3.931000000000000000e+03
3.946000000000000000e+03
3.900000000000000000e+03
3.904000000000000000e+03
3.912000000000000000e+03
3.914000000000000000e+03
3.963000000000000000e+03
3.987000000000000000e+03
3.956000000000000000e+03
3.963000000000000000e+03
4.011000000000000000e+03
4.013000000000000000e+03
4.049000000000000000e+03
4.171000000000000000e+03
4.049000000000000000e+03
4.050000000000000000e+03
4.070000000000000000e+03
4.045000000000000000e+03
4.030000000000000000e+03
4.066000000000000000e+03
4.043000000000000000e+03
4.115000000000000000e+03
4.102000000000000000e+03
4.071000000000000000e+03
4.111000000000000000e+03
4.105000000000000000e+03
4.101000000000000000e+03
4.175000000000000000e+03
4.109000000000000000e+03
4.105000000000000000e+03
4.109000000000000000e+03
4.118000000000000000e+03
4.170000000000000000e+03
4.053000000000000000e+03
4.181000000000000000e+03
4.257000000000000000e+03
4.200000000000000000e+03
4.184000000000000000e+03
4.170000000000000000e+03
4.193000000000000000e+03
4.302000000000000000e+03
4.348000000000000000e+03
4.232000000000000000e+03
4.304000000000000000e+03
4.170000000000000000e+03
4.291000000000000000e+03
4.215000000000000000e+03
4.312000000000000000e+03
4.284000000000000000e+03
4.288000000000000000e+03
4.297000000000000000e+03
4.321000000000000000e+03
4.275000000000000000e+03
4.292000000000000000e+03
4.256000000000000000e+03
4.318000000000000000e+03
4.314000000000000000e+03
4.402000000000000000e+03
4.395000000000000000e+03
4.339000000000000000e+03
4.459000000000000000e+03
4.463000000000000000e+03
4.479000000000000000e+03
4.465000000000000000e+03
4.378000000000000000e+03
4.449000000000000000e+03
4.425000000000000000e+03
4.442000000000000000e+03
4.409000000000000000e+03
4.859000000000000000e+03
4.541000000000000000e+03
4.554000000000000000e+03
4.579000000000000000e+03
4.473000000000000000e+03
4.466000000000000000e+03
4.574000000000000000e+03
4.564000000000000000e+03
4.649000000000000000e+03
4.618000000000000000e+03
4.640000000000000000e+03
4.607000000000000000e+03
4.852000000000000000e+03
4.630000000000000000e+03
4.684000000000000000e+03
4.687000000000000000e+03
4.717000000000000000e+03
4.711000000000000000e+03
4.724000000000000000e+03
4.708000000000000000e+03
4.785000000000000000e+03
4.797000000000000000e+03
4.765000000000000000e+03
4.771000000000000000e+03
4.880000000000000000e+03
4.842000000000000000e+03
4.850000000000000000e+03
5.234000000000000000e+03
4.793000000000000000e+03
4.855000000000000000e+03
4.884000000000000000e+03
4.871000000000000000e+03
4.827000000000000000e+03
4.913000000000000000e+03
4.817000000000000000e+03
5.067000000000000000e+03
4.794000000000000000e+03
4.989000000000000000e+03
5.005000000000000000e+03
4.998000000000000000e+03
4.942000000000000000e+03
4.972000000000000000e+03
5.021000000000000000e+03
5.026000000000000000e+03
5.080000000000000000e+03
5.192000000000000000e+03
4.967000000000000000e+03
5.041000000000000000e+03
5.091000000000000000e+03
5.115000000000000000e+03
5.083000000000000000e+03
5.129000000000000000e+03
5.137000000000000000e+03
5.182000000000000000e+03
5.134000000000000000e+03
5.201000000000000000e+03
5.277000000000000000e+03
5.173000000000000000e+03
5.224000000000000000e+03
5.284000000000000000e+03
5.202000000000000000e+03
5.298000000000000000e+03
5.265000000000000000e+03
5.327000000000000000e+03
5.268000000000000000e+03
5.323000000000000000e+03
5.331000000000000000e+03
5.297000000000000000e+03
5.429000000000000000e+03
5.375000000000000000e+03
5.365000000000000000e+03
5.410000000000000000e+03
5.458000000000000000e+03
5.478000000000000000e+03
5.433000000000000000e+03
5.477000000000000000e+03
5.479000000000000000e+03
5.736000000000000000e+03
5.439000000000000000e+03
5.589000000000000000e+03
5.513000000000000000e+03
5.578000000000000000e+03
5.628000000000000000e+03
5.673000000000000000e+03
5.590000000000000000e+03
5.618000000000000000e+03
5.651000000000000000e+03
5.643000000000000000e+03
5.573000000000000000e+03
5.695000000000000000e+03
5.796000000000000000e+03
5.718000000000000000e+03
5.742000000000000000e+03
5.897000000000000000e+03
5.773000000000000000e+03
5.799000000000000000e+03
5.739000000000000000e+03
5.859000000000000000e+03
5.785000000000000000e+03
5.826000000000000000e+03
5.774000000000000000e+03
5.858000000000000000e+03
6.018000000000000000e+03
5.829000000000000000e+03
5.835000000000000000e+03
5.919000000000000000e+03
5.927000000000000000e+03
5.951000000000000000e+03
5.998000000000000000e+03
6.017000000000000000e+03
5.953000000000000000e+03
5.961000000000000000e+03
6.082000000000000000e+03
6.080000000000000000e+03
6.130000000000000000e+03
5.994000000000000000e+03
6.030000000000000000e+03
6.080000000000000000e+03
6.043000000000000000e+03
6.135000000000000000e+03
6.183000000000000000e+03
5.992000000000000000e+03
6.252000000000000000e+03
6.194000000000000000e+03
6.122000000000000000e+03
6.182000000000000000e+03
6.064000000000000000e+03
6.124000000000000000e+03
6.315000000000000000e+03
6.235000000000000000e+03
6.211000000000000000e+03
6.236000000000000000e+03
6.212000000000000000e+03
6.257000000000000000e+03
6.265000000000000000e+03
6.305000000000000000e+03
6.316000000000000000e+03
6.275000000000000000e+03
6.313000000000000000e+03
6.362000000000000000e+03
6.301000000000000000e+03
6.319000000000000000e+03
6.330000000000000000e+03
6.382000000000000000e+03
6.428000000000000000e+03
6.333000000000000000e+03
6.542000000000000000e+03
6.424000000000000000e+03
6.399000000000000000e+03
6.468000000000000000e+03
6.490000000000000000e+03
6.511000000000000000e+03
6.488000000000000000e+03
6.337000000000000000e+03
6.524000000000000000e+03
6.467000000000000000e+03
6.521000000000000000e+03
6.528000000000000000e+03
6.466000000000000000e+03
6.556000000000000000e+03
6.541000000000000000e+03
6.566000000000000000e+03
6.535000000000000000e+03
6.764000000000000000e+03
6.592000000000000000e+03
6.590000000000000000e+03
6.583000000000000000e+03
6.610000000000000000e+03
6.604000000000000000e+03
6.651000000000000000e+03
6.719000000000000000e+03
6.638000000000000000e+03
6.683000000000000000e+03
6.736000000000000000e+03
6.718000000000000000e+03
6.997000000000000000e+03
6.819000000000000000e+03
6.886000000000000000e+03
6.832000000000000000e+03
6.919000000000000000e+03
6.965000000000000000e+03
6.925000000000000000e+03
6.891000000000000000e+03
6.907000000000000000e+03
6.897000000000000000e+03
7.082000000000000000e+03
7.081000000000000000e+03
7.062000000000000000e+03
7.030000000000000000e+03
7.053000000000000000e+03
6.992000000000000000e+03
7.053000000000000000e+03
7.107000000000000000e+03
7.228000000000000000e+03
7.222000000000000000e+03
7.252000000000000000e+03
7.266000000000000000e+03
7.233000000000000000e+03
7.196000000000000000e+03
7.392000000000000000e+03
7.308000000000000000e+03
7.275000000000000000e+03
7.390000000000000000e+03
7.504000000000000000e+03
7.364000000000000000e+03
7.475000000000000000e+03
7.469000000000000000e+03
7.595000000000000000e+03
7.516000000000000000e+03
7.576000000000000000e+03
7.497000000000000000e+03
7.629000000000000000e+03
7.570000000000000000e+03
7.703000000000000000e+03
7.684000000000000000e+03
7.714000000000000000e+03
7.746000000000000000e+03
7.747000000000000000e+03
7.826000000000000000e+03
7.768000000000000000e+03
7.875000000000000000e+03
8.008000000000000000e+03
8.009000000000000000e+03
7.859000000000000000e+03
7.920000000000000000e+03
8.165000000000000000e+03
8.064000000000000000e+03
7.994000000000000000e+03
7.969000000000000000e+03
8.120000000000000000e+03
8.129000000000000000e+03
8.112000000000000000e+03
8.127000000000000000e+03
8.217000000000000000e+03
8.100000000000000000e+03
8.242000000000000000e+03
8.268000000000000000e+03
8.222000000000000000e+03
8.289000000000000000e+03
8.508000000000000000e+03
8.228000000000000000e+03
8.343000000000000000e+03
8.343000000000000000e+03
8.310000000000000000e+03
8.343000000000000000e+03
8.376000000000000000e+03
8.470000000000000000e+03
8.378000000000000000e+03
8.399000000000000000e+03
8.414000000000000000e+03
8.563000000000000000e+03
8.415000000000000000e+03
8.536000000000000000e+03
8.558000000000000000e+03
8.443000000000000000e+03
8.553000000000000000e+03
8.462000000000000000e+03
8.556000000000000000e+03
8.596000000000000000e+03
8.690000000000000000e+03
8.746000000000000000e+03
8.736000000000000000e+03
8.972000000000000000e+03
8.571000000000000000e+03
8.808000000000000000e+03
8.664000000000000000e+03
8.704000000000000000e+03
8.787000000000000000e+03
8.742000000000000000e+03
8.759000000000000000e+03
8.763000000000000000e+03
8.968000000000000000e+03
8.869000000000000000e+03
8.832000000000000000e+03
8.990000000000000000e+03
8.918000000000000000e+03
9.087000000000000000e+03
9.018000000000000000e+03
8.920000000000000000e+03
8.952000000000000000e+03
9.047000000000000000e+03
9.242000000000000000e+03
9.200000000000000000e+03
9.171000000000000000e+03
9.116000000000000000e+03
9.194000000000000000e+03
9.235000000000000000e+03
9.356000000000000000e+03
9.357000000000000000e+03
9.363000000000000000e+03
9.512000000000000000e+03
9.453000000000000000e+03
9.460000000000000000e+03
9.578000000000000000e+03
9.650000000000000000e+03
9.511000000000000000e+03
9.558000000000000000e+03
9.611000000000000000e+03
9.607000000000000000e+03
9.844000000000000000e+03
9.789000000000000000e+03
9.768000000000000000e+03
9.822000000000000000e+03
9.953000000000000000e+03
9.976000000000000000e+03
9.909000000000000000e+03
9.919000000000000000e+03
1.004000000000000000e+04
1.006200000000000000e+04
1.011900000000000000e+04
1.013400000000000000e+04
1.029700000000000000e+04
1.016300000000000000e+04
1.034300000000000000e+04
1.025400000000000000e+04
1.023500000000000000e+04
1.035000000000000000e+04
1.047400000000000000e+04
1.032900000000000000e+04
1.045600000000000000e+04
1.053700000000000000e+04
1.068700000000000000e+04
1.071900000000000000e+04
1.066600000000000000e+04
1.071100000000000000e+04
1.762600000000000000e+04
1.079400000000000000e+04
1.074100000000000000e+04
1.087100000000000000e+04
1.083400000000000000e+04
1.085200000000000000e+04
1.083600000000000000e+04
1.113800000000000000e+04
1.104600000000000000e+04
1.107900000000000000e+04
1.103200000000000000e+04
1.103900000000000000e+04
1.106000000000000000e+04
1.119500000000000000e+04
1.121700000000000000e+04
1.127100000000000000e+04
1.133300000000000000e+04
1.119500000000000000e+04
1.124600000000000000e+04
1.130100000000000000e+04
1.132600000000000000e+04
1.130500000000000000e+04
1.142200000000000000e+04
1.133600000000000000e+04
1.133800000000000000e+04
1.143600000000000000e+04
1.137000000000000000e+04
1.145100000000000000e+04
1.137500000000000000e+04
1.141600000000000000e+04
1.147100000000000000e+04
1.152700000000000000e+04
1.143400000000000000e+04
1.159700000000000000e+04
1.141200000000000000e+04
1.151000000000000000e+04
1.163000000000000000e+04
1.165600000000000000e+04
1.165300000000000000e+04
1.171500000000000000e+04
1.168700000000000000e+04
1.164800000000000000e+04
1.166000000000000000e+04
1.166900000000000000e+04
1.182500000000000000e+04
1.173000000000000000e+04
1.174400000000000000e+04
1.182700000000000000e+04
1.185400000000000000e+04
1.163000000000000000e+04
1.187900000000000000e+04
1.193600000000000000e+04
1.192100000000000000e+04
1.183200000000000000e+04
1.177200000000000000e+04
1.193800000000000000e+04
1.194300000000000000e+04
1.194200000000000000e+04
1.182300000000000000e+04
1.185500000000000000e+04
1.188000000000000000e+04
1.193300000000000000e+04
1.202700000000000000e+04
1.189700000000000000e+04
1.189800000000000000e+04
1.203600000000000000e+04
1.185300000000000000e+04
1.188600000000000000e+04
1.192500000000000000e+04
1.200000000000000000e+04
1.205600000000000000e+04
1.198500000000000000e+04
1.199500000000000000e+04
1.204200000000000000e+04
1.193100000000000000e+04
1.192000000000000000e+04
1.197800000000000000e+04
1.199400000000000000e+04
1.190000000000000000e+04
1.187000000000000000e+04
1.198000000000000000e+04
1.339500000000000000e+04
1.203600000000000000e+04
1.196300000000000000e+04
1.200000000000000000e+04
1.187200000000000000e+04
1.204600000000000000e+04
1.200700000000000000e+04
1.197700000000000000e+04
1.210400000000000000e+04
1.198300000000000000e+04
1.191200000000000000e+04
1.201800000000000000e+04
1.205400000000000000e+04
1.204400000000000000e+04
1.207400000000000000e+04
1.205500000000000000e+04
1.207500000000000000e+04
1.209600000000000000e+04
1.209200000000000000e+04
1.217500000000000000e+04
1.222600000000000000e+04
1.207800000000000000e+04
1.215900000000000000e+04
1.227600000000000000e+04
1.207400000000000000e+04
1.228000000000000000e+04
1.217600000000000000e+04
1.225300000000000000e+04
1.228800000000000000e+04
1.224000000000000000e+04
1.228700000000000000e+04
1.228700000000000000e+04
1.235300000000000000e+04
1.230300000000000000e+04
1.227200000000000000e+04
1.240900000000000000e+04
1.250900000000000000e+04
1.252200000000000000e+04
1.236100000000000000e+04
1.260700000000000000e+04
1.252900000000000000e+04
1.257400000000000000e+04
1.246700000000000000e+04
1.264900000000000000e+04
1.262900000000000000e+04
1.262900000000000000e+04
1.284700000000000000e+04
1.269400000000000000e+04
1.270900000000000000e+04
1.284100000000000000e+04
1.279000000000000000e+04
1.266500000000000000e+04
1.278800000000000000e+04
1.283000000000000000e+04
1.280900000000000000e+04
1.304300000000000000e+04
1.284900000000000000e+04
1.293200000000000000e+04
1.305200000000000000e+04
1.292100000000000000e+04
1.299700000000000000e+04
1.283700000000000000e+04
1.301500000000000000e+04
1.293600000000000000e+04
1.303800000000000000e+04
1.293400000000000000e+04
1.305800000000000000e+04
1.311700000000000000e+04
1.325900000000000000e+04
1.315500000000000000e+04
1.319600000000000000e+04
1.321200000000000000e+04
1.320500000000000000e+04
1.325700000000000000e+04
1.329300000000000000e+04
1.332700000000000000e+04
1.332400000000000000e+04
1.346500000000000000e+04
1.322900000000000000e+04
1.341300000000000000e+04
1.350200000000000000e+04
1.337600000000000000e+04
1.344500000000000000e+04
1.337400000000000000e+04
1.341300000000000000e+04
1.334400000000000000e+04
1.331500000000000000e+04
1.335400000000000000e+04
1.356400000000000000e+04
1.339700000000000000e+04
1.332000000000000000e+04
1.343400000000000000e+04
1.331600000000000000e+04
1.355500000000000000e+04
1.356100000000000000e+04
1.348000000000000000e+04
1.342700000000000000e+04
1.359600000000000000e+04
1.357700000000000000e+04
1.357400000000000000e+04
1.362700000000000000e+04
1.353700000000000000e+04
1.361500000000000000e+04
1.367400000000000000e+04
1.341200000000000000e+04
1.344100000000000000e+04
1.328200000000000000e+04
1.333700000000000000e+04
1.354300000000000000e+04
1.391100000000000000e+04
1.335700000000000000e+04
1.335600000000000000e+04
1.329700000000000000e+04
1.317700000000000000e+04
1.304900000000000000e+04
1.290500000000000000e+04
1.298300000000000000e+04
1.285300000000000000e+04
1.270200000000000000e+04
1.261800000000000000e+04
1.284500000000000000e+04
1.283300000000000000e+04
1.289400000000000000e+04
1.284000000000000000e+04
1.278700000000000000e+04
1.257700000000000000e+04
1.270100000000000000e+04
1.264800000000000000e+04
1.244700000000000000e+04
1.236900000000000000e+04
1.229300000000000000e+04
1.239700000000000000e+04
1.250000000000000000e+04
1.232200000000000000e+04
1.251000000000000000e+04
1.249300000000000000e+04
1.243800000000000000e+04
1.262700000000000000e+04
1.245600000000000000e+04
1.255500000000000000e+04
1.237800000000000000e+04
1.216700000000000000e+04
1.215000000000000000e+04
1.229600000000000000e+04
1.236900000000000000e+04
1.227100000000000000e+04
1.237300000000000000e+04
1.242700000000000000e+04
1.244300000000000000e+04
1.242200000000000000e+04
1.226600000000000000e+04
1.225000000000000000e+04
1.207800000000000000e+04
1.216900000000000000e+04
1.204300000000000000e+04
1.187500000000000000e+04
1.174000000000000000e+04
1.182300000000000000e+04
1.168900000000000000e+04
1.174200000000000000e+04
1.177800000000000000e+04
1.160700000000000000e+04
1.168500000000000000e+04
1.159000000000000000e+04
1.145600000000000000e+04
1.129500000000000000e+04
1.129300000000000000e+04
1.133800000000000000e+04
1.128300000000000000e+04
1.133200000000000000e+04
1.146100000000000000e+04
1.138600000000000000e+04
1.141500000000000000e+04
1.145400000000000000e+04
1.135600000000000000e+04
1.137300000000000000e+04
1.134800000000000000e+04
1.126200000000000000e+04
1.130400000000000000e+04
1.123500000000000000e+04
1.120500000000000000e+04
1.120400000000000000e+04
1.110400000000000000e+04
1.072000000000000000e+04
1.077800000000000000e+04
1.065800000000000000e+04
1.069100000000000000e+04
1.073500000000000000e+04
1.072800000000000000e+04
1.099100000000000000e+04
1.113200000000000000e+04
1.098500000000000000e+04
1.125700000000000000e+04
1.094300000000000000e+04
1.094500000000000000e+04
1.085600000000000000e+04
1.086900000000000000e+04
1.077000000000000000e+04
1.068600000000000000e+04
1.065300000000000000e+04
1.081900000000000000e+04
1.101800000000000000e+04
1.095500000000000000e+04
1.096700000000000000e+04
1.104900000000000000e+04
1.110600000000000000e+04
1.092300000000000000e+04
1.083300000000000000e+04
1.069000000000000000e+04
1.060900000000000000e+04
1.063500000000000000e+04
1.065700000000000000e+04
1.050200000000000000e+04
1.064300000000000000e+04
1.060600000000000000e+04
1.058200000000000000e+04
1.059400000000000000e+04
1.052700000000000000e+04
1.060100000000000000e+04
1.068700000000000000e+04
1.066700000000000000e+04
1.064000000000000000e+04
1.059300000000000000e+04
1.059300000000000000e+04
1.050500000000000000e+04
1.059400000000000000e+04
1.059900000000000000e+04
1.065000000000000000e+04
1.066900000000000000e+04
1.069800000000000000e+04
1.045200000000000000e+04
