3.847000000000000000e+03
3.902000000000000000e+03
3.834000000000000000e+03
3.800000000000000000e+03
3.893000000000000000e+03
3.889000000000000000e+03
3.856000000000000000e+03
3.815000000000000000e+03
3.868000000000000000e+03
3.886000000000000000e+03
3.774000000000000000e+03
3.991000000000000000e+03
3.841000000000000000e+03
3.847000000000000000e+03
3.923000000000000000e+03
3.895000000000000000e+03
3.946000000000000000e+03
3.857000000000000000e+03
3.842000000000000000e+03
3.974000000000000000e+03
3.957000000000000000e+03
3.923000000000000000e+03
3.893000000000000000e+03
3.987000000000000000e+03
3.904000000000000000e+03
3.918000000000000000e+03
3.901000000000000000e+03
3.910000000000000000e+03
3.910000000000000000e+03
3.920000000000000000e+03
3.979000000000000000e+03
3.914000000000000000e+03
4.035000000000000000e+03
3.927000000000000000e+03
3.976000000000000000e+03
3.961000000000000000e+03
3.980000000000000000e+03
3.913000000000000000e+03
3.946000000000000000e+03
3.959000000000000000e+03
4.026000000000000000e+03
3.968000000000000000e+03
3.982000000000000000e+03
3.972000000000000000e+03
4.010000000000000000e+03
4.051000000000000000e+03
3.955000000000000000e+03
4.007000000000000000e+03
3.964000000000000000e+03
3.991000000000000000e+03
4.041000000000000000e+03
4.033000000000000000e+03
4.049000000000000000e+03
4.019000000000000000e+03
4.089000000000000000e+03
4.070000000000000000e+03
4.069000000000000000e+03
4.002000000000000000e+03
4.093000000000000000e+03
4.077000000000000000e+03
4.071000000000000000e+03
4.021000000000000000e+03
4.156000000000000000e+03
4.125000000000000000e+03
4.170000000000000000e+03
4.082000000000000000e+03
4.153000000000000000e+03
4.152000000000000000e+03
4.198000000000000000e+03
4.151000000000000000e+03
4.243000000000000000e+03
4.165000000000000000e+03
4.140000000000000000e+03
4.239000000000000000e+03
4.234000000000000000e+03
4.229000000000000000e+03
4.198000000000000000e+03
4.223000000000000000e+03
4.234000000000000000e+03
4.275000000000000000e+03
4.241000000000000000e+03
4.239000000000000000e+03
4.249000000000000000e+03
4.336000000000000000e+03
4.322000000000000000e+03
4.282000000000000000e+03
4.313000000000000000e+03
4.310000000000000000e+03
4.267000000000000000e+03
4.259000000000000000e+03
4.432000000000000000e+03
4.334000000000000000e+03
4.319000000000000000e+03
4.362000000000000000e+03
4.385000000000000000e+03
4.356000000000000000e+03
4.479000000000000000e+03
4.337000000000000000e+03
4.691000000000000000e+03
4.409000000000000000e+03
4.456000000000000000e+03
4.413000000000000000e+03
4.414000000000000000e+03
4.418000000000000000e+03
4.414000000000000000e+03
4.523000000000000000e+03
4.481000000000000000e+03
4.483000000000000000e+03
4.495000000000000000e+03
4.471000000000000000e+03
4.449000000000000000e+03
4.518000000000000000e+03
4.533000000000000000e+03
4.542000000000000000e+03
4.501000000000000000e+03
4.513000000000000000e+03
4.600000000000000000e+03
4.610000000000000000e+03
4.547000000000000000e+03
4.589000000000000000e+03
4.630000000000000000e+03
4.632000000000000000e+03
4.632000000000000000e+03
4.657000000000000000e+03
4.669000000000000000e+03
4.604000000000000000e+03
4.744000000000000000e+03
4.743000000000000000e+03
4.702000000000000000e+03
4.782000000000000000e+03
4.780000000000000000e+03
4.827000000000000000e+03
4.821000000000000000e+03
4.771000000000000000e+03
4.724000000000000000e+03
4.824000000000000000e+03
4.825000000000000000e+03
4.837000000000000000e+03
4.858000000000000000e+03
4.916000000000000000e+03
4.920000000000000000e+03
4.886000000000000000e+03
4.922000000000000000e+03
4.907000000000000000e+03
4.915000000000000000e+03
4.948000000000000000e+03
5.007000000000000000e+03
4.943000000000000000e+03
4.961000000000000000e+03
5.018000000000000000e+03
4.971000000000000000e+03
5.045000000000000000e+03
5.081000000000000000e+03
5.045000000000000000e+03
4.963000000000000000e+03
5.057000000000000000e+03
5.058000000000000000e+03
5.058000000000000000e+03
5.158000000000000000e+03
5.118000000000000000e+03
5.146000000000000000e+03
5.163000000000000000e+03
5.175000000000000000e+03
5.184000000000000000e+03
5.207000000000000000e+03
5.079000000000000000e+03
5.194000000000000000e+03
5.285000000000000000e+03
5.252000000000000000e+03
5.329000000000000000e+03
5.425000000000000000e+03
5.291000000000000000e+03
5.262000000000000000e+03
5.368000000000000000e+03
5.489000000000000000e+03
5.325000000000000000e+03
5.389000000000000000e+03
5.440000000000000000e+03
5.364000000000000000e+03
5.554000000000000000e+03
5.517000000000000000e+03
5.454000000000000000e+03
5.480000000000000000e+03
5.463000000000000000e+03
5.428000000000000000e+03
5.462000000000000000e+03
5.576000000000000000e+03
5.567000000000000000e+03
5.586000000000000000e+03
5.579000000000000000e+03
5.608000000000000000e+03
5.596000000000000000e+03
5.594000000000000000e+03
5.584000000000000000e+03
5.657000000000000000e+03
5.719000000000000000e+03
5.691000000000000000e+03
5.615000000000000000e+03
5.663000000000000000e+03
5.642000000000000000e+03
5.774000000000000000e+03
5.762000000000000000e+03
5.682000000000000000e+03
5.734000000000000000e+03
5.752000000000000000e+03
5.819000000000000000e+03
5.848000000000000000e+03
6.096000000000000000e+03
5.932000000000000000e+03
5.852000000000000000e+03
5.954000000000000000e+03
5.960000000000000000e+03
5.951000000000000000e+03
6.028000000000000000e+03
6.043000000000000000e+03
5.971000000000000000e+03
5.988000000000000000e+03
6.009000000000000000e+03
6.031000000000000000e+03
6.089000000000000000e+03
6.094000000000000000e+03
6.076000000000000000e+03
6.382000000000000000e+03
6.121000000000000000e+03
6.162000000000000000e+03
6.128000000000000000e+03
6.119000000000000000e+03
6.216000000000000000e+03
6.170000000000000000e+03
6.223000000000000000e+03
6.195000000000000000e+03
6.154000000000000000e+03
6.243000000000000000e+03
6.407000000000000000e+03
6.238000000000000000e+03
6.585000000000000000e+03
6.351000000000000000e+03
6.321000000000000000e+03
6.333000000000000000e+03
6.332000000000000000e+03
6.482000000000000000e+03
6.357000000000000000e+03
6.301000000000000000e+03
6.413000000000000000e+03
6.348000000000000000e+03
6.351000000000000000e+03
6.473000000000000000e+03
6.426000000000000000e+03
6.390000000000000000e+03
6.475000000000000000e+03
6.586000000000000000e+03
6.417000000000000000e+03
6.559000000000000000e+03
6.572000000000000000e+03
6.590000000000000000e+03
6.812000000000000000e+03
6.618000000000000000e+03
6.525000000000000000e+03
6.611000000000000000e+03
6.624000000000000000e+03
6.604000000000000000e+03
6.736000000000000000e+03
6.605000000000000000e+03
6.697000000000000000e+03
6.748000000000000000e+03
6.663000000000000000e+03
6.676000000000000000e+03
6.641000000000000000e+03
6.594000000000000000e+03
6.732000000000000000e+03
6.730000000000000000e+03
6.763000000000000000e+03
6.762000000000000000e+03
6.808000000000000000e+03
6.824000000000000000e+03
6.812000000000000000e+03
6.685000000000000000e+03
6.819000000000000000e+03
6.784000000000000000e+03
6.787000000000000000e+03
6.743000000000000000e+03
6.834000000000000000e+03
6.894000000000000000e+03
6.808000000000000000e+03
6.838000000000000000e+03
6.874000000000000000e+03
6.856000000000000000e+03
6.963000000000000000e+03
6.887000000000000000e+03
6.932000000000000000e+03
7.048000000000000000e+03
6.915000000000000000e+03
6.993000000000000000e+03
6.918000000000000000e+03
7.023000000000000000e+03
6.951000000000000000e+03
6.913000000000000000e+03
7.065000000000000000e+03
7.135000000000000000e+03
7.093000000000000000e+03
7.033000000000000000e+03
7.078000000000000000e+03
7.074000000000000000e+03
7.221000000000000000e+03
7.189000000000000000e+03
7.185000000000000000e+03
7.083000000000000000e+03
7.235000000000000000e+03
7.293000000000000000e+03
7.261000000000000000e+03
7.285000000000000000e+03
7.217000000000000000e+03
7.338000000000000000e+03
7.374000000000000000e+03
7.313000000000000000e+03
7.446000000000000000e+03
7.393000000000000000e+03
7.452000000000000000e+03
7.468000000000000000e+03
7.502000000000000000e+03
7.619000000000000000e+03
7.569000000000000000e+03
7.643000000000000000e+03
7.532000000000000000e+03
7.560000000000000000e+03
7.634000000000000000e+03
7.666000000000000000e+03
7.762000000000000000e+03
7.663000000000000000e+03
7.799000000000000000e+03
7.775000000000000000e+03
7.892000000000000000e+03
7.836000000000000000e+03
7.942000000000000000e+03
7.857000000000000000e+03
7.989000000000000000e+03
7.959000000000000000e+03
8.079000000000000000e+03
8.031000000000000000e+03
8.010000000000000000e+03
8.105000000000000000e+03
8.030000000000000000e+03
8.090000000000000000e+03
8.193000000000000000e+03
8.272000000000000000e+03
8.193000000000000000e+03
8.312000000000000000e+03
8.211000000000000000e+03
8.313000000000000000e+03
8.332000000000000000e+03
8.373000000000000000e+03
8.399000000000000000e+03
8.482000000000000000e+03
8.510000000000000000e+03
8.412000000000000000e+03
8.429000000000000000e+03
8.538000000000000000e+03
8.524000000000000000e+03
8.591000000000000000e+03
8.575000000000000000e+03
8.753000000000000000e+03
8.600000000000000000e+03
8.676000000000000000e+03
8.730000000000000000e+03
8.790000000000000000e+03
8.717000000000000000e+03
8.736000000000000000e+03
8.832000000000000000e+03
8.800000000000000000e+03
8.828000000000000000e+03
8.721000000000000000e+03
8.900000000000000000e+03
8.899000000000000000e+03
8.708000000000000000e+03
8.968000000000000000e+03
8.934000000000000000e+03
8.991000000000000000e+03
8.886000000000000000e+03
8.904000000000000000e+03
8.995000000000000000e+03
8.927000000000000000e+03
8.978000000000000000e+03
9.011000000000000000e+03
9.084000000000000000e+03
9.161000000000000000e+03
9.094000000000000000e+03
9.124000000000000000e+03
9.225000000000000000e+03
9.248000000000000000e+03
9.302000000000000000e+03
9.248000000000000000e+03
9.200000000000000000e+03
9.282000000000000000e+03
9.468000000000000000e+03
9.348000000000000000e+03
9.371000000000000000e+03
9.332000000000000000e+03
9.355000000000000000e+03
9.239000000000000000e+03
9.568000000000000000e+03
9.497000000000000000e+03
9.460000000000000000e+03
9.478000000000000000e+03
9.649000000000000000e+03
9.587000000000000000e+03
9.577000000000000000e+03
9.511000000000000000e+03
9.676000000000000000e+03
9.697000000000000000e+03
9.798000000000000000e+03
9.786000000000000000e+03
9.749000000000000000e+03
9.719000000000000000e+03
9.886000000000000000e+03
9.859000000000000000e+03
9.875000000000000000e+03
9.866000000000000000e+03
1.004500000000000000e+04
9.959000000000000000e+03
1.015000000000000000e+04
1.022600000000000000e+04
1.011100000000000000e+04
1.013700000000000000e+04
1.008100000000000000e+04
1.036300000000000000e+04
1.021600000000000000e+04
1.020100000000000000e+04
1.043300000000000000e+04
1.040500000000000000e+04
1.044200000000000000e+04
1.046400000000000000e+04
1.049800000000000000e+04
1.054200000000000000e+04
1.048100000000000000e+04
1.056400000000000000e+04
1.073600000000000000e+04
1.070000000000000000e+04
1.077500000000000000e+04
1.085800000000000000e+04
1.086700000000000000e+04
1.084000000000000000e+04
1.097200000000000000e+04
1.098600000000000000e+04
1.106700000000000000e+04
1.093800000000000000e+04
1.114400000000000000e+04
1.111600000000000000e+04
1.109500000000000000e+04
1.128900000000000000e+04
1.120700000000000000e+04
1.129100000000000000e+04
1.156000000000000000e+04
1.146200000000000000e+04
1.129000000000000000e+04
1.161400000000000000e+04
1.153400000000000000e+04
1.152000000000000000e+04
1.157600000000000000e+04
1.149100000000000000e+04
1.156000000000000000e+04
1.154400000000000000e+04
1.162700000000000000e+04
1.173500000000000000e+04
1.173400000000000000e+04
1.170800000000000000e+04
1.181100000000000000e+04
1.172600000000000000e+04
1.177000000000000000e+04
1.183200000000000000e+04
1.190000000000000000e+04
1.187800000000000000e+04
1.191200000000000000e+04
1.206700000000000000e+04
1.194700000000000000e+04
1.192700000000000000e+04
1.196400000000000000e+04
1.199900000000000000e+04
1.207700000000000000e+04
1.192600000000000000e+04
1.211700000000000000e+04
1.214700000000000000e+04
1.223800000000000000e+04
1.223300000000000000e+04
1.215600000000000000e+04
1.218200000000000000e+04
1.208100000000000000e+04
1.213500000000000000e+04
1.216900000000000000e+04
1.231100000000000000e+04
1.230300000000000000e+04
1.226200000000000000e+04
1.230900000000000000e+04
1.232900000000000000e+04
1.239400000000000000e+04
1.235300000000000000e+04
1.239900000000000000e+04
1.228200000000000000e+04
1.243000000000000000e+04
1.248800000000000000e+04
1.240500000000000000e+04
1.244200000000000000e+04
1.250300000000000000e+04
1.261200000000000000e+04
1.264800000000000000e+04
1.243400000000000000e+04
1.261500000000000000e+04
1.267800000000000000e+04
1.257900000000000000e+04
1.272700000000000000e+04
1.268400000000000000e+04
1.257800000000000000e+04
1.255200000000000000e+04
1.262100000000000000e+04
1.263700000000000000e+04
1.265900000000000000e+04
1.264300000000000000e+04
1.271600000000000000e+04
1.251400000000000000e+04
1.260500000000000000e+04
1.268500000000000000e+04
1.255300000000000000e+04
1.267500000000000000e+04
1.264300000000000000e+04
1.265700000000000000e+04
1.254600000000000000e+04
1.266100000000000000e+04
1.265000000000000000e+04
1.272200000000000000e+04
1.248900000000000000e+04
1.271600000000000000e+04
1.260100000000000000e+04
1.284700000000000000e+04
1.255100000000000000e+04
1.263800000000000000e+04
1.257900000000000000e+04
1.277700000000000000e+04
1.268600000000000000e+04
1.253800000000000000e+04
1.267200000000000000e+04
1.259300000000000000e+04
1.270100000000000000e+04
1.270800000000000000e+04
1.273500000000000000e+04
1.288800000000000000e+04
1.275300000000000000e+04
1.274600000000000000e+04
1.265900000000000000e+04
1.271000000000000000e+04
1.262700000000000000e+04
1.270900000000000000e+04
1.281900000000000000e+04
1.277300000000000000e+04
1.264300000000000000e+04
1.281000000000000000e+04
1.287700000000000000e+04
1.285400000000000000e+04
1.292500000000000000e+04
1.297400000000000000e+04
1.294800000000000000e+04
1.289400000000000000e+04
1.291900000000000000e+04
1.268600000000000000e+04
1.318800000000000000e+04
1.294700000000000000e+04
1.309500000000000000e+04
1.304500000000000000e+04
1.307500000000000000e+04
1.310400000000000000e+04
1.310500000000000000e+04
1.300600000000000000e+04
1.311800000000000000e+04
1.325800000000000000e+04
1.320000000000000000e+04
1.343300000000000000e+04
1.319900000000000000e+04
1.338700000000000000e+04
1.336000000000000000e+04
1.339200000000000000e+04
1.344100000000000000e+04
1.354100000000000000e+04
1.349000000000000000e+04
1.342000000000000000e+04
1.346700000000000000e+04
1.333400000000000000e+04
1.330200000000000000e+04
1.353200000000000000e+04
1.362400000000000000e+04
1.368600000000000000e+04
1.369900000000000000e+04
1.363900000000000000e+04
1.367100000000000000e+04
1.367600000000000000e+04
1.357100000000000000e+04
1.374200000000000000e+04
1.353400000000000000e+04
1.369300000000000000e+04
1.383200000000000000e+04
1.365800000000000000e+04
1.375200000000000000e+04
1.385900000000000000e+04
1.392100000000000000e+04
1.384000000000000000e+04
1.379500000000000000e+04
1.378400000000000000e+04
1.391300000000000000e+04
1.391300000000000000e+04
1.391600000000000000e+04
1.385400000000000000e+04
1.387100000000000000e+04
1.399400000000000000e+04
1.413000000000000000e+04
1.393500000000000000e+04
1.399600000000000000e+04
1.410500000000000000e+04
1.399200000000000000e+04
1.416700000000000000e+04
1.411300000000000000e+04
1.417100000000000000e+04
1.416100000000000000e+04
1.395100000000000000e+04
1.411400000000000000e+04
1.412900000000000000e+04
1.411700000000000000e+04
1.403000000000000000e+04
1.403400000000000000e+04
1.379600000000000000e+04
1.401400000000000000e+04
1.390500000000000000e+04
1.392000000000000000e+04
1.381100000000000000e+04
1.398800000000000000e+04
1.386400000000000000e+04
1.399300000000000000e+04
1.401900000000000000e+04
1.415400000000000000e+04
1.418300000000000000e+04
1.398400000000000000e+04
1.404600000000000000e+04
1.404600000000000000e+04
1.393200000000000000e+04
1.393300000000000000e+04
1.367500000000000000e+04
1.392300000000000000e+04
1.382000000000000000e+04
1.376400000000000000e+04
1.375300000000000000e+04
1.363700000000000000e+04
1.361300000000000000e+04
1.365900000000000000e+04
1.353500000000000000e+04
1.369700000000000000e+04
1.367700000000000000e+04
1.343400000000000000e+04
1.356900000000000000e+04
1.359000000000000000e+04
1.360600000000000000e+04
1.353700000000000000e+04
1.344300000000000000e+04
1.330100000000000000e+04
1.343500000000000000e+04
1.317600000000000000e+04
1.319300000000000000e+04
1.338500000000000000e+04
1.321800000000000000e+04
1.330900000000000000e+04
1.331200000000000000e+04
1.334900000000000000e+04
1.335400000000000000e+04
1.327600000000000000e+04
1.336100000000000000e+04
1.332300000000000000e+04
1.320900000000000000e+04
1.301600000000000000e+04
1.304400000000000000e+04
1.328200000000000000e+04
1.309700000000000000e+04
1.300900000000000000e+04
1.316800000000000000e+04
1.303600000000000000e+04
1.310700000000000000e+04
1.278200000000000000e+04
1.280500000000000000e+04
1.276800000000000000e+04
1.254700000000000000e+04
1.244600000000000000e+04
1.235200000000000000e+04
1.223400000000000000e+04
1.219900000000000000e+04
1.215000000000000000e+04
1.219900000000000000e+04
1.211900000000000000e+04
1.202300000000000000e+04
1.206100000000000000e+04
1.201900000000000000e+04
1.189400000000000000e+04
1.191000000000000000e+04
1.180200000000000000e+04
1.169800000000000000e+04
1.168600000000000000e+04
1.177600000000000000e+04
1.188700000000000000e+04
1.192300000000000000e+04
1.176400000000000000e+04
1.178300000000000000e+04
1.180400000000000000e+04
1.176200000000000000e+04
1.173000000000000000e+04
1.189200000000000000e+04
1.182900000000000000e+04
1.189200000000000000e+04
1.198000000000000000e+04
1.175100000000000000e+04
1.191100000000000000e+04
1.183000000000000000e+04
1.157600000000000000e+04
1.153600000000000000e+04
1.136500000000000000e+04
1.145300000000000000e+04
1.135100000000000000e+04
1.128300000000000000e+04
1.119500000000000000e+04
1.127700000000000000e+04
1.118500000000000000e+04
1.131300000000000000e+04
1.124500000000000000e+04
1.137000000000000000e+04
1.126200000000000000e+04
1.134500000000000000e+04
1.144500000000000000e+04
1.140200000000000000e+04
1.162700000000000000e+04
1.155100000000000000e+04
1.150600000000000000e+04
1.149800000000000000e+04
1.151900000000000000e+04
1.139800000000000000e+04
1.137700000000000000e+04
1.134800000000000000e+04
1.140800000000000000e+04
1.148100000000000000e+04
1.146400000000000000e+04
1.148100000000000000e+04
1.117600000000000000e+04
1.127500000000000000e+04
1.121000000000000000e+04
1.094300000000000000e+04
1.085800000000000000e+04
1.083900000000000000e+04
1.081800000000000000e+04
1.082300000000000000e+04
1.079300000000000000e+04
1.093600000000000000e+04
1.098200000000000000e+04
1.107200000000000000e+04
1.119800000000000000e+04
1.108100000000000000e+04
1.109500000000000000e+04
1.106800000000000000e+04
1.098300000000000000e+04
1.109200000000000000e+04
1.103400000000000000e+04
1.103000000000000000e+04
1.100400000000000000e+04
1.097800000000000000e+04
1.077100000000000000e+04
