3.517000000000000000e+03
3.525000000000000000e+03
3.431000000000000000e+03
3.556000000000000000e+03
3.544000000000000000e+03
3.537000000000000000e+03
3.514000000000000000e+03
3.494000000000000000e+03
3.519000000000000000e+03
3.780000000000000000e+03
3.590000000000000000e+03
3.511000000000000000e+03
3.495000000000000000e+03
3.457000000000000000e+03
3.508000000000000000e+03
3.540000000000000000e+03
3.549000000000000000e+03
3.497000000000000000e+03
3.490000000000000000e+03
3.536000000000000000e+03
3.544000000000000000e+03
3.545000000000000000e+03
3.522000000000000000e+03
3.528000000000000000e+03
3.543000000000000000e+03
3.587000000000000000e+03
3.537000000000000000e+03
3.520000000000000000e+03
3.531000000000000000e+03
3.529000000000000000e+03
3.553000000000000000e+03
3.585000000000000000e+03
3.527000000000000000e+03
3.550000000000000000e+03
3.505000000000000000e+03
3.557000000000000000e+03
3.637000000000000000e+03
3.742000000000000000e+03
3.548000000000000000e+03
3.641000000000000000e+03
3.610000000000000000e+03
3.521000000000000000e+03
3.572000000000000000e+03
3.616000000000000000e+03
3.625000000000000000e+03
3.588000000000000000e+03
3.637000000000000000e+03
3.591000000000000000e+03
3.660000000000000000e+03
3.662000000000000000e+03
3.596000000000000000e+03
3.705000000000000000e+03
3.710000000000000000e+03
3.667000000000000000e+03
3.744000000000000000e+03
3.639000000000000000e+03
3.902000000000000000e+03
3.707000000000000000e+03
3.653000000000000000e+03
3.699000000000000000e+03
3.766000000000000000e+03
3.688000000000000000e+03
3.705000000000000000e+03
3.734000000000000000e+03
3.765000000000000000e+03
3.831000000000000000e+03
3.751000000000000000e+03
3.721000000000000000e+03
3.815000000000000000e+03
3.810000000000000000e+03
3.829000000000000000e+03
3.810000000000000000e+03
3.865000000000000000e+03
3.817000000000000000e+03
3.864000000000000000e+03
3.789000000000000000e+03
3.876000000000000000e+03
3.838000000000000000e+03
3.782000000000000000e+03
3.872000000000000000e+03
3.797000000000000000e+03
3.936000000000000000e+03
3.903000000000000000e+03
3.884000000000000000e+03
3.775000000000000000e+03
3.925000000000000000e+03
3.876000000000000000e+03
3.882000000000000000e+03
3.971000000000000000e+03
3.933000000000000000e+03
3.989000000000000000e+03
3.940000000000000000e+03
4.028000000000000000e+03
3.906000000000000000e+03
4.006000000000000000e+03
3.933000000000000000e+03
3.948000000000000000e+03
4.023000000000000000e+03
4.020000000000000000e+03
4.204000000000000000e+03
4.002000000000000000e+03
4.004000000000000000e+03
3.974000000000000000e+03
4.060000000000000000e+03
3.972000000000000000e+03
4.027000000000000000e+03
4.012000000000000000e+03
4.023000000000000000e+03
4.043000000000000000e+03
4.047000000000000000e+03
4.030000000000000000e+03
4.183000000000000000e+03
4.133000000000000000e+03
4.061000000000000000e+03
4.106000000000000000e+03
4.168000000000000000e+03
4.145000000000000000e+03
4.186000000000000000e+03
4.182000000000000000e+03
4.103000000000000000e+03
4.147000000000000000e+03
4.158000000000000000e+03
4.196000000000000000e+03
4.143000000000000000e+03
4.166000000000000000e+03
4.194000000000000000e+03
4.215000000000000000e+03
4.224000000000000000e+03
4.238000000000000000e+03
4.203000000000000000e+03
4.195000000000000000e+03
4.214000000000000000e+03
4.280000000000000000e+03
4.272000000000000000e+03
4.361000000000000000e+03
4.282000000000000000e+03
4.319000000000000000e+03
4.296000000000000000e+03
4.339000000000000000e+03
4.437000000000000000e+03
4.316000000000000000e+03
4.442000000000000000e+03
4.363000000000000000e+03
4.318000000000000000e+03
4.385000000000000000e+03
4.452000000000000000e+03
4.632000000000000000e+03
4.461000000000000000e+03
4.491000000000000000e+03
4.466000000000000000e+03
4.499000000000000000e+03
4.516000000000000000e+03
4.570000000000000000e+03
4.589000000000000000e+03
4.571000000000000000e+03
4.521000000000000000e+03
4.579000000000000000e+03
4.543000000000000000e+03
4.581000000000000000e+03
4.634000000000000000e+03
4.509000000000000000e+03
4.650000000000000000e+03
4.626000000000000000e+03
4.670000000000000000e+03
4.667000000000000000e+03
4.642000000000000000e+03
4.620000000000000000e+03
4.640000000000000000e+03
4.672000000000000000e+03
4.713000000000000000e+03
4.716000000000000000e+03
4.696000000000000000e+03
4.816000000000000000e+03
4.827000000000000000e+03
4.786000000000000000e+03
4.767000000000000000e+03
4.787000000000000000e+03
4.840000000000000000e+03
4.838000000000000000e+03
4.776000000000000000e+03
4.849000000000000000e+03
4.889000000000000000e+03
4.955000000000000000e+03
4.972000000000000000e+03
4.943000000000000000e+03
4.878000000000000000e+03
4.902000000000000000e+03
4.913000000000000000e+03
4.932000000000000000e+03
5.041000000000000000e+03
4.951000000000000000e+03
4.984000000000000000e+03
5.013000000000000000e+03
4.959000000000000000e+03
5.013000000000000000e+03
5.133000000000000000e+03
5.087000000000000000e+03
5.129000000000000000e+03
5.162000000000000000e+03
5.101000000000000000e+03
5.006000000000000000e+03
5.165000000000000000e+03
5.153000000000000000e+03
5.156000000000000000e+03
5.145000000000000000e+03
5.136000000000000000e+03
5.241000000000000000e+03
5.282000000000000000e+03
5.276000000000000000e+03
5.254000000000000000e+03
5.240000000000000000e+03
5.250000000000000000e+03
5.251000000000000000e+03
5.316000000000000000e+03
5.359000000000000000e+03
5.376000000000000000e+03
5.324000000000000000e+03
5.350000000000000000e+03
5.363000000000000000e+03
5.405000000000000000e+03
5.439000000000000000e+03
5.416000000000000000e+03
5.504000000000000000e+03
5.525000000000000000e+03
5.513000000000000000e+03
5.534000000000000000e+03
5.592000000000000000e+03
5.612000000000000000e+03
5.794000000000000000e+03
5.525000000000000000e+03
5.604000000000000000e+03
5.679000000000000000e+03
5.523000000000000000e+03
5.584000000000000000e+03
5.617000000000000000e+03
5.579000000000000000e+03
5.714000000000000000e+03
5.678000000000000000e+03
5.699000000000000000e+03
5.589000000000000000e+03
5.710000000000000000e+03
5.707000000000000000e+03
5.659000000000000000e+03
5.709000000000000000e+03
5.694000000000000000e+03
5.860000000000000000e+03
5.741000000000000000e+03
5.766000000000000000e+03
5.721000000000000000e+03
5.800000000000000000e+03
5.844000000000000000e+03
5.909000000000000000e+03
5.784000000000000000e+03
5.826000000000000000e+03
5.884000000000000000e+03
5.812000000000000000e+03
5.845000000000000000e+03
5.979000000000000000e+03
5.868000000000000000e+03
5.964000000000000000e+03
5.896000000000000000e+03
5.918000000000000000e+03
5.930000000000000000e+03
5.907000000000000000e+03
5.947000000000000000e+03
5.916000000000000000e+03
6.028000000000000000e+03
5.960000000000000000e+03
6.005000000000000000e+03
5.974000000000000000e+03
6.012000000000000000e+03
6.020000000000000000e+03
5.976000000000000000e+03
6.045000000000000000e+03
6.180000000000000000e+03
6.088000000000000000e+03
6.020000000000000000e+03
6.072000000000000000e+03
6.162000000000000000e+03
6.176000000000000000e+03
6.200000000000000000e+03
6.067000000000000000e+03
6.151000000000000000e+03
6.304000000000000000e+03
6.187000000000000000e+03
6.227000000000000000e+03
6.238000000000000000e+03
6.273000000000000000e+03
6.236000000000000000e+03
6.249000000000000000e+03
6.493000000000000000e+03
6.160000000000000000e+03
6.229000000000000000e+03
6.308000000000000000e+03
6.334000000000000000e+03
6.257000000000000000e+03
6.296000000000000000e+03
6.354000000000000000e+03
6.380000000000000000e+03
6.332000000000000000e+03
6.338000000000000000e+03
6.244000000000000000e+03
6.392000000000000000e+03
6.636000000000000000e+03
6.388000000000000000e+03
6.468000000000000000e+03
6.519000000000000000e+03
6.495000000000000000e+03
6.524000000000000000e+03
6.516000000000000000e+03
6.560000000000000000e+03
6.562000000000000000e+03
6.581000000000000000e+03
6.680000000000000000e+03
6.627000000000000000e+03
6.628000000000000000e+03
6.696000000000000000e+03
6.598000000000000000e+03
6.780000000000000000e+03
6.738000000000000000e+03
6.755000000000000000e+03
6.768000000000000000e+03
6.784000000000000000e+03
6.779000000000000000e+03
6.908000000000000000e+03
6.962000000000000000e+03
6.891000000000000000e+03
6.984000000000000000e+03
6.958000000000000000e+03
6.899000000000000000e+03
7.044000000000000000e+03
7.069000000000000000e+03
7.128000000000000000e+03
7.112000000000000000e+03
7.141000000000000000e+03
7.040000000000000000e+03
7.142000000000000000e+03
7.148000000000000000e+03
7.048000000000000000e+03
7.285000000000000000e+03
7.192000000000000000e+03
7.176000000000000000e+03
7.239000000000000000e+03
7.316000000000000000e+03
7.198000000000000000e+03
7.420000000000000000e+03
7.360000000000000000e+03
7.362000000000000000e+03
7.491000000000000000e+03
7.548000000000000000e+03
7.460000000000000000e+03
7.552000000000000000e+03
7.588000000000000000e+03
7.414000000000000000e+03
7.507000000000000000e+03
7.660000000000000000e+03
7.579000000000000000e+03
7.667000000000000000e+03
7.652000000000000000e+03
7.602000000000000000e+03
7.731000000000000000e+03
7.822000000000000000e+03
7.774000000000000000e+03
7.687000000000000000e+03
7.763000000000000000e+03
7.830000000000000000e+03
7.859000000000000000e+03
7.884000000000000000e+03
7.974000000000000000e+03
7.881000000000000000e+03
7.948000000000000000e+03
7.910000000000000000e+03
7.907000000000000000e+03
7.967000000000000000e+03
7.862000000000000000e+03
7.807000000000000000e+03
7.943000000000000000e+03
7.966000000000000000e+03
7.961000000000000000e+03
7.952000000000000000e+03
8.002000000000000000e+03
8.114000000000000000e+03
8.035000000000000000e+03
8.122000000000000000e+03
8.088000000000000000e+03
8.116000000000000000e+03
8.172000000000000000e+03
8.086000000000000000e+03
8.191000000000000000e+03
8.107000000000000000e+03
8.368000000000000000e+03
8.172000000000000000e+03
8.067000000000000000e+03
8.170000000000000000e+03
8.277000000000000000e+03
8.331000000000000000e+03
8.276000000000000000e+03
8.322000000000000000e+03
8.444000000000000000e+03
8.382000000000000000e+03
8.321000000000000000e+03
8.379000000000000000e+03
8.500000000000000000e+03
8.504000000000000000e+03
8.515000000000000000e+03
8.518000000000000000e+03
8.510000000000000000e+03
8.368000000000000000e+03
8.528000000000000000e+03
8.914000000000000000e+03
8.560000000000000000e+03
8.568000000000000000e+03
8.660000000000000000e+03
8.779000000000000000e+03
8.827000000000000000e+03
8.772000000000000000e+03
8.759000000000000000e+03
8.880000000000000000e+03
8.810000000000000000e+03
8.958000000000000000e+03
9.023000000000000000e+03
9.054000000000000000e+03
8.936000000000000000e+03
9.027000000000000000e+03
9.096000000000000000e+03
9.141000000000000000e+03
9.220000000000000000e+03
9.216000000000000000e+03
9.313000000000000000e+03
9.407000000000000000e+03
9.334000000000000000e+03
9.347000000000000000e+03
9.443000000000000000e+03
9.358000000000000000e+03
9.457000000000000000e+03
9.487000000000000000e+03
9.522000000000000000e+03
9.461000000000000000e+03
9.616000000000000000e+03
9.597000000000000000e+03
9.689000000000000000e+03
9.671000000000000000e+03
9.805000000000000000e+03
9.795000000000000000e+03
9.869000000000000000e+03
9.930000000000000000e+03
9.993000000000000000e+03
9.853000000000000000e+03
9.905000000000000000e+03
1.002100000000000000e+04
1.009600000000000000e+04
1.007700000000000000e+04
1.011700000000000000e+04
1.040900000000000000e+04
1.013800000000000000e+04
1.027100000000000000e+04
1.024200000000000000e+04
1.023700000000000000e+04
1.027700000000000000e+04
1.033100000000000000e+04
1.049400000000000000e+04
1.048300000000000000e+04
1.048200000000000000e+04
1.045000000000000000e+04
1.040200000000000000e+04
1.050300000000000000e+04
1.056100000000000000e+04
1.057100000000000000e+04
1.053600000000000000e+04
1.068000000000000000e+04
1.063300000000000000e+04
1.074500000000000000e+04
1.058500000000000000e+04
1.059200000000000000e+04
1.084400000000000000e+04
1.058100000000000000e+04
1.062900000000000000e+04
1.075700000000000000e+04
1.073200000000000000e+04
1.073500000000000000e+04
1.085800000000000000e+04
1.090600000000000000e+04
1.095000000000000000e+04
1.075900000000000000e+04
1.074500000000000000e+04
1.083600000000000000e+04
1.082800000000000000e+04
1.110300000000000000e+04
1.090200000000000000e+04
1.090200000000000000e+04
1.099200000000000000e+04
1.111900000000000000e+04
1.094900000000000000e+04
1.102400000000000000e+04
1.097500000000000000e+04
1.105600000000000000e+04
1.118500000000000000e+04
1.112200000000000000e+04
1.116800000000000000e+04
1.120100000000000000e+04
1.119100000000000000e+04
1.130500000000000000e+04
1.118400000000000000e+04
1.362300000000000000e+04
1.140200000000000000e+04
1.127000000000000000e+04
1.140900000000000000e+04
1.122400000000000000e+04
1.133300000000000000e+04
1.128000000000000000e+04
1.123600000000000000e+04
1.132900000000000000e+04
1.125900000000000000e+04
1.134200000000000000e+04
1.122700000000000000e+04
1.138700000000000000e+04
1.128100000000000000e+04
1.137800000000000000e+04
1.135500000000000000e+04
1.140600000000000000e+04
1.128600000000000000e+04
1.128200000000000000e+04
1.137600000000000000e+04
1.131800000000000000e+04
1.149100000000000000e+04
1.135100000000000000e+04
1.137500000000000000e+04
1.141100000000000000e+04
1.129600000000000000e+04
1.150900000000000000e+04
1.128100000000000000e+04
1.135300000000000000e+04
1.139700000000000000e+04
1.132000000000000000e+04
1.130100000000000000e+04
1.124100000000000000e+04
1.142100000000000000e+04
1.138600000000000000e+04
1.130700000000000000e+04
1.134600000000000000e+04
1.132500000000000000e+04
1.147400000000000000e+04
1.143600000000000000e+04
1.176200000000000000e+04
1.144000000000000000e+04
1.145800000000000000e+04
1.143200000000000000e+04
1.137200000000000000e+04
1.141200000000000000e+04
1.143900000000000000e+04
1.148700000000000000e+04
1.139100000000000000e+04
1.146800000000000000e+04
1.142300000000000000e+04
1.144600000000000000e+04
1.157300000000000000e+04
1.147400000000000000e+04
1.152300000000000000e+04
1.152500000000000000e+04
1.153100000000000000e+04
1.157000000000000000e+04
1.158400000000000000e+04
1.161300000000000000e+04
1.150500000000000000e+04
1.170600000000000000e+04
1.168000000000000000e+04
1.177500000000000000e+04
1.176200000000000000e+04
1.168200000000000000e+04
1.183100000000000000e+04
1.178800000000000000e+04
1.188200000000000000e+04
1.194300000000000000e+04
1.192000000000000000e+04
1.180900000000000000e+04
1.192000000000000000e+04
1.189100000000000000e+04
1.208500000000000000e+04
1.200700000000000000e+04
1.211700000000000000e+04
1.191600000000000000e+04
1.206100000000000000e+04
1.213000000000000000e+04
1.207700000000000000e+04
1.203000000000000000e+04
1.211600000000000000e+04
1.216500000000000000e+04
1.214700000000000000e+04
1.226100000000000000e+04
1.220700000000000000e+04
1.232300000000000000e+04
1.218600000000000000e+04
1.220500000000000000e+04
1.237300000000000000e+04
1.237300000000000000e+04
1.232900000000000000e+04
1.235100000000000000e+04
1.236200000000000000e+04
1.233700000000000000e+04
1.231000000000000000e+04
1.241400000000000000e+04
1.242200000000000000e+04
1.237900000000000000e+04
1.237300000000000000e+04
1.229500000000000000e+04
1.233500000000000000e+04
1.240000000000000000e+04
1.252900000000000000e+04
1.245400000000000000e+04
1.244200000000000000e+04
1.241300000000000000e+04
1.261100000000000000e+04
1.258500000000000000e+04
1.250000000000000000e+04
1.270800000000000000e+04
1.258200000000000000e+04
1.273000000000000000e+04
1.271300000000000000e+04
1.284300000000000000e+04
1.276300000000000000e+04
1.288000000000000000e+04
1.275200000000000000e+04
1.294900000000000000e+04
1.279300000000000000e+04
1.296200000000000000e+04
1.287100000000000000e+04
1.295500000000000000e+04
1.304500000000000000e+04
1.304600000000000000e+04
1.296800000000000000e+04
1.291400000000000000e+04
1.285000000000000000e+04
1.288100000000000000e+04
1.309200000000000000e+04
1.297200000000000000e+04
1.295200000000000000e+04
1.285100000000000000e+04
1.276500000000000000e+04
1.292000000000000000e+04
1.296300000000000000e+04
1.288300000000000000e+04
1.279400000000000000e+04
1.280600000000000000e+04
1.272400000000000000e+04
1.284900000000000000e+04
1.259000000000000000e+04
1.274000000000000000e+04
1.275600000000000000e+04
1.281900000000000000e+04
1.273400000000000000e+04
1.266300000000000000e+04
1.262400000000000000e+04
1.249900000000000000e+04
1.237700000000000000e+04
1.240800000000000000e+04
1.229300000000000000e+04
1.227500000000000000e+04
1.238500000000000000e+04
1.227700000000000000e+04
1.214300000000000000e+04
1.237300000000000000e+04
1.223400000000000000e+04
1.227400000000000000e+04
1.213700000000000000e+04
1.212100000000000000e+04
1.202900000000000000e+04
1.202300000000000000e+04
1.197100000000000000e+04
1.191300000000000000e+04
1.198600000000000000e+04
1.191700000000000000e+04
1.193700000000000000e+04
1.203000000000000000e+04
1.203400000000000000e+04
1.202300000000000000e+04
1.198100000000000000e+04
1.196200000000000000e+04
1.204800000000000000e+04
1.205200000000000000e+04
1.206600000000000000e+04
1.197700000000000000e+04
1.187100000000000000e+04
1.187900000000000000e+04
1.156400000000000000e+04
1.164400000000000000e+04
1.154600000000000000e+04
1.137000000000000000e+04
1.141400000000000000e+04
1.137500000000000000e+04
1.121900000000000000e+04
1.109900000000000000e+04
1.098800000000000000e+04
1.092800000000000000e+04
1.072200000000000000e+04
1.079800000000000000e+04
1.078900000000000000e+04
1.116700000000000000e+04
1.086800000000000000e+04
1.088300000000000000e+04
1.084800000000000000e+04
1.084500000000000000e+04
1.063700000000000000e+04
1.067600000000000000e+04
1.074500000000000000e+04
1.062700000000000000e+04
1.054500000000000000e+04
1.068600000000000000e+04
1.056000000000000000e+04
1.055300000000000000e+04
1.047400000000000000e+04
1.047800000000000000e+04
1.039900000000000000e+04
1.050400000000000000e+04
1.050100000000000000e+04
1.042800000000000000e+04
1.059900000000000000e+04
1.036900000000000000e+04
1.019200000000000000e+04
1.029300000000000000e+04
1.025900000000000000e+04
1.028900000000000000e+04
1.027800000000000000e+04
1.044700000000000000e+04
1.031400000000000000e+04
1.044200000000000000e+04
1.037400000000000000e+04
1.048300000000000000e+04
1.026200000000000000e+04
1.027900000000000000e+04
1.019600000000000000e+04
1.005500000000000000e+04
1.013700000000000000e+04
1.008400000000000000e+04
1.026200000000000000e+04
1.034300000000000000e+04
1.035400000000000000e+04
1.029700000000000000e+04
1.023100000000000000e+04
1.010300000000000000e+04
1.007300000000000000e+04
1.006000000000000000e+04
9.942000000000000000e+03
9.777000000000000000e+03
9.845000000000000000e+03
9.793000000000000000e+03
9.736000000000000000e+03
9.779000000000000000e+03
9.682000000000000000e+03
9.718000000000000000e+03
9.617000000000000000e+03
9.804000000000000000e+03
1.026100000000000000e+04
1.081100000000000000e+04
1.038700000000000000e+04
9.969000000000000000e+03
9.848000000000000000e+03
9.810000000000000000e+03
9.801000000000000000e+03
9.830000000000000000e+03
9.885000000000000000e+03
9.995000000000000000e+03
1.001500000000000000e+04
1.015800000000000000e+04
1.013200000000000000e+04
9.962000000000000000e+03
