3.501000000000000000e+03
3.500000000000000000e+03
3.713000000000000000e+03
3.520000000000000000e+03
3.556000000000000000e+03
3.494000000000000000e+03
3.444000000000000000e+03
3.490000000000000000e+03
3.500000000000000000e+03
3.507000000000000000e+03
3.468000000000000000e+03
3.567000000000000000e+03
3.536000000000000000e+03
3.495000000000000000e+03
3.581000000000000000e+03
3.548000000000000000e+03
3.489000000000000000e+03
3.575000000000000000e+03
3.546000000000000000e+03
3.493000000000000000e+03
3.532000000000000000e+03
3.526000000000000000e+03
3.558000000000000000e+03
3.488000000000000000e+03
3.562000000000000000e+03
3.539000000000000000e+03
3.516000000000000000e+03
3.507000000000000000e+03
3.535000000000000000e+03
3.488000000000000000e+03
3.577000000000000000e+03
3.535000000000000000e+03
3.546000000000000000e+03
3.573000000000000000e+03
3.580000000000000000e+03
3.578000000000000000e+03
3.598000000000000000e+03
3.536000000000000000e+03
3.613000000000000000e+03
3.543000000000000000e+03
3.568000000000000000e+03
3.772000000000000000e+03
3.636000000000000000e+03
3.602000000000000000e+03
3.613000000000000000e+03
3.608000000000000000e+03
3.668000000000000000e+03
3.615000000000000000e+03
3.656000000000000000e+03
3.698000000000000000e+03
3.656000000000000000e+03
3.868000000000000000e+03
3.653000000000000000e+03
3.607000000000000000e+03
3.624000000000000000e+03
3.656000000000000000e+03
3.696000000000000000e+03
3.670000000000000000e+03
3.777000000000000000e+03
3.760000000000000000e+03
3.668000000000000000e+03
3.719000000000000000e+03
3.720000000000000000e+03
3.729000000000000000e+03
3.700000000000000000e+03
3.824000000000000000e+03
3.785000000000000000e+03
3.772000000000000000e+03
3.786000000000000000e+03
3.788000000000000000e+03
3.768000000000000000e+03
3.706000000000000000e+03
3.851000000000000000e+03
3.856000000000000000e+03
3.844000000000000000e+03
3.791000000000000000e+03
3.880000000000000000e+03
3.873000000000000000e+03
3.844000000000000000e+03
3.860000000000000000e+03
3.901000000000000000e+03
3.776000000000000000e+03
3.858000000000000000e+03
3.824000000000000000e+03
3.900000000000000000e+03
3.878000000000000000e+03
3.883000000000000000e+03
3.948000000000000000e+03
3.923000000000000000e+03
3.875000000000000000e+03
3.860000000000000000e+03
3.946000000000000000e+03
3.955000000000000000e+03
3.922000000000000000e+03
4.026000000000000000e+03
3.899000000000000000e+03
3.948000000000000000e+03
3.993000000000000000e+03
3.995000000000000000e+03
4.024000000000000000e+03
4.078000000000000000e+03
3.983000000000000000e+03
4.017000000000000000e+03
4.030000000000000000e+03
4.063000000000000000e+03
4.036000000000000000e+03
4.054000000000000000e+03
4.005000000000000000e+03
4.028000000000000000e+03
3.950000000000000000e+03
4.071000000000000000e+03
4.059000000000000000e+03
4.086000000000000000e+03
4.080000000000000000e+03
4.104000000000000000e+03
4.126000000000000000e+03
4.090000000000000000e+03
4.139000000000000000e+03
4.032000000000000000e+03
4.200000000000000000e+03
4.204000000000000000e+03
4.224000000000000000e+03
4.193000000000000000e+03
4.239000000000000000e+03
4.172000000000000000e+03
4.159000000000000000e+03
4.188000000000000000e+03
4.213000000000000000e+03
4.241000000000000000e+03
4.295000000000000000e+03
4.285000000000000000e+03
4.243000000000000000e+03
4.266000000000000000e+03
4.253000000000000000e+03
4.337000000000000000e+03
4.313000000000000000e+03
4.294000000000000000e+03
4.319000000000000000e+03
4.305000000000000000e+03
4.354000000000000000e+03
4.321000000000000000e+03
4.419000000000000000e+03
4.421000000000000000e+03
4.333000000000000000e+03
4.431000000000000000e+03
4.301000000000000000e+03
4.421000000000000000e+03
4.462000000000000000e+03
4.434000000000000000e+03
4.421000000000000000e+03
4.445000000000000000e+03
4.526000000000000000e+03
4.508000000000000000e+03
4.628000000000000000e+03
4.509000000000000000e+03
4.565000000000000000e+03
4.575000000000000000e+03
4.659000000000000000e+03
4.576000000000000000e+03
4.558000000000000000e+03
4.690000000000000000e+03
4.622000000000000000e+03
4.613000000000000000e+03
4.579000000000000000e+03
4.608000000000000000e+03
4.700000000000000000e+03
4.660000000000000000e+03
4.633000000000000000e+03
4.721000000000000000e+03
4.731000000000000000e+03
4.796000000000000000e+03
4.768000000000000000e+03
4.789000000000000000e+03
4.754000000000000000e+03
4.689000000000000000e+03
4.772000000000000000e+03
4.868000000000000000e+03
4.805000000000000000e+03
4.892000000000000000e+03
5.069000000000000000e+03
4.844000000000000000e+03
4.875000000000000000e+03
4.850000000000000000e+03
4.904000000000000000e+03
4.973000000000000000e+03
4.864000000000000000e+03
4.946000000000000000e+03
4.928000000000000000e+03
4.963000000000000000e+03
4.970000000000000000e+03
4.952000000000000000e+03
4.999000000000000000e+03
5.019000000000000000e+03
5.033000000000000000e+03
4.992000000000000000e+03
5.071000000000000000e+03
5.077000000000000000e+03
4.961000000000000000e+03
5.093000000000000000e+03
5.092000000000000000e+03
5.129000000000000000e+03
5.081000000000000000e+03
5.233000000000000000e+03
5.097000000000000000e+03
5.168000000000000000e+03
5.201000000000000000e+03
5.170000000000000000e+03
5.170000000000000000e+03
5.249000000000000000e+03
5.251000000000000000e+03
5.278000000000000000e+03
5.231000000000000000e+03
5.311000000000000000e+03
5.369000000000000000e+03
5.313000000000000000e+03
5.387000000000000000e+03
5.314000000000000000e+03
5.326000000000000000e+03
5.486000000000000000e+03
5.438000000000000000e+03
5.681000000000000000e+03
5.459000000000000000e+03
5.539000000000000000e+03
5.484000000000000000e+03
5.491000000000000000e+03
5.510000000000000000e+03
5.509000000000000000e+03
5.518000000000000000e+03
5.523000000000000000e+03
5.765000000000000000e+03
5.819000000000000000e+03
5.625000000000000000e+03
5.575000000000000000e+03
5.638000000000000000e+03
5.634000000000000000e+03
5.653000000000000000e+03
5.677000000000000000e+03
5.625000000000000000e+03
5.596000000000000000e+03
5.652000000000000000e+03
5.634000000000000000e+03
5.726000000000000000e+03
5.694000000000000000e+03
5.712000000000000000e+03
5.628000000000000000e+03
5.771000000000000000e+03
5.695000000000000000e+03
5.859000000000000000e+03
5.675000000000000000e+03
5.776000000000000000e+03
5.821000000000000000e+03
5.850000000000000000e+03
5.734000000000000000e+03
5.822000000000000000e+03
5.791000000000000000e+03
5.869000000000000000e+03
5.839000000000000000e+03
5.856000000000000000e+03
5.883000000000000000e+03
5.889000000000000000e+03
5.841000000000000000e+03
5.902000000000000000e+03
5.928000000000000000e+03
5.949000000000000000e+03
5.842000000000000000e+03
5.998000000000000000e+03
5.847000000000000000e+03
5.968000000000000000e+03
6.022000000000000000e+03
6.039000000000000000e+03
5.887000000000000000e+03
6.125000000000000000e+03
6.032000000000000000e+03
5.944000000000000000e+03
6.053000000000000000e+03
6.073000000000000000e+03
6.102000000000000000e+03
6.103000000000000000e+03
6.107000000000000000e+03
6.037000000000000000e+03
6.146000000000000000e+03
6.108000000000000000e+03
6.109000000000000000e+03
6.141000000000000000e+03
6.205000000000000000e+03
6.192000000000000000e+03
6.203000000000000000e+03
6.117000000000000000e+03
6.221000000000000000e+03
6.245000000000000000e+03
6.151000000000000000e+03
6.290000000000000000e+03
6.113000000000000000e+03
6.309000000000000000e+03
6.285000000000000000e+03
6.342000000000000000e+03
6.340000000000000000e+03
6.349000000000000000e+03
6.314000000000000000e+03
6.729000000000000000e+03
6.412000000000000000e+03
6.436000000000000000e+03
6.362000000000000000e+03
6.371000000000000000e+03
6.445000000000000000e+03
6.356000000000000000e+03
6.555000000000000000e+03
6.548000000000000000e+03
6.505000000000000000e+03
6.414000000000000000e+03
6.540000000000000000e+03
6.558000000000000000e+03
6.499000000000000000e+03
6.645000000000000000e+03
6.615000000000000000e+03
6.676000000000000000e+03
6.587000000000000000e+03
6.626000000000000000e+03
6.733000000000000000e+03
6.806000000000000000e+03
6.752000000000000000e+03
6.769000000000000000e+03
6.739000000000000000e+03
6.786000000000000000e+03
6.828000000000000000e+03
6.839000000000000000e+03
6.866000000000000000e+03
6.910000000000000000e+03
7.016000000000000000e+03
6.991000000000000000e+03
6.870000000000000000e+03
7.035000000000000000e+03
7.047000000000000000e+03
7.027000000000000000e+03
7.049000000000000000e+03
7.079000000000000000e+03
7.257000000000000000e+03
7.182000000000000000e+03
7.058000000000000000e+03
7.146000000000000000e+03
7.186000000000000000e+03
7.225000000000000000e+03
7.228000000000000000e+03
7.403000000000000000e+03
7.279000000000000000e+03
7.204000000000000000e+03
7.354000000000000000e+03
7.372000000000000000e+03
7.362000000000000000e+03
7.470000000000000000e+03
7.483000000000000000e+03
7.484000000000000000e+03
7.460000000000000000e+03
7.571000000000000000e+03
7.459000000000000000e+03
7.494000000000000000e+03
7.680000000000000000e+03
7.648000000000000000e+03
7.625000000000000000e+03
7.777000000000000000e+03
7.735000000000000000e+03
7.724000000000000000e+03
7.811000000000000000e+03
7.785000000000000000e+03
7.642000000000000000e+03
7.849000000000000000e+03
7.692000000000000000e+03
7.870000000000000000e+03
7.826000000000000000e+03
7.859000000000000000e+03
7.818000000000000000e+03
7.892000000000000000e+03
7.939000000000000000e+03
7.832000000000000000e+03
7.982000000000000000e+03
7.988000000000000000e+03
8.128000000000000000e+03
7.898000000000000000e+03
7.975000000000000000e+03
8.051000000000000000e+03
7.976000000000000000e+03
8.039000000000000000e+03
8.051000000000000000e+03
8.025000000000000000e+03
8.086000000000000000e+03
8.072000000000000000e+03
8.121000000000000000e+03
8.093000000000000000e+03
8.161000000000000000e+03
8.175000000000000000e+03
8.140000000000000000e+03
8.157000000000000000e+03
8.157000000000000000e+03
8.338000000000000000e+03
8.270000000000000000e+03
8.251000000000000000e+03
8.486000000000000000e+03
8.325000000000000000e+03
8.343000000000000000e+03
8.252000000000000000e+03
8.277000000000000000e+03
8.335000000000000000e+03
8.466000000000000000e+03
8.470000000000000000e+03
8.340000000000000000e+03
8.542000000000000000e+03
8.565000000000000000e+03
8.507000000000000000e+03
8.487000000000000000e+03
8.583000000000000000e+03
8.643000000000000000e+03
8.638000000000000000e+03
8.730000000000000000e+03
8.650000000000000000e+03
8.733000000000000000e+03
8.726000000000000000e+03
8.955000000000000000e+03
8.928000000000000000e+03
8.964000000000000000e+03
8.969000000000000000e+03
8.899000000000000000e+03
8.998000000000000000e+03
9.132000000000000000e+03
9.080000000000000000e+03
9.150000000000000000e+03
9.081000000000000000e+03
9.099000000000000000e+03
9.120000000000000000e+03
9.059000000000000000e+03
9.311000000000000000e+03
9.310000000000000000e+03
9.478000000000000000e+03
9.408000000000000000e+03
9.345000000000000000e+03
9.481000000000000000e+03
9.427000000000000000e+03
9.543000000000000000e+03
9.763000000000000000e+03
9.541000000000000000e+03
9.698000000000000000e+03
9.705000000000000000e+03
9.754000000000000000e+03
9.802000000000000000e+03
9.749000000000000000e+03
9.723000000000000000e+03
9.857000000000000000e+03
9.919000000000000000e+03
9.911000000000000000e+03
9.957000000000000000e+03
9.925000000000000000e+03
9.974000000000000000e+03
1.005800000000000000e+04
1.012100000000000000e+04
1.009700000000000000e+04
1.024100000000000000e+04
1.016300000000000000e+04
1.029500000000000000e+04
1.022900000000000000e+04
1.031000000000000000e+04
1.039000000000000000e+04
1.035400000000000000e+04
1.022100000000000000e+04
1.044900000000000000e+04
1.041500000000000000e+04
1.051100000000000000e+04
1.049200000000000000e+04
1.044100000000000000e+04
1.050500000000000000e+04
1.059300000000000000e+04
1.062600000000000000e+04
1.064800000000000000e+04
1.072200000000000000e+04
1.065300000000000000e+04
1.075300000000000000e+04
1.066700000000000000e+04
1.071900000000000000e+04
1.082700000000000000e+04
1.090200000000000000e+04
1.081400000000000000e+04
1.086600000000000000e+04
1.081300000000000000e+04
1.078500000000000000e+04
1.085900000000000000e+04
1.064300000000000000e+04
1.089900000000000000e+04
1.081700000000000000e+04
1.091400000000000000e+04
1.081000000000000000e+04
1.087800000000000000e+04
1.093700000000000000e+04
1.102200000000000000e+04
1.078700000000000000e+04
1.098000000000000000e+04
1.107900000000000000e+04
1.095300000000000000e+04
1.112800000000000000e+04
1.106900000000000000e+04
1.108800000000000000e+04
1.127300000000000000e+04
1.109000000000000000e+04
1.119900000000000000e+04
1.152200000000000000e+04
1.120800000000000000e+04
1.117300000000000000e+04
1.132400000000000000e+04
1.113700000000000000e+04
1.114000000000000000e+04
1.119900000000000000e+04
1.113400000000000000e+04
1.130300000000000000e+04
1.132600000000000000e+04
1.130800000000000000e+04
1.131700000000000000e+04
1.130000000000000000e+04
1.136500000000000000e+04
1.117100000000000000e+04
1.132700000000000000e+04
1.121700000000000000e+04
1.123600000000000000e+04
1.123800000000000000e+04
1.127700000000000000e+04
1.136100000000000000e+04
1.115000000000000000e+04
1.139600000000000000e+04
1.125500000000000000e+04
1.134500000000000000e+04
1.131000000000000000e+04
1.133500000000000000e+04
1.130400000000000000e+04
1.136200000000000000e+04
1.137800000000000000e+04
1.130800000000000000e+04
1.124100000000000000e+04
1.137200000000000000e+04
1.125100000000000000e+04
1.135100000000000000e+04
1.133600000000000000e+04
1.137000000000000000e+04
1.128700000000000000e+04
1.144100000000000000e+04
1.136500000000000000e+04
1.124000000000000000e+04
1.149200000000000000e+04
1.146900000000000000e+04
1.145400000000000000e+04
1.157700000000000000e+04
1.141200000000000000e+04
1.124000000000000000e+04
1.132900000000000000e+04
1.137100000000000000e+04
1.131700000000000000e+04
1.142700000000000000e+04
1.139200000000000000e+04
1.145300000000000000e+04
1.131700000000000000e+04
1.147800000000000000e+04
1.146900000000000000e+04
1.136400000000000000e+04
1.155400000000000000e+04
1.145800000000000000e+04
1.154300000000000000e+04
1.157400000000000000e+04
1.159200000000000000e+04
1.153600000000000000e+04
1.165100000000000000e+04
1.155700000000000000e+04
1.171200000000000000e+04
1.168300000000000000e+04
1.178000000000000000e+04
1.177800000000000000e+04
1.173000000000000000e+04
1.178800000000000000e+04
1.189000000000000000e+04
1.201500000000000000e+04
1.187100000000000000e+04
1.195500000000000000e+04
1.181600000000000000e+04
1.200300000000000000e+04
1.198200000000000000e+04
1.186500000000000000e+04
1.195300000000000000e+04
1.216700000000000000e+04
1.205700000000000000e+04
1.202700000000000000e+04
1.200500000000000000e+04
1.210200000000000000e+04
1.204900000000000000e+04
1.204100000000000000e+04
1.218600000000000000e+04
1.212600000000000000e+04
1.220800000000000000e+04
1.218600000000000000e+04
1.222500000000000000e+04
1.207200000000000000e+04
1.223200000000000000e+04
1.219100000000000000e+04
1.224400000000000000e+04
1.228600000000000000e+04
1.215600000000000000e+04
1.231900000000000000e+04
1.214900000000000000e+04
1.228000000000000000e+04
1.229600000000000000e+04
1.238300000000000000e+04
1.231700000000000000e+04
1.230900000000000000e+04
1.239600000000000000e+04
1.241600000000000000e+04
1.261000000000000000e+04
1.246500000000000000e+04
1.239800000000000000e+04
1.250300000000000000e+04
1.241200000000000000e+04
1.255600000000000000e+04
1.254500000000000000e+04
1.264400000000000000e+04
1.271400000000000000e+04
1.280800000000000000e+04
1.278400000000000000e+04
1.269000000000000000e+04
1.275100000000000000e+04
1.285600000000000000e+04
1.304000000000000000e+04
1.297100000000000000e+04
1.290300000000000000e+04
1.293300000000000000e+04
1.300300000000000000e+04
1.305900000000000000e+04
1.285400000000000000e+04
1.305800000000000000e+04
1.277800000000000000e+04
1.289400000000000000e+04
1.277800000000000000e+04
1.266800000000000000e+04
1.284300000000000000e+04
1.302800000000000000e+04
1.286700000000000000e+04
1.300700000000000000e+04
1.271600000000000000e+04
1.291800000000000000e+04
1.291100000000000000e+04
1.293800000000000000e+04
1.272200000000000000e+04
1.285100000000000000e+04
1.289200000000000000e+04
1.267300000000000000e+04
1.267500000000000000e+04
1.269200000000000000e+04
1.284200000000000000e+04
1.273600000000000000e+04
1.267700000000000000e+04
1.277300000000000000e+04
1.245500000000000000e+04
1.244700000000000000e+04
1.236300000000000000e+04
1.238100000000000000e+04
1.222900000000000000e+04
1.233300000000000000e+04
1.219300000000000000e+04
1.227400000000000000e+04
1.233300000000000000e+04
1.222200000000000000e+04
1.215300000000000000e+04
1.244500000000000000e+04
1.226400000000000000e+04
1.232200000000000000e+04
1.216700000000000000e+04
1.229000000000000000e+04
1.231700000000000000e+04
1.211900000000000000e+04
1.203500000000000000e+04
1.213400000000000000e+04
1.201900000000000000e+04
1.209700000000000000e+04
1.200200000000000000e+04
1.195400000000000000e+04
1.190400000000000000e+04
1.186500000000000000e+04
1.187300000000000000e+04
1.182700000000000000e+04
1.208000000000000000e+04
1.181200000000000000e+04
1.169000000000000000e+04
1.158100000000000000e+04
1.152200000000000000e+04
1.131500000000000000e+04
1.123900000000000000e+04
1.116300000000000000e+04
1.132200000000000000e+04
1.108300000000000000e+04
1.126100000000000000e+04
1.104500000000000000e+04
1.102900000000000000e+04
1.098400000000000000e+04
1.097000000000000000e+04
1.082200000000000000e+04
1.079800000000000000e+04
1.074100000000000000e+04
1.065900000000000000e+04
1.075200000000000000e+04
1.076300000000000000e+04
1.073100000000000000e+04
1.052500000000000000e+04
1.061400000000000000e+04
1.062400000000000000e+04
1.052500000000000000e+04
1.053400000000000000e+04
1.055000000000000000e+04
1.042800000000000000e+04
1.047600000000000000e+04
1.040100000000000000e+04
1.043900000000000000e+04
1.051100000000000000e+04
1.058300000000000000e+04
1.066000000000000000e+04
1.038200000000000000e+04
1.050600000000000000e+04
1.052900000000000000e+04
1.047400000000000000e+04
1.040800000000000000e+04
1.055900000000000000e+04
1.052400000000000000e+04
1.046500000000000000e+04
1.191200000000000000e+04
1.038800000000000000e+04
1.049000000000000000e+04
1.037500000000000000e+04
1.034500000000000000e+04
1.050000000000000000e+04
1.033900000000000000e+04
1.026000000000000000e+04
1.017400000000000000e+04
1.028500000000000000e+04
1.042800000000000000e+04
1.015000000000000000e+04
1.021200000000000000e+04
1.028700000000000000e+04
1.022500000000000000e+04
1.007900000000000000e+04
9.879000000000000000e+03
1.001500000000000000e+04
9.985000000000000000e+03
9.798000000000000000e+03
9.789000000000000000e+03
9.721000000000000000e+03
9.637000000000000000e+03
9.557000000000000000e+03
9.436000000000000000e+03
9.589000000000000000e+03
9.593000000000000000e+03
9.706000000000000000e+03
1.019000000000000000e+04
1.112000000000000000e+04
1.033000000000000000e+04
9.945000000000000000e+03
9.984000000000000000e+03
9.852000000000000000e+03
9.820000000000000000e+03
9.836000000000000000e+03
9.862000000000000000e+03
9.868000000000000000e+03
1.008300000000000000e+04
9.991000000000000000e+03
9.943000000000000000e+03
1.029200000000000000e+04
