3.613000000000000000e+03
3.601000000000000000e+03
3.587000000000000000e+03
3.653000000000000000e+03
3.630000000000000000e+03
3.670000000000000000e+03
3.597000000000000000e+03
3.650000000000000000e+03
3.586000000000000000e+03
3.548000000000000000e+03
3.568000000000000000e+03
3.633000000000000000e+03
3.532000000000000000e+03
3.608000000000000000e+03
3.591000000000000000e+03
3.679000000000000000e+03
3.570000000000000000e+03
3.631000000000000000e+03
3.655000000000000000e+03
3.670000000000000000e+03
3.662000000000000000e+03
3.644000000000000000e+03
3.678000000000000000e+03
3.649000000000000000e+03
3.847000000000000000e+03
3.663000000000000000e+03
3.596000000000000000e+03
3.608000000000000000e+03
3.666000000000000000e+03
3.654000000000000000e+03
3.678000000000000000e+03
3.751000000000000000e+03
3.744000000000000000e+03
3.700000000000000000e+03
3.707000000000000000e+03
3.656000000000000000e+03
3.673000000000000000e+03
3.583000000000000000e+03
3.640000000000000000e+03
3.690000000000000000e+03
3.752000000000000000e+03
3.710000000000000000e+03
3.765000000000000000e+03
3.679000000000000000e+03
3.688000000000000000e+03
3.703000000000000000e+03
3.735000000000000000e+03
3.718000000000000000e+03
3.758000000000000000e+03
3.716000000000000000e+03
3.737000000000000000e+03
3.774000000000000000e+03
3.736000000000000000e+03
3.795000000000000000e+03
3.816000000000000000e+03
3.766000000000000000e+03
3.752000000000000000e+03
3.780000000000000000e+03
3.814000000000000000e+03
3.747000000000000000e+03
3.844000000000000000e+03
3.851000000000000000e+03
3.908000000000000000e+03
3.848000000000000000e+03
3.921000000000000000e+03
3.896000000000000000e+03
3.918000000000000000e+03
3.876000000000000000e+03
3.891000000000000000e+03
3.878000000000000000e+03
3.943000000000000000e+03
3.952000000000000000e+03
3.904000000000000000e+03
3.917000000000000000e+03
3.940000000000000000e+03
4.121000000000000000e+03
3.995000000000000000e+03
3.896000000000000000e+03
3.946000000000000000e+03
3.955000000000000000e+03
3.946000000000000000e+03
4.014000000000000000e+03
4.023000000000000000e+03
3.988000000000000000e+03
3.937000000000000000e+03
4.027000000000000000e+03
4.015000000000000000e+03
3.993000000000000000e+03
4.027000000000000000e+03
4.046000000000000000e+03
3.941000000000000000e+03
4.053000000000000000e+03
4.094000000000000000e+03
4.022000000000000000e+03
4.087000000000000000e+03
4.049000000000000000e+03
4.118000000000000000e+03
4.095000000000000000e+03
4.104000000000000000e+03
4.098000000000000000e+03
4.102000000000000000e+03
4.175000000000000000e+03
4.114000000000000000e+03
4.160000000000000000e+03
4.180000000000000000e+03
4.220000000000000000e+03
4.206000000000000000e+03
4.243000000000000000e+03
4.252000000000000000e+03
4.143000000000000000e+03
4.264000000000000000e+03
4.147000000000000000e+03
4.134000000000000000e+03
4.307000000000000000e+03
4.257000000000000000e+03
4.243000000000000000e+03
4.354000000000000000e+03
4.263000000000000000e+03
4.277000000000000000e+03
4.241000000000000000e+03
4.318000000000000000e+03
4.231000000000000000e+03
4.270000000000000000e+03
4.286000000000000000e+03
4.345000000000000000e+03
4.396000000000000000e+03
4.329000000000000000e+03
4.399000000000000000e+03
4.476000000000000000e+03
4.457000000000000000e+03
4.387000000000000000e+03
4.430000000000000000e+03
4.418000000000000000e+03
4.407000000000000000e+03
4.485000000000000000e+03
4.458000000000000000e+03
4.492000000000000000e+03
4.499000000000000000e+03
4.497000000000000000e+03
4.521000000000000000e+03
4.496000000000000000e+03
4.515000000000000000e+03
4.570000000000000000e+03
4.521000000000000000e+03
4.630000000000000000e+03
4.628000000000000000e+03
4.590000000000000000e+03
4.656000000000000000e+03
4.654000000000000000e+03
4.611000000000000000e+03
4.624000000000000000e+03
4.671000000000000000e+03
4.728000000000000000e+03
4.700000000000000000e+03
4.722000000000000000e+03
4.707000000000000000e+03
4.694000000000000000e+03
4.732000000000000000e+03
4.776000000000000000e+03
4.751000000000000000e+03
4.830000000000000000e+03
4.784000000000000000e+03
4.824000000000000000e+03
4.843000000000000000e+03
4.813000000000000000e+03
4.892000000000000000e+03
4.792000000000000000e+03
4.855000000000000000e+03
4.889000000000000000e+03
4.866000000000000000e+03
4.911000000000000000e+03
4.895000000000000000e+03
4.882000000000000000e+03
4.977000000000000000e+03
4.864000000000000000e+03
4.934000000000000000e+03
4.918000000000000000e+03
4.976000000000000000e+03
4.966000000000000000e+03
5.104000000000000000e+03
5.027000000000000000e+03
5.024000000000000000e+03
5.116000000000000000e+03
5.103000000000000000e+03
5.127000000000000000e+03
5.058000000000000000e+03
5.131000000000000000e+03
5.075000000000000000e+03
5.125000000000000000e+03
5.070000000000000000e+03
5.139000000000000000e+03
5.185000000000000000e+03
5.253000000000000000e+03
5.190000000000000000e+03
5.151000000000000000e+03
5.246000000000000000e+03
5.257000000000000000e+03
5.281000000000000000e+03
5.303000000000000000e+03
5.357000000000000000e+03
5.415000000000000000e+03
5.249000000000000000e+03
5.353000000000000000e+03
5.341000000000000000e+03
5.357000000000000000e+03
5.414000000000000000e+03
5.381000000000000000e+03
5.405000000000000000e+03
5.377000000000000000e+03
5.450000000000000000e+03
5.403000000000000000e+03
5.506000000000000000e+03
5.521000000000000000e+03
5.478000000000000000e+03
5.460000000000000000e+03
5.554000000000000000e+03
5.515000000000000000e+03
5.609000000000000000e+03
5.524000000000000000e+03
5.572000000000000000e+03
5.587000000000000000e+03
5.589000000000000000e+03
5.641000000000000000e+03
5.712000000000000000e+03
5.676000000000000000e+03
5.750000000000000000e+03
5.649000000000000000e+03
5.905000000000000000e+03
5.775000000000000000e+03
5.700000000000000000e+03
5.703000000000000000e+03
5.818000000000000000e+03
5.829000000000000000e+03
5.790000000000000000e+03
5.816000000000000000e+03
5.842000000000000000e+03
5.880000000000000000e+03
5.833000000000000000e+03
5.868000000000000000e+03
5.780000000000000000e+03
5.771000000000000000e+03
5.951000000000000000e+03
5.913000000000000000e+03
6.003000000000000000e+03
6.007000000000000000e+03
5.982000000000000000e+03
5.990000000000000000e+03
5.994000000000000000e+03
6.050000000000000000e+03
5.966000000000000000e+03
6.052000000000000000e+03
6.055000000000000000e+03
6.031000000000000000e+03
6.107000000000000000e+03
5.987000000000000000e+03
6.080000000000000000e+03
6.121000000000000000e+03
6.086000000000000000e+03
6.058000000000000000e+03
6.149000000000000000e+03
6.056000000000000000e+03
6.090000000000000000e+03
6.128000000000000000e+03
6.200000000000000000e+03
6.178000000000000000e+03
6.187000000000000000e+03
6.087000000000000000e+03
6.211000000000000000e+03
6.136000000000000000e+03
6.320000000000000000e+03
6.353000000000000000e+03
6.218000000000000000e+03
6.314000000000000000e+03
6.307000000000000000e+03
6.276000000000000000e+03
6.310000000000000000e+03
6.208000000000000000e+03
6.219000000000000000e+03
6.305000000000000000e+03
6.371000000000000000e+03
6.387000000000000000e+03
6.388000000000000000e+03
6.373000000000000000e+03
6.261000000000000000e+03
6.405000000000000000e+03
6.329000000000000000e+03
6.575000000000000000e+03
6.441000000000000000e+03
6.425000000000000000e+03
6.453000000000000000e+03
6.438000000000000000e+03
6.470000000000000000e+03
6.378000000000000000e+03
6.434000000000000000e+03
6.486000000000000000e+03
6.499000000000000000e+03
6.540000000000000000e+03
6.484000000000000000e+03
6.540000000000000000e+03
6.580000000000000000e+03
6.602000000000000000e+03
6.652000000000000000e+03
6.667000000000000000e+03
6.627000000000000000e+03
6.711000000000000000e+03
6.764000000000000000e+03
6.731000000000000000e+03
6.722000000000000000e+03
6.785000000000000000e+03
6.830000000000000000e+03
6.827000000000000000e+03
6.842000000000000000e+03
6.827000000000000000e+03
6.774000000000000000e+03
6.911000000000000000e+03
6.937000000000000000e+03
6.960000000000000000e+03
6.965000000000000000e+03
6.931000000000000000e+03
7.022000000000000000e+03
6.970000000000000000e+03
6.991000000000000000e+03
7.122000000000000000e+03
7.038000000000000000e+03
7.047000000000000000e+03
7.080000000000000000e+03
7.418000000000000000e+03
7.220000000000000000e+03
7.191000000000000000e+03
7.225000000000000000e+03
7.320000000000000000e+03
7.240000000000000000e+03
7.363000000000000000e+03
7.329000000000000000e+03
7.278000000000000000e+03
7.324000000000000000e+03
7.383000000000000000e+03
7.449000000000000000e+03
7.418000000000000000e+03
7.480000000000000000e+03
7.508000000000000000e+03
7.570000000000000000e+03
7.585000000000000000e+03
7.415000000000000000e+03
7.552000000000000000e+03
7.695000000000000000e+03
7.584000000000000000e+03
7.742000000000000000e+03
7.685000000000000000e+03
7.767000000000000000e+03
7.722000000000000000e+03
7.763000000000000000e+03
7.651000000000000000e+03
7.889000000000000000e+03
7.834000000000000000e+03
7.851000000000000000e+03
7.853000000000000000e+03
7.905000000000000000e+03
7.858000000000000000e+03
7.967000000000000000e+03
7.997000000000000000e+03
7.933000000000000000e+03
7.946000000000000000e+03
8.111000000000000000e+03
8.009000000000000000e+03
8.098000000000000000e+03
8.053000000000000000e+03
8.140000000000000000e+03
8.073000000000000000e+03
8.097000000000000000e+03
8.143000000000000000e+03
8.161000000000000000e+03
8.227000000000000000e+03
8.194000000000000000e+03
8.214000000000000000e+03
8.317000000000000000e+03
8.261000000000000000e+03
8.205000000000000000e+03
8.372000000000000000e+03
8.331000000000000000e+03
8.342000000000000000e+03
8.277000000000000000e+03
8.382000000000000000e+03
8.276000000000000000e+03
8.454000000000000000e+03
8.443000000000000000e+03
8.373000000000000000e+03
8.412000000000000000e+03
8.532000000000000000e+03
8.616000000000000000e+03
8.458000000000000000e+03
8.521000000000000000e+03
8.616000000000000000e+03
8.539000000000000000e+03
8.588000000000000000e+03
8.575000000000000000e+03
8.550000000000000000e+03
8.687000000000000000e+03
8.605000000000000000e+03
8.656000000000000000e+03
8.678000000000000000e+03
8.640000000000000000e+03
8.781000000000000000e+03
8.778000000000000000e+03
8.871000000000000000e+03
8.867000000000000000e+03
8.787000000000000000e+03
8.881000000000000000e+03
8.919000000000000000e+03
8.813000000000000000e+03
9.014000000000000000e+03
9.050000000000000000e+03
9.017000000000000000e+03
8.970000000000000000e+03
9.286000000000000000e+03
9.063000000000000000e+03
9.215000000000000000e+03
9.126000000000000000e+03
9.272000000000000000e+03
9.295000000000000000e+03
9.325000000000000000e+03
9.278000000000000000e+03
9.376000000000000000e+03
9.432000000000000000e+03
9.430000000000000000e+03
9.542000000000000000e+03
9.520000000000000000e+03
9.667000000000000000e+03
9.588000000000000000e+03
9.571000000000000000e+03
9.580000000000000000e+03
9.799000000000000000e+03
9.702000000000000000e+03
9.851000000000000000e+03
9.802000000000000000e+03
9.800000000000000000e+03
9.749000000000000000e+03
9.979000000000000000e+03
9.998000000000000000e+03
1.002300000000000000e+04
1.008400000000000000e+04
1.002100000000000000e+04
1.012500000000000000e+04
1.006000000000000000e+04
1.026600000000000000e+04
1.015600000000000000e+04
1.023800000000000000e+04
1.027000000000000000e+04
1.034000000000000000e+04
1.034400000000000000e+04
1.033600000000000000e+04
1.040400000000000000e+04
1.046700000000000000e+04
1.046800000000000000e+04
1.047100000000000000e+04
1.066700000000000000e+04
1.059900000000000000e+04
1.071700000000000000e+04
1.064800000000000000e+04
1.065300000000000000e+04
1.067700000000000000e+04
1.087300000000000000e+04
1.074600000000000000e+04
1.098300000000000000e+04
1.088600000000000000e+04
1.095400000000000000e+04
1.088200000000000000e+04
1.097500000000000000e+04
1.094200000000000000e+04
1.100000000000000000e+04
1.101500000000000000e+04
1.098800000000000000e+04
1.120200000000000000e+04
1.098700000000000000e+04
1.110400000000000000e+04
1.119400000000000000e+04
1.108300000000000000e+04
1.103500000000000000e+04
1.113000000000000000e+04
1.113600000000000000e+04
1.128800000000000000e+04
1.114100000000000000e+04
1.122500000000000000e+04
1.128000000000000000e+04
1.120000000000000000e+04
1.124000000000000000e+04
1.125300000000000000e+04
1.123800000000000000e+04
1.133100000000000000e+04
1.135100000000000000e+04
1.130800000000000000e+04
1.144900000000000000e+04
1.142400000000000000e+04
1.149000000000000000e+04
1.135300000000000000e+04
1.145100000000000000e+04
1.148600000000000000e+04
1.170300000000000000e+04
1.152000000000000000e+04
1.173000000000000000e+04
1.150500000000000000e+04
1.167500000000000000e+04
1.156900000000000000e+04
1.168300000000000000e+04
1.173500000000000000e+04
1.168900000000000000e+04
1.157800000000000000e+04
1.161400000000000000e+04
1.166500000000000000e+04
1.163800000000000000e+04
1.169000000000000000e+04
1.166800000000000000e+04
1.178000000000000000e+04
1.160100000000000000e+04
1.180700000000000000e+04
1.165200000000000000e+04
1.172800000000000000e+04
1.164300000000000000e+04
1.171800000000000000e+04
1.160100000000000000e+04
1.184000000000000000e+04
1.173600000000000000e+04
1.188600000000000000e+04
1.176800000000000000e+04
1.174200000000000000e+04
1.177900000000000000e+04
1.161900000000000000e+04
1.177500000000000000e+04
1.178000000000000000e+04
1.170800000000000000e+04
1.163800000000000000e+04
1.181400000000000000e+04
1.175400000000000000e+04
1.179100000000000000e+04
1.177200000000000000e+04
1.196400000000000000e+04
1.173900000000000000e+04
1.181600000000000000e+04
1.183700000000000000e+04
1.183200000000000000e+04
1.177200000000000000e+04
1.157700000000000000e+04
1.172700000000000000e+04
1.196200000000000000e+04
1.188400000000000000e+04
1.187100000000000000e+04
1.170200000000000000e+04
1.199400000000000000e+04
1.175500000000000000e+04
1.188000000000000000e+04
1.187700000000000000e+04
1.200800000000000000e+04
1.174700000000000000e+04
1.196500000000000000e+04
1.181200000000000000e+04
1.195700000000000000e+04
1.202300000000000000e+04
1.182200000000000000e+04
1.195000000000000000e+04
1.200700000000000000e+04
1.201400000000000000e+04
1.183700000000000000e+04
1.193900000000000000e+04
1.197900000000000000e+04
1.213700000000000000e+04
1.229100000000000000e+04
1.203000000000000000e+04
1.204200000000000000e+04
1.198500000000000000e+04
1.217000000000000000e+04
1.218100000000000000e+04
1.206300000000000000e+04
1.211200000000000000e+04
1.227800000000000000e+04
1.231500000000000000e+04
1.230500000000000000e+04
1.215400000000000000e+04
1.239200000000000000e+04
1.227200000000000000e+04
1.229000000000000000e+04
1.234900000000000000e+04
1.224300000000000000e+04
1.232400000000000000e+04
1.243100000000000000e+04
1.240400000000000000e+04
1.238200000000000000e+04
1.249000000000000000e+04
1.230300000000000000e+04
1.247700000000000000e+04
1.241100000000000000e+04
1.266000000000000000e+04
1.256700000000000000e+04
1.256900000000000000e+04
1.282100000000000000e+04
1.264100000000000000e+04
1.273600000000000000e+04
1.281400000000000000e+04
1.280900000000000000e+04
1.271400000000000000e+04
1.280500000000000000e+04
1.281200000000000000e+04
1.296000000000000000e+04
1.291300000000000000e+04
1.288000000000000000e+04
1.283800000000000000e+04
1.291600000000000000e+04
1.291100000000000000e+04
1.288200000000000000e+04
1.313900000000000000e+04
1.298700000000000000e+04
1.304800000000000000e+04
1.306100000000000000e+04
1.300000000000000000e+04
1.302500000000000000e+04
1.321000000000000000e+04
1.317200000000000000e+04
1.321000000000000000e+04
1.337500000000000000e+04
1.317300000000000000e+04
1.323100000000000000e+04
1.323900000000000000e+04
1.326300000000000000e+04
1.324600000000000000e+04
1.318500000000000000e+04
1.305400000000000000e+04
1.315000000000000000e+04
1.316100000000000000e+04
1.325900000000000000e+04
1.310200000000000000e+04
1.326300000000000000e+04
1.327500000000000000e+04
1.315700000000000000e+04
1.316100000000000000e+04
1.310000000000000000e+04
1.329400000000000000e+04
1.341700000000000000e+04
1.320100000000000000e+04
1.345400000000000000e+04
1.330400000000000000e+04
1.332300000000000000e+04
1.321800000000000000e+04
1.308200000000000000e+04
1.318800000000000000e+04
1.307100000000000000e+04
1.299300000000000000e+04
1.301100000000000000e+04
1.284800000000000000e+04
1.303500000000000000e+04
1.316200000000000000e+04
1.293000000000000000e+04
1.306100000000000000e+04
1.295900000000000000e+04
1.299300000000000000e+04
1.302700000000000000e+04
1.290000000000000000e+04
1.301800000000000000e+04
1.287000000000000000e+04
1.298900000000000000e+04
1.287800000000000000e+04
1.289600000000000000e+04
1.285200000000000000e+04
1.270300000000000000e+04
1.269000000000000000e+04
1.255200000000000000e+04
1.266800000000000000e+04
1.251200000000000000e+04
1.240200000000000000e+04
1.246000000000000000e+04
1.239100000000000000e+04
1.228300000000000000e+04
1.235900000000000000e+04
1.215900000000000000e+04
1.186800000000000000e+04
1.176500000000000000e+04
1.164900000000000000e+04
1.156900000000000000e+04
1.171000000000000000e+04
1.166400000000000000e+04
1.167400000000000000e+04
1.175400000000000000e+04
1.183400000000000000e+04
1.196000000000000000e+04
1.185900000000000000e+04
1.194000000000000000e+04
1.182800000000000000e+04
1.212700000000000000e+04
1.204300000000000000e+04
1.202200000000000000e+04
1.195100000000000000e+04
1.201100000000000000e+04
1.195800000000000000e+04
1.200900000000000000e+04
1.201900000000000000e+04
1.191300000000000000e+04
1.188600000000000000e+04
1.180400000000000000e+04
1.177800000000000000e+04
1.180600000000000000e+04
1.156900000000000000e+04
1.152300000000000000e+04
1.157900000000000000e+04
1.166700000000000000e+04
1.160700000000000000e+04
1.152900000000000000e+04
1.140500000000000000e+04
1.137300000000000000e+04
1.134500000000000000e+04
1.131000000000000000e+04
1.129300000000000000e+04
1.118900000000000000e+04
1.119700000000000000e+04
1.111000000000000000e+04
1.123500000000000000e+04
1.112600000000000000e+04
1.132500000000000000e+04
1.132100000000000000e+04
1.125500000000000000e+04
1.116200000000000000e+04
1.114800000000000000e+04
1.116900000000000000e+04
1.109000000000000000e+04
1.111800000000000000e+04
1.109900000000000000e+04
1.115500000000000000e+04
1.115700000000000000e+04
1.102400000000000000e+04
1.096000000000000000e+04
1.088600000000000000e+04
1.100100000000000000e+04
1.078100000000000000e+04
1.073900000000000000e+04
1.083600000000000000e+04
1.083500000000000000e+04
1.090600000000000000e+04
1.090500000000000000e+04
1.081000000000000000e+04
1.078000000000000000e+04
1.052200000000000000e+04
1.037200000000000000e+04
1.037700000000000000e+04
1.033900000000000000e+04
1.035500000000000000e+04
1.041900000000000000e+04
1.023100000000000000e+04
1.017000000000000000e+04
1.014500000000000000e+04
1.033300000000000000e+04
1.024900000000000000e+04
1.013800000000000000e+04
1.019200000000000000e+04
1.018900000000000000e+04
1.031000000000000000e+04
1.021800000000000000e+04
1.028400000000000000e+04
1.017500000000000000e+04
1.043700000000000000e+04
1.027200000000000000e+04
1.044400000000000000e+04
1.046700000000000000e+04
1.068500000000000000e+04
1.060600000000000000e+04
1.053500000000000000e+04
1.054700000000000000e+04
1.041400000000000000e+04
1.018200000000000000e+04
