3.812000000000000000e+03
3.892000000000000000e+03
3.875000000000000000e+03
3.770000000000000000e+03
3.765000000000000000e+03
3.859000000000000000e+03
3.788000000000000000e+03
3.922000000000000000e+03
3.828000000000000000e+03
3.782000000000000000e+03
3.817000000000000000e+03
3.835000000000000000e+03
3.856000000000000000e+03
3.735000000000000000e+03
3.815000000000000000e+03
3.798000000000000000e+03
3.825000000000000000e+03
3.780000000000000000e+03
3.890000000000000000e+03
3.830000000000000000e+03
3.872000000000000000e+03
3.866000000000000000e+03
3.796000000000000000e+03
3.875000000000000000e+03
3.907000000000000000e+03
3.788000000000000000e+03
3.911000000000000000e+03
3.936000000000000000e+03
3.850000000000000000e+03
3.842000000000000000e+03
3.835000000000000000e+03
3.898000000000000000e+03
3.872000000000000000e+03
3.895000000000000000e+03
3.908000000000000000e+03
3.969000000000000000e+03
3.876000000000000000e+03
3.964000000000000000e+03
3.910000000000000000e+03
3.875000000000000000e+03
3.926000000000000000e+03
3.883000000000000000e+03
3.935000000000000000e+03
3.880000000000000000e+03
3.893000000000000000e+03
3.967000000000000000e+03
3.942000000000000000e+03
3.981000000000000000e+03
4.016000000000000000e+03
3.961000000000000000e+03
3.977000000000000000e+03
3.963000000000000000e+03
4.013000000000000000e+03
3.979000000000000000e+03
3.873000000000000000e+03
4.054000000000000000e+03
4.065000000000000000e+03
4.097000000000000000e+03
4.057000000000000000e+03
4.265000000000000000e+03
4.048000000000000000e+03
4.001000000000000000e+03
4.033000000000000000e+03
4.318000000000000000e+03
4.094000000000000000e+03
4.059000000000000000e+03
4.077000000000000000e+03
4.149000000000000000e+03
4.091000000000000000e+03
4.092000000000000000e+03
4.022000000000000000e+03
4.145000000000000000e+03
4.101000000000000000e+03
4.070000000000000000e+03
4.180000000000000000e+03
4.164000000000000000e+03
4.225000000000000000e+03
4.209000000000000000e+03
4.183000000000000000e+03
4.200000000000000000e+03
4.263000000000000000e+03
4.254000000000000000e+03
4.145000000000000000e+03
4.238000000000000000e+03
4.203000000000000000e+03
4.273000000000000000e+03
4.303000000000000000e+03
4.318000000000000000e+03
4.319000000000000000e+03
4.313000000000000000e+03
4.353000000000000000e+03
4.314000000000000000e+03
4.212000000000000000e+03
4.326000000000000000e+03
4.338000000000000000e+03
4.322000000000000000e+03
4.383000000000000000e+03
4.371000000000000000e+03
4.360000000000000000e+03
4.379000000000000000e+03
4.439000000000000000e+03
4.321000000000000000e+03
4.374000000000000000e+03
4.432000000000000000e+03
4.409000000000000000e+03
4.433000000000000000e+03
4.454000000000000000e+03
4.416000000000000000e+03
4.495000000000000000e+03
4.461000000000000000e+03
4.653000000000000000e+03
4.500000000000000000e+03
4.419000000000000000e+03
4.506000000000000000e+03
4.521000000000000000e+03
4.434000000000000000e+03
4.540000000000000000e+03
4.557000000000000000e+03
4.556000000000000000e+03
4.494000000000000000e+03
4.583000000000000000e+03
4.579000000000000000e+03
4.597000000000000000e+03
4.619000000000000000e+03
4.672000000000000000e+03
4.634000000000000000e+03
4.542000000000000000e+03
4.650000000000000000e+03
4.698000000000000000e+03
4.635000000000000000e+03
4.699000000000000000e+03
4.712000000000000000e+03
4.699000000000000000e+03
4.736000000000000000e+03
4.617000000000000000e+03
4.694000000000000000e+03
4.688000000000000000e+03
4.862000000000000000e+03
4.876000000000000000e+03
4.737000000000000000e+03
5.084000000000000000e+03
4.828000000000000000e+03
4.812000000000000000e+03
4.872000000000000000e+03
4.830000000000000000e+03
4.891000000000000000e+03
4.939000000000000000e+03
4.903000000000000000e+03
4.900000000000000000e+03
4.999000000000000000e+03
4.937000000000000000e+03
4.950000000000000000e+03
4.969000000000000000e+03
4.987000000000000000e+03
4.993000000000000000e+03
5.022000000000000000e+03
5.067000000000000000e+03
5.038000000000000000e+03
5.130000000000000000e+03
5.038000000000000000e+03
5.056000000000000000e+03
5.106000000000000000e+03
4.952000000000000000e+03
5.084000000000000000e+03
5.111000000000000000e+03
5.128000000000000000e+03
5.128000000000000000e+03
5.227000000000000000e+03
5.184000000000000000e+03
5.190000000000000000e+03
5.236000000000000000e+03
5.215000000000000000e+03
5.257000000000000000e+03
5.116000000000000000e+03
5.196000000000000000e+03
5.280000000000000000e+03
5.298000000000000000e+03
5.345000000000000000e+03
5.283000000000000000e+03
5.359000000000000000e+03
5.547000000000000000e+03
5.352000000000000000e+03
5.357000000000000000e+03
5.473000000000000000e+03
5.458000000000000000e+03
5.413000000000000000e+03
5.471000000000000000e+03
5.426000000000000000e+03
5.477000000000000000e+03
5.472000000000000000e+03
5.522000000000000000e+03
5.525000000000000000e+03
5.567000000000000000e+03
5.558000000000000000e+03
5.623000000000000000e+03
5.523000000000000000e+03
5.585000000000000000e+03
5.542000000000000000e+03
5.547000000000000000e+03
5.637000000000000000e+03
5.702000000000000000e+03
5.677000000000000000e+03
5.732000000000000000e+03
5.805000000000000000e+03
5.654000000000000000e+03
5.739000000000000000e+03
5.813000000000000000e+03
5.727000000000000000e+03
5.858000000000000000e+03
5.779000000000000000e+03
5.834000000000000000e+03
5.909000000000000000e+03
5.829000000000000000e+03
5.871000000000000000e+03
5.897000000000000000e+03
5.935000000000000000e+03
5.982000000000000000e+03
6.162000000000000000e+03
5.929000000000000000e+03
5.977000000000000000e+03
6.093000000000000000e+03
6.072000000000000000e+03
6.099000000000000000e+03
6.062000000000000000e+03
6.085000000000000000e+03
6.117000000000000000e+03
6.095000000000000000e+03
6.085000000000000000e+03
6.248000000000000000e+03
6.201000000000000000e+03
6.122000000000000000e+03
6.197000000000000000e+03
6.246000000000000000e+03
6.196000000000000000e+03
6.282000000000000000e+03
6.288000000000000000e+03
6.321000000000000000e+03
6.171000000000000000e+03
6.227000000000000000e+03
6.240000000000000000e+03
6.324000000000000000e+03
6.313000000000000000e+03
6.286000000000000000e+03
6.317000000000000000e+03
6.388000000000000000e+03
6.455000000000000000e+03
6.461000000000000000e+03
6.331000000000000000e+03
6.405000000000000000e+03
6.432000000000000000e+03
6.406000000000000000e+03
6.530000000000000000e+03
6.533000000000000000e+03
6.446000000000000000e+03
6.487000000000000000e+03
6.515000000000000000e+03
6.463000000000000000e+03
6.553000000000000000e+03
6.427000000000000000e+03
6.577000000000000000e+03
6.501000000000000000e+03
6.538000000000000000e+03
6.594000000000000000e+03
6.506000000000000000e+03
6.554000000000000000e+03
6.498000000000000000e+03
6.571000000000000000e+03
6.624000000000000000e+03
6.643000000000000000e+03
6.675000000000000000e+03
6.655000000000000000e+03
6.566000000000000000e+03
6.700000000000000000e+03
6.726000000000000000e+03
6.678000000000000000e+03
6.678000000000000000e+03
6.684000000000000000e+03
6.715000000000000000e+03
6.688000000000000000e+03
6.735000000000000000e+03
6.744000000000000000e+03
6.755000000000000000e+03
6.722000000000000000e+03
6.807000000000000000e+03
6.826000000000000000e+03
6.831000000000000000e+03
6.773000000000000000e+03
6.716000000000000000e+03
6.833000000000000000e+03
6.895000000000000000e+03
6.818000000000000000e+03
6.838000000000000000e+03
6.791000000000000000e+03
6.889000000000000000e+03
6.937000000000000000e+03
6.888000000000000000e+03
6.979000000000000000e+03
6.857000000000000000e+03
6.926000000000000000e+03
7.025000000000000000e+03
6.871000000000000000e+03
6.926000000000000000e+03
7.006000000000000000e+03
7.039000000000000000e+03
7.093000000000000000e+03
7.122000000000000000e+03
7.068000000000000000e+03
7.151000000000000000e+03
7.185000000000000000e+03
7.194000000000000000e+03
7.176000000000000000e+03
7.364000000000000000e+03
7.198000000000000000e+03
7.385000000000000000e+03
7.347000000000000000e+03
7.412000000000000000e+03
7.363000000000000000e+03
7.480000000000000000e+03
7.341000000000000000e+03
7.450000000000000000e+03
7.508000000000000000e+03
7.526000000000000000e+03
7.523000000000000000e+03
7.502000000000000000e+03
7.583000000000000000e+03
7.736000000000000000e+03
7.612000000000000000e+03
7.633000000000000000e+03
7.711000000000000000e+03
7.617000000000000000e+03
7.835000000000000000e+03
7.735000000000000000e+03
7.754000000000000000e+03
7.890000000000000000e+03
7.877000000000000000e+03
7.790000000000000000e+03
7.930000000000000000e+03
7.927000000000000000e+03
7.895000000000000000e+03
8.017000000000000000e+03
7.935000000000000000e+03
8.028000000000000000e+03
7.985000000000000000e+03
8.038000000000000000e+03
7.970000000000000000e+03
8.021000000000000000e+03
8.192000000000000000e+03
8.161000000000000000e+03
8.255000000000000000e+03
8.235000000000000000e+03
8.357000000000000000e+03
8.227000000000000000e+03
8.294000000000000000e+03
8.558000000000000000e+03
8.442000000000000000e+03
8.449000000000000000e+03
8.521000000000000000e+03
8.416000000000000000e+03
8.555000000000000000e+03
8.416000000000000000e+03
8.550000000000000000e+03
8.529000000000000000e+03
8.575000000000000000e+03
8.489000000000000000e+03
8.620000000000000000e+03
8.704000000000000000e+03
8.733000000000000000e+03
8.621000000000000000e+03
8.730000000000000000e+03
8.683000000000000000e+03
8.648000000000000000e+03
8.778000000000000000e+03
8.746000000000000000e+03
8.731000000000000000e+03
8.753000000000000000e+03
8.735000000000000000e+03
9.012000000000000000e+03
8.819000000000000000e+03
8.841000000000000000e+03
8.978000000000000000e+03
9.010000000000000000e+03
8.896000000000000000e+03
9.018000000000000000e+03
8.949000000000000000e+03
9.056000000000000000e+03
8.960000000000000000e+03
9.152000000000000000e+03
9.055000000000000000e+03
9.033000000000000000e+03
9.040000000000000000e+03
9.075000000000000000e+03
9.148000000000000000e+03
9.297000000000000000e+03
9.137000000000000000e+03
9.115000000000000000e+03
9.177000000000000000e+03
9.083000000000000000e+03
9.269000000000000000e+03
9.310000000000000000e+03
9.210000000000000000e+03
9.314000000000000000e+03
9.398000000000000000e+03
9.413000000000000000e+03
9.363000000000000000e+03
9.508000000000000000e+03
9.571000000000000000e+03
9.451000000000000000e+03
9.606000000000000000e+03
9.514000000000000000e+03
9.627000000000000000e+03
9.838000000000000000e+03
9.638000000000000000e+03
9.724000000000000000e+03
9.719000000000000000e+03
9.766000000000000000e+03
9.735000000000000000e+03
9.851000000000000000e+03
9.783000000000000000e+03
9.994000000000000000e+03
1.001200000000000000e+04
1.006600000000000000e+04
9.905000000000000000e+03
9.993000000000000000e+03
1.004400000000000000e+04
1.012300000000000000e+04
1.014300000000000000e+04
1.012600000000000000e+04
1.020600000000000000e+04
1.028400000000000000e+04
1.039400000000000000e+04
1.028100000000000000e+04
1.040700000000000000e+04
1.044000000000000000e+04
1.047900000000000000e+04
1.046400000000000000e+04
1.059000000000000000e+04
1.059700000000000000e+04
1.059200000000000000e+04
1.074900000000000000e+04
1.072700000000000000e+04
1.085100000000000000e+04
1.086600000000000000e+04
1.090400000000000000e+04
1.080900000000000000e+04
1.101400000000000000e+04
1.098200000000000000e+04
1.097600000000000000e+04
1.104300000000000000e+04
1.113800000000000000e+04
1.134700000000000000e+04
1.108800000000000000e+04
1.126400000000000000e+04
1.134900000000000000e+04
1.140800000000000000e+04
1.144600000000000000e+04
1.130800000000000000e+04
1.156300000000000000e+04
1.151800000000000000e+04
1.150700000000000000e+04
1.142700000000000000e+04
1.150000000000000000e+04
1.155800000000000000e+04
1.160700000000000000e+04
1.163300000000000000e+04
1.161300000000000000e+04
1.156000000000000000e+04
1.172300000000000000e+04
1.174500000000000000e+04
1.166100000000000000e+04
1.183700000000000000e+04
1.181500000000000000e+04
1.174900000000000000e+04
1.183000000000000000e+04
1.181700000000000000e+04
1.186200000000000000e+04
1.170200000000000000e+04
1.189700000000000000e+04
1.195900000000000000e+04
1.207400000000000000e+04
1.195100000000000000e+04
1.193100000000000000e+04
1.201300000000000000e+04
1.200900000000000000e+04
1.199600000000000000e+04
1.210600000000000000e+04
1.191300000000000000e+04
1.209000000000000000e+04
1.214100000000000000e+04
1.206000000000000000e+04
1.206700000000000000e+04
1.212900000000000000e+04
1.223900000000000000e+04
1.223400000000000000e+04
1.238400000000000000e+04
1.229400000000000000e+04
1.230500000000000000e+04
1.222100000000000000e+04
1.245200000000000000e+04
1.234400000000000000e+04
1.232300000000000000e+04
1.233800000000000000e+04
1.241300000000000000e+04
1.247600000000000000e+04
1.240400000000000000e+04
1.252600000000000000e+04
1.250300000000000000e+04
1.253300000000000000e+04
1.238700000000000000e+04
1.251900000000000000e+04
1.248300000000000000e+04
1.239000000000000000e+04
1.254900000000000000e+04
1.251400000000000000e+04
1.246600000000000000e+04
1.236600000000000000e+04
1.256700000000000000e+04
1.259300000000000000e+04
1.244800000000000000e+04
1.259100000000000000e+04
1.244700000000000000e+04
1.243700000000000000e+04
1.270600000000000000e+04
1.244300000000000000e+04
1.250500000000000000e+04
1.254900000000000000e+04
1.258900000000000000e+04
1.252000000000000000e+04
1.262100000000000000e+04
1.263700000000000000e+04
1.256600000000000000e+04
1.257800000000000000e+04
1.265200000000000000e+04
1.257300000000000000e+04
1.257700000000000000e+04
1.252700000000000000e+04
1.264700000000000000e+04
1.266800000000000000e+04
1.256500000000000000e+04
1.250900000000000000e+04
1.250200000000000000e+04
1.265800000000000000e+04
1.260800000000000000e+04
1.277400000000000000e+04
1.263300000000000000e+04
1.255900000000000000e+04
1.264700000000000000e+04
1.271100000000000000e+04
1.262400000000000000e+04
1.279000000000000000e+04
1.275000000000000000e+04
1.257700000000000000e+04
1.271800000000000000e+04
1.275900000000000000e+04
1.268400000000000000e+04
1.260800000000000000e+04
1.272500000000000000e+04
1.280400000000000000e+04
1.273700000000000000e+04
1.282000000000000000e+04
1.285900000000000000e+04
1.269800000000000000e+04
1.278000000000000000e+04
1.289000000000000000e+04
1.305500000000000000e+04
1.297800000000000000e+04
1.298800000000000000e+04
1.287500000000000000e+04
1.291600000000000000e+04
1.308500000000000000e+04
1.284800000000000000e+04
1.303500000000000000e+04
1.294600000000000000e+04
1.305600000000000000e+04
1.312100000000000000e+04
1.323200000000000000e+04
1.312900000000000000e+04
1.314700000000000000e+04
1.337500000000000000e+04
1.344100000000000000e+04
1.341100000000000000e+04
1.345400000000000000e+04
1.324500000000000000e+04
1.340600000000000000e+04
1.334600000000000000e+04
1.327800000000000000e+04
1.346000000000000000e+04
1.347000000000000000e+04
1.364000000000000000e+04
1.375100000000000000e+04
1.354400000000000000e+04
1.363200000000000000e+04
1.374400000000000000e+04
1.374800000000000000e+04
1.365300000000000000e+04
1.365600000000000000e+04
1.372300000000000000e+04
1.381900000000000000e+04
1.372800000000000000e+04
1.372200000000000000e+04
1.370700000000000000e+04
1.366100000000000000e+04
1.366900000000000000e+04
1.372000000000000000e+04
1.374800000000000000e+04
1.369800000000000000e+04
1.382200000000000000e+04
1.389700000000000000e+04
1.385200000000000000e+04
1.386800000000000000e+04
1.379100000000000000e+04
1.382000000000000000e+04
1.392600000000000000e+04
1.393100000000000000e+04
1.407500000000000000e+04
1.407800000000000000e+04
1.390300000000000000e+04
1.385100000000000000e+04
1.396600000000000000e+04
1.396600000000000000e+04
1.379900000000000000e+04
1.381700000000000000e+04
1.399700000000000000e+04
1.367500000000000000e+04
1.384700000000000000e+04
1.388200000000000000e+04
1.376600000000000000e+04
1.357000000000000000e+04
1.378200000000000000e+04
1.377000000000000000e+04
1.380000000000000000e+04
1.384800000000000000e+04
1.407900000000000000e+04
1.407200000000000000e+04
1.396800000000000000e+04
1.426000000000000000e+04
1.414400000000000000e+04
1.408200000000000000e+04
1.398300000000000000e+04
1.394300000000000000e+04
1.414000000000000000e+04
1.400000000000000000e+04
1.400000000000000000e+04
1.391400000000000000e+04
1.397000000000000000e+04
1.395100000000000000e+04
1.379100000000000000e+04
1.387100000000000000e+04
1.383600000000000000e+04
1.390800000000000000e+04
1.398100000000000000e+04
1.381400000000000000e+04
1.353800000000000000e+04
1.359500000000000000e+04
1.356400000000000000e+04
1.326600000000000000e+04
1.356700000000000000e+04
1.324300000000000000e+04
1.318200000000000000e+04
1.317900000000000000e+04
1.313100000000000000e+04
1.317000000000000000e+04
1.330500000000000000e+04
1.332800000000000000e+04
1.314100000000000000e+04
1.328900000000000000e+04
1.316800000000000000e+04
1.309700000000000000e+04
1.299500000000000000e+04
1.277400000000000000e+04
1.285000000000000000e+04
1.267600000000000000e+04
1.271300000000000000e+04
1.273800000000000000e+04
1.270400000000000000e+04
1.258800000000000000e+04
1.278000000000000000e+04
1.269000000000000000e+04
1.263900000000000000e+04
1.253600000000000000e+04
1.245600000000000000e+04
1.261200000000000000e+04
1.246300000000000000e+04
1.246200000000000000e+04
1.237100000000000000e+04
1.228400000000000000e+04
1.232000000000000000e+04
1.209000000000000000e+04
1.204800000000000000e+04
1.211300000000000000e+04
1.208300000000000000e+04
1.216400000000000000e+04
1.222400000000000000e+04
1.228400000000000000e+04
1.225400000000000000e+04
1.215800000000000000e+04
1.195600000000000000e+04
1.195500000000000000e+04
1.198400000000000000e+04
1.182800000000000000e+04
1.173900000000000000e+04
1.171200000000000000e+04
1.213400000000000000e+04
1.186000000000000000e+04
1.182800000000000000e+04
1.184600000000000000e+04
1.184800000000000000e+04
1.171900000000000000e+04
1.171200000000000000e+04
1.153900000000000000e+04
1.147500000000000000e+04
1.146000000000000000e+04
1.152500000000000000e+04
1.143500000000000000e+04
1.147700000000000000e+04
1.137400000000000000e+04
1.141100000000000000e+04
1.124900000000000000e+04
1.105400000000000000e+04
1.109300000000000000e+04
1.101100000000000000e+04
1.105800000000000000e+04
1.109000000000000000e+04
1.110300000000000000e+04
1.131400000000000000e+04
1.134900000000000000e+04
1.137900000000000000e+04
1.146800000000000000e+04
1.134100000000000000e+04
1.134700000000000000e+04
1.143400000000000000e+04
1.136100000000000000e+04
1.122400000000000000e+04
1.135800000000000000e+04
1.121800000000000000e+04
1.150300000000000000e+04
1.144600000000000000e+04
1.162300000000000000e+04
1.142000000000000000e+04
1.145900000000000000e+04
1.138900000000000000e+04
1.121100000000000000e+04
1.104600000000000000e+04
1.105100000000000000e+04
1.094600000000000000e+04
1.094100000000000000e+04
1.081700000000000000e+04
1.098000000000000000e+04
1.101800000000000000e+04
1.110300000000000000e+04
1.101300000000000000e+04
1.105700000000000000e+04
1.113900000000000000e+04
1.124000000000000000e+04
1.125800000000000000e+04
1.126500000000000000e+04
1.123700000000000000e+04
1.126200000000000000e+04
1.096700000000000000e+04
1.092700000000000000e+04
1.098900000000000000e+04
1.087700000000000000e+04
1.087600000000000000e+04
1.103700000000000000e+04
1.084600000000000000e+04
1.066500000000000000e+04
