3.771000000000000000e+03
3.801000000000000000e+03
3.810000000000000000e+03
3.757000000000000000e+03
3.728000000000000000e+03
3.785000000000000000e+03
3.778000000000000000e+03
3.811000000000000000e+03
3.738000000000000000e+03
3.751000000000000000e+03
3.773000000000000000e+03
3.740000000000000000e+03
3.689000000000000000e+03
3.836000000000000000e+03
3.745000000000000000e+03
3.762000000000000000e+03
3.836000000000000000e+03
3.754000000000000000e+03
3.887000000000000000e+03
3.805000000000000000e+03
3.752000000000000000e+03
3.760000000000000000e+03
3.804000000000000000e+03
3.765000000000000000e+03
3.778000000000000000e+03
3.775000000000000000e+03
3.784000000000000000e+03
3.784000000000000000e+03
3.854000000000000000e+03
3.868000000000000000e+03
3.817000000000000000e+03
3.836000000000000000e+03
3.807000000000000000e+03
3.847000000000000000e+03
3.847000000000000000e+03
3.906000000000000000e+03
3.859000000000000000e+03
3.926000000000000000e+03
3.918000000000000000e+03
3.830000000000000000e+03
3.936000000000000000e+03
3.886000000000000000e+03
3.904000000000000000e+03
3.923000000000000000e+03
3.875000000000000000e+03
3.916000000000000000e+03
3.875000000000000000e+03
3.867000000000000000e+03
3.901000000000000000e+03
3.905000000000000000e+03
3.884000000000000000e+03
3.921000000000000000e+03
3.961000000000000000e+03
3.934000000000000000e+03
3.945000000000000000e+03
3.924000000000000000e+03
3.982000000000000000e+03
3.978000000000000000e+03
3.987000000000000000e+03
3.945000000000000000e+03
3.932000000000000000e+03
4.008000000000000000e+03
4.043000000000000000e+03
3.982000000000000000e+03
4.022000000000000000e+03
4.027000000000000000e+03
4.032000000000000000e+03
4.030000000000000000e+03
4.056000000000000000e+03
4.075000000000000000e+03
4.086000000000000000e+03
4.071000000000000000e+03
4.080000000000000000e+03
4.139000000000000000e+03
4.070000000000000000e+03
4.080000000000000000e+03
4.166000000000000000e+03
4.171000000000000000e+03
4.086000000000000000e+03
4.167000000000000000e+03
4.171000000000000000e+03
4.048000000000000000e+03
4.193000000000000000e+03
4.152000000000000000e+03
4.101000000000000000e+03
4.193000000000000000e+03
4.348000000000000000e+03
4.182000000000000000e+03
4.199000000000000000e+03
4.206000000000000000e+03
4.185000000000000000e+03
4.131000000000000000e+03
4.228000000000000000e+03
4.225000000000000000e+03
4.324000000000000000e+03
4.302000000000000000e+03
4.266000000000000000e+03
4.328000000000000000e+03
4.241000000000000000e+03
4.344000000000000000e+03
4.320000000000000000e+03
4.347000000000000000e+03
4.383000000000000000e+03
4.358000000000000000e+03
4.380000000000000000e+03
4.352000000000000000e+03
4.326000000000000000e+03
4.385000000000000000e+03
4.396000000000000000e+03
4.427000000000000000e+03
4.420000000000000000e+03
4.372000000000000000e+03
4.481000000000000000e+03
4.491000000000000000e+03
4.362000000000000000e+03
4.488000000000000000e+03
4.468000000000000000e+03
4.474000000000000000e+03
4.461000000000000000e+03
4.404000000000000000e+03
4.552000000000000000e+03
4.487000000000000000e+03
4.596000000000000000e+03
4.485000000000000000e+03
4.551000000000000000e+03
4.588000000000000000e+03
4.606000000000000000e+03
4.572000000000000000e+03
4.554000000000000000e+03
4.646000000000000000e+03
4.600000000000000000e+03
4.652000000000000000e+03
4.623000000000000000e+03
4.664000000000000000e+03
4.615000000000000000e+03
4.711000000000000000e+03
4.728000000000000000e+03
4.786000000000000000e+03
4.736000000000000000e+03
4.738000000000000000e+03
4.730000000000000000e+03
4.636000000000000000e+03
4.756000000000000000e+03
4.679000000000000000e+03
4.768000000000000000e+03
4.828000000000000000e+03
4.816000000000000000e+03
4.840000000000000000e+03
5.001000000000000000e+03
4.919000000000000000e+03
4.860000000000000000e+03
4.911000000000000000e+03
4.935000000000000000e+03
5.138000000000000000e+03
4.997000000000000000e+03
5.059000000000000000e+03
4.970000000000000000e+03
4.906000000000000000e+03
4.971000000000000000e+03
4.961000000000000000e+03
5.049000000000000000e+03
5.043000000000000000e+03
5.011000000000000000e+03
5.073000000000000000e+03
5.045000000000000000e+03
5.097000000000000000e+03
5.137000000000000000e+03
5.125000000000000000e+03
5.086000000000000000e+03
5.125000000000000000e+03
5.133000000000000000e+03
5.130000000000000000e+03
5.101000000000000000e+03
5.236000000000000000e+03
5.245000000000000000e+03
5.237000000000000000e+03
5.347000000000000000e+03
5.166000000000000000e+03
5.327000000000000000e+03
5.262000000000000000e+03
5.265000000000000000e+03
5.365000000000000000e+03
5.340000000000000000e+03
5.294000000000000000e+03
5.308000000000000000e+03
5.377000000000000000e+03
5.389000000000000000e+03
5.355000000000000000e+03
5.352000000000000000e+03
5.468000000000000000e+03
5.474000000000000000e+03
5.417000000000000000e+03
5.517000000000000000e+03
5.484000000000000000e+03
5.664000000000000000e+03
5.704000000000000000e+03
5.458000000000000000e+03
5.577000000000000000e+03
5.552000000000000000e+03
5.523000000000000000e+03
5.624000000000000000e+03
5.559000000000000000e+03
5.509000000000000000e+03
5.651000000000000000e+03
5.705000000000000000e+03
5.640000000000000000e+03
5.666000000000000000e+03
5.737000000000000000e+03
5.658000000000000000e+03
5.762000000000000000e+03
5.708000000000000000e+03
5.743000000000000000e+03
5.801000000000000000e+03
5.768000000000000000e+03
5.823000000000000000e+03
5.839000000000000000e+03
5.845000000000000000e+03
5.854000000000000000e+03
5.847000000000000000e+03
5.893000000000000000e+03
5.962000000000000000e+03
5.941000000000000000e+03
5.976000000000000000e+03
6.014000000000000000e+03
6.014000000000000000e+03
5.948000000000000000e+03
5.997000000000000000e+03
6.055000000000000000e+03
5.991000000000000000e+03
5.936000000000000000e+03
6.063000000000000000e+03
6.125000000000000000e+03
6.065000000000000000e+03
6.041000000000000000e+03
6.139000000000000000e+03
6.133000000000000000e+03
6.154000000000000000e+03
6.238000000000000000e+03
6.217000000000000000e+03
6.265000000000000000e+03
6.177000000000000000e+03
6.136000000000000000e+03
6.247000000000000000e+03
6.234000000000000000e+03
6.145000000000000000e+03
6.205000000000000000e+03
6.215000000000000000e+03
6.273000000000000000e+03
6.275000000000000000e+03
6.309000000000000000e+03
6.317000000000000000e+03
6.290000000000000000e+03
6.346000000000000000e+03
6.358000000000000000e+03
6.282000000000000000e+03
6.405000000000000000e+03
6.379000000000000000e+03
6.439000000000000000e+03
6.428000000000000000e+03
6.372000000000000000e+03
6.386000000000000000e+03
6.446000000000000000e+03
6.442000000000000000e+03
6.367000000000000000e+03
6.611000000000000000e+03
6.423000000000000000e+03
6.535000000000000000e+03
6.476000000000000000e+03
6.565000000000000000e+03
6.474000000000000000e+03
6.653000000000000000e+03
6.518000000000000000e+03
6.735000000000000000e+03
6.546000000000000000e+03
6.635000000000000000e+03
6.658000000000000000e+03
6.600000000000000000e+03
6.637000000000000000e+03
6.744000000000000000e+03
6.694000000000000000e+03
6.576000000000000000e+03
7.287000000000000000e+03
6.665000000000000000e+03
6.588000000000000000e+03
6.683000000000000000e+03
6.587000000000000000e+03
6.662000000000000000e+03
6.701000000000000000e+03
6.644000000000000000e+03
6.897000000000000000e+03
6.766000000000000000e+03
6.723000000000000000e+03
6.705000000000000000e+03
6.807000000000000000e+03
6.737000000000000000e+03
6.744000000000000000e+03
6.797000000000000000e+03
6.798000000000000000e+03
6.870000000000000000e+03
6.682000000000000000e+03
6.776000000000000000e+03
6.838000000000000000e+03
6.899000000000000000e+03
7.072000000000000000e+03
6.948000000000000000e+03
7.019000000000000000e+03
6.951000000000000000e+03
7.001000000000000000e+03
7.067000000000000000e+03
7.008000000000000000e+03
7.018000000000000000e+03
7.149000000000000000e+03
7.081000000000000000e+03
7.166000000000000000e+03
7.212000000000000000e+03
7.207000000000000000e+03
7.237000000000000000e+03
7.321000000000000000e+03
7.292000000000000000e+03
7.348000000000000000e+03
7.305000000000000000e+03
7.341000000000000000e+03
7.334000000000000000e+03
7.463000000000000000e+03
7.443000000000000000e+03
7.362000000000000000e+03
7.409000000000000000e+03
7.476000000000000000e+03
7.430000000000000000e+03
7.457000000000000000e+03
7.531000000000000000e+03
7.565000000000000000e+03
7.576000000000000000e+03
7.636000000000000000e+03
7.633000000000000000e+03
7.634000000000000000e+03
7.693000000000000000e+03
7.676000000000000000e+03
7.692000000000000000e+03
7.657000000000000000e+03
7.907000000000000000e+03
7.821000000000000000e+03
7.828000000000000000e+03
7.879000000000000000e+03
7.985000000000000000e+03
7.949000000000000000e+03
8.014000000000000000e+03
8.067000000000000000e+03
8.018000000000000000e+03
8.245000000000000000e+03
8.089000000000000000e+03
8.203000000000000000e+03
8.193000000000000000e+03
8.103000000000000000e+03
8.262000000000000000e+03
8.226000000000000000e+03
8.266000000000000000e+03
8.366000000000000000e+03
8.222000000000000000e+03
8.387000000000000000e+03
8.456000000000000000e+03
8.335000000000000000e+03
8.323000000000000000e+03
8.436000000000000000e+03
8.418000000000000000e+03
8.440000000000000000e+03
8.585000000000000000e+03
8.458000000000000000e+03
8.471000000000000000e+03
8.556000000000000000e+03
8.563000000000000000e+03
8.509000000000000000e+03
8.575000000000000000e+03
8.709000000000000000e+03
8.596000000000000000e+03
8.670000000000000000e+03
8.602000000000000000e+03
8.693000000000000000e+03
8.589000000000000000e+03
8.872000000000000000e+03
8.659000000000000000e+03
8.719000000000000000e+03
8.738000000000000000e+03
8.873000000000000000e+03
9.940000000000000000e+03
8.874000000000000000e+03
8.770000000000000000e+03
8.875000000000000000e+03
8.890000000000000000e+03
8.892000000000000000e+03
8.871000000000000000e+03
8.947000000000000000e+03
8.994000000000000000e+03
8.980000000000000000e+03
9.031000000000000000e+03
9.065000000000000000e+03
9.129000000000000000e+03
9.044000000000000000e+03
9.112000000000000000e+03
9.073000000000000000e+03
9.202000000000000000e+03
9.294000000000000000e+03
9.276000000000000000e+03
9.207000000000000000e+03
9.146000000000000000e+03
9.327000000000000000e+03
9.284000000000000000e+03
9.324000000000000000e+03
9.362000000000000000e+03
9.416000000000000000e+03
9.406000000000000000e+03
9.336000000000000000e+03
9.551000000000000000e+03
9.488000000000000000e+03
9.576000000000000000e+03
9.416000000000000000e+03
9.611000000000000000e+03
9.694000000000000000e+03
9.684000000000000000e+03
9.872000000000000000e+03
9.667000000000000000e+03
9.877000000000000000e+03
9.824000000000000000e+03
9.867000000000000000e+03
9.936000000000000000e+03
9.798000000000000000e+03
9.873000000000000000e+03
9.988000000000000000e+03
1.000100000000000000e+04
1.003900000000000000e+04
1.013900000000000000e+04
1.019700000000000000e+04
1.031100000000000000e+04
1.019700000000000000e+04
1.030900000000000000e+04
1.022100000000000000e+04
1.039300000000000000e+04
1.045400000000000000e+04
1.049300000000000000e+04
1.052500000000000000e+04
1.049800000000000000e+04
1.056600000000000000e+04
1.072300000000000000e+04
1.069000000000000000e+04
1.069400000000000000e+04
1.084000000000000000e+04
1.071500000000000000e+04
1.079800000000000000e+04
1.079900000000000000e+04
1.095100000000000000e+04
1.093600000000000000e+04
1.114200000000000000e+04
1.100300000000000000e+04
1.110100000000000000e+04
1.101700000000000000e+04
1.106400000000000000e+04
1.116400000000000000e+04
1.131400000000000000e+04
1.129700000000000000e+04
1.133700000000000000e+04
1.134300000000000000e+04
1.137600000000000000e+04
1.128700000000000000e+04
1.139400000000000000e+04
1.140500000000000000e+04
1.133700000000000000e+04
1.145600000000000000e+04
1.136600000000000000e+04
1.147900000000000000e+04
1.153000000000000000e+04
1.139400000000000000e+04
1.178000000000000000e+04
1.153200000000000000e+04
1.160500000000000000e+04
1.161500000000000000e+04
1.179200000000000000e+04
1.168300000000000000e+04
1.166400000000000000e+04
1.168900000000000000e+04
1.160600000000000000e+04
1.157200000000000000e+04
1.166500000000000000e+04
1.178800000000000000e+04
1.171700000000000000e+04
1.174400000000000000e+04
1.177100000000000000e+04
1.182900000000000000e+04
1.182300000000000000e+04
1.193700000000000000e+04
1.186800000000000000e+04
1.185400000000000000e+04
1.187700000000000000e+04
1.198600000000000000e+04
1.192100000000000000e+04
1.197900000000000000e+04
1.222800000000000000e+04
1.204900000000000000e+04
1.215100000000000000e+04
1.217300000000000000e+04
1.213000000000000000e+04
1.219900000000000000e+04
1.214200000000000000e+04
1.221400000000000000e+04
1.219000000000000000e+04
1.216000000000000000e+04
1.215000000000000000e+04
1.228700000000000000e+04
1.220800000000000000e+04
1.206700000000000000e+04
1.210300000000000000e+04
1.205900000000000000e+04
1.214600000000000000e+04
1.218800000000000000e+04
1.224200000000000000e+04
1.225800000000000000e+04
1.219800000000000000e+04
1.220700000000000000e+04
1.238800000000000000e+04
1.221900000000000000e+04
1.221600000000000000e+04
1.234400000000000000e+04
1.226200000000000000e+04
1.240300000000000000e+04
1.230900000000000000e+04
1.240400000000000000e+04
1.217200000000000000e+04
1.228700000000000000e+04
1.221000000000000000e+04
1.228600000000000000e+04
1.231500000000000000e+04
1.230000000000000000e+04
1.221700000000000000e+04
1.219500000000000000e+04
1.236300000000000000e+04
1.227800000000000000e+04
1.237200000000000000e+04
1.228900000000000000e+04
1.222600000000000000e+04
1.212200000000000000e+04
1.231900000000000000e+04
1.231200000000000000e+04
1.229300000000000000e+04
1.231100000000000000e+04
1.236700000000000000e+04
1.236500000000000000e+04
1.246700000000000000e+04
1.238900000000000000e+04
1.235800000000000000e+04
1.247000000000000000e+04
1.234500000000000000e+04
1.231400000000000000e+04
1.250900000000000000e+04
1.229500000000000000e+04
1.248800000000000000e+04
1.251000000000000000e+04
1.258300000000000000e+04
1.251700000000000000e+04
1.241300000000000000e+04
1.249200000000000000e+04
1.254700000000000000e+04
1.248100000000000000e+04
1.264900000000000000e+04
1.250500000000000000e+04
1.256700000000000000e+04
1.251000000000000000e+04
1.262500000000000000e+04
1.268200000000000000e+04
1.261700000000000000e+04
1.271000000000000000e+04
1.284700000000000000e+04
1.274600000000000000e+04
1.274300000000000000e+04
1.283700000000000000e+04
1.267600000000000000e+04
1.273800000000000000e+04
1.291500000000000000e+04
1.289300000000000000e+04
1.285300000000000000e+04
1.303900000000000000e+04
1.320300000000000000e+04
1.314200000000000000e+04
1.313400000000000000e+04
1.307400000000000000e+04
1.322600000000000000e+04
1.320500000000000000e+04
1.332300000000000000e+04
1.319500000000000000e+04
1.340000000000000000e+04
1.334000000000000000e+04
1.317300000000000000e+04
1.340900000000000000e+04
1.338600000000000000e+04
1.341600000000000000e+04
1.317900000000000000e+04
1.338900000000000000e+04
1.353400000000000000e+04
1.341200000000000000e+04
1.338400000000000000e+04
1.327800000000000000e+04
1.333800000000000000e+04
1.345100000000000000e+04
1.337900000000000000e+04
1.337900000000000000e+04
1.346000000000000000e+04
1.345200000000000000e+04
1.354500000000000000e+04
1.344200000000000000e+04
1.348600000000000000e+04
1.369500000000000000e+04
1.366300000000000000e+04
1.375300000000000000e+04
1.354800000000000000e+04
1.362700000000000000e+04
1.365700000000000000e+04
1.380900000000000000e+04
1.351000000000000000e+04
1.379500000000000000e+04
1.364900000000000000e+04
1.378900000000000000e+04
1.375800000000000000e+04
1.367500000000000000e+04
1.354100000000000000e+04
1.365400000000000000e+04
1.353300000000000000e+04
1.375900000000000000e+04
1.352100000000000000e+04
1.370200000000000000e+04
1.369200000000000000e+04
1.368100000000000000e+04
1.371800000000000000e+04
1.381700000000000000e+04
1.381500000000000000e+04
1.377600000000000000e+04
1.373000000000000000e+04
1.378400000000000000e+04
1.360500000000000000e+04
1.382600000000000000e+04
1.373500000000000000e+04
1.370000000000000000e+04
1.361100000000000000e+04
1.378100000000000000e+04
1.347500000000000000e+04
1.373000000000000000e+04
1.371200000000000000e+04
1.345700000000000000e+04
1.371700000000000000e+04
1.361700000000000000e+04
1.363500000000000000e+04
1.362400000000000000e+04
1.353800000000000000e+04
1.357800000000000000e+04
1.350200000000000000e+04
1.361000000000000000e+04
1.356300000000000000e+04
1.342400000000000000e+04
1.350300000000000000e+04
1.338000000000000000e+04
1.346800000000000000e+04
1.327700000000000000e+04
1.320000000000000000e+04
1.302100000000000000e+04
1.309100000000000000e+04
1.300700000000000000e+04
1.299700000000000000e+04
1.285200000000000000e+04
1.284600000000000000e+04
1.286600000000000000e+04
1.300600000000000000e+04
1.279400000000000000e+04
1.283100000000000000e+04
1.283500000000000000e+04
1.264700000000000000e+04
1.258000000000000000e+04
1.257500000000000000e+04
1.247700000000000000e+04
1.249400000000000000e+04
1.251300000000000000e+04
1.249900000000000000e+04
1.241700000000000000e+04
1.255700000000000000e+04
1.250400000000000000e+04
1.243700000000000000e+04
1.238900000000000000e+04
1.222500000000000000e+04
1.223700000000000000e+04
1.228000000000000000e+04
1.229400000000000000e+04
1.214200000000000000e+04
1.214500000000000000e+04
1.217000000000000000e+04
1.237600000000000000e+04
1.216300000000000000e+04
1.221200000000000000e+04
1.222200000000000000e+04
1.210000000000000000e+04
1.213100000000000000e+04
1.228500000000000000e+04
1.216000000000000000e+04
1.232000000000000000e+04
1.201600000000000000e+04
1.214600000000000000e+04
1.202900000000000000e+04
1.195500000000000000e+04
1.211100000000000000e+04
1.189200000000000000e+04
1.175500000000000000e+04
1.166200000000000000e+04
1.181300000000000000e+04
1.188600000000000000e+04
1.182700000000000000e+04
1.181700000000000000e+04
1.185600000000000000e+04
1.192500000000000000e+04
1.170400000000000000e+04
1.257000000000000000e+04
1.123700000000000000e+04
1.113100000000000000e+04
1.112200000000000000e+04
1.120300000000000000e+04
1.112700000000000000e+04
1.108100000000000000e+04
1.124600000000000000e+04
1.135100000000000000e+04
1.135700000000000000e+04
1.152600000000000000e+04
1.135700000000000000e+04
1.125200000000000000e+04
1.124900000000000000e+04
1.115800000000000000e+04
1.118800000000000000e+04
1.117800000000000000e+04
1.119200000000000000e+04
1.119300000000000000e+04
1.116400000000000000e+04
1.111900000000000000e+04
1.103200000000000000e+04
1.088400000000000000e+04
1.070600000000000000e+04
1.072800000000000000e+04
1.073000000000000000e+04
1.083500000000000000e+04
1.079900000000000000e+04
1.085200000000000000e+04
1.077600000000000000e+04
1.069600000000000000e+04
1.067300000000000000e+04
1.063400000000000000e+04
1.051500000000000000e+04
1.067600000000000000e+04
1.067200000000000000e+04
1.082600000000000000e+04
1.099600000000000000e+04
1.100100000000000000e+04
1.090000000000000000e+04
1.101200000000000000e+04
1.105900000000000000e+04
1.092800000000000000e+04
1.092900000000000000e+04
1.092700000000000000e+04
1.093500000000000000e+04
1.079300000000000000e+04
1.099100000000000000e+04
1.089300000000000000e+04
1.078500000000000000e+04
1.058500000000000000e+04
