3.721000000000000000e+03
3.721000000000000000e+03
3.672000000000000000e+03
3.758000000000000000e+03
3.706000000000000000e+03
3.789000000000000000e+03
3.670000000000000000e+03
3.736000000000000000e+03
3.707000000000000000e+03
3.760000000000000000e+03
3.750000000000000000e+03
3.867000000000000000e+03
3.751000000000000000e+03
3.749000000000000000e+03
3.708000000000000000e+03
3.743000000000000000e+03
3.949000000000000000e+03
3.798000000000000000e+03
3.641000000000000000e+03
3.724000000000000000e+03
3.729000000000000000e+03
3.738000000000000000e+03
3.724000000000000000e+03
3.766000000000000000e+03
3.787000000000000000e+03
3.753000000000000000e+03
3.779000000000000000e+03
3.771000000000000000e+03
3.799000000000000000e+03
3.757000000000000000e+03
3.990000000000000000e+03
3.813000000000000000e+03
3.713000000000000000e+03
3.805000000000000000e+03
3.821000000000000000e+03
3.799000000000000000e+03
3.778000000000000000e+03
3.986000000000000000e+03
3.778000000000000000e+03
3.794000000000000000e+03
3.805000000000000000e+03
3.799000000000000000e+03
3.844000000000000000e+03
3.808000000000000000e+03
3.811000000000000000e+03
3.829000000000000000e+03
3.814000000000000000e+03
3.871000000000000000e+03
3.843000000000000000e+03
3.793000000000000000e+03
3.854000000000000000e+03
3.872000000000000000e+03
3.926000000000000000e+03
3.825000000000000000e+03
3.925000000000000000e+03
3.880000000000000000e+03
3.932000000000000000e+03
3.856000000000000000e+03
3.885000000000000000e+03
3.993000000000000000e+03
3.891000000000000000e+03
3.939000000000000000e+03
3.995000000000000000e+03
3.913000000000000000e+03
3.961000000000000000e+03
4.010000000000000000e+03
4.238000000000000000e+03
4.009000000000000000e+03
4.042000000000000000e+03
4.061000000000000000e+03
4.036000000000000000e+03
4.076000000000000000e+03
4.022000000000000000e+03
4.051000000000000000e+03
4.069000000000000000e+03
4.140000000000000000e+03
4.059000000000000000e+03
4.015000000000000000e+03
4.093000000000000000e+03
4.066000000000000000e+03
4.091000000000000000e+03
4.169000000000000000e+03
4.098000000000000000e+03
4.158000000000000000e+03
4.128000000000000000e+03
4.125000000000000000e+03
4.193000000000000000e+03
4.151000000000000000e+03
4.152000000000000000e+03
4.176000000000000000e+03
4.229000000000000000e+03
4.198000000000000000e+03
4.205000000000000000e+03
4.223000000000000000e+03
4.219000000000000000e+03
4.189000000000000000e+03
4.267000000000000000e+03
4.197000000000000000e+03
4.218000000000000000e+03
4.218000000000000000e+03
4.185000000000000000e+03
4.285000000000000000e+03
4.265000000000000000e+03
4.272000000000000000e+03
4.251000000000000000e+03
4.302000000000000000e+03
4.309000000000000000e+03
4.361000000000000000e+03
4.360000000000000000e+03
4.245000000000000000e+03
4.364000000000000000e+03
4.329000000000000000e+03
4.418000000000000000e+03
4.408000000000000000e+03
4.437000000000000000e+03
4.367000000000000000e+03
4.642000000000000000e+03
4.372000000000000000e+03
4.416000000000000000e+03
4.401000000000000000e+03
4.441000000000000000e+03
4.455000000000000000e+03
4.484000000000000000e+03
4.519000000000000000e+03
4.477000000000000000e+03
4.517000000000000000e+03
4.574000000000000000e+03
4.468000000000000000e+03
4.509000000000000000e+03
4.529000000000000000e+03
4.642000000000000000e+03
4.480000000000000000e+03
4.560000000000000000e+03
4.646000000000000000e+03
4.593000000000000000e+03
4.584000000000000000e+03
4.659000000000000000e+03
4.611000000000000000e+03
4.592000000000000000e+03
4.566000000000000000e+03
4.648000000000000000e+03
4.698000000000000000e+03
4.670000000000000000e+03
4.720000000000000000e+03
4.675000000000000000e+03
4.731000000000000000e+03
4.739000000000000000e+03
4.811000000000000000e+03
4.708000000000000000e+03
4.718000000000000000e+03
4.790000000000000000e+03
4.810000000000000000e+03
4.810000000000000000e+03
4.827000000000000000e+03
4.855000000000000000e+03
4.824000000000000000e+03
5.051000000000000000e+03
4.891000000000000000e+03
4.950000000000000000e+03
4.898000000000000000e+03
4.987000000000000000e+03
4.897000000000000000e+03
5.045000000000000000e+03
4.979000000000000000e+03
4.999000000000000000e+03
5.037000000000000000e+03
4.969000000000000000e+03
5.045000000000000000e+03
5.025000000000000000e+03
5.042000000000000000e+03
5.070000000000000000e+03
5.086000000000000000e+03
5.097000000000000000e+03
5.026000000000000000e+03
5.112000000000000000e+03
5.063000000000000000e+03
5.192000000000000000e+03
5.098000000000000000e+03
5.152000000000000000e+03
5.091000000000000000e+03
5.122000000000000000e+03
5.183000000000000000e+03
5.224000000000000000e+03
5.308000000000000000e+03
5.277000000000000000e+03
5.199000000000000000e+03
5.301000000000000000e+03
5.500000000000000000e+03
5.344000000000000000e+03
5.278000000000000000e+03
5.317000000000000000e+03
5.281000000000000000e+03
5.251000000000000000e+03
5.340000000000000000e+03
5.435000000000000000e+03
5.405000000000000000e+03
5.422000000000000000e+03
5.486000000000000000e+03
5.427000000000000000e+03
5.354000000000000000e+03
5.517000000000000000e+03
5.519000000000000000e+03
5.636000000000000000e+03
5.477000000000000000e+03
5.592000000000000000e+03
5.558000000000000000e+03
5.618000000000000000e+03
5.612000000000000000e+03
5.622000000000000000e+03
5.599000000000000000e+03
5.643000000000000000e+03
5.855000000000000000e+03
5.735000000000000000e+03
5.727000000000000000e+03
5.677000000000000000e+03
5.750000000000000000e+03
5.730000000000000000e+03
5.690000000000000000e+03
5.770000000000000000e+03
5.689000000000000000e+03
5.819000000000000000e+03
5.844000000000000000e+03
5.779000000000000000e+03
5.828000000000000000e+03
5.858000000000000000e+03
5.838000000000000000e+03
5.855000000000000000e+03
5.958000000000000000e+03
5.863000000000000000e+03
5.919000000000000000e+03
5.952000000000000000e+03
5.953000000000000000e+03
6.063000000000000000e+03
5.954000000000000000e+03
5.946000000000000000e+03
6.020000000000000000e+03
6.049000000000000000e+03
6.029000000000000000e+03
6.063000000000000000e+03
6.024000000000000000e+03
6.015000000000000000e+03
6.045000000000000000e+03
6.086000000000000000e+03
6.261000000000000000e+03
6.028000000000000000e+03
6.113000000000000000e+03
6.133000000000000000e+03
6.091000000000000000e+03
6.241000000000000000e+03
6.123000000000000000e+03
6.141000000000000000e+03
6.302000000000000000e+03
6.213000000000000000e+03
6.242000000000000000e+03
6.193000000000000000e+03
6.253000000000000000e+03
6.215000000000000000e+03
6.338000000000000000e+03
6.295000000000000000e+03
6.089000000000000000e+03
6.254000000000000000e+03
6.318000000000000000e+03
6.368000000000000000e+03
6.297000000000000000e+03
6.342000000000000000e+03
6.303000000000000000e+03
6.284000000000000000e+03
6.364000000000000000e+03
6.374000000000000000e+03
6.344000000000000000e+03
6.357000000000000000e+03
6.427000000000000000e+03
6.543000000000000000e+03
6.488000000000000000e+03
6.436000000000000000e+03
6.422000000000000000e+03
6.510000000000000000e+03
6.529000000000000000e+03
6.408000000000000000e+03
6.523000000000000000e+03
6.392000000000000000e+03
6.503000000000000000e+03
6.453000000000000000e+03
6.487000000000000000e+03
6.470000000000000000e+03
6.599000000000000000e+03
6.653000000000000000e+03
6.586000000000000000e+03
6.574000000000000000e+03
6.471000000000000000e+03
6.605000000000000000e+03
6.526000000000000000e+03
6.747000000000000000e+03
6.759000000000000000e+03
6.618000000000000000e+03
6.710000000000000000e+03
6.724000000000000000e+03
6.957000000000000000e+03
6.754000000000000000e+03
6.740000000000000000e+03
6.767000000000000000e+03
6.840000000000000000e+03
6.825000000000000000e+03
6.679000000000000000e+03
6.827000000000000000e+03
6.793000000000000000e+03
6.820000000000000000e+03
6.966000000000000000e+03
8.014000000000000000e+03
6.890000000000000000e+03
6.969000000000000000e+03
7.047000000000000000e+03
6.952000000000000000e+03
7.011000000000000000e+03
7.280000000000000000e+03
7.057000000000000000e+03
7.117000000000000000e+03
7.051000000000000000e+03
7.178000000000000000e+03
7.163000000000000000e+03
7.121000000000000000e+03
7.182000000000000000e+03
7.294000000000000000e+03
7.263000000000000000e+03
7.278000000000000000e+03
7.385000000000000000e+03
7.203000000000000000e+03
7.383000000000000000e+03
7.282000000000000000e+03
7.384000000000000000e+03
7.502000000000000000e+03
7.458000000000000000e+03
7.518000000000000000e+03
7.396000000000000000e+03
7.492000000000000000e+03
7.667000000000000000e+03
7.519000000000000000e+03
7.644000000000000000e+03
7.680000000000000000e+03
7.679000000000000000e+03
7.693000000000000000e+03
7.741000000000000000e+03
7.784000000000000000e+03
7.751000000000000000e+03
7.814000000000000000e+03
7.833000000000000000e+03
7.865000000000000000e+03
7.896000000000000000e+03
7.994000000000000000e+03
7.963000000000000000e+03
7.945000000000000000e+03
8.009000000000000000e+03
7.980000000000000000e+03
8.011000000000000000e+03
8.085000000000000000e+03
7.982000000000000000e+03
8.077000000000000000e+03
8.143000000000000000e+03
8.218000000000000000e+03
8.089000000000000000e+03
8.192000000000000000e+03
8.149000000000000000e+03
8.213000000000000000e+03
8.212000000000000000e+03
8.286000000000000000e+03
8.312000000000000000e+03
8.269000000000000000e+03
8.378000000000000000e+03
8.347000000000000000e+03
8.467000000000000000e+03
8.219000000000000000e+03
8.298000000000000000e+03
8.431000000000000000e+03
8.461000000000000000e+03
8.525000000000000000e+03
8.446000000000000000e+03
8.496000000000000000e+03
8.561000000000000000e+03
8.469000000000000000e+03
8.589000000000000000e+03
8.595000000000000000e+03
8.612000000000000000e+03
8.558000000000000000e+03
8.645000000000000000e+03
8.609000000000000000e+03
8.682000000000000000e+03
8.700000000000000000e+03
8.588000000000000000e+03
8.882000000000000000e+03
8.770000000000000000e+03
8.812000000000000000e+03
8.823000000000000000e+03
8.752000000000000000e+03
8.895000000000000000e+03
8.828000000000000000e+03
8.911000000000000000e+03
8.805000000000000000e+03
8.835000000000000000e+03
8.934000000000000000e+03
8.936000000000000000e+03
8.981000000000000000e+03
8.950000000000000000e+03
9.013000000000000000e+03
9.020000000000000000e+03
9.075000000000000000e+03
9.010000000000000000e+03
9.152000000000000000e+03
9.149000000000000000e+03
9.207000000000000000e+03
9.245000000000000000e+03
9.307000000000000000e+03
9.151000000000000000e+03
9.293000000000000000e+03
9.361000000000000000e+03
9.301000000000000000e+03
9.397000000000000000e+03
9.362000000000000000e+03
9.473000000000000000e+03
9.470000000000000000e+03
9.546000000000000000e+03
9.626000000000000000e+03
9.611000000000000000e+03
9.521000000000000000e+03
9.648000000000000000e+03
9.639000000000000000e+03
9.792000000000000000e+03
9.690000000000000000e+03
9.806000000000000000e+03
9.840000000000000000e+03
9.889000000000000000e+03
9.944000000000000000e+03
1.002400000000000000e+04
9.992000000000000000e+03
1.008700000000000000e+04
9.953000000000000000e+03
1.023900000000000000e+04
1.016000000000000000e+04
1.030400000000000000e+04
1.018600000000000000e+04
1.029300000000000000e+04
1.037300000000000000e+04
1.032400000000000000e+04
1.046400000000000000e+04
1.026700000000000000e+04
1.049400000000000000e+04
1.043000000000000000e+04
1.056800000000000000e+04
1.053100000000000000e+04
1.061400000000000000e+04
1.059500000000000000e+04
1.073900000000000000e+04
1.078800000000000000e+04
1.081300000000000000e+04
1.073500000000000000e+04
1.077300000000000000e+04
1.097300000000000000e+04
1.095100000000000000e+04
1.109300000000000000e+04
1.100600000000000000e+04
1.103400000000000000e+04
1.110200000000000000e+04
1.111800000000000000e+04
1.110600000000000000e+04
1.132000000000000000e+04
1.142700000000000000e+04
1.129100000000000000e+04
1.132400000000000000e+04
1.133900000000000000e+04
1.135200000000000000e+04
1.140200000000000000e+04
1.140500000000000000e+04
1.140800000000000000e+04
1.130100000000000000e+04
1.121900000000000000e+04
1.138300000000000000e+04
1.151000000000000000e+04
1.142300000000000000e+04
1.134200000000000000e+04
1.140100000000000000e+04
1.149800000000000000e+04
1.146300000000000000e+04
1.147800000000000000e+04
1.141900000000000000e+04
1.157700000000000000e+04
1.140400000000000000e+04
1.139700000000000000e+04
1.160700000000000000e+04
1.164600000000000000e+04
1.162900000000000000e+04
1.160000000000000000e+04
1.177700000000000000e+04
1.166100000000000000e+04
1.169900000000000000e+04
1.183300000000000000e+04
1.181500000000000000e+04
1.190200000000000000e+04
1.180500000000000000e+04
1.177000000000000000e+04
1.194500000000000000e+04
1.189400000000000000e+04
1.184800000000000000e+04
1.186200000000000000e+04
1.192800000000000000e+04
1.192900000000000000e+04
1.184000000000000000e+04
1.189500000000000000e+04
1.206300000000000000e+04
1.184700000000000000e+04
1.185000000000000000e+04
1.195100000000000000e+04
1.211000000000000000e+04
1.197700000000000000e+04
1.190500000000000000e+04
1.191500000000000000e+04
1.196900000000000000e+04
1.209600000000000000e+04
1.188200000000000000e+04
1.194200000000000000e+04
1.208100000000000000e+04
1.204900000000000000e+04
1.200800000000000000e+04
1.195600000000000000e+04
1.210300000000000000e+04
1.216500000000000000e+04
1.195800000000000000e+04
1.199500000000000000e+04
1.199900000000000000e+04
1.211800000000000000e+04
1.220200000000000000e+04
1.201100000000000000e+04
1.209700000000000000e+04
1.192500000000000000e+04
1.216000000000000000e+04
1.203900000000000000e+04
1.211400000000000000e+04
1.195800000000000000e+04
1.206600000000000000e+04
1.199900000000000000e+04
1.207300000000000000e+04
1.197100000000000000e+04
1.206700000000000000e+04
1.209900000000000000e+04
1.201300000000000000e+04
1.217400000000000000e+04
1.209000000000000000e+04
1.218100000000000000e+04
1.223000000000000000e+04
1.219700000000000000e+04
1.204400000000000000e+04
1.214000000000000000e+04
1.210600000000000000e+04
1.226700000000000000e+04
1.219000000000000000e+04
1.221600000000000000e+04
1.222000000000000000e+04
1.229900000000000000e+04
1.228900000000000000e+04
1.232400000000000000e+04
1.222400000000000000e+04
1.232700000000000000e+04
1.229400000000000000e+04
1.225400000000000000e+04
1.235200000000000000e+04
1.234300000000000000e+04
1.238500000000000000e+04
1.231500000000000000e+04
1.234800000000000000e+04
1.240800000000000000e+04
1.236500000000000000e+04
1.237400000000000000e+04
1.253300000000000000e+04
1.257100000000000000e+04
1.253100000000000000e+04
1.266900000000000000e+04
1.262300000000000000e+04
1.263700000000000000e+04
1.267800000000000000e+04
1.268100000000000000e+04
1.265700000000000000e+04
1.279800000000000000e+04
1.279400000000000000e+04
1.284800000000000000e+04
1.281400000000000000e+04
1.269800000000000000e+04
1.293900000000000000e+04
1.290800000000000000e+04
1.278800000000000000e+04
1.291900000000000000e+04
1.306700000000000000e+04
1.290100000000000000e+04
1.312800000000000000e+04
1.293500000000000000e+04
1.300500000000000000e+04
1.304100000000000000e+04
1.295700000000000000e+04
1.311200000000000000e+04
1.318200000000000000e+04
1.291800000000000000e+04
1.311300000000000000e+04
1.315700000000000000e+04
1.317100000000000000e+04
1.317900000000000000e+04
1.330400000000000000e+04
1.327800000000000000e+04
1.336900000000000000e+04
1.343400000000000000e+04
1.335800000000000000e+04
1.332700000000000000e+04
1.342400000000000000e+04
1.346900000000000000e+04
1.337100000000000000e+04
1.348000000000000000e+04
1.349800000000000000e+04
1.341600000000000000e+04
1.342500000000000000e+04
1.355800000000000000e+04
1.359500000000000000e+04
1.365600000000000000e+04
1.340700000000000000e+04
1.355000000000000000e+04
1.358800000000000000e+04
1.346100000000000000e+04
1.334800000000000000e+04
1.360100000000000000e+04
1.338400000000000000e+04
1.345100000000000000e+04
1.345000000000000000e+04
1.355200000000000000e+04
1.356100000000000000e+04
1.361100000000000000e+04
1.361000000000000000e+04
1.358700000000000000e+04
1.365200000000000000e+04
1.351800000000000000e+04
1.360600000000000000e+04
1.349500000000000000e+04
1.350200000000000000e+04
1.345600000000000000e+04
1.363500000000000000e+04
1.358300000000000000e+04
1.360200000000000000e+04
1.356800000000000000e+04
1.351900000000000000e+04
1.351700000000000000e+04
1.343000000000000000e+04
1.345500000000000000e+04
1.338400000000000000e+04
1.318600000000000000e+04
1.338600000000000000e+04
1.335600000000000000e+04
1.350100000000000000e+04
1.335600000000000000e+04
1.344400000000000000e+04
1.314400000000000000e+04
1.315500000000000000e+04
1.316200000000000000e+04
1.308700000000000000e+04
1.306300000000000000e+04
1.299200000000000000e+04
1.313700000000000000e+04
1.294400000000000000e+04
1.298600000000000000e+04
1.284100000000000000e+04
1.274300000000000000e+04
1.254900000000000000e+04
1.249900000000000000e+04
1.239500000000000000e+04
1.232200000000000000e+04
1.225400000000000000e+04
1.242100000000000000e+04
1.220100000000000000e+04
1.221800000000000000e+04
1.221100000000000000e+04
1.219900000000000000e+04
1.220600000000000000e+04
1.223000000000000000e+04
1.219100000000000000e+04
1.223400000000000000e+04
1.216200000000000000e+04
1.229200000000000000e+04
1.229200000000000000e+04
1.234500000000000000e+04
1.223900000000000000e+04
1.214400000000000000e+04
1.210000000000000000e+04
1.203100000000000000e+04
1.199800000000000000e+04
1.209300000000000000e+04
1.206800000000000000e+04
1.210700000000000000e+04
1.213800000000000000e+04
1.213900000000000000e+04
1.205700000000000000e+04
1.205200000000000000e+04
1.199800000000000000e+04
1.195600000000000000e+04
1.190200000000000000e+04
1.191700000000000000e+04
1.209900000000000000e+04
1.189600000000000000e+04
1.219100000000000000e+04
1.205600000000000000e+04
1.213400000000000000e+04
1.205700000000000000e+04
1.188800000000000000e+04
1.181400000000000000e+04
1.171200000000000000e+04
1.153500000000000000e+04
1.149800000000000000e+04
1.139200000000000000e+04
1.152000000000000000e+04
1.140000000000000000e+04
1.134500000000000000e+04
1.139600000000000000e+04
1.128300000000000000e+04
1.139500000000000000e+04
1.133900000000000000e+04
1.144600000000000000e+04
1.131100000000000000e+04
1.118100000000000000e+04
1.129800000000000000e+04
1.111700000000000000e+04
1.118800000000000000e+04
1.098500000000000000e+04
1.110100000000000000e+04
1.092300000000000000e+04
1.088900000000000000e+04
1.089500000000000000e+04
1.094600000000000000e+04
1.084500000000000000e+04
1.076100000000000000e+04
1.095000000000000000e+04
1.086200000000000000e+04
1.086300000000000000e+04
1.075400000000000000e+04
1.086600000000000000e+04
1.095500000000000000e+04
1.079900000000000000e+04
1.080200000000000000e+04
1.078000000000000000e+04
1.060000000000000000e+04
1.061700000000000000e+04
1.059800000000000000e+04
1.048300000000000000e+04
1.066400000000000000e+04
1.068000000000000000e+04
1.066200000000000000e+04
1.061200000000000000e+04
1.056500000000000000e+04
1.052300000000000000e+04
1.061100000000000000e+04
1.084400000000000000e+04
1.057600000000000000e+04
1.067300000000000000e+04
1.084900000000000000e+04
1.079700000000000000e+04
1.078700000000000000e+04
1.091100000000000000e+04
1.076600000000000000e+04
1.080100000000000000e+04
1.066900000000000000e+04
1.077700000000000000e+04
1.061400000000000000e+04
1.062300000000000000e+04
1.040900000000000000e+04
