3.999000000000000000e+03
3.891000000000000000e+03
4.022000000000000000e+03
4.022000000000000000e+03
4.060000000000000000e+03
4.094000000000000000e+03
4.017000000000000000e+03
4.039000000000000000e+03
4.108000000000000000e+03
4.060000000000000000e+03
4.132000000000000000e+03
3.961000000000000000e+03
4.014000000000000000e+03
4.031000000000000000e+03
4.000000000000000000e+03
3.971000000000000000e+03
3.977000000000000000e+03
4.064000000000000000e+03
4.038000000000000000e+03
4.120000000000000000e+03
4.002000000000000000e+03
4.050000000000000000e+03
4.107000000000000000e+03
4.067000000000000000e+03
4.056000000000000000e+03
4.064000000000000000e+03
4.048000000000000000e+03
4.126000000000000000e+03
4.066000000000000000e+03
4.152000000000000000e+03
4.272000000000000000e+03
4.095000000000000000e+03
4.139000000000000000e+03
4.032000000000000000e+03
4.107000000000000000e+03
4.147000000000000000e+03
4.169000000000000000e+03
4.085000000000000000e+03
4.108000000000000000e+03
4.201000000000000000e+03
4.250000000000000000e+03
4.117000000000000000e+03
4.229000000000000000e+03
4.092000000000000000e+03
4.145000000000000000e+03
4.095000000000000000e+03
4.106000000000000000e+03
4.162000000000000000e+03
4.104000000000000000e+03
4.186000000000000000e+03
4.158000000000000000e+03
4.192000000000000000e+03
4.196000000000000000e+03
4.172000000000000000e+03
4.156000000000000000e+03
4.260000000000000000e+03
4.255000000000000000e+03
4.251000000000000000e+03
4.224000000000000000e+03
4.236000000000000000e+03
4.272000000000000000e+03
4.305000000000000000e+03
4.281000000000000000e+03
4.336000000000000000e+03
4.340000000000000000e+03
4.307000000000000000e+03
4.277000000000000000e+03
4.321000000000000000e+03
4.539000000000000000e+03
4.308000000000000000e+03
4.358000000000000000e+03
4.421000000000000000e+03
4.330000000000000000e+03
4.350000000000000000e+03
4.367000000000000000e+03
4.328000000000000000e+03
4.326000000000000000e+03
4.427000000000000000e+03
4.380000000000000000e+03
4.414000000000000000e+03
4.475000000000000000e+03
4.427000000000000000e+03
4.489000000000000000e+03
4.451000000000000000e+03
4.467000000000000000e+03
4.493000000000000000e+03
4.450000000000000000e+03
4.578000000000000000e+03
4.461000000000000000e+03
4.538000000000000000e+03
4.481000000000000000e+03
4.528000000000000000e+03
4.523000000000000000e+03
4.542000000000000000e+03
4.584000000000000000e+03
4.553000000000000000e+03
4.567000000000000000e+03
4.570000000000000000e+03
4.499000000000000000e+03
4.560000000000000000e+03
4.658000000000000000e+03
4.605000000000000000e+03
4.667000000000000000e+03
4.586000000000000000e+03
4.591000000000000000e+03
4.656000000000000000e+03
4.649000000000000000e+03
4.706000000000000000e+03
4.731000000000000000e+03
4.750000000000000000e+03
4.651000000000000000e+03
4.693000000000000000e+03
4.712000000000000000e+03
4.798000000000000000e+03
4.747000000000000000e+03
4.745000000000000000e+03
4.746000000000000000e+03
4.812000000000000000e+03
4.891000000000000000e+03
4.998000000000000000e+03
4.777000000000000000e+03
5.080000000000000000e+03
4.844000000000000000e+03
4.946000000000000000e+03
4.860000000000000000e+03
4.830000000000000000e+03
4.811000000000000000e+03
4.939000000000000000e+03
4.908000000000000000e+03
5.008000000000000000e+03
4.947000000000000000e+03
4.921000000000000000e+03
4.994000000000000000e+03
5.000000000000000000e+03
4.947000000000000000e+03
4.965000000000000000e+03
5.133000000000000000e+03
5.087000000000000000e+03
5.131000000000000000e+03
5.034000000000000000e+03
5.042000000000000000e+03
5.197000000000000000e+03
5.066000000000000000e+03
5.109000000000000000e+03
5.191000000000000000e+03
5.147000000000000000e+03
5.177000000000000000e+03
5.199000000000000000e+03
5.265000000000000000e+03
5.165000000000000000e+03
5.241000000000000000e+03
5.278000000000000000e+03
5.298000000000000000e+03
5.341000000000000000e+03
5.210000000000000000e+03
5.273000000000000000e+03
5.288000000000000000e+03
5.272000000000000000e+03
5.289000000000000000e+03
5.375000000000000000e+03
5.513000000000000000e+03
5.420000000000000000e+03
5.388000000000000000e+03
5.438000000000000000e+03
5.510000000000000000e+03
5.430000000000000000e+03
5.443000000000000000e+03
5.332000000000000000e+03
5.483000000000000000e+03
5.476000000000000000e+03
5.459000000000000000e+03
5.506000000000000000e+03
5.571000000000000000e+03
5.578000000000000000e+03
5.623000000000000000e+03
5.654000000000000000e+03
5.528000000000000000e+03
5.645000000000000000e+03
5.679000000000000000e+03
5.730000000000000000e+03
5.580000000000000000e+03
5.671000000000000000e+03
5.758000000000000000e+03
5.785000000000000000e+03
5.784000000000000000e+03
5.799000000000000000e+03
5.873000000000000000e+03
5.732000000000000000e+03
5.841000000000000000e+03
5.823000000000000000e+03
5.926000000000000000e+03
5.910000000000000000e+03
5.819000000000000000e+03
6.081000000000000000e+03
6.106000000000000000e+03
5.936000000000000000e+03
5.979000000000000000e+03
5.969000000000000000e+03
5.926000000000000000e+03
6.016000000000000000e+03
6.003000000000000000e+03
6.022000000000000000e+03
6.045000000000000000e+03
6.076000000000000000e+03
6.020000000000000000e+03
6.129000000000000000e+03
6.139000000000000000e+03
6.154000000000000000e+03
6.192000000000000000e+03
6.107000000000000000e+03
6.157000000000000000e+03
6.233000000000000000e+03
6.159000000000000000e+03
6.336000000000000000e+03
6.206000000000000000e+03
6.305000000000000000e+03
6.362000000000000000e+03
6.381000000000000000e+03
6.408000000000000000e+03
6.356000000000000000e+03
6.345000000000000000e+03
6.331000000000000000e+03
6.445000000000000000e+03
6.427000000000000000e+03
6.415000000000000000e+03
6.458000000000000000e+03
6.445000000000000000e+03
6.534000000000000000e+03
6.458000000000000000e+03
6.481000000000000000e+03
6.575000000000000000e+03
6.541000000000000000e+03
6.627000000000000000e+03
6.587000000000000000e+03
6.590000000000000000e+03
6.666000000000000000e+03
6.678000000000000000e+03
6.641000000000000000e+03
6.630000000000000000e+03
6.636000000000000000e+03
6.656000000000000000e+03
6.724000000000000000e+03
6.697000000000000000e+03
7.500000000000000000e+03
6.784000000000000000e+03
6.748000000000000000e+03
6.743000000000000000e+03
6.689000000000000000e+03
6.711000000000000000e+03
6.840000000000000000e+03
6.943000000000000000e+03
6.802000000000000000e+03
6.802000000000000000e+03
6.881000000000000000e+03
6.923000000000000000e+03
6.933000000000000000e+03
7.112000000000000000e+03
6.916000000000000000e+03
6.958000000000000000e+03
6.950000000000000000e+03
6.970000000000000000e+03
6.984000000000000000e+03
7.047000000000000000e+03
7.008000000000000000e+03
6.968000000000000000e+03
6.971000000000000000e+03
7.120000000000000000e+03
7.101000000000000000e+03
7.087000000000000000e+03
7.044000000000000000e+03
7.153000000000000000e+03
7.116000000000000000e+03
7.129000000000000000e+03
7.106000000000000000e+03
7.120000000000000000e+03
7.054000000000000000e+03
7.256000000000000000e+03
7.054000000000000000e+03
7.219000000000000000e+03
7.163000000000000000e+03
7.211000000000000000e+03
7.239000000000000000e+03
7.195000000000000000e+03
7.237000000000000000e+03
7.285000000000000000e+03
7.277000000000000000e+03
7.277000000000000000e+03
7.254000000000000000e+03
7.361000000000000000e+03
7.269000000000000000e+03
7.293000000000000000e+03
7.381000000000000000e+03
7.344000000000000000e+03
7.454000000000000000e+03
7.353000000000000000e+03
7.361000000000000000e+03
7.446000000000000000e+03
7.364000000000000000e+03
7.439000000000000000e+03
7.506000000000000000e+03
7.494000000000000000e+03
7.523000000000000000e+03
7.588000000000000000e+03
7.589000000000000000e+03
7.640000000000000000e+03
7.567000000000000000e+03
7.618000000000000000e+03
7.615000000000000000e+03
7.710000000000000000e+03
7.723000000000000000e+03
7.830000000000000000e+03
7.723000000000000000e+03
7.749000000000000000e+03
7.831000000000000000e+03
7.730000000000000000e+03
7.832000000000000000e+03
7.834000000000000000e+03
7.858000000000000000e+03
7.950000000000000000e+03
7.811000000000000000e+03
7.963000000000000000e+03
7.952000000000000000e+03
8.059000000000000000e+03
7.964000000000000000e+03
8.018000000000000000e+03
8.069000000000000000e+03
8.087000000000000000e+03
8.202000000000000000e+03
8.220000000000000000e+03
8.215000000000000000e+03
8.261000000000000000e+03
8.210000000000000000e+03
8.244000000000000000e+03
8.315000000000000000e+03
8.353000000000000000e+03
8.410000000000000000e+03
8.408000000000000000e+03
8.376000000000000000e+03
8.429000000000000000e+03
8.530000000000000000e+03
8.472000000000000000e+03
8.535000000000000000e+03
8.516000000000000000e+03
8.646000000000000000e+03
8.580000000000000000e+03
8.691000000000000000e+03
8.574000000000000000e+03
8.687000000000000000e+03
8.711000000000000000e+03
9.052000000000000000e+03
8.674000000000000000e+03
8.860000000000000000e+03
8.698000000000000000e+03
8.778000000000000000e+03
8.843000000000000000e+03
8.875000000000000000e+03
9.004000000000000000e+03
8.955000000000000000e+03
8.984000000000000000e+03
9.037000000000000000e+03
8.969000000000000000e+03
9.168000000000000000e+03
9.037000000000000000e+03
9.152000000000000000e+03
9.078000000000000000e+03
9.197000000000000000e+03
9.211000000000000000e+03
9.198000000000000000e+03
9.163000000000000000e+03
9.131000000000000000e+03
9.125000000000000000e+03
9.257000000000000000e+03
9.320000000000000000e+03
9.330000000000000000e+03
9.357000000000000000e+03
9.334000000000000000e+03
9.394000000000000000e+03
9.383000000000000000e+03
9.472000000000000000e+03
9.485000000000000000e+03
9.416000000000000000e+03
9.492000000000000000e+03
9.590000000000000000e+03
9.404000000000000000e+03
9.585000000000000000e+03
9.467000000000000000e+03
9.552000000000000000e+03
9.580000000000000000e+03
9.615000000000000000e+03
9.658000000000000000e+03
9.585000000000000000e+03
9.712000000000000000e+03
9.744000000000000000e+03
9.818000000000000000e+03
9.775000000000000000e+03
9.725000000000000000e+03
9.711000000000000000e+03
9.751000000000000000e+03
9.775000000000000000e+03
9.922000000000000000e+03
9.849000000000000000e+03
9.873000000000000000e+03
9.925000000000000000e+03
1.004500000000000000e+04
9.920000000000000000e+03
9.985000000000000000e+03
1.001300000000000000e+04
1.017000000000000000e+04
1.017300000000000000e+04
1.010400000000000000e+04
1.022100000000000000e+04
1.029300000000000000e+04
1.019200000000000000e+04
1.030200000000000000e+04
1.045500000000000000e+04
1.042100000000000000e+04
1.043000000000000000e+04
1.047900000000000000e+04
1.067100000000000000e+04
1.048900000000000000e+04
1.054600000000000000e+04
1.067200000000000000e+04
1.069800000000000000e+04
1.067300000000000000e+04
1.072600000000000000e+04
1.076300000000000000e+04
1.078000000000000000e+04
1.082700000000000000e+04
1.089800000000000000e+04
1.096400000000000000e+04
1.089400000000000000e+04
1.106300000000000000e+04
1.112200000000000000e+04
1.106300000000000000e+04
1.131500000000000000e+04
1.122300000000000000e+04
1.125400000000000000e+04
1.118300000000000000e+04
1.127700000000000000e+04
1.134900000000000000e+04
1.147800000000000000e+04
1.151100000000000000e+04
1.149800000000000000e+04
1.173300000000000000e+04
1.157400000000000000e+04
1.148400000000000000e+04
1.171300000000000000e+04
1.175200000000000000e+04
1.178900000000000000e+04
1.181500000000000000e+04
1.172300000000000000e+04
1.173300000000000000e+04
1.186800000000000000e+04
1.177300000000000000e+04
1.182500000000000000e+04
1.203400000000000000e+04
1.205000000000000000e+04
1.191900000000000000e+04
1.196100000000000000e+04
1.218900000000000000e+04
1.216400000000000000e+04
1.212300000000000000e+04
1.225400000000000000e+04
1.230100000000000000e+04
1.229400000000000000e+04
1.235600000000000000e+04
1.233800000000000000e+04
1.242800000000000000e+04
1.236500000000000000e+04
1.264400000000000000e+04
1.249600000000000000e+04
1.252800000000000000e+04
1.254000000000000000e+04
1.245700000000000000e+04
1.261900000000000000e+04
1.266700000000000000e+04
1.253600000000000000e+04
1.253500000000000000e+04
1.248600000000000000e+04
1.271300000000000000e+04
1.253700000000000000e+04
1.265600000000000000e+04
1.257800000000000000e+04
1.271600000000000000e+04
1.262100000000000000e+04
1.247800000000000000e+04
1.264700000000000000e+04
1.263100000000000000e+04
1.287500000000000000e+04
1.302100000000000000e+04
1.274300000000000000e+04
1.270900000000000000e+04
1.297700000000000000e+04
1.298600000000000000e+04
1.295300000000000000e+04
1.297300000000000000e+04
1.285400000000000000e+04
1.303300000000000000e+04
1.292400000000000000e+04
1.323700000000000000e+04
1.312600000000000000e+04
1.312000000000000000e+04
1.325400000000000000e+04
1.311200000000000000e+04
1.320500000000000000e+04
1.304700000000000000e+04
1.312800000000000000e+04
1.317500000000000000e+04
1.309500000000000000e+04
1.314100000000000000e+04
1.347700000000000000e+04
1.310000000000000000e+04
1.311000000000000000e+04
1.313800000000000000e+04
1.319300000000000000e+04
1.322900000000000000e+04
1.321500000000000000e+04
1.306000000000000000e+04
1.317900000000000000e+04
1.325400000000000000e+04
1.323300000000000000e+04
1.322900000000000000e+04
1.315100000000000000e+04
1.318100000000000000e+04
1.327200000000000000e+04
1.345700000000000000e+04
1.321700000000000000e+04
1.308600000000000000e+04
1.328900000000000000e+04
1.336400000000000000e+04
1.324500000000000000e+04
1.346900000000000000e+04
1.319500000000000000e+04
1.331800000000000000e+04
1.328400000000000000e+04
1.340600000000000000e+04
1.322600000000000000e+04
1.352200000000000000e+04
1.337200000000000000e+04
1.339500000000000000e+04
1.347900000000000000e+04
1.339900000000000000e+04
1.336700000000000000e+04
1.330400000000000000e+04
1.330100000000000000e+04
1.345400000000000000e+04
1.345700000000000000e+04
1.342600000000000000e+04
1.337900000000000000e+04
1.339300000000000000e+04
1.347500000000000000e+04
1.347800000000000000e+04
1.337100000000000000e+04
1.352600000000000000e+04
1.341800000000000000e+04
1.341000000000000000e+04
1.359100000000000000e+04
1.352100000000000000e+04
1.336400000000000000e+04
1.367500000000000000e+04
1.363500000000000000e+04
1.381400000000000000e+04
1.369700000000000000e+04
1.365900000000000000e+04
1.364900000000000000e+04
1.364600000000000000e+04
1.378400000000000000e+04
1.375400000000000000e+04
1.387000000000000000e+04
1.385700000000000000e+04
1.395600000000000000e+04
1.383500000000000000e+04
1.391500000000000000e+04
1.405900000000000000e+04
1.409400000000000000e+04
1.406000000000000000e+04
1.410900000000000000e+04
1.408500000000000000e+04
1.409400000000000000e+04
1.423900000000000000e+04
1.424700000000000000e+04
1.427700000000000000e+04
1.443800000000000000e+04
1.432700000000000000e+04
1.433800000000000000e+04
1.447700000000000000e+04
1.440500000000000000e+04
1.443100000000000000e+04
1.438200000000000000e+04
1.450800000000000000e+04
1.446900000000000000e+04
1.451400000000000000e+04
1.453800000000000000e+04
1.435900000000000000e+04
1.464300000000000000e+04
1.449400000000000000e+04
1.436800000000000000e+04
1.445600000000000000e+04
1.455700000000000000e+04
1.449000000000000000e+04
1.460000000000000000e+04
1.460800000000000000e+04
1.461500000000000000e+04
1.466200000000000000e+04
1.465900000000000000e+04
1.468800000000000000e+04
1.464700000000000000e+04
1.477700000000000000e+04
1.478700000000000000e+04
1.457300000000000000e+04
1.489600000000000000e+04
1.486600000000000000e+04
1.499000000000000000e+04
1.470600000000000000e+04
1.492200000000000000e+04
1.474700000000000000e+04
1.483600000000000000e+04
1.462000000000000000e+04
1.476800000000000000e+04
1.480300000000000000e+04
1.462200000000000000e+04
1.557600000000000000e+04
1.453100000000000000e+04
1.471900000000000000e+04
1.461000000000000000e+04
1.457100000000000000e+04
1.478300000000000000e+04
1.454100000000000000e+04
1.494500000000000000e+04
1.490000000000000000e+04
1.490500000000000000e+04
1.472200000000000000e+04
1.472500000000000000e+04
1.481000000000000000e+04
1.457100000000000000e+04
1.449700000000000000e+04
1.472400000000000000e+04
1.443700000000000000e+04
1.448700000000000000e+04
1.431800000000000000e+04
1.435800000000000000e+04
1.443100000000000000e+04
1.438200000000000000e+04
1.437000000000000000e+04
1.439600000000000000e+04
1.447200000000000000e+04
1.447000000000000000e+04
1.442700000000000000e+04
1.437500000000000000e+04
1.441600000000000000e+04
1.440400000000000000e+04
1.422400000000000000e+04
1.405700000000000000e+04
1.386500000000000000e+04
1.381200000000000000e+04
1.382000000000000000e+04
1.391100000000000000e+04
1.384100000000000000e+04
1.391800000000000000e+04
1.374800000000000000e+04
1.366800000000000000e+04
1.367000000000000000e+04
1.356100000000000000e+04
1.364700000000000000e+04
1.358000000000000000e+04
1.349500000000000000e+04
1.366000000000000000e+04
1.355800000000000000e+04
1.365300000000000000e+04
1.365200000000000000e+04
1.364600000000000000e+04
1.354300000000000000e+04
1.349900000000000000e+04
1.378100000000000000e+04
1.351900000000000000e+04
1.356300000000000000e+04
1.330900000000000000e+04
1.321800000000000000e+04
1.319800000000000000e+04
1.338500000000000000e+04
1.306200000000000000e+04
1.317700000000000000e+04
1.292400000000000000e+04
1.316000000000000000e+04
1.296500000000000000e+04
1.296800000000000000e+04
1.275800000000000000e+04
1.299600000000000000e+04
1.298300000000000000e+04
1.302600000000000000e+04
1.296700000000000000e+04
1.299100000000000000e+04
1.319200000000000000e+04
1.318200000000000000e+04
1.304700000000000000e+04
1.323000000000000000e+04
1.304900000000000000e+04
1.312800000000000000e+04
1.287500000000000000e+04
1.286200000000000000e+04
1.271900000000000000e+04
1.288600000000000000e+04
1.294000000000000000e+04
1.288100000000000000e+04
1.300700000000000000e+04
1.283400000000000000e+04
1.270800000000000000e+04
1.245500000000000000e+04
1.228200000000000000e+04
1.211700000000000000e+04
1.203500000000000000e+04
1.186800000000000000e+04
1.214100000000000000e+04
1.235200000000000000e+04
1.239400000000000000e+04
1.247800000000000000e+04
1.267500000000000000e+04
1.271000000000000000e+04
1.259200000000000000e+04
1.248400000000000000e+04
1.246800000000000000e+04
1.220500000000000000e+04
1.240000000000000000e+04
1.202300000000000000e+04
1.201900000000000000e+04
1.211900000000000000e+04
1.226500000000000000e+04
1.200700000000000000e+04
1.209400000000000000e+04
1.208600000000000000e+04
1.204500000000000000e+04
1.198600000000000000e+04
1.184100000000000000e+04
1.183900000000000000e+04
1.179500000000000000e+04
1.167400000000000000e+04
1.161500000000000000e+04
1.163000000000000000e+04
1.167400000000000000e+04
1.176100000000000000e+04
1.200000000000000000e+04
1.176100000000000000e+04
1.193500000000000000e+04
1.178400000000000000e+04
1.170100000000000000e+04
1.180700000000000000e+04
1.180100000000000000e+04
1.193300000000000000e+04
1.188800000000000000e+04
1.180200000000000000e+04
1.195000000000000000e+04
1.200100000000000000e+04
1.192100000000000000e+04
1.186000000000000000e+04
1.187100000000000000e+04
1.165600000000000000e+04
1.168600000000000000e+04
1.155800000000000000e+04
1.155500000000000000e+04
1.144100000000000000e+04
1.136800000000000000e+04
1.152000000000000000e+04
1.136700000000000000e+04
1.143400000000000000e+04
1.128500000000000000e+04
