3.485000000000000000e+03
3.400000000000000000e+03
3.487000000000000000e+03
3.424000000000000000e+03
3.419000000000000000e+03
3.690000000000000000e+03
3.507000000000000000e+03
3.474000000000000000e+03
3.448000000000000000e+03
3.462000000000000000e+03
3.392000000000000000e+03
3.358000000000000000e+03
3.440000000000000000e+03
3.392000000000000000e+03
3.340000000000000000e+03
3.347000000000000000e+03
3.308000000000000000e+03
3.248000000000000000e+03
3.407000000000000000e+03
3.383000000000000000e+03
3.477000000000000000e+03
3.443000000000000000e+03
3.419000000000000000e+03
3.433000000000000000e+03
3.393000000000000000e+03
3.462000000000000000e+03
3.525000000000000000e+03
3.510000000000000000e+03
3.730000000000000000e+03
3.530000000000000000e+03
3.508000000000000000e+03
3.493000000000000000e+03
3.560000000000000000e+03
3.536000000000000000e+03
3.539000000000000000e+03
3.520000000000000000e+03
3.498000000000000000e+03
3.559000000000000000e+03
3.532000000000000000e+03
3.546000000000000000e+03
3.540000000000000000e+03
3.564000000000000000e+03
3.562000000000000000e+03
3.611000000000000000e+03
3.611000000000000000e+03
3.523000000000000000e+03
3.524000000000000000e+03
3.576000000000000000e+03
3.526000000000000000e+03
3.597000000000000000e+03
3.650000000000000000e+03
3.623000000000000000e+03
3.607000000000000000e+03
3.584000000000000000e+03
3.629000000000000000e+03
3.655000000000000000e+03
3.617000000000000000e+03
3.645000000000000000e+03
3.659000000000000000e+03
3.690000000000000000e+03
3.633000000000000000e+03
3.649000000000000000e+03
3.729000000000000000e+03
3.697000000000000000e+03
3.735000000000000000e+03
3.873000000000000000e+03
3.801000000000000000e+03
3.657000000000000000e+03
3.722000000000000000e+03
3.626000000000000000e+03
3.770000000000000000e+03
3.754000000000000000e+03
3.766000000000000000e+03
3.748000000000000000e+03
3.691000000000000000e+03
3.788000000000000000e+03
3.703000000000000000e+03
3.696000000000000000e+03
3.824000000000000000e+03
3.718000000000000000e+03
3.831000000000000000e+03
3.761000000000000000e+03
3.811000000000000000e+03
3.848000000000000000e+03
3.831000000000000000e+03
3.886000000000000000e+03
3.793000000000000000e+03
3.878000000000000000e+03
3.823000000000000000e+03
3.874000000000000000e+03
3.847000000000000000e+03
3.942000000000000000e+03
3.843000000000000000e+03
3.829000000000000000e+03
3.864000000000000000e+03
3.873000000000000000e+03
3.955000000000000000e+03
3.926000000000000000e+03
3.869000000000000000e+03
3.960000000000000000e+03
4.050000000000000000e+03
3.978000000000000000e+03
3.984000000000000000e+03
3.938000000000000000e+03
3.980000000000000000e+03
3.947000000000000000e+03
3.983000000000000000e+03
3.911000000000000000e+03
3.923000000000000000e+03
3.964000000000000000e+03
3.973000000000000000e+03
3.970000000000000000e+03
3.998000000000000000e+03
4.050000000000000000e+03
3.992000000000000000e+03
4.109000000000000000e+03
4.008000000000000000e+03
4.051000000000000000e+03
4.032000000000000000e+03
4.064000000000000000e+03
4.094000000000000000e+03
4.127000000000000000e+03
4.122000000000000000e+03
4.167000000000000000e+03
4.163000000000000000e+03
4.088000000000000000e+03
4.229000000000000000e+03
4.103000000000000000e+03
4.194000000000000000e+03
4.181000000000000000e+03
4.212000000000000000e+03
4.221000000000000000e+03
4.250000000000000000e+03
4.183000000000000000e+03
4.269000000000000000e+03
4.299000000000000000e+03
4.313000000000000000e+03
4.299000000000000000e+03
4.281000000000000000e+03
4.333000000000000000e+03
4.286000000000000000e+03
4.369000000000000000e+03
4.202000000000000000e+03
4.342000000000000000e+03
4.297000000000000000e+03
4.328000000000000000e+03
4.365000000000000000e+03
4.347000000000000000e+03
4.359000000000000000e+03
4.442000000000000000e+03
4.411000000000000000e+03
4.394000000000000000e+03
4.437000000000000000e+03
4.421000000000000000e+03
4.403000000000000000e+03
4.425000000000000000e+03
4.524000000000000000e+03
4.521000000000000000e+03
4.490000000000000000e+03
4.525000000000000000e+03
4.522000000000000000e+03
4.507000000000000000e+03
4.534000000000000000e+03
4.471000000000000000e+03
4.534000000000000000e+03
4.588000000000000000e+03
4.554000000000000000e+03
4.644000000000000000e+03
4.710000000000000000e+03
4.559000000000000000e+03
4.716000000000000000e+03
4.627000000000000000e+03
4.672000000000000000e+03
4.727000000000000000e+03
4.669000000000000000e+03
4.643000000000000000e+03
4.813000000000000000e+03
4.660000000000000000e+03
4.694000000000000000e+03
4.766000000000000000e+03
4.761000000000000000e+03
4.806000000000000000e+03
4.807000000000000000e+03
4.755000000000000000e+03
4.783000000000000000e+03
4.813000000000000000e+03
4.828000000000000000e+03
4.809000000000000000e+03
4.838000000000000000e+03
4.842000000000000000e+03
4.865000000000000000e+03
4.880000000000000000e+03
4.834000000000000000e+03
4.887000000000000000e+03
4.911000000000000000e+03
4.930000000000000000e+03
4.924000000000000000e+03
4.995000000000000000e+03
4.969000000000000000e+03
5.025000000000000000e+03
4.956000000000000000e+03
4.976000000000000000e+03
5.105000000000000000e+03
5.030000000000000000e+03
5.126000000000000000e+03
5.116000000000000000e+03
5.120000000000000000e+03
5.121000000000000000e+03
5.163000000000000000e+03
5.119000000000000000e+03
5.264000000000000000e+03
5.167000000000000000e+03
5.198000000000000000e+03
5.234000000000000000e+03
5.161000000000000000e+03
5.303000000000000000e+03
5.250000000000000000e+03
5.259000000000000000e+03
5.300000000000000000e+03
5.285000000000000000e+03
5.377000000000000000e+03
5.296000000000000000e+03
5.322000000000000000e+03
5.408000000000000000e+03
5.289000000000000000e+03
5.382000000000000000e+03
5.356000000000000000e+03
5.360000000000000000e+03
5.452000000000000000e+03
5.422000000000000000e+03
5.440000000000000000e+03
5.500000000000000000e+03
5.463000000000000000e+03
5.483000000000000000e+03
5.495000000000000000e+03
5.483000000000000000e+03
5.464000000000000000e+03
5.621000000000000000e+03
5.561000000000000000e+03
5.557000000000000000e+03
5.650000000000000000e+03
5.551000000000000000e+03
5.574000000000000000e+03
5.654000000000000000e+03
5.606000000000000000e+03
5.667000000000000000e+03
5.666000000000000000e+03
5.656000000000000000e+03
5.599000000000000000e+03
5.639000000000000000e+03
5.762000000000000000e+03
5.819000000000000000e+03
5.695000000000000000e+03
5.658000000000000000e+03
5.677000000000000000e+03
5.735000000000000000e+03
5.694000000000000000e+03
5.810000000000000000e+03
5.824000000000000000e+03
5.669000000000000000e+03
5.793000000000000000e+03
5.780000000000000000e+03
5.804000000000000000e+03
5.864000000000000000e+03
5.785000000000000000e+03
5.846000000000000000e+03
5.859000000000000000e+03
5.907000000000000000e+03
5.820000000000000000e+03
5.865000000000000000e+03
5.936000000000000000e+03
5.846000000000000000e+03
5.873000000000000000e+03
5.927000000000000000e+03
6.013000000000000000e+03
5.923000000000000000e+03
5.916000000000000000e+03
6.066000000000000000e+03
5.993000000000000000e+03
5.965000000000000000e+03
5.877000000000000000e+03
5.931000000000000000e+03
6.027000000000000000e+03
5.989000000000000000e+03
6.066000000000000000e+03
6.102000000000000000e+03
6.305000000000000000e+03
6.130000000000000000e+03
6.086000000000000000e+03
6.116000000000000000e+03
6.080000000000000000e+03
6.057000000000000000e+03
6.075000000000000000e+03
6.140000000000000000e+03
6.188000000000000000e+03
6.167000000000000000e+03
6.086000000000000000e+03
6.153000000000000000e+03
6.180000000000000000e+03
6.219000000000000000e+03
6.250000000000000000e+03
6.176000000000000000e+03
6.249000000000000000e+03
6.211000000000000000e+03
6.257000000000000000e+03
6.204000000000000000e+03
6.292000000000000000e+03
6.278000000000000000e+03
6.361000000000000000e+03
6.382000000000000000e+03
6.500000000000000000e+03
6.376000000000000000e+03
6.488000000000000000e+03
6.442000000000000000e+03
6.380000000000000000e+03
6.444000000000000000e+03
6.519000000000000000e+03
6.491000000000000000e+03
6.556000000000000000e+03
6.531000000000000000e+03
6.620000000000000000e+03
6.606000000000000000e+03
6.594000000000000000e+03
6.724000000000000000e+03
6.717000000000000000e+03
6.664000000000000000e+03
6.728000000000000000e+03
6.744000000000000000e+03
6.759000000000000000e+03
6.793000000000000000e+03
6.808000000000000000e+03
6.843000000000000000e+03
6.891000000000000000e+03
6.761000000000000000e+03
6.977000000000000000e+03
6.855000000000000000e+03
7.009000000000000000e+03
7.017000000000000000e+03
7.073000000000000000e+03
7.037000000000000000e+03
7.085000000000000000e+03
7.118000000000000000e+03
7.138000000000000000e+03
7.081000000000000000e+03
7.141000000000000000e+03
7.178000000000000000e+03
7.191000000000000000e+03
7.319000000000000000e+03
7.230000000000000000e+03
7.226000000000000000e+03
7.227000000000000000e+03
7.318000000000000000e+03
7.450000000000000000e+03
7.364000000000000000e+03
7.307000000000000000e+03
7.394000000000000000e+03
7.415000000000000000e+03
7.528000000000000000e+03
7.535000000000000000e+03
7.422000000000000000e+03
7.427000000000000000e+03
7.694000000000000000e+03
7.511000000000000000e+03
7.574000000000000000e+03
7.647000000000000000e+03
7.570000000000000000e+03
7.568000000000000000e+03
7.513000000000000000e+03
7.647000000000000000e+03
7.609000000000000000e+03
7.719000000000000000e+03
7.724000000000000000e+03
7.682000000000000000e+03
7.777000000000000000e+03
7.942000000000000000e+03
7.837000000000000000e+03
7.823000000000000000e+03
7.772000000000000000e+03
7.829000000000000000e+03
7.892000000000000000e+03
7.866000000000000000e+03
7.842000000000000000e+03
7.752000000000000000e+03
7.921000000000000000e+03
7.824000000000000000e+03
7.879000000000000000e+03
7.911000000000000000e+03
7.991000000000000000e+03
8.001000000000000000e+03
7.964000000000000000e+03
7.977000000000000000e+03
8.089000000000000000e+03
8.029000000000000000e+03
8.230000000000000000e+03
8.032000000000000000e+03
8.110000000000000000e+03
8.066000000000000000e+03
8.110000000000000000e+03
8.091000000000000000e+03
8.276000000000000000e+03
8.207000000000000000e+03
8.240000000000000000e+03
8.092000000000000000e+03
8.134000000000000000e+03
8.256000000000000000e+03
8.334000000000000000e+03
8.484000000000000000e+03
8.248000000000000000e+03
8.295000000000000000e+03
8.432000000000000000e+03
8.367000000000000000e+03
8.472000000000000000e+03
8.479000000000000000e+03
8.514000000000000000e+03
8.560000000000000000e+03
8.534000000000000000e+03
8.559000000000000000e+03
9.053000000000000000e+03
8.580000000000000000e+03
8.971000000000000000e+03
8.851000000000000000e+03
8.794000000000000000e+03
8.861000000000000000e+03
8.788000000000000000e+03
8.774000000000000000e+03
8.854000000000000000e+03
8.956000000000000000e+03
8.914000000000000000e+03
8.924000000000000000e+03
9.120000000000000000e+03
9.064000000000000000e+03
9.100000000000000000e+03
9.188000000000000000e+03
9.059000000000000000e+03
9.260000000000000000e+03
9.171000000000000000e+03
9.279000000000000000e+03
9.395000000000000000e+03
9.253000000000000000e+03
9.443000000000000000e+03
9.377000000000000000e+03
9.474000000000000000e+03
9.446000000000000000e+03
9.545000000000000000e+03
9.625000000000000000e+03
9.581000000000000000e+03
9.599000000000000000e+03
9.644000000000000000e+03
9.645000000000000000e+03
9.677000000000000000e+03
9.798000000000000000e+03
9.857000000000000000e+03
9.919000000000000000e+03
1.001000000000000000e+04
9.905000000000000000e+03
1.003900000000000000e+04
1.001400000000000000e+04
1.008500000000000000e+04
1.001200000000000000e+04
1.006200000000000000e+04
1.012600000000000000e+04
1.012300000000000000e+04
1.010500000000000000e+04
1.023500000000000000e+04
1.025600000000000000e+04
1.026000000000000000e+04
1.025700000000000000e+04
1.033400000000000000e+04
1.036100000000000000e+04
1.034000000000000000e+04
1.038700000000000000e+04
1.045400000000000000e+04
1.044400000000000000e+04
1.049400000000000000e+04
1.048300000000000000e+04
1.027800000000000000e+04
1.046700000000000000e+04
1.056400000000000000e+04
1.048400000000000000e+04
1.063400000000000000e+04
1.055500000000000000e+04
1.061400000000000000e+04
1.061100000000000000e+04
1.071100000000000000e+04
1.054800000000000000e+04
1.072100000000000000e+04
1.071600000000000000e+04
1.054900000000000000e+04
1.055400000000000000e+04
1.057600000000000000e+04
1.080900000000000000e+04
1.071900000000000000e+04
1.066600000000000000e+04
1.068400000000000000e+04
1.081900000000000000e+04
1.072100000000000000e+04
1.091000000000000000e+04
1.084700000000000000e+04
1.093100000000000000e+04
1.092900000000000000e+04
1.092500000000000000e+04
1.097600000000000000e+04
1.100100000000000000e+04
1.083300000000000000e+04
1.095000000000000000e+04
1.102200000000000000e+04
1.097500000000000000e+04
1.108100000000000000e+04
1.088900000000000000e+04
1.096700000000000000e+04
1.104800000000000000e+04
1.095300000000000000e+04
1.109800000000000000e+04
1.095000000000000000e+04
1.105700000000000000e+04
1.104300000000000000e+04
1.100100000000000000e+04
1.105900000000000000e+04
1.108300000000000000e+04
1.107400000000000000e+04
1.108600000000000000e+04
1.116500000000000000e+04
1.096100000000000000e+04
1.110900000000000000e+04
1.115200000000000000e+04
1.109200000000000000e+04
1.116100000000000000e+04
1.112900000000000000e+04
1.111700000000000000e+04
1.097500000000000000e+04
1.099900000000000000e+04
1.107800000000000000e+04
1.097000000000000000e+04
1.121000000000000000e+04
1.110500000000000000e+04
1.108600000000000000e+04
1.095900000000000000e+04
1.109900000000000000e+04
1.111200000000000000e+04
1.114200000000000000e+04
1.101600000000000000e+04
1.105700000000000000e+04
1.114500000000000000e+04
1.109100000000000000e+04
1.101500000000000000e+04
1.119900000000000000e+04
1.109000000000000000e+04
1.114200000000000000e+04
1.135000000000000000e+04
1.121800000000000000e+04
1.112600000000000000e+04
1.123900000000000000e+04
1.119100000000000000e+04
1.122300000000000000e+04
1.134000000000000000e+04
1.118000000000000000e+04
1.125700000000000000e+04
1.117800000000000000e+04
1.116600000000000000e+04
1.123200000000000000e+04
1.120000000000000000e+04
1.118100000000000000e+04
1.121500000000000000e+04
1.141600000000000000e+04
1.138700000000000000e+04
1.129900000000000000e+04
1.144100000000000000e+04
1.141400000000000000e+04
1.142800000000000000e+04
1.151000000000000000e+04
1.144500000000000000e+04
1.158600000000000000e+04
1.149600000000000000e+04
1.147900000000000000e+04
1.153600000000000000e+04
1.159400000000000000e+04
1.148000000000000000e+04
1.162700000000000000e+04
1.157700000000000000e+04
1.165600000000000000e+04
1.159500000000000000e+04
1.150000000000000000e+04
1.151400000000000000e+04
1.180100000000000000e+04
1.173200000000000000e+04
1.175000000000000000e+04
1.175200000000000000e+04
1.190700000000000000e+04
1.180200000000000000e+04
1.174300000000000000e+04
1.182000000000000000e+04
1.188300000000000000e+04
1.182500000000000000e+04
1.186400000000000000e+04
1.181700000000000000e+04
1.170000000000000000e+04
1.183000000000000000e+04
1.182100000000000000e+04
1.190700000000000000e+04
1.191800000000000000e+04
1.179900000000000000e+04
1.188700000000000000e+04
1.190100000000000000e+04
1.173000000000000000e+04
1.178700000000000000e+04
1.181000000000000000e+04
1.187000000000000000e+04
1.187300000000000000e+04
1.209500000000000000e+04
1.200200000000000000e+04
1.225100000000000000e+04
1.209100000000000000e+04
1.252500000000000000e+04
1.228900000000000000e+04
1.224800000000000000e+04
1.236100000000000000e+04
1.238600000000000000e+04
1.235300000000000000e+04
1.232100000000000000e+04
1.231500000000000000e+04
1.229700000000000000e+04
1.242700000000000000e+04
1.241400000000000000e+04
1.241000000000000000e+04
1.238500000000000000e+04
1.249300000000000000e+04
1.262100000000000000e+04
1.239200000000000000e+04
1.249100000000000000e+04
1.250600000000000000e+04
1.245000000000000000e+04
1.247700000000000000e+04
1.263500000000000000e+04
1.258500000000000000e+04
1.239900000000000000e+04
1.254000000000000000e+04
1.270200000000000000e+04
1.255400000000000000e+04
1.240100000000000000e+04
1.249400000000000000e+04
1.235500000000000000e+04
1.246300000000000000e+04
1.239100000000000000e+04
1.242600000000000000e+04
1.237200000000000000e+04
1.240600000000000000e+04
1.242500000000000000e+04
1.237800000000000000e+04
1.246800000000000000e+04
1.233200000000000000e+04
1.243100000000000000e+04
1.240900000000000000e+04
1.215600000000000000e+04
1.250400000000000000e+04
1.224300000000000000e+04
1.234200000000000000e+04
1.218900000000000000e+04
1.229200000000000000e+04
1.215500000000000000e+04
1.220600000000000000e+04
1.209600000000000000e+04
1.203300000000000000e+04
1.196400000000000000e+04
1.202100000000000000e+04
1.189100000000000000e+04
1.193100000000000000e+04
1.191000000000000000e+04
1.190800000000000000e+04
1.180900000000000000e+04
1.182600000000000000e+04
1.188200000000000000e+04
1.171600000000000000e+04
1.157600000000000000e+04
1.159000000000000000e+04
1.166400000000000000e+04
1.155900000000000000e+04
1.158700000000000000e+04
1.152000000000000000e+04
1.147100000000000000e+04
1.154000000000000000e+04
1.125400000000000000e+04
1.139000000000000000e+04
1.126400000000000000e+04
1.123300000000000000e+04
1.126400000000000000e+04
1.112000000000000000e+04
1.120000000000000000e+04
1.110000000000000000e+04
1.104900000000000000e+04
1.121100000000000000e+04
1.121500000000000000e+04
1.098300000000000000e+04
1.117900000000000000e+04
1.091000000000000000e+04
1.096500000000000000e+04
1.092100000000000000e+04
1.071800000000000000e+04
1.084900000000000000e+04
1.087500000000000000e+04
1.079800000000000000e+04
1.084200000000000000e+04
1.071600000000000000e+04
1.071400000000000000e+04
1.067700000000000000e+04
1.068400000000000000e+04
1.087200000000000000e+04
1.087900000000000000e+04
1.072800000000000000e+04
1.080100000000000000e+04
1.061900000000000000e+04
1.052400000000000000e+04
1.045300000000000000e+04
1.036700000000000000e+04
1.032500000000000000e+04
1.016600000000000000e+04
1.031600000000000000e+04
1.029800000000000000e+04
1.035700000000000000e+04
1.049400000000000000e+04
1.040700000000000000e+04
1.044000000000000000e+04
1.048400000000000000e+04
1.044600000000000000e+04
1.044300000000000000e+04
1.036600000000000000e+04
1.027200000000000000e+04
1.016700000000000000e+04
1.013200000000000000e+04
1.012100000000000000e+04
1.006300000000000000e+04
1.019200000000000000e+04
1.022200000000000000e+04
1.025900000000000000e+04
1.018900000000000000e+04
1.038500000000000000e+04
1.031100000000000000e+04
1.040800000000000000e+04
1.054200000000000000e+04
1.027800000000000000e+04
1.054600000000000000e+04
1.055000000000000000e+04
1.050400000000000000e+04
1.064700000000000000e+04
1.048800000000000000e+04
1.061900000000000000e+04
1.045100000000000000e+04
1.034000000000000000e+04
1.022100000000000000e+04
1.005200000000000000e+04
1.000200000000000000e+04
1.012900000000000000e+04
1.017500000000000000e+04
1.017400000000000000e+04
1.012000000000000000e+04
1.009600000000000000e+04
1.010200000000000000e+04
9.974000000000000000e+03
9.787000000000000000e+03
9.475000000000000000e+03
9.611000000000000000e+03
9.580000000000000000e+03
9.719000000000000000e+03
9.693000000000000000e+03
9.658000000000000000e+03
9.469000000000000000e+03
