3.789000000000000000e+03
3.806000000000000000e+03
3.955000000000000000e+03
3.923000000000000000e+03
3.915000000000000000e+03
3.873000000000000000e+03
3.952000000000000000e+03
3.962000000000000000e+03
3.873000000000000000e+03
3.966000000000000000e+03
3.937000000000000000e+03
3.895000000000000000e+03
3.908000000000000000e+03
3.821000000000000000e+03
3.884000000000000000e+03
3.834000000000000000e+03
3.778000000000000000e+03
3.880000000000000000e+03
3.885000000000000000e+03
3.851000000000000000e+03
4.003000000000000000e+03
3.960000000000000000e+03
3.939000000000000000e+03
3.949000000000000000e+03
3.998000000000000000e+03
3.966000000000000000e+03
4.007000000000000000e+03
3.977000000000000000e+03
3.933000000000000000e+03
3.944000000000000000e+03
3.976000000000000000e+03
3.929000000000000000e+03
3.942000000000000000e+03
3.897000000000000000e+03
3.939000000000000000e+03
3.935000000000000000e+03
3.998000000000000000e+03
4.007000000000000000e+03
3.982000000000000000e+03
4.030000000000000000e+03
4.029000000000000000e+03
3.984000000000000000e+03
3.986000000000000000e+03
4.032000000000000000e+03
4.059000000000000000e+03
4.017000000000000000e+03
4.036000000000000000e+03
4.036000000000000000e+03
4.004000000000000000e+03
4.086000000000000000e+03
4.026000000000000000e+03
4.087000000000000000e+03
4.007000000000000000e+03
4.015000000000000000e+03
3.983000000000000000e+03
4.119000000000000000e+03
4.022000000000000000e+03
4.109000000000000000e+03
4.106000000000000000e+03
4.137000000000000000e+03
4.118000000000000000e+03
4.184000000000000000e+03
4.154000000000000000e+03
4.180000000000000000e+03
4.170000000000000000e+03
4.159000000000000000e+03
4.224000000000000000e+03
4.224000000000000000e+03
4.139000000000000000e+03
4.203000000000000000e+03
4.081000000000000000e+03
4.211000000000000000e+03
4.195000000000000000e+03
4.341000000000000000e+03
4.217000000000000000e+03
4.297000000000000000e+03
4.186000000000000000e+03
4.278000000000000000e+03
4.234000000000000000e+03
4.317000000000000000e+03
4.285000000000000000e+03
4.264000000000000000e+03
4.360000000000000000e+03
4.351000000000000000e+03
4.345000000000000000e+03
4.346000000000000000e+03
4.347000000000000000e+03
4.347000000000000000e+03
4.370000000000000000e+03
4.405000000000000000e+03
4.344000000000000000e+03
4.382000000000000000e+03
4.481000000000000000e+03
4.435000000000000000e+03
4.453000000000000000e+03
4.400000000000000000e+03
4.488000000000000000e+03
4.378000000000000000e+03
4.421000000000000000e+03
4.489000000000000000e+03
4.499000000000000000e+03
4.543000000000000000e+03
4.547000000000000000e+03
4.637000000000000000e+03
4.534000000000000000e+03
4.522000000000000000e+03
4.513000000000000000e+03
4.486000000000000000e+03
4.585000000000000000e+03
4.472000000000000000e+03
4.512000000000000000e+03
4.502000000000000000e+03
4.615000000000000000e+03
4.682000000000000000e+03
4.635000000000000000e+03
4.683000000000000000e+03
4.616000000000000000e+03
4.602000000000000000e+03
4.680000000000000000e+03
4.705000000000000000e+03
4.674000000000000000e+03
4.624000000000000000e+03
4.647000000000000000e+03
4.795000000000000000e+03
4.933000000000000000e+03
4.764000000000000000e+03
4.784000000000000000e+03
4.730000000000000000e+03
4.809000000000000000e+03
4.786000000000000000e+03
4.792000000000000000e+03
4.788000000000000000e+03
4.852000000000000000e+03
4.829000000000000000e+03
4.816000000000000000e+03
4.776000000000000000e+03
4.867000000000000000e+03
4.847000000000000000e+03
4.870000000000000000e+03
4.872000000000000000e+03
4.904000000000000000e+03
4.966000000000000000e+03
4.918000000000000000e+03
4.956000000000000000e+03
4.947000000000000000e+03
4.984000000000000000e+03
5.024000000000000000e+03
5.084000000000000000e+03
5.079000000000000000e+03
4.981000000000000000e+03
5.052000000000000000e+03
5.055000000000000000e+03
5.079000000000000000e+03
5.125000000000000000e+03
5.081000000000000000e+03
5.175000000000000000e+03
5.061000000000000000e+03
5.161000000000000000e+03
5.130000000000000000e+03
5.129000000000000000e+03
5.141000000000000000e+03
5.189000000000000000e+03
5.198000000000000000e+03
5.275000000000000000e+03
5.245000000000000000e+03
5.394000000000000000e+03
5.285000000000000000e+03
5.223000000000000000e+03
5.394000000000000000e+03
5.318000000000000000e+03
5.355000000000000000e+03
5.374000000000000000e+03
5.622000000000000000e+03
5.432000000000000000e+03
5.367000000000000000e+03
5.374000000000000000e+03
5.407000000000000000e+03
5.512000000000000000e+03
5.467000000000000000e+03
5.626000000000000000e+03
5.463000000000000000e+03
5.490000000000000000e+03
5.519000000000000000e+03
5.621000000000000000e+03
5.431000000000000000e+03
5.578000000000000000e+03
5.568000000000000000e+03
5.565000000000000000e+03
5.653000000000000000e+03
5.633000000000000000e+03
5.639000000000000000e+03
5.604000000000000000e+03
5.734000000000000000e+03
5.917000000000000000e+03
5.718000000000000000e+03
5.745000000000000000e+03
5.791000000000000000e+03
5.652000000000000000e+03
5.809000000000000000e+03
5.784000000000000000e+03
5.786000000000000000e+03
5.902000000000000000e+03
5.844000000000000000e+03
5.881000000000000000e+03
5.812000000000000000e+03
5.843000000000000000e+03
5.971000000000000000e+03
5.915000000000000000e+03
5.982000000000000000e+03
6.108000000000000000e+03
5.981000000000000000e+03
5.974000000000000000e+03
6.017000000000000000e+03
6.004000000000000000e+03
6.071000000000000000e+03
6.006000000000000000e+03
6.132000000000000000e+03
6.109000000000000000e+03
6.207000000000000000e+03
6.218000000000000000e+03
6.228000000000000000e+03
6.232000000000000000e+03
6.238000000000000000e+03
6.205000000000000000e+03
6.284000000000000000e+03
6.276000000000000000e+03
6.259000000000000000e+03
6.244000000000000000e+03
6.321000000000000000e+03
6.259000000000000000e+03
6.271000000000000000e+03
6.298000000000000000e+03
6.336000000000000000e+03
6.353000000000000000e+03
6.346000000000000000e+03
6.385000000000000000e+03
6.351000000000000000e+03
6.387000000000000000e+03
6.417000000000000000e+03
6.356000000000000000e+03
6.457000000000000000e+03
6.385000000000000000e+03
6.477000000000000000e+03
6.606000000000000000e+03
6.507000000000000000e+03
6.501000000000000000e+03
6.630000000000000000e+03
6.501000000000000000e+03
6.608000000000000000e+03
6.506000000000000000e+03
6.625000000000000000e+03
6.675000000000000000e+03
6.594000000000000000e+03
6.616000000000000000e+03
6.660000000000000000e+03
6.681000000000000000e+03
6.626000000000000000e+03
6.608000000000000000e+03
6.680000000000000000e+03
6.724000000000000000e+03
6.641000000000000000e+03
6.747000000000000000e+03
6.659000000000000000e+03
6.628000000000000000e+03
6.795000000000000000e+03
6.766000000000000000e+03
6.825000000000000000e+03
6.790000000000000000e+03
6.808000000000000000e+03
6.950000000000000000e+03
6.807000000000000000e+03
6.786000000000000000e+03
6.827000000000000000e+03
6.907000000000000000e+03
6.764000000000000000e+03
6.866000000000000000e+03
6.924000000000000000e+03
6.790000000000000000e+03
6.962000000000000000e+03
6.912000000000000000e+03
6.887000000000000000e+03
6.992000000000000000e+03
6.920000000000000000e+03
6.927000000000000000e+03
6.956000000000000000e+03
7.005000000000000000e+03
7.140000000000000000e+03
6.915000000000000000e+03
6.933000000000000000e+03
7.003000000000000000e+03
7.009000000000000000e+03
6.988000000000000000e+03
7.029000000000000000e+03
7.045000000000000000e+03
7.042000000000000000e+03
7.054000000000000000e+03
7.099000000000000000e+03
7.181000000000000000e+03
7.149000000000000000e+03
7.119000000000000000e+03
7.187000000000000000e+03
7.201000000000000000e+03
7.253000000000000000e+03
7.345000000000000000e+03
7.285000000000000000e+03
7.250000000000000000e+03
7.285000000000000000e+03
7.305000000000000000e+03
7.329000000000000000e+03
7.357000000000000000e+03
7.352000000000000000e+03
7.329000000000000000e+03
7.442000000000000000e+03
7.401000000000000000e+03
7.462000000000000000e+03
7.519000000000000000e+03
7.549000000000000000e+03
7.539000000000000000e+03
7.618000000000000000e+03
7.783000000000000000e+03
7.625000000000000000e+03
7.625000000000000000e+03
7.674000000000000000e+03
7.752000000000000000e+03
7.782000000000000000e+03
7.853000000000000000e+03
7.749000000000000000e+03
7.811000000000000000e+03
7.900000000000000000e+03
7.964000000000000000e+03
7.845000000000000000e+03
7.949000000000000000e+03
7.985000000000000000e+03
7.916000000000000000e+03
7.888000000000000000e+03
8.005000000000000000e+03
8.065000000000000000e+03
8.190000000000000000e+03
8.468000000000000000e+03
8.091000000000000000e+03
8.249000000000000000e+03
8.301000000000000000e+03
8.164000000000000000e+03
8.315000000000000000e+03
8.242000000000000000e+03
8.345000000000000000e+03
8.366000000000000000e+03
8.480000000000000000e+03
8.377000000000000000e+03
8.376000000000000000e+03
8.529000000000000000e+03
8.704000000000000000e+03
8.551000000000000000e+03
8.597000000000000000e+03
8.588000000000000000e+03
8.638000000000000000e+03
8.616000000000000000e+03
8.665000000000000000e+03
8.554000000000000000e+03
8.692000000000000000e+03
8.684000000000000000e+03
8.763000000000000000e+03
8.678000000000000000e+03
8.776000000000000000e+03
8.720000000000000000e+03
8.771000000000000000e+03
8.789000000000000000e+03
8.736000000000000000e+03
9.024000000000000000e+03
8.875000000000000000e+03
9.001000000000000000e+03
8.962000000000000000e+03
8.995000000000000000e+03
8.948000000000000000e+03
9.014000000000000000e+03
8.886000000000000000e+03
9.204000000000000000e+03
9.061000000000000000e+03
9.119000000000000000e+03
9.108000000000000000e+03
9.147000000000000000e+03
9.219000000000000000e+03
9.065000000000000000e+03
9.325000000000000000e+03
9.263000000000000000e+03
9.149000000000000000e+03
9.178000000000000000e+03
9.221000000000000000e+03
9.417000000000000000e+03
9.338000000000000000e+03
9.382000000000000000e+03
9.368000000000000000e+03
9.434000000000000000e+03
9.470000000000000000e+03
9.419000000000000000e+03
9.423000000000000000e+03
9.488000000000000000e+03
9.488000000000000000e+03
9.527000000000000000e+03
9.570000000000000000e+03
9.478000000000000000e+03
9.631000000000000000e+03
9.559000000000000000e+03
9.617000000000000000e+03
9.655000000000000000e+03
9.720000000000000000e+03
9.794000000000000000e+03
9.758000000000000000e+03
9.805000000000000000e+03
9.709000000000000000e+03
9.887000000000000000e+03
1.003100000000000000e+04
9.952000000000000000e+03
9.938000000000000000e+03
1.007300000000000000e+04
9.982000000000000000e+03
9.970000000000000000e+03
1.013500000000000000e+04
1.010800000000000000e+04
1.014900000000000000e+04
1.018000000000000000e+04
1.030000000000000000e+04
1.026500000000000000e+04
1.030300000000000000e+04
1.027000000000000000e+04
1.033900000000000000e+04
1.046400000000000000e+04
1.042900000000000000e+04
1.042200000000000000e+04
1.060300000000000000e+04
1.051300000000000000e+04
1.053600000000000000e+04
1.068900000000000000e+04
1.074000000000000000e+04
1.070500000000000000e+04
1.079400000000000000e+04
1.073100000000000000e+04
1.090100000000000000e+04
1.100000000000000000e+04
1.097400000000000000e+04
1.097100000000000000e+04
1.096600000000000000e+04
1.114500000000000000e+04
1.113900000000000000e+04
1.117100000000000000e+04
1.104500000000000000e+04
1.123900000000000000e+04
1.138200000000000000e+04
1.137400000000000000e+04
1.162900000000000000e+04
1.136100000000000000e+04
1.142200000000000000e+04
1.162800000000000000e+04
1.156300000000000000e+04
1.160900000000000000e+04
1.164100000000000000e+04
1.157500000000000000e+04
1.169200000000000000e+04
1.168900000000000000e+04
1.173000000000000000e+04
1.205400000000000000e+04
1.177400000000000000e+04
1.181500000000000000e+04
1.187800000000000000e+04
1.196400000000000000e+04
1.191200000000000000e+04
1.186400000000000000e+04
1.194100000000000000e+04
1.193900000000000000e+04
1.200300000000000000e+04
1.212000000000000000e+04
1.210400000000000000e+04
1.199300000000000000e+04
1.196200000000000000e+04
1.199300000000000000e+04
1.221600000000000000e+04
1.208400000000000000e+04
1.208900000000000000e+04
1.218300000000000000e+04
1.214900000000000000e+04
1.211600000000000000e+04
1.212400000000000000e+04
1.232100000000000000e+04
1.230900000000000000e+04
1.226200000000000000e+04
1.253900000000000000e+04
1.221500000000000000e+04
1.246100000000000000e+04
1.234500000000000000e+04
1.242300000000000000e+04
1.229700000000000000e+04
1.252900000000000000e+04
1.242200000000000000e+04
1.261000000000000000e+04
1.263800000000000000e+04
1.260600000000000000e+04
1.252600000000000000e+04
1.260300000000000000e+04
1.255200000000000000e+04
1.263900000000000000e+04
1.267500000000000000e+04
1.254000000000000000e+04
1.257400000000000000e+04
1.271600000000000000e+04
1.268900000000000000e+04
1.267000000000000000e+04
1.281200000000000000e+04
1.281200000000000000e+04
1.280300000000000000e+04
1.273400000000000000e+04
1.280300000000000000e+04
1.270000000000000000e+04
1.269900000000000000e+04
1.275800000000000000e+04
1.280700000000000000e+04
1.272600000000000000e+04
1.265500000000000000e+04
1.281300000000000000e+04
1.269200000000000000e+04
1.278100000000000000e+04
1.277500000000000000e+04
1.275800000000000000e+04
1.275400000000000000e+04
1.289500000000000000e+04
1.280100000000000000e+04
1.294500000000000000e+04
1.275100000000000000e+04
1.286700000000000000e+04
1.296900000000000000e+04
1.298600000000000000e+04
1.284100000000000000e+04
1.286100000000000000e+04
1.280600000000000000e+04
1.297000000000000000e+04
1.287900000000000000e+04
1.278900000000000000e+04
1.291800000000000000e+04
1.265200000000000000e+04
1.281100000000000000e+04
1.286100000000000000e+04
1.290200000000000000e+04
1.274800000000000000e+04
1.291600000000000000e+04
1.280600000000000000e+04
1.281300000000000000e+04
1.287900000000000000e+04
1.285600000000000000e+04
1.297500000000000000e+04
1.288000000000000000e+04
1.277300000000000000e+04
1.296600000000000000e+04
1.297500000000000000e+04
1.297800000000000000e+04
1.303100000000000000e+04
1.307700000000000000e+04
1.315900000000000000e+04
1.298600000000000000e+04
1.305500000000000000e+04
1.306100000000000000e+04
1.313700000000000000e+04
1.319000000000000000e+04
1.311900000000000000e+04
1.335300000000000000e+04
1.327700000000000000e+04
1.310200000000000000e+04
1.321900000000000000e+04
1.324100000000000000e+04
1.329000000000000000e+04
1.340100000000000000e+04
1.339200000000000000e+04
1.337700000000000000e+04
1.341300000000000000e+04
1.348700000000000000e+04
1.348900000000000000e+04
1.338400000000000000e+04
1.360900000000000000e+04
1.350200000000000000e+04
1.351000000000000000e+04
1.349800000000000000e+04
1.363100000000000000e+04
1.357300000000000000e+04
1.363200000000000000e+04
1.364000000000000000e+04
1.362000000000000000e+04
1.371300000000000000e+04
1.377400000000000000e+04
1.363900000000000000e+04
1.374400000000000000e+04
1.379500000000000000e+04
1.398900000000000000e+04
1.380700000000000000e+04
1.367800000000000000e+04
1.375100000000000000e+04
1.379800000000000000e+04
1.375000000000000000e+04
1.384200000000000000e+04
1.393900000000000000e+04
1.381700000000000000e+04
1.395500000000000000e+04
1.392700000000000000e+04
1.384000000000000000e+04
1.412500000000000000e+04
1.398500000000000000e+04
1.395400000000000000e+04
1.437000000000000000e+04
1.421200000000000000e+04
1.417400000000000000e+04
1.422200000000000000e+04
1.418000000000000000e+04
1.427500000000000000e+04
1.433200000000000000e+04
1.428700000000000000e+04
1.429100000000000000e+04
1.443100000000000000e+04
1.427800000000000000e+04
1.429200000000000000e+04
1.439300000000000000e+04
1.435700000000000000e+04
1.427800000000000000e+04
1.431100000000000000e+04
1.417900000000000000e+04
1.436500000000000000e+04
1.443800000000000000e+04
1.449600000000000000e+04
1.443800000000000000e+04
1.429400000000000000e+04
1.418500000000000000e+04
1.433500000000000000e+04
1.413200000000000000e+04
1.420300000000000000e+04
1.422700000000000000e+04
1.420600000000000000e+04
1.424900000000000000e+04
1.440700000000000000e+04
1.425300000000000000e+04
1.415700000000000000e+04
1.423600000000000000e+04
1.428600000000000000e+04
1.422200000000000000e+04
1.401400000000000000e+04
1.401800000000000000e+04
1.414700000000000000e+04
1.416300000000000000e+04
1.432400000000000000e+04
1.398800000000000000e+04
1.386800000000000000e+04
1.387300000000000000e+04
1.377800000000000000e+04
1.371200000000000000e+04
1.371100000000000000e+04
1.368800000000000000e+04
1.364900000000000000e+04
1.379200000000000000e+04
1.374000000000000000e+04
1.346200000000000000e+04
1.361900000000000000e+04
1.363400000000000000e+04
1.343500000000000000e+04
1.342400000000000000e+04
1.358700000000000000e+04
1.327400000000000000e+04
1.350400000000000000e+04
1.327700000000000000e+04
1.326000000000000000e+04
1.335400000000000000e+04
1.301100000000000000e+04
1.314700000000000000e+04
1.308100000000000000e+04
1.317500000000000000e+04
1.301500000000000000e+04
1.303700000000000000e+04
1.312600000000000000e+04
1.296100000000000000e+04
1.291700000000000000e+04
1.287300000000000000e+04
1.301700000000000000e+04
1.290800000000000000e+04
1.280900000000000000e+04
1.266900000000000000e+04
1.279000000000000000e+04
1.270200000000000000e+04
1.265900000000000000e+04
1.278500000000000000e+04
1.270600000000000000e+04
1.272000000000000000e+04
1.265500000000000000e+04
1.244200000000000000e+04
1.228500000000000000e+04
1.243100000000000000e+04
1.231600000000000000e+04
1.232600000000000000e+04
1.221600000000000000e+04
1.218100000000000000e+04
1.211300000000000000e+04
1.226700000000000000e+04
1.226400000000000000e+04
1.228300000000000000e+04
1.225000000000000000e+04
1.227700000000000000e+04
1.209000000000000000e+04
1.199500000000000000e+04
1.190900000000000000e+04
1.187100000000000000e+04
1.190600000000000000e+04
1.180300000000000000e+04
1.179300000000000000e+04
1.200100000000000000e+04
1.178200000000000000e+04
1.173100000000000000e+04
1.175300000000000000e+04
1.176900000000000000e+04
1.154100000000000000e+04
1.136000000000000000e+04
1.142200000000000000e+04
1.136500000000000000e+04
1.142600000000000000e+04
1.141800000000000000e+04
1.150400000000000000e+04
1.149100000000000000e+04
1.156100000000000000e+04
1.173200000000000000e+04
1.157600000000000000e+04
1.175900000000000000e+04
1.180900000000000000e+04
1.182200000000000000e+04
1.187200000000000000e+04
1.181200000000000000e+04
1.184100000000000000e+04
1.197800000000000000e+04
1.208700000000000000e+04
1.189200000000000000e+04
1.187900000000000000e+04
1.181300000000000000e+04
1.155100000000000000e+04
1.148600000000000000e+04
1.141600000000000000e+04
1.162600000000000000e+04
1.130600000000000000e+04
1.113000000000000000e+04
1.107500000000000000e+04
1.106800000000000000e+04
1.121600000000000000e+04
1.115500000000000000e+04
1.117100000000000000e+04
1.125700000000000000e+04
1.144700000000000000e+04
1.148700000000000000e+04
1.142600000000000000e+04
1.156600000000000000e+04
1.135700000000000000e+04
1.144200000000000000e+04
1.129000000000000000e+04
1.128800000000000000e+04
1.118800000000000000e+04
1.112900000000000000e+04
1.106400000000000000e+04
1.113100000000000000e+04
1.110000000000000000e+04
1.130300000000000000e+04
1.114900000000000000e+04
1.123600000000000000e+04
1.110100000000000000e+04
1.098300000000000000e+04
1.081000000000000000e+04
1.071400000000000000e+04
