3.807000000000000000e+03
3.853000000000000000e+03
3.821000000000000000e+03
3.852000000000000000e+03
3.903000000000000000e+03
3.938000000000000000e+03
3.897000000000000000e+03
3.854000000000000000e+03
3.984000000000000000e+03
3.894000000000000000e+03
3.899000000000000000e+03
3.886000000000000000e+03
3.892000000000000000e+03
3.875000000000000000e+03
3.856000000000000000e+03
3.841000000000000000e+03
3.835000000000000000e+03
3.876000000000000000e+03
3.877000000000000000e+03
3.963000000000000000e+03
3.906000000000000000e+03
3.970000000000000000e+03
3.888000000000000000e+03
3.954000000000000000e+03
3.994000000000000000e+03
3.995000000000000000e+03
4.031000000000000000e+03
3.959000000000000000e+03
4.043000000000000000e+03
3.996000000000000000e+03
4.005000000000000000e+03
3.994000000000000000e+03
3.966000000000000000e+03
3.977000000000000000e+03
3.924000000000000000e+03
3.917000000000000000e+03
3.979000000000000000e+03
3.916000000000000000e+03
3.970000000000000000e+03
4.019000000000000000e+03
4.093000000000000000e+03
4.029000000000000000e+03
4.007000000000000000e+03
4.012000000000000000e+03
3.958000000000000000e+03
4.153000000000000000e+03
4.030000000000000000e+03
4.078000000000000000e+03
4.083000000000000000e+03
3.992000000000000000e+03
4.073000000000000000e+03
4.084000000000000000e+03
4.083000000000000000e+03
4.106000000000000000e+03
4.100000000000000000e+03
3.994000000000000000e+03
4.108000000000000000e+03
4.114000000000000000e+03
4.063000000000000000e+03
4.112000000000000000e+03
4.183000000000000000e+03
4.124000000000000000e+03
4.120000000000000000e+03
4.161000000000000000e+03
4.183000000000000000e+03
4.121000000000000000e+03
4.168000000000000000e+03
4.204000000000000000e+03
4.245000000000000000e+03
4.234000000000000000e+03
4.245000000000000000e+03
4.247000000000000000e+03
4.256000000000000000e+03
4.406000000000000000e+03
4.207000000000000000e+03
4.245000000000000000e+03
4.314000000000000000e+03
4.244000000000000000e+03
4.267000000000000000e+03
4.362000000000000000e+03
4.358000000000000000e+03
4.271000000000000000e+03
4.304000000000000000e+03
4.277000000000000000e+03
4.511000000000000000e+03
4.407000000000000000e+03
4.325000000000000000e+03
4.403000000000000000e+03
4.258000000000000000e+03
4.334000000000000000e+03
4.358000000000000000e+03
4.326000000000000000e+03
4.522000000000000000e+03
4.391000000000000000e+03
4.420000000000000000e+03
4.403000000000000000e+03
4.424000000000000000e+03
4.488000000000000000e+03
4.389000000000000000e+03
4.467000000000000000e+03
4.461000000000000000e+03
4.443000000000000000e+03
4.475000000000000000e+03
4.466000000000000000e+03
4.425000000000000000e+03
4.505000000000000000e+03
4.529000000000000000e+03
4.469000000000000000e+03
4.516000000000000000e+03
4.622000000000000000e+03
4.526000000000000000e+03
4.577000000000000000e+03
4.533000000000000000e+03
4.572000000000000000e+03
4.639000000000000000e+03
4.527000000000000000e+03
4.698000000000000000e+03
4.673000000000000000e+03
4.684000000000000000e+03
4.598000000000000000e+03
4.666000000000000000e+03
4.672000000000000000e+03
4.690000000000000000e+03
4.691000000000000000e+03
4.715000000000000000e+03
4.815000000000000000e+03
4.752000000000000000e+03
4.760000000000000000e+03
4.761000000000000000e+03
4.809000000000000000e+03
4.761000000000000000e+03
4.780000000000000000e+03
4.812000000000000000e+03
4.813000000000000000e+03
4.814000000000000000e+03
4.806000000000000000e+03
4.804000000000000000e+03
4.815000000000000000e+03
4.902000000000000000e+03
4.903000000000000000e+03
4.912000000000000000e+03
4.884000000000000000e+03
4.938000000000000000e+03
4.876000000000000000e+03
4.906000000000000000e+03
4.976000000000000000e+03
5.008000000000000000e+03
5.012000000000000000e+03
5.031000000000000000e+03
5.087000000000000000e+03
5.083000000000000000e+03
5.055000000000000000e+03
5.203000000000000000e+03
5.114000000000000000e+03
5.038000000000000000e+03
5.142000000000000000e+03
5.122000000000000000e+03
5.206000000000000000e+03
5.127000000000000000e+03
5.116000000000000000e+03
5.160000000000000000e+03
5.247000000000000000e+03
5.227000000000000000e+03
5.154000000000000000e+03
5.188000000000000000e+03
5.247000000000000000e+03
5.314000000000000000e+03
5.306000000000000000e+03
5.367000000000000000e+03
5.284000000000000000e+03
5.310000000000000000e+03
5.343000000000000000e+03
5.332000000000000000e+03
5.401000000000000000e+03
5.620000000000000000e+03
5.415000000000000000e+03
5.430000000000000000e+03
5.455000000000000000e+03
5.489000000000000000e+03
5.448000000000000000e+03
5.461000000000000000e+03
5.471000000000000000e+03
5.514000000000000000e+03
5.562000000000000000e+03
5.567000000000000000e+03
5.562000000000000000e+03
5.521000000000000000e+03
5.564000000000000000e+03
5.632000000000000000e+03
5.649000000000000000e+03
5.579000000000000000e+03
5.742000000000000000e+03
5.603000000000000000e+03
5.724000000000000000e+03
5.706000000000000000e+03
5.765000000000000000e+03
5.743000000000000000e+03
5.702000000000000000e+03
5.768000000000000000e+03
5.783000000000000000e+03
5.753000000000000000e+03
5.798000000000000000e+03
5.924000000000000000e+03
5.920000000000000000e+03
5.950000000000000000e+03
5.897000000000000000e+03
5.883000000000000000e+03
5.948000000000000000e+03
5.963000000000000000e+03
6.068000000000000000e+03
5.974000000000000000e+03
6.006000000000000000e+03
6.244000000000000000e+03
6.034000000000000000e+03
6.047000000000000000e+03
5.959000000000000000e+03
6.032000000000000000e+03
6.092000000000000000e+03
6.135000000000000000e+03
6.150000000000000000e+03
6.169000000000000000e+03
6.128000000000000000e+03
6.256000000000000000e+03
6.185000000000000000e+03
6.267000000000000000e+03
6.233000000000000000e+03
6.171000000000000000e+03
6.235000000000000000e+03
6.357000000000000000e+03
6.297000000000000000e+03
6.278000000000000000e+03
6.330000000000000000e+03
6.365000000000000000e+03
6.337000000000000000e+03
6.358000000000000000e+03
6.371000000000000000e+03
6.331000000000000000e+03
6.390000000000000000e+03
6.409000000000000000e+03
6.452000000000000000e+03
6.361000000000000000e+03
6.513000000000000000e+03
6.576000000000000000e+03
6.446000000000000000e+03
6.555000000000000000e+03
6.453000000000000000e+03
6.506000000000000000e+03
6.583000000000000000e+03
6.556000000000000000e+03
6.589000000000000000e+03
6.610000000000000000e+03
6.623000000000000000e+03
6.586000000000000000e+03
6.675000000000000000e+03
6.630000000000000000e+03
6.664000000000000000e+03
6.665000000000000000e+03
6.739000000000000000e+03
6.681000000000000000e+03
6.759000000000000000e+03
6.736000000000000000e+03
6.690000000000000000e+03
6.821000000000000000e+03
6.773000000000000000e+03
6.674000000000000000e+03
6.756000000000000000e+03
6.740000000000000000e+03
6.726000000000000000e+03
6.806000000000000000e+03
6.807000000000000000e+03
6.811000000000000000e+03
6.740000000000000000e+03
6.912000000000000000e+03
6.835000000000000000e+03
6.789000000000000000e+03
6.878000000000000000e+03
6.884000000000000000e+03
6.883000000000000000e+03
6.977000000000000000e+03
6.858000000000000000e+03
6.843000000000000000e+03
6.860000000000000000e+03
6.833000000000000000e+03
6.958000000000000000e+03
6.927000000000000000e+03
6.937000000000000000e+03
6.988000000000000000e+03
6.926000000000000000e+03
6.868000000000000000e+03
7.002000000000000000e+03
6.974000000000000000e+03
7.104000000000000000e+03
7.004000000000000000e+03
7.144000000000000000e+03
6.979000000000000000e+03
7.047000000000000000e+03
7.076000000000000000e+03
7.135000000000000000e+03
7.132000000000000000e+03
7.133000000000000000e+03
7.201000000000000000e+03
7.160000000000000000e+03
7.218000000000000000e+03
7.244000000000000000e+03
7.234000000000000000e+03
7.257000000000000000e+03
7.324000000000000000e+03
7.331000000000000000e+03
7.351000000000000000e+03
7.363000000000000000e+03
7.470000000000000000e+03
7.599000000000000000e+03
7.393000000000000000e+03
7.446000000000000000e+03
7.445000000000000000e+03
7.447000000000000000e+03
7.658000000000000000e+03
7.573000000000000000e+03
7.567000000000000000e+03
7.601000000000000000e+03
7.698000000000000000e+03
7.651000000000000000e+03
7.626000000000000000e+03
7.722000000000000000e+03
7.594000000000000000e+03
7.775000000000000000e+03
7.774000000000000000e+03
7.904000000000000000e+03
7.787000000000000000e+03
7.804000000000000000e+03
7.881000000000000000e+03
7.755000000000000000e+03
7.903000000000000000e+03
7.942000000000000000e+03
7.956000000000000000e+03
8.073000000000000000e+03
8.061000000000000000e+03
8.065000000000000000e+03
8.083000000000000000e+03
8.128000000000000000e+03
8.246000000000000000e+03
8.193000000000000000e+03
8.169000000000000000e+03
8.237000000000000000e+03
8.312000000000000000e+03
8.259000000000000000e+03
8.350000000000000000e+03
8.302000000000000000e+03
8.661000000000000000e+03
8.392000000000000000e+03
8.413000000000000000e+03
8.623000000000000000e+03
8.464000000000000000e+03
8.490000000000000000e+03
8.743000000000000000e+03
8.585000000000000000e+03
8.529000000000000000e+03
8.612000000000000000e+03
8.775000000000000000e+03
8.725000000000000000e+03
8.713000000000000000e+03
8.706000000000000000e+03
8.708000000000000000e+03
8.762000000000000000e+03
8.762000000000000000e+03
8.870000000000000000e+03
8.811000000000000000e+03
8.947000000000000000e+03
8.943000000000000000e+03
8.895000000000000000e+03
8.856000000000000000e+03
8.737000000000000000e+03
8.881000000000000000e+03
8.941000000000000000e+03
9.093000000000000000e+03
8.936000000000000000e+03
8.914000000000000000e+03
9.133000000000000000e+03
8.822000000000000000e+03
8.949000000000000000e+03
9.048000000000000000e+03
9.167000000000000000e+03
9.109000000000000000e+03
9.059000000000000000e+03
9.038000000000000000e+03
9.188000000000000000e+03
9.169000000000000000e+03
9.186000000000000000e+03
9.270000000000000000e+03
9.215000000000000000e+03
9.304000000000000000e+03
9.317000000000000000e+03
9.248000000000000000e+03
9.311000000000000000e+03
9.498000000000000000e+03
9.444000000000000000e+03
9.518000000000000000e+03
9.347000000000000000e+03
9.525000000000000000e+03
9.447000000000000000e+03
9.463000000000000000e+03
9.487000000000000000e+03
9.634000000000000000e+03
9.541000000000000000e+03
9.662000000000000000e+03
9.690000000000000000e+03
9.630000000000000000e+03
9.727000000000000000e+03
9.773000000000000000e+03
9.928000000000000000e+03
9.907000000000000000e+03
1.001200000000000000e+04
9.974000000000000000e+03
9.881000000000000000e+03
9.951000000000000000e+03
1.005400000000000000e+04
1.006000000000000000e+04
1.015100000000000000e+04
1.005300000000000000e+04
1.025000000000000000e+04
1.027100000000000000e+04
1.006700000000000000e+04
1.028900000000000000e+04
1.039400000000000000e+04
1.025600000000000000e+04
1.041400000000000000e+04
1.038900000000000000e+04
1.048200000000000000e+04
1.055900000000000000e+04
1.051900000000000000e+04
1.055600000000000000e+04
1.042100000000000000e+04
1.053600000000000000e+04
1.096500000000000000e+04
1.076900000000000000e+04
1.074700000000000000e+04
1.070500000000000000e+04
1.082700000000000000e+04
1.085400000000000000e+04
1.095000000000000000e+04
1.098900000000000000e+04
1.099800000000000000e+04
1.120100000000000000e+04
1.109600000000000000e+04
1.111600000000000000e+04
1.115000000000000000e+04
1.124700000000000000e+04
1.116100000000000000e+04
1.120800000000000000e+04
1.136700000000000000e+04
1.135900000000000000e+04
1.129700000000000000e+04
1.152100000000000000e+04
1.153600000000000000e+04
1.149400000000000000e+04
1.157300000000000000e+04
1.163700000000000000e+04
1.163800000000000000e+04
1.178000000000000000e+04
1.169600000000000000e+04
1.174900000000000000e+04
1.188500000000000000e+04
1.187900000000000000e+04
1.169500000000000000e+04
1.174300000000000000e+04
1.193400000000000000e+04
1.192500000000000000e+04
1.197400000000000000e+04
1.205400000000000000e+04
1.206500000000000000e+04
1.195600000000000000e+04
1.203300000000000000e+04
1.199600000000000000e+04
1.211600000000000000e+04
1.208600000000000000e+04
1.213900000000000000e+04
1.203300000000000000e+04
1.204300000000000000e+04
1.220300000000000000e+04
1.209900000000000000e+04
1.228200000000000000e+04
1.213400000000000000e+04
1.203300000000000000e+04
1.209400000000000000e+04
1.223400000000000000e+04
1.230000000000000000e+04
1.230300000000000000e+04
1.224500000000000000e+04
1.245100000000000000e+04
1.232400000000000000e+04
1.243900000000000000e+04
1.239400000000000000e+04
1.229800000000000000e+04
1.240500000000000000e+04
1.254700000000000000e+04
1.252200000000000000e+04
1.253200000000000000e+04
1.249900000000000000e+04
1.260200000000000000e+04
1.261400000000000000e+04
1.272800000000000000e+04
1.273500000000000000e+04
1.253700000000000000e+04
1.286700000000000000e+04
1.263600000000000000e+04
1.261100000000000000e+04
1.275700000000000000e+04
1.266500000000000000e+04
1.266100000000000000e+04
1.271500000000000000e+04
1.268900000000000000e+04
1.267400000000000000e+04
1.267800000000000000e+04
1.268600000000000000e+04
1.293000000000000000e+04
1.292500000000000000e+04
1.270000000000000000e+04
1.270400000000000000e+04
1.284400000000000000e+04
1.286700000000000000e+04
1.267000000000000000e+04
1.279200000000000000e+04
1.272400000000000000e+04
1.262800000000000000e+04
1.275400000000000000e+04
1.292800000000000000e+04
1.281500000000000000e+04
1.274700000000000000e+04
1.272300000000000000e+04
1.282700000000000000e+04
1.282800000000000000e+04
1.277800000000000000e+04
1.281000000000000000e+04
1.272100000000000000e+04
1.278900000000000000e+04
1.286700000000000000e+04
1.285100000000000000e+04
1.277100000000000000e+04
1.280100000000000000e+04
1.280100000000000000e+04
1.276200000000000000e+04
1.277300000000000000e+04
1.287300000000000000e+04
1.296200000000000000e+04
1.283000000000000000e+04
1.274700000000000000e+04
1.279800000000000000e+04
1.292600000000000000e+04
1.283900000000000000e+04
1.282000000000000000e+04
1.297000000000000000e+04
1.306400000000000000e+04
1.297900000000000000e+04
1.320900000000000000e+04
1.298700000000000000e+04
1.314700000000000000e+04
1.300700000000000000e+04
1.293300000000000000e+04
1.299800000000000000e+04
1.310200000000000000e+04
1.317000000000000000e+04
1.316900000000000000e+04
1.315300000000000000e+04
1.323900000000000000e+04
1.324800000000000000e+04
1.313900000000000000e+04
1.315800000000000000e+04
1.328100000000000000e+04
1.332900000000000000e+04
1.332400000000000000e+04
1.322200000000000000e+04
1.324300000000000000e+04
1.344200000000000000e+04
1.356900000000000000e+04
1.345900000000000000e+04
1.330800000000000000e+04
1.351700000000000000e+04
1.348400000000000000e+04
1.342900000000000000e+04
1.354600000000000000e+04
1.361100000000000000e+04
1.357400000000000000e+04
1.350700000000000000e+04
1.364500000000000000e+04
1.359600000000000000e+04
1.358500000000000000e+04
1.352800000000000000e+04
1.372900000000000000e+04
1.379800000000000000e+04
1.388800000000000000e+04
1.364600000000000000e+04
1.377200000000000000e+04
1.372900000000000000e+04
1.372700000000000000e+04
1.383600000000000000e+04
1.377900000000000000e+04
1.372000000000000000e+04
1.385400000000000000e+04
1.395800000000000000e+04
1.407500000000000000e+04
1.390600000000000000e+04
1.401900000000000000e+04
1.391100000000000000e+04
1.407500000000000000e+04
1.405300000000000000e+04
1.402000000000000000e+04
1.407700000000000000e+04
1.407400000000000000e+04
1.400100000000000000e+04
1.412900000000000000e+04
1.413900000000000000e+04
1.411700000000000000e+04
1.425600000000000000e+04
1.421300000000000000e+04
1.410100000000000000e+04
1.426600000000000000e+04
1.412900000000000000e+04
1.423600000000000000e+04
1.432900000000000000e+04
1.410900000000000000e+04
1.439100000000000000e+04
1.412500000000000000e+04
1.424700000000000000e+04
1.430900000000000000e+04
1.442600000000000000e+04
1.435700000000000000e+04
1.416600000000000000e+04
1.422900000000000000e+04
1.436600000000000000e+04
1.430300000000000000e+04
1.427700000000000000e+04
1.436300000000000000e+04
1.416100000000000000e+04
1.429600000000000000e+04
1.415800000000000000e+04
1.419000000000000000e+04
1.415300000000000000e+04
1.406600000000000000e+04
1.397900000000000000e+04
1.414400000000000000e+04
1.410800000000000000e+04
1.409000000000000000e+04
1.388400000000000000e+04
1.395300000000000000e+04
1.409100000000000000e+04
1.387100000000000000e+04
1.388400000000000000e+04
1.381600000000000000e+04
1.397800000000000000e+04
1.377400000000000000e+04
1.382100000000000000e+04
1.374000000000000000e+04
1.369900000000000000e+04
1.362300000000000000e+04
1.364700000000000000e+04
1.357400000000000000e+04
1.341200000000000000e+04
1.315800000000000000e+04
1.316200000000000000e+04
1.317000000000000000e+04
1.311600000000000000e+04
1.306700000000000000e+04
1.314800000000000000e+04
1.320300000000000000e+04
1.315100000000000000e+04
1.302800000000000000e+04
1.331300000000000000e+04
1.331500000000000000e+04
1.326500000000000000e+04
1.328200000000000000e+04
1.328400000000000000e+04
1.334100000000000000e+04
1.319800000000000000e+04
1.300200000000000000e+04
1.333100000000000000e+04
1.305900000000000000e+04
1.293400000000000000e+04
1.282000000000000000e+04
1.286000000000000000e+04
1.284100000000000000e+04
1.277800000000000000e+04
1.283600000000000000e+04
1.269500000000000000e+04
1.265200000000000000e+04
1.244200000000000000e+04
1.249900000000000000e+04
1.264700000000000000e+04
1.240600000000000000e+04
1.245600000000000000e+04
1.234400000000000000e+04
1.223400000000000000e+04
1.232900000000000000e+04
1.221100000000000000e+04
1.238700000000000000e+04
1.239100000000000000e+04
1.226700000000000000e+04
1.236200000000000000e+04
1.250500000000000000e+04
1.232100000000000000e+04
1.218500000000000000e+04
1.216200000000000000e+04
1.205100000000000000e+04
1.195700000000000000e+04
1.189400000000000000e+04
1.191000000000000000e+04
1.197100000000000000e+04
1.198600000000000000e+04
1.214100000000000000e+04
1.200700000000000000e+04
1.194000000000000000e+04
1.183000000000000000e+04
1.176800000000000000e+04
1.152600000000000000e+04
1.146600000000000000e+04
1.136800000000000000e+04
1.133200000000000000e+04
1.129100000000000000e+04
1.138300000000000000e+04
1.159900000000000000e+04
1.150400000000000000e+04
1.171600000000000000e+04
1.180100000000000000e+04
1.174900000000000000e+04
1.151300000000000000e+04
1.175600000000000000e+04
1.160300000000000000e+04
1.170200000000000000e+04
1.142100000000000000e+04
1.157300000000000000e+04
1.160400000000000000e+04
1.156600000000000000e+04
1.148300000000000000e+04
1.160900000000000000e+04
1.159700000000000000e+04
1.149500000000000000e+04
1.130700000000000000e+04
1.116100000000000000e+04
1.124900000000000000e+04
1.119300000000000000e+04
1.116500000000000000e+04
1.118100000000000000e+04
1.119000000000000000e+04
1.128600000000000000e+04
1.130200000000000000e+04
1.124600000000000000e+04
1.151000000000000000e+04
1.139100000000000000e+04
1.145900000000000000e+04
1.143500000000000000e+04
1.133100000000000000e+04
1.137600000000000000e+04
1.131700000000000000e+04
1.119000000000000000e+04
1.116500000000000000e+04
1.123300000000000000e+04
1.120000000000000000e+04
1.113000000000000000e+04
1.119600000000000000e+04
1.123300000000000000e+04
1.124900000000000000e+04
1.106700000000000000e+04
1.101200000000000000e+04
1.098800000000000000e+04
1.083400000000000000e+04
1.070100000000000000e+04
