3.875000000000000000e+03
3.876000000000000000e+03
3.829000000000000000e+03
3.835000000000000000e+03
3.936000000000000000e+03
3.793000000000000000e+03
3.904000000000000000e+03
3.913000000000000000e+03
3.898000000000000000e+03
3.888000000000000000e+03
3.833000000000000000e+03
3.879000000000000000e+03
3.858000000000000000e+03
3.824000000000000000e+03
3.820000000000000000e+03
3.898000000000000000e+03
3.905000000000000000e+03
3.891000000000000000e+03
3.931000000000000000e+03
3.940000000000000000e+03
3.979000000000000000e+03
3.933000000000000000e+03
3.953000000000000000e+03
3.925000000000000000e+03
4.111000000000000000e+03
3.910000000000000000e+03
3.965000000000000000e+03
3.922000000000000000e+03
3.913000000000000000e+03
3.901000000000000000e+03
3.939000000000000000e+03
3.921000000000000000e+03
4.004000000000000000e+03
3.949000000000000000e+03
3.953000000000000000e+03
3.969000000000000000e+03
3.990000000000000000e+03
3.967000000000000000e+03
4.001000000000000000e+03
3.986000000000000000e+03
3.953000000000000000e+03
4.024000000000000000e+03
4.065000000000000000e+03
3.978000000000000000e+03
4.008000000000000000e+03
4.010000000000000000e+03
4.215000000000000000e+03
3.893000000000000000e+03
3.979000000000000000e+03
3.968000000000000000e+03
4.035000000000000000e+03
4.030000000000000000e+03
4.034000000000000000e+03
4.030000000000000000e+03
4.063000000000000000e+03
4.141000000000000000e+03
4.111000000000000000e+03
4.095000000000000000e+03
4.016000000000000000e+03
4.030000000000000000e+03
4.054000000000000000e+03
4.138000000000000000e+03
4.133000000000000000e+03
4.131000000000000000e+03
4.152000000000000000e+03
4.108000000000000000e+03
4.147000000000000000e+03
4.185000000000000000e+03
4.146000000000000000e+03
4.187000000000000000e+03
4.275000000000000000e+03
4.185000000000000000e+03
4.226000000000000000e+03
4.216000000000000000e+03
4.185000000000000000e+03
4.273000000000000000e+03
4.230000000000000000e+03
4.323000000000000000e+03
4.255000000000000000e+03
4.269000000000000000e+03
4.234000000000000000e+03
4.344000000000000000e+03
4.262000000000000000e+03
4.278000000000000000e+03
4.358000000000000000e+03
4.312000000000000000e+03
4.308000000000000000e+03
4.323000000000000000e+03
4.319000000000000000e+03
4.388000000000000000e+03
4.351000000000000000e+03
4.388000000000000000e+03
4.409000000000000000e+03
4.361000000000000000e+03
4.343000000000000000e+03
4.438000000000000000e+03
4.436000000000000000e+03
4.461000000000000000e+03
4.442000000000000000e+03
4.469000000000000000e+03
4.488000000000000000e+03
4.480000000000000000e+03
4.390000000000000000e+03
4.403000000000000000e+03
4.477000000000000000e+03
4.516000000000000000e+03
4.427000000000000000e+03
4.515000000000000000e+03
4.486000000000000000e+03
4.517000000000000000e+03
4.495000000000000000e+03
4.454000000000000000e+03
4.538000000000000000e+03
4.636000000000000000e+03
4.590000000000000000e+03
4.577000000000000000e+03
4.616000000000000000e+03
4.767000000000000000e+03
4.620000000000000000e+03
4.659000000000000000e+03
4.677000000000000000e+03
4.716000000000000000e+03
4.686000000000000000e+03
4.643000000000000000e+03
4.701000000000000000e+03
4.694000000000000000e+03
4.691000000000000000e+03
4.723000000000000000e+03
4.841000000000000000e+03
4.734000000000000000e+03
4.823000000000000000e+03
4.726000000000000000e+03
4.681000000000000000e+03
4.805000000000000000e+03
4.759000000000000000e+03
4.790000000000000000e+03
4.879000000000000000e+03
4.797000000000000000e+03
4.826000000000000000e+03
4.861000000000000000e+03
4.952000000000000000e+03
4.854000000000000000e+03
4.974000000000000000e+03
4.892000000000000000e+03
4.905000000000000000e+03
4.963000000000000000e+03
5.148000000000000000e+03
4.951000000000000000e+03
5.016000000000000000e+03
4.997000000000000000e+03
5.017000000000000000e+03
4.995000000000000000e+03
5.006000000000000000e+03
5.084000000000000000e+03
5.145000000000000000e+03
5.025000000000000000e+03
5.066000000000000000e+03
5.104000000000000000e+03
5.060000000000000000e+03
5.125000000000000000e+03
5.138000000000000000e+03
5.123000000000000000e+03
5.240000000000000000e+03
5.244000000000000000e+03
5.246000000000000000e+03
5.144000000000000000e+03
5.246000000000000000e+03
5.216000000000000000e+03
5.256000000000000000e+03
5.375000000000000000e+03
5.211000000000000000e+03
5.264000000000000000e+03
5.476000000000000000e+03
5.359000000000000000e+03
5.249000000000000000e+03
5.333000000000000000e+03
5.352000000000000000e+03
5.395000000000000000e+03
5.429000000000000000e+03
5.521000000000000000e+03
5.434000000000000000e+03
5.551000000000000000e+03
5.489000000000000000e+03
5.550000000000000000e+03
5.494000000000000000e+03
5.579000000000000000e+03
5.537000000000000000e+03
5.554000000000000000e+03
5.579000000000000000e+03
5.659000000000000000e+03
5.626000000000000000e+03
5.637000000000000000e+03
5.639000000000000000e+03
5.678000000000000000e+03
5.610000000000000000e+03
5.688000000000000000e+03
5.698000000000000000e+03
5.746000000000000000e+03
5.739000000000000000e+03
5.791000000000000000e+03
5.771000000000000000e+03
5.763000000000000000e+03
5.740000000000000000e+03
5.810000000000000000e+03
5.810000000000000000e+03
5.814000000000000000e+03
5.885000000000000000e+03
5.759000000000000000e+03
5.868000000000000000e+03
5.903000000000000000e+03
5.912000000000000000e+03
5.973000000000000000e+03
5.953000000000000000e+03
5.931000000000000000e+03
6.058000000000000000e+03
6.019000000000000000e+03
6.098000000000000000e+03
6.137000000000000000e+03
6.057000000000000000e+03
6.068000000000000000e+03
6.153000000000000000e+03
6.051000000000000000e+03
6.138000000000000000e+03
6.186000000000000000e+03
6.156000000000000000e+03
6.277000000000000000e+03
6.205000000000000000e+03
6.228000000000000000e+03
6.159000000000000000e+03
6.267000000000000000e+03
6.222000000000000000e+03
6.262000000000000000e+03
6.176000000000000000e+03
6.358000000000000000e+03
6.309000000000000000e+03
6.356000000000000000e+03
6.347000000000000000e+03
6.268000000000000000e+03
6.339000000000000000e+03
6.401000000000000000e+03
6.439000000000000000e+03
6.433000000000000000e+03
6.496000000000000000e+03
6.458000000000000000e+03
6.353000000000000000e+03
6.449000000000000000e+03
6.489000000000000000e+03
6.479000000000000000e+03
6.543000000000000000e+03
6.593000000000000000e+03
6.502000000000000000e+03
6.566000000000000000e+03
6.609000000000000000e+03
6.565000000000000000e+03
6.545000000000000000e+03
6.551000000000000000e+03
6.619000000000000000e+03
6.629000000000000000e+03
6.541000000000000000e+03
6.606000000000000000e+03
6.661000000000000000e+03
6.738000000000000000e+03
6.574000000000000000e+03
6.678000000000000000e+03
6.639000000000000000e+03
6.665000000000000000e+03
6.647000000000000000e+03
6.743000000000000000e+03
6.703000000000000000e+03
6.670000000000000000e+03
6.694000000000000000e+03
6.838000000000000000e+03
6.737000000000000000e+03
6.849000000000000000e+03
6.775000000000000000e+03
6.855000000000000000e+03
6.791000000000000000e+03
6.814000000000000000e+03
6.782000000000000000e+03
6.810000000000000000e+03
6.837000000000000000e+03
6.865000000000000000e+03
6.879000000000000000e+03
6.792000000000000000e+03
6.795000000000000000e+03
6.998000000000000000e+03
7.010000000000000000e+03
6.953000000000000000e+03
8.636000000000000000e+03
6.885000000000000000e+03
6.988000000000000000e+03
6.907000000000000000e+03
7.046000000000000000e+03
6.907000000000000000e+03
6.957000000000000000e+03
7.036000000000000000e+03
7.001000000000000000e+03
7.020000000000000000e+03
7.149000000000000000e+03
7.122000000000000000e+03
7.059000000000000000e+03
7.022000000000000000e+03
7.128000000000000000e+03
7.145000000000000000e+03
7.180000000000000000e+03
7.093000000000000000e+03
7.096000000000000000e+03
7.263000000000000000e+03
7.177000000000000000e+03
7.315000000000000000e+03
7.277000000000000000e+03
7.343000000000000000e+03
7.394000000000000000e+03
7.553000000000000000e+03
7.438000000000000000e+03
7.382000000000000000e+03
7.478000000000000000e+03
7.392000000000000000e+03
7.621000000000000000e+03
7.487000000000000000e+03
7.712000000000000000e+03
7.608000000000000000e+03
7.639000000000000000e+03
7.689000000000000000e+03
7.662000000000000000e+03
7.656000000000000000e+03
7.627000000000000000e+03
7.806000000000000000e+03
7.773000000000000000e+03
7.731000000000000000e+03
7.783000000000000000e+03
8.049000000000000000e+03
7.884000000000000000e+03
7.822000000000000000e+03
8.010000000000000000e+03
7.981000000000000000e+03
7.993000000000000000e+03
7.988000000000000000e+03
8.056000000000000000e+03
8.015000000000000000e+03
8.046000000000000000e+03
8.070000000000000000e+03
8.147000000000000000e+03
8.179000000000000000e+03
8.129000000000000000e+03
8.271000000000000000e+03
8.239000000000000000e+03
8.222000000000000000e+03
8.426000000000000000e+03
8.381000000000000000e+03
8.342000000000000000e+03
8.429000000000000000e+03
8.419000000000000000e+03
8.495000000000000000e+03
8.522000000000000000e+03
8.504000000000000000e+03
8.522000000000000000e+03
8.562000000000000000e+03
8.618000000000000000e+03
8.396000000000000000e+03
8.603000000000000000e+03
8.599000000000000000e+03
8.676000000000000000e+03
8.647000000000000000e+03
8.736000000000000000e+03
8.782000000000000000e+03
8.789000000000000000e+03
8.731000000000000000e+03
8.729000000000000000e+03
8.892000000000000000e+03
8.824000000000000000e+03
8.866000000000000000e+03
8.874000000000000000e+03
8.926000000000000000e+03
8.915000000000000000e+03
8.976000000000000000e+03
8.951000000000000000e+03
8.968000000000000000e+03
9.007000000000000000e+03
8.953000000000000000e+03
9.000000000000000000e+03
8.985000000000000000e+03
9.103000000000000000e+03
9.038000000000000000e+03
9.069000000000000000e+03
9.160000000000000000e+03
9.121000000000000000e+03
9.093000000000000000e+03
9.203000000000000000e+03
9.129000000000000000e+03
9.215000000000000000e+03
9.318000000000000000e+03
9.254000000000000000e+03
9.262000000000000000e+03
9.202000000000000000e+03
9.270000000000000000e+03
9.316000000000000000e+03
9.316000000000000000e+03
9.424000000000000000e+03
9.399000000000000000e+03
9.456000000000000000e+03
9.475000000000000000e+03
9.419000000000000000e+03
9.519000000000000000e+03
9.562000000000000000e+03
9.667000000000000000e+03
9.618000000000000000e+03
9.653000000000000000e+03
9.669000000000000000e+03
9.663000000000000000e+03
9.725000000000000000e+03
9.716000000000000000e+03
9.770000000000000000e+03
9.774000000000000000e+03
9.869000000000000000e+03
9.921000000000000000e+03
9.944000000000000000e+03
9.999000000000000000e+03
1.004300000000000000e+04
9.946000000000000000e+03
9.977000000000000000e+03
1.005500000000000000e+04
1.024200000000000000e+04
1.020100000000000000e+04
1.030400000000000000e+04
1.031000000000000000e+04
1.021400000000000000e+04
1.035900000000000000e+04
1.035700000000000000e+04
1.046000000000000000e+04
1.045600000000000000e+04
1.059900000000000000e+04
1.058500000000000000e+04
1.056100000000000000e+04
1.064800000000000000e+04
1.065200000000000000e+04
1.080500000000000000e+04
1.075400000000000000e+04
1.091400000000000000e+04
1.086000000000000000e+04
1.082300000000000000e+04
1.085000000000000000e+04
1.095900000000000000e+04
1.105200000000000000e+04
1.098000000000000000e+04
1.101400000000000000e+04
1.120700000000000000e+04
1.126200000000000000e+04
1.123900000000000000e+04
1.137900000000000000e+04
1.133200000000000000e+04
1.133700000000000000e+04
1.131200000000000000e+04
1.157700000000000000e+04
1.152100000000000000e+04
1.150400000000000000e+04
1.157400000000000000e+04
1.166800000000000000e+04
1.164900000000000000e+04
1.161400000000000000e+04
1.161200000000000000e+04
1.169600000000000000e+04
1.174000000000000000e+04
1.171400000000000000e+04
1.174400000000000000e+04
1.171100000000000000e+04
1.179600000000000000e+04
1.183500000000000000e+04
1.189500000000000000e+04
1.204000000000000000e+04
1.184900000000000000e+04
1.193200000000000000e+04
1.195000000000000000e+04
1.203800000000000000e+04
1.211900000000000000e+04
1.202600000000000000e+04
1.203900000000000000e+04
1.207100000000000000e+04
1.208300000000000000e+04
1.209800000000000000e+04
1.200700000000000000e+04
1.212500000000000000e+04
1.226600000000000000e+04
1.214200000000000000e+04
1.221100000000000000e+04
1.198200000000000000e+04
1.209400000000000000e+04
1.222300000000000000e+04
1.218800000000000000e+04
1.206600000000000000e+04
1.225200000000000000e+04
1.229600000000000000e+04
1.245700000000000000e+04
1.240700000000000000e+04
1.224000000000000000e+04
1.232800000000000000e+04
1.239100000000000000e+04
1.244200000000000000e+04
1.238200000000000000e+04
1.251600000000000000e+04
1.244400000000000000e+04
1.241300000000000000e+04
1.249500000000000000e+04
1.268700000000000000e+04
1.267100000000000000e+04
1.259200000000000000e+04
1.260200000000000000e+04
1.251300000000000000e+04
1.260600000000000000e+04
1.264100000000000000e+04
1.274300000000000000e+04
1.265200000000000000e+04
1.253000000000000000e+04
1.254700000000000000e+04
1.262600000000000000e+04
1.275400000000000000e+04
1.261900000000000000e+04
1.261500000000000000e+04
1.261300000000000000e+04
1.246300000000000000e+04
1.271100000000000000e+04
1.264200000000000000e+04
1.272100000000000000e+04
1.244900000000000000e+04
1.261400000000000000e+04
1.270100000000000000e+04
1.285600000000000000e+04
1.277700000000000000e+04
1.273000000000000000e+04
1.269900000000000000e+04
1.265700000000000000e+04
1.284800000000000000e+04
1.264200000000000000e+04
1.268700000000000000e+04
1.264100000000000000e+04
1.269700000000000000e+04
1.283900000000000000e+04
1.277900000000000000e+04
1.271000000000000000e+04
1.268100000000000000e+04
1.264900000000000000e+04
1.276100000000000000e+04
1.266200000000000000e+04
1.273200000000000000e+04
1.273800000000000000e+04
1.266500000000000000e+04
1.276600000000000000e+04
1.275100000000000000e+04
1.280800000000000000e+04
1.282400000000000000e+04
1.285000000000000000e+04
1.265600000000000000e+04
1.275700000000000000e+04
1.294800000000000000e+04
1.283100000000000000e+04
1.292800000000000000e+04
1.281200000000000000e+04
1.295300000000000000e+04
1.299500000000000000e+04
1.297700000000000000e+04
1.296000000000000000e+04
1.296400000000000000e+04
1.301400000000000000e+04
1.305800000000000000e+04
1.294500000000000000e+04
1.321900000000000000e+04
1.317100000000000000e+04
1.314700000000000000e+04
1.319100000000000000e+04
1.307700000000000000e+04
1.335400000000000000e+04
1.293700000000000000e+04
1.322600000000000000e+04
1.325000000000000000e+04
1.321700000000000000e+04
1.336000000000000000e+04
1.327800000000000000e+04
1.328800000000000000e+04
1.336000000000000000e+04
1.346500000000000000e+04
1.348800000000000000e+04
1.336800000000000000e+04
1.351600000000000000e+04
1.360300000000000000e+04
1.341300000000000000e+04
1.349600000000000000e+04
1.341500000000000000e+04
1.342300000000000000e+04
1.338600000000000000e+04
1.349400000000000000e+04
1.355200000000000000e+04
1.352100000000000000e+04
1.345300000000000000e+04
1.359100000000000000e+04
1.360000000000000000e+04
1.363100000000000000e+04
1.366600000000000000e+04
1.386200000000000000e+04
1.378500000000000000e+04
1.365500000000000000e+04
1.380200000000000000e+04
1.379100000000000000e+04
1.383100000000000000e+04
1.374200000000000000e+04
1.376600000000000000e+04
1.404700000000000000e+04
1.393400000000000000e+04
1.395800000000000000e+04
1.424000000000000000e+04
1.693900000000000000e+04
1.423400000000000000e+04
1.412300000000000000e+04
1.411600000000000000e+04
1.416000000000000000e+04
1.419700000000000000e+04
1.417600000000000000e+04
1.395700000000000000e+04
1.408000000000000000e+04
1.431100000000000000e+04
1.417300000000000000e+04
1.415900000000000000e+04
1.398500000000000000e+04
1.395100000000000000e+04
1.396200000000000000e+04
1.393000000000000000e+04
1.402900000000000000e+04
1.408100000000000000e+04
1.393700000000000000e+04
1.397900000000000000e+04
1.375100000000000000e+04
1.384600000000000000e+04
1.396500000000000000e+04
1.392900000000000000e+04
1.400600000000000000e+04
1.407400000000000000e+04
1.406700000000000000e+04
1.394100000000000000e+04
1.394200000000000000e+04
1.389900000000000000e+04
1.376800000000000000e+04
1.390200000000000000e+04
1.388600000000000000e+04
1.386800000000000000e+04
1.377700000000000000e+04
1.374700000000000000e+04
1.376700000000000000e+04
1.362800000000000000e+04
1.350400000000000000e+04
1.354900000000000000e+04
1.354200000000000000e+04
1.345300000000000000e+04
1.355600000000000000e+04
1.343900000000000000e+04
1.339400000000000000e+04
1.346700000000000000e+04
1.355300000000000000e+04
1.335100000000000000e+04
1.340600000000000000e+04
1.317900000000000000e+04
1.333300000000000000e+04
1.323700000000000000e+04
1.332600000000000000e+04
1.353500000000000000e+04
1.349000000000000000e+04
1.347000000000000000e+04
1.368100000000000000e+04
1.332400000000000000e+04
1.316600000000000000e+04
1.316800000000000000e+04
1.313900000000000000e+04
1.315700000000000000e+04
1.312400000000000000e+04
1.299500000000000000e+04
1.283200000000000000e+04
1.293400000000000000e+04
1.284200000000000000e+04
1.268400000000000000e+04
1.274900000000000000e+04
1.266000000000000000e+04
1.277900000000000000e+04
1.258000000000000000e+04
1.262300000000000000e+04
1.432500000000000000e+04
1.241900000000000000e+04
1.221000000000000000e+04
1.202000000000000000e+04
1.203700000000000000e+04
1.197300000000000000e+04
1.204600000000000000e+04
1.196300000000000000e+04
1.176000000000000000e+04
1.205800000000000000e+04
1.204500000000000000e+04
1.195200000000000000e+04
1.202500000000000000e+04
1.212800000000000000e+04
1.199200000000000000e+04
1.211800000000000000e+04
1.217600000000000000e+04
1.212200000000000000e+04
1.214400000000000000e+04
1.196000000000000000e+04
1.193500000000000000e+04
1.190800000000000000e+04
1.177900000000000000e+04
1.165900000000000000e+04
1.167100000000000000e+04
1.168200000000000000e+04
1.181200000000000000e+04
1.162500000000000000e+04
1.169000000000000000e+04
1.157700000000000000e+04
1.162800000000000000e+04
1.141600000000000000e+04
1.134200000000000000e+04
1.138000000000000000e+04
1.127400000000000000e+04
1.139100000000000000e+04
1.131600000000000000e+04
1.129900000000000000e+04
1.128300000000000000e+04
1.142000000000000000e+04
1.140100000000000000e+04
1.138300000000000000e+04
1.138200000000000000e+04
1.132500000000000000e+04
1.127100000000000000e+04
1.140500000000000000e+04
1.133700000000000000e+04
1.131200000000000000e+04
1.145400000000000000e+04
1.148600000000000000e+04
1.139800000000000000e+04
1.135800000000000000e+04
1.150300000000000000e+04
1.144400000000000000e+04
1.151900000000000000e+04
1.158700000000000000e+04
1.162400000000000000e+04
1.170500000000000000e+04
1.173900000000000000e+04
1.145800000000000000e+04
1.146600000000000000e+04
1.130700000000000000e+04
1.110900000000000000e+04
1.096100000000000000e+04
1.094700000000000000e+04
1.075200000000000000e+04
1.079800000000000000e+04
1.074100000000000000e+04
1.082500000000000000e+04
1.088900000000000000e+04
1.098400000000000000e+04
1.102000000000000000e+04
1.096100000000000000e+04
1.097800000000000000e+04
1.105000000000000000e+04
1.119500000000000000e+04
1.120000000000000000e+04
1.106100000000000000e+04
1.111500000000000000e+04
1.098300000000000000e+04
1.088600000000000000e+04
1.082300000000000000e+04
1.076600000000000000e+04
