3.483000000000000000e+03
3.482000000000000000e+03
3.442000000000000000e+03
3.498000000000000000e+03
3.589000000000000000e+03
3.521000000000000000e+03
3.527000000000000000e+03
3.452000000000000000e+03
3.487000000000000000e+03
3.546000000000000000e+03
3.482000000000000000e+03
3.510000000000000000e+03
3.544000000000000000e+03
3.514000000000000000e+03
3.464000000000000000e+03
3.492000000000000000e+03
3.471000000000000000e+03
3.487000000000000000e+03
3.460000000000000000e+03
3.455000000000000000e+03
3.447000000000000000e+03
3.465000000000000000e+03
3.526000000000000000e+03
3.492000000000000000e+03
3.478000000000000000e+03
3.521000000000000000e+03
3.482000000000000000e+03
3.572000000000000000e+03
3.531000000000000000e+03
3.539000000000000000e+03
3.553000000000000000e+03
3.744000000000000000e+03
3.575000000000000000e+03
3.562000000000000000e+03
3.518000000000000000e+03
3.585000000000000000e+03
3.584000000000000000e+03
3.554000000000000000e+03
3.587000000000000000e+03
3.552000000000000000e+03
3.582000000000000000e+03
3.612000000000000000e+03
3.719000000000000000e+03
3.618000000000000000e+03
3.619000000000000000e+03
3.648000000000000000e+03
3.603000000000000000e+03
3.589000000000000000e+03
3.800000000000000000e+03
3.557000000000000000e+03
3.672000000000000000e+03
3.606000000000000000e+03
3.645000000000000000e+03
3.591000000000000000e+03
3.601000000000000000e+03
3.656000000000000000e+03
3.627000000000000000e+03
3.662000000000000000e+03
3.718000000000000000e+03
3.749000000000000000e+03
3.683000000000000000e+03
3.958000000000000000e+03
3.719000000000000000e+03
3.668000000000000000e+03
3.770000000000000000e+03
3.833000000000000000e+03
3.728000000000000000e+03
3.709000000000000000e+03
3.739000000000000000e+03
3.811000000000000000e+03
3.741000000000000000e+03
3.800000000000000000e+03
3.750000000000000000e+03
3.793000000000000000e+03
3.801000000000000000e+03
3.846000000000000000e+03
3.815000000000000000e+03
3.860000000000000000e+03
3.829000000000000000e+03
3.838000000000000000e+03
3.852000000000000000e+03
3.882000000000000000e+03
3.900000000000000000e+03
3.862000000000000000e+03
3.883000000000000000e+03
3.891000000000000000e+03
3.872000000000000000e+03
3.896000000000000000e+03
3.911000000000000000e+03
3.882000000000000000e+03
4.073000000000000000e+03
3.975000000000000000e+03
3.955000000000000000e+03
4.002000000000000000e+03
3.952000000000000000e+03
3.930000000000000000e+03
4.010000000000000000e+03
3.862000000000000000e+03
3.919000000000000000e+03
3.999000000000000000e+03
3.972000000000000000e+03
4.004000000000000000e+03
3.979000000000000000e+03
4.025000000000000000e+03
4.042000000000000000e+03
3.967000000000000000e+03
4.027000000000000000e+03
4.018000000000000000e+03
3.969000000000000000e+03
4.052000000000000000e+03
4.081000000000000000e+03
4.005000000000000000e+03
4.012000000000000000e+03
4.042000000000000000e+03
4.067000000000000000e+03
4.113000000000000000e+03
4.125000000000000000e+03
4.052000000000000000e+03
4.095000000000000000e+03
4.121000000000000000e+03
4.110000000000000000e+03
4.145000000000000000e+03
4.179000000000000000e+03
4.225000000000000000e+03
4.154000000000000000e+03
4.163000000000000000e+03
4.169000000000000000e+03
4.141000000000000000e+03
4.170000000000000000e+03
4.247000000000000000e+03
4.274000000000000000e+03
4.333000000000000000e+03
4.233000000000000000e+03
4.247000000000000000e+03
4.281000000000000000e+03
4.324000000000000000e+03
4.318000000000000000e+03
4.289000000000000000e+03
4.358000000000000000e+03
4.277000000000000000e+03
4.356000000000000000e+03
4.347000000000000000e+03
4.353000000000000000e+03
4.347000000000000000e+03
4.462000000000000000e+03
4.359000000000000000e+03
4.414000000000000000e+03
4.381000000000000000e+03
4.418000000000000000e+03
4.404000000000000000e+03
4.482000000000000000e+03
4.407000000000000000e+03
4.485000000000000000e+03
4.496000000000000000e+03
4.604000000000000000e+03
4.667000000000000000e+03
4.489000000000000000e+03
4.565000000000000000e+03
4.592000000000000000e+03
4.616000000000000000e+03
4.557000000000000000e+03
4.594000000000000000e+03
4.649000000000000000e+03
4.587000000000000000e+03
4.587000000000000000e+03
4.597000000000000000e+03
4.644000000000000000e+03
4.714000000000000000e+03
4.710000000000000000e+03
4.654000000000000000e+03
4.653000000000000000e+03
4.680000000000000000e+03
4.791000000000000000e+03
4.783000000000000000e+03
4.776000000000000000e+03
4.777000000000000000e+03
4.724000000000000000e+03
4.777000000000000000e+03
4.885000000000000000e+03
4.876000000000000000e+03
4.798000000000000000e+03
4.784000000000000000e+03
4.909000000000000000e+03
4.910000000000000000e+03
4.960000000000000000e+03
4.880000000000000000e+03
4.844000000000000000e+03
4.893000000000000000e+03
4.871000000000000000e+03
5.027000000000000000e+03
4.940000000000000000e+03
5.051000000000000000e+03
4.961000000000000000e+03
4.934000000000000000e+03
5.001000000000000000e+03
4.968000000000000000e+03
4.994000000000000000e+03
5.034000000000000000e+03
5.159000000000000000e+03
5.094000000000000000e+03
5.031000000000000000e+03
5.083000000000000000e+03
5.083000000000000000e+03
4.982000000000000000e+03
5.199000000000000000e+03
5.173000000000000000e+03
5.190000000000000000e+03
5.150000000000000000e+03
5.207000000000000000e+03
5.190000000000000000e+03
5.242000000000000000e+03
5.223000000000000000e+03
5.343000000000000000e+03
5.353000000000000000e+03
5.304000000000000000e+03
5.363000000000000000e+03
5.358000000000000000e+03
5.469000000000000000e+03
5.385000000000000000e+03
5.403000000000000000e+03
5.641000000000000000e+03
5.427000000000000000e+03
5.433000000000000000e+03
5.402000000000000000e+03
5.457000000000000000e+03
5.430000000000000000e+03
5.453000000000000000e+03
5.426000000000000000e+03
5.528000000000000000e+03
5.658000000000000000e+03
5.531000000000000000e+03
5.518000000000000000e+03
5.560000000000000000e+03
5.532000000000000000e+03
5.552000000000000000e+03
5.582000000000000000e+03
5.639000000000000000e+03
5.667000000000000000e+03
5.591000000000000000e+03
5.623000000000000000e+03
5.584000000000000000e+03
5.725000000000000000e+03
5.646000000000000000e+03
5.697000000000000000e+03
5.714000000000000000e+03
5.699000000000000000e+03
5.802000000000000000e+03
5.723000000000000000e+03
5.821000000000000000e+03
5.807000000000000000e+03
5.825000000000000000e+03
5.876000000000000000e+03
5.817000000000000000e+03
5.781000000000000000e+03
5.882000000000000000e+03
5.934000000000000000e+03
5.871000000000000000e+03
5.934000000000000000e+03
5.818000000000000000e+03
5.875000000000000000e+03
5.896000000000000000e+03
5.929000000000000000e+03
5.984000000000000000e+03
5.979000000000000000e+03
5.946000000000000000e+03
5.976000000000000000e+03
5.966000000000000000e+03
5.940000000000000000e+03
5.949000000000000000e+03
5.968000000000000000e+03
5.923000000000000000e+03
6.019000000000000000e+03
5.943000000000000000e+03
5.978000000000000000e+03
6.048000000000000000e+03
5.982000000000000000e+03
5.950000000000000000e+03
6.033000000000000000e+03
6.135000000000000000e+03
6.092000000000000000e+03
6.063000000000000000e+03
6.056000000000000000e+03
6.142000000000000000e+03
6.117000000000000000e+03
6.139000000000000000e+03
6.086000000000000000e+03
6.228000000000000000e+03
6.167000000000000000e+03
6.053000000000000000e+03
6.098000000000000000e+03
6.191000000000000000e+03
6.259000000000000000e+03
6.266000000000000000e+03
6.214000000000000000e+03
6.199000000000000000e+03
6.261000000000000000e+03
6.297000000000000000e+03
6.360000000000000000e+03
6.291000000000000000e+03
6.301000000000000000e+03
6.378000000000000000e+03
6.341000000000000000e+03
6.356000000000000000e+03
6.325000000000000000e+03
6.345000000000000000e+03
6.379000000000000000e+03
6.461000000000000000e+03
6.387000000000000000e+03
6.490000000000000000e+03
6.538000000000000000e+03
6.433000000000000000e+03
6.418000000000000000e+03
6.497000000000000000e+03
6.548000000000000000e+03
6.580000000000000000e+03
6.606000000000000000e+03
6.591000000000000000e+03
6.662000000000000000e+03
6.660000000000000000e+03
6.700000000000000000e+03
6.731000000000000000e+03
6.665000000000000000e+03
6.808000000000000000e+03
6.772000000000000000e+03
6.848000000000000000e+03
6.806000000000000000e+03
6.901000000000000000e+03
6.904000000000000000e+03
6.859000000000000000e+03
6.872000000000000000e+03
7.027000000000000000e+03
7.010000000000000000e+03
6.987000000000000000e+03
6.981000000000000000e+03
7.112000000000000000e+03
7.062000000000000000e+03
7.071000000000000000e+03
7.061000000000000000e+03
7.046000000000000000e+03
7.143000000000000000e+03
7.255000000000000000e+03
7.205000000000000000e+03
7.261000000000000000e+03
7.239000000000000000e+03
7.257000000000000000e+03
7.278000000000000000e+03
7.438000000000000000e+03
7.305000000000000000e+03
7.290000000000000000e+03
7.262000000000000000e+03
7.415000000000000000e+03
7.407000000000000000e+03
7.538000000000000000e+03
7.500000000000000000e+03
7.487000000000000000e+03
7.505000000000000000e+03
7.498000000000000000e+03
7.552000000000000000e+03
7.624000000000000000e+03
7.518000000000000000e+03
7.666000000000000000e+03
7.707000000000000000e+03
7.683000000000000000e+03
7.588000000000000000e+03
7.712000000000000000e+03
7.640000000000000000e+03
7.725000000000000000e+03
7.997000000000000000e+03
7.815000000000000000e+03
7.796000000000000000e+03
7.875000000000000000e+03
7.937000000000000000e+03
7.897000000000000000e+03
7.801000000000000000e+03
7.839000000000000000e+03
7.970000000000000000e+03
7.922000000000000000e+03
7.949000000000000000e+03
7.894000000000000000e+03
7.865000000000000000e+03
7.980000000000000000e+03
8.008000000000000000e+03
8.025000000000000000e+03
8.024000000000000000e+03
8.054000000000000000e+03
8.063000000000000000e+03
7.955000000000000000e+03
7.989000000000000000e+03
7.999000000000000000e+03
8.107000000000000000e+03
8.113000000000000000e+03
8.114000000000000000e+03
8.158000000000000000e+03
8.122000000000000000e+03
8.250000000000000000e+03
8.101000000000000000e+03
8.243000000000000000e+03
8.259000000000000000e+03
8.284000000000000000e+03
8.364000000000000000e+03
8.265000000000000000e+03
8.302000000000000000e+03
8.401000000000000000e+03
8.467000000000000000e+03
8.403000000000000000e+03
8.401000000000000000e+03
8.471000000000000000e+03
8.626000000000000000e+03
8.585000000000000000e+03
8.517000000000000000e+03
8.697000000000000000e+03
8.610000000000000000e+03
8.684000000000000000e+03
8.618000000000000000e+03
8.797000000000000000e+03
8.721000000000000000e+03
8.808000000000000000e+03
8.839000000000000000e+03
8.859000000000000000e+03
8.890000000000000000e+03
8.942000000000000000e+03
8.892000000000000000e+03
8.909000000000000000e+03
9.106000000000000000e+03
8.996000000000000000e+03
9.052000000000000000e+03
9.128000000000000000e+03
9.081000000000000000e+03
9.151000000000000000e+03
9.311000000000000000e+03
9.348000000000000000e+03
9.188000000000000000e+03
9.345000000000000000e+03
9.405000000000000000e+03
9.333000000000000000e+03
9.424000000000000000e+03
9.507000000000000000e+03
9.541000000000000000e+03
9.550000000000000000e+03
9.534000000000000000e+03
9.524000000000000000e+03
9.626000000000000000e+03
9.613000000000000000e+03
9.619000000000000000e+03
9.760000000000000000e+03
9.875000000000000000e+03
9.963000000000000000e+03
9.913000000000000000e+03
9.789000000000000000e+03
1.008300000000000000e+04
9.953000000000000000e+03
1.009300000000000000e+04
1.011400000000000000e+04
1.011400000000000000e+04
1.009400000000000000e+04
1.023400000000000000e+04
1.006200000000000000e+04
1.025100000000000000e+04
1.031900000000000000e+04
1.033900000000000000e+04
1.029100000000000000e+04
1.024800000000000000e+04
1.040600000000000000e+04
1.030900000000000000e+04
1.034600000000000000e+04
1.053800000000000000e+04
1.051100000000000000e+04
1.045500000000000000e+04
1.054900000000000000e+04
1.051900000000000000e+04
1.053600000000000000e+04
1.059400000000000000e+04
1.068200000000000000e+04
1.072500000000000000e+04
1.125700000000000000e+04
1.078700000000000000e+04
1.074400000000000000e+04
1.061900000000000000e+04
1.062900000000000000e+04
1.077400000000000000e+04
1.082900000000000000e+04
1.074700000000000000e+04
1.070500000000000000e+04
1.084200000000000000e+04
1.085200000000000000e+04
1.084600000000000000e+04
1.083000000000000000e+04
1.071400000000000000e+04
1.099500000000000000e+04
1.080000000000000000e+04
1.092400000000000000e+04
1.097200000000000000e+04
1.101500000000000000e+04
1.084500000000000000e+04
1.098300000000000000e+04
1.109100000000000000e+04
1.113900000000000000e+04
1.110100000000000000e+04
1.106600000000000000e+04
1.107000000000000000e+04
1.106600000000000000e+04
1.104200000000000000e+04
1.111300000000000000e+04
1.124300000000000000e+04
1.116400000000000000e+04
1.124800000000000000e+04
1.113200000000000000e+04
1.122500000000000000e+04
1.128200000000000000e+04
1.122800000000000000e+04
1.138300000000000000e+04
1.128800000000000000e+04
1.116600000000000000e+04
1.111600000000000000e+04
1.115200000000000000e+04
1.115800000000000000e+04
1.128000000000000000e+04
1.115900000000000000e+04
1.133500000000000000e+04
1.125100000000000000e+04
1.122800000000000000e+04
1.119600000000000000e+04
1.135400000000000000e+04
1.127000000000000000e+04
1.124200000000000000e+04
1.118400000000000000e+04
1.132400000000000000e+04
1.127500000000000000e+04
1.141100000000000000e+04
1.121600000000000000e+04
1.137100000000000000e+04
1.133500000000000000e+04
1.138500000000000000e+04
1.124500000000000000e+04
1.128300000000000000e+04
1.133800000000000000e+04
1.121700000000000000e+04
1.124100000000000000e+04
1.127400000000000000e+04
1.132100000000000000e+04
1.130700000000000000e+04
1.123400000000000000e+04
1.131800000000000000e+04
1.132000000000000000e+04
1.141300000000000000e+04
1.135800000000000000e+04
1.129600000000000000e+04
1.133900000000000000e+04
1.126000000000000000e+04
1.137400000000000000e+04
1.143500000000000000e+04
1.148400000000000000e+04
1.147700000000000000e+04
1.127600000000000000e+04
1.144400000000000000e+04
1.147000000000000000e+04
1.146700000000000000e+04
1.150900000000000000e+04
1.157500000000000000e+04
1.159200000000000000e+04
1.150300000000000000e+04
1.152600000000000000e+04
1.154500000000000000e+04
1.157300000000000000e+04
1.139500000000000000e+04
1.163800000000000000e+04
1.159900000000000000e+04
1.162100000000000000e+04
1.165400000000000000e+04
1.161800000000000000e+04
1.166700000000000000e+04
1.186600000000000000e+04
1.170900000000000000e+04
1.180300000000000000e+04
1.191600000000000000e+04
1.172200000000000000e+04
1.172700000000000000e+04
1.193700000000000000e+04
1.191800000000000000e+04
1.189100000000000000e+04
1.208300000000000000e+04
1.182500000000000000e+04
1.186600000000000000e+04
1.190800000000000000e+04
1.194100000000000000e+04
1.196100000000000000e+04
1.200600000000000000e+04
1.200000000000000000e+04
1.215600000000000000e+04
1.212100000000000000e+04
1.206600000000000000e+04
1.214700000000000000e+04
1.215200000000000000e+04
1.209600000000000000e+04
1.206500000000000000e+04
1.209100000000000000e+04
1.199400000000000000e+04
1.196400000000000000e+04
1.198800000000000000e+04
1.221400000000000000e+04
1.186200000000000000e+04
1.203500000000000000e+04
1.227100000000000000e+04
1.205600000000000000e+04
1.203200000000000000e+04
1.217600000000000000e+04
1.224900000000000000e+04
1.242600000000000000e+04
1.239600000000000000e+04
1.237200000000000000e+04
1.230300000000000000e+04
1.240600000000000000e+04
1.248000000000000000e+04
1.255900000000000000e+04
1.261100000000000000e+04
1.255000000000000000e+04
1.258400000000000000e+04
1.268300000000000000e+04
1.253000000000000000e+04
1.264100000000000000e+04
1.280800000000000000e+04
1.299200000000000000e+04
1.290500000000000000e+04
1.297600000000000000e+04
1.279400000000000000e+04
1.283900000000000000e+04
1.305500000000000000e+04
1.275300000000000000e+04
1.293500000000000000e+04
1.267900000000000000e+04
1.274500000000000000e+04
1.279800000000000000e+04
1.280500000000000000e+04
1.276500000000000000e+04
1.274200000000000000e+04
1.289400000000000000e+04
1.279900000000000000e+04
1.268200000000000000e+04
1.283700000000000000e+04
1.278400000000000000e+04
1.279600000000000000e+04
1.270100000000000000e+04
1.285100000000000000e+04
1.271800000000000000e+04
1.270000000000000000e+04
1.261100000000000000e+04
1.277400000000000000e+04
1.276900000000000000e+04
1.271900000000000000e+04
1.280800000000000000e+04
1.261400000000000000e+04
1.257600000000000000e+04
1.250900000000000000e+04
1.248100000000000000e+04
1.243100000000000000e+04
1.218400000000000000e+04
1.232300000000000000e+04
1.223400000000000000e+04
1.230500000000000000e+04
1.212900000000000000e+04
1.211600000000000000e+04
1.196600000000000000e+04
1.203900000000000000e+04
1.198100000000000000e+04
1.202200000000000000e+04
1.201100000000000000e+04
1.213600000000000000e+04
1.206900000000000000e+04
1.222100000000000000e+04
1.206000000000000000e+04
1.213000000000000000e+04
1.206700000000000000e+04
1.208900000000000000e+04
1.185700000000000000e+04
1.185500000000000000e+04
1.195100000000000000e+04
1.206900000000000000e+04
1.177800000000000000e+04
1.180200000000000000e+04
1.167000000000000000e+04
1.161400000000000000e+04
1.157300000000000000e+04
1.151200000000000000e+04
1.145900000000000000e+04
1.138000000000000000e+04
1.133600000000000000e+04
1.133700000000000000e+04
1.122700000000000000e+04
1.110100000000000000e+04
1.101500000000000000e+04
1.104000000000000000e+04
1.112100000000000000e+04
1.089800000000000000e+04
1.088900000000000000e+04
1.090500000000000000e+04
1.083200000000000000e+04
1.081000000000000000e+04
1.084000000000000000e+04
1.067700000000000000e+04
1.066500000000000000e+04
1.063900000000000000e+04
1.045200000000000000e+04
1.059500000000000000e+04
1.045300000000000000e+04
1.049800000000000000e+04
1.043300000000000000e+04
1.047600000000000000e+04
1.045800000000000000e+04
1.024200000000000000e+04
1.027600000000000000e+04
1.036200000000000000e+04
1.043900000000000000e+04
1.037500000000000000e+04
1.029100000000000000e+04
1.038000000000000000e+04
1.020700000000000000e+04
1.023000000000000000e+04
1.041400000000000000e+04
1.045000000000000000e+04
1.045500000000000000e+04
1.032200000000000000e+04
1.044000000000000000e+04
1.036700000000000000e+04
1.036700000000000000e+04
1.036900000000000000e+04
1.042800000000000000e+04
1.053900000000000000e+04
1.051400000000000000e+04
1.045300000000000000e+04
1.032900000000000000e+04
1.117900000000000000e+04
1.017700000000000000e+04
1.029100000000000000e+04
1.035300000000000000e+04
1.029300000000000000e+04
1.008500000000000000e+04
1.004200000000000000e+04
1.011400000000000000e+04
1.020200000000000000e+04
9.810000000000000000e+03
9.801000000000000000e+03
9.772000000000000000e+03
9.764000000000000000e+03
9.751000000000000000e+03
9.707000000000000000e+03
9.694000000000000000e+03
9.647000000000000000e+03
9.408000000000000000e+03
9.717000000000000000e+03
9.570000000000000000e+03
9.592000000000000000e+03
9.626000000000000000e+03
1.016400000000000000e+04
9.721000000000000000e+03
9.831000000000000000e+03
9.907000000000000000e+03
9.892000000000000000e+03
1.015600000000000000e+04
9.974000000000000000e+03
9.985000000000000000e+03
9.865000000000000000e+03
9.908000000000000000e+03
9.963000000000000000e+03
9.755000000000000000e+03
9.682000000000000000e+03
