3.625000000000000000e+03
3.709000000000000000e+03
3.568000000000000000e+03
3.653000000000000000e+03
3.637000000000000000e+03
3.717000000000000000e+03
3.642000000000000000e+03
3.607000000000000000e+03
3.626000000000000000e+03
3.597000000000000000e+03
3.597000000000000000e+03
3.687000000000000000e+03
3.633000000000000000e+03
3.632000000000000000e+03
3.649000000000000000e+03
3.618000000000000000e+03
3.646000000000000000e+03
3.662000000000000000e+03
3.579000000000000000e+03
3.590000000000000000e+03
3.575000000000000000e+03
3.660000000000000000e+03
3.628000000000000000e+03
3.710000000000000000e+03
3.579000000000000000e+03
3.657000000000000000e+03
3.655000000000000000e+03
3.647000000000000000e+03
3.580000000000000000e+03
3.698000000000000000e+03
3.670000000000000000e+03
3.798000000000000000e+03
4.021000000000000000e+03
3.728000000000000000e+03
3.743000000000000000e+03
3.668000000000000000e+03
3.707000000000000000e+03
3.702000000000000000e+03
3.712000000000000000e+03
3.634000000000000000e+03
3.640000000000000000e+03
3.766000000000000000e+03
3.796000000000000000e+03
3.731000000000000000e+03
3.748000000000000000e+03
3.763000000000000000e+03
3.731000000000000000e+03
3.828000000000000000e+03
3.713000000000000000e+03
3.760000000000000000e+03
3.757000000000000000e+03
3.810000000000000000e+03
3.719000000000000000e+03
3.745000000000000000e+03
3.824000000000000000e+03
3.785000000000000000e+03
3.815000000000000000e+03
3.797000000000000000e+03
3.809000000000000000e+03
3.832000000000000000e+03
3.801000000000000000e+03
3.886000000000000000e+03
3.922000000000000000e+03
3.909000000000000000e+03
3.828000000000000000e+03
3.894000000000000000e+03
3.939000000000000000e+03
3.916000000000000000e+03
3.837000000000000000e+03
3.875000000000000000e+03
3.851000000000000000e+03
3.910000000000000000e+03
3.959000000000000000e+03
4.110000000000000000e+03
3.942000000000000000e+03
3.910000000000000000e+03
3.972000000000000000e+03
3.985000000000000000e+03
4.007000000000000000e+03
3.956000000000000000e+03
3.948000000000000000e+03
3.980000000000000000e+03
4.029000000000000000e+03
4.073000000000000000e+03
4.056000000000000000e+03
4.036000000000000000e+03
4.075000000000000000e+03
3.998000000000000000e+03
4.025000000000000000e+03
4.083000000000000000e+03
4.004000000000000000e+03
4.022000000000000000e+03
4.023000000000000000e+03
4.089000000000000000e+03
4.109000000000000000e+03
4.140000000000000000e+03
4.139000000000000000e+03
4.222000000000000000e+03
4.126000000000000000e+03
4.145000000000000000e+03
4.124000000000000000e+03
4.170000000000000000e+03
4.220000000000000000e+03
4.127000000000000000e+03
4.182000000000000000e+03
4.144000000000000000e+03
4.179000000000000000e+03
4.247000000000000000e+03
4.157000000000000000e+03
4.191000000000000000e+03
4.247000000000000000e+03
4.214000000000000000e+03
4.237000000000000000e+03
4.218000000000000000e+03
4.237000000000000000e+03
4.265000000000000000e+03
4.280000000000000000e+03
4.250000000000000000e+03
4.536000000000000000e+03
4.305000000000000000e+03
4.306000000000000000e+03
4.311000000000000000e+03
4.339000000000000000e+03
4.348000000000000000e+03
4.318000000000000000e+03
4.435000000000000000e+03
4.422000000000000000e+03
4.446000000000000000e+03
4.404000000000000000e+03
4.472000000000000000e+03
4.462000000000000000e+03
4.479000000000000000e+03
4.459000000000000000e+03
4.431000000000000000e+03
4.700000000000000000e+03
4.548000000000000000e+03
4.549000000000000000e+03
4.425000000000000000e+03
4.398000000000000000e+03
4.440000000000000000e+03
4.572000000000000000e+03
4.490000000000000000e+03
4.562000000000000000e+03
4.600000000000000000e+03
4.575000000000000000e+03
4.564000000000000000e+03
4.619000000000000000e+03
4.680000000000000000e+03
4.628000000000000000e+03
4.661000000000000000e+03
4.619000000000000000e+03
4.694000000000000000e+03
4.679000000000000000e+03
4.623000000000000000e+03
4.678000000000000000e+03
4.757000000000000000e+03
4.732000000000000000e+03
4.765000000000000000e+03
4.770000000000000000e+03
4.784000000000000000e+03
4.817000000000000000e+03
4.827000000000000000e+03
4.889000000000000000e+03
4.847000000000000000e+03
4.815000000000000000e+03
4.945000000000000000e+03
5.145000000000000000e+03
4.869000000000000000e+03
4.897000000000000000e+03
4.902000000000000000e+03
4.909000000000000000e+03
4.970000000000000000e+03
4.882000000000000000e+03
4.877000000000000000e+03
4.879000000000000000e+03
5.009000000000000000e+03
5.067000000000000000e+03
5.084000000000000000e+03
5.014000000000000000e+03
5.037000000000000000e+03
5.085000000000000000e+03
5.050000000000000000e+03
5.028000000000000000e+03
5.127000000000000000e+03
5.190000000000000000e+03
5.141000000000000000e+03
5.092000000000000000e+03
5.147000000000000000e+03
5.026000000000000000e+03
5.123000000000000000e+03
5.234000000000000000e+03
5.127000000000000000e+03
5.262000000000000000e+03
5.239000000000000000e+03
5.301000000000000000e+03
5.299000000000000000e+03
5.297000000000000000e+03
5.287000000000000000e+03
5.270000000000000000e+03
5.286000000000000000e+03
5.338000000000000000e+03
5.293000000000000000e+03
5.362000000000000000e+03
5.284000000000000000e+03
5.424000000000000000e+03
5.427000000000000000e+03
5.342000000000000000e+03
5.524000000000000000e+03
5.520000000000000000e+03
5.400000000000000000e+03
5.441000000000000000e+03
5.564000000000000000e+03
5.467000000000000000e+03
5.555000000000000000e+03
5.495000000000000000e+03
5.585000000000000000e+03
5.584000000000000000e+03
5.601000000000000000e+03
5.550000000000000000e+03
5.633000000000000000e+03
5.678000000000000000e+03
5.607000000000000000e+03
5.658000000000000000e+03
5.732000000000000000e+03
5.865000000000000000e+03
5.928000000000000000e+03
5.665000000000000000e+03
5.735000000000000000e+03
5.936000000000000000e+03
5.749000000000000000e+03
5.732000000000000000e+03
5.810000000000000000e+03
5.741000000000000000e+03
5.900000000000000000e+03
5.866000000000000000e+03
5.772000000000000000e+03
5.832000000000000000e+03
5.853000000000000000e+03
5.899000000000000000e+03
5.911000000000000000e+03
5.916000000000000000e+03
5.891000000000000000e+03
5.982000000000000000e+03
5.902000000000000000e+03
5.966000000000000000e+03
5.952000000000000000e+03
5.985000000000000000e+03
6.036000000000000000e+03
5.976000000000000000e+03
5.968000000000000000e+03
6.028000000000000000e+03
6.037000000000000000e+03
6.103000000000000000e+03
6.100000000000000000e+03
6.084000000000000000e+03
5.963000000000000000e+03
5.998000000000000000e+03
6.077000000000000000e+03
6.143000000000000000e+03
6.164000000000000000e+03
6.141000000000000000e+03
6.083000000000000000e+03
6.153000000000000000e+03
6.158000000000000000e+03
6.164000000000000000e+03
6.137000000000000000e+03
6.233000000000000000e+03
6.326000000000000000e+03
6.303000000000000000e+03
6.151000000000000000e+03
6.234000000000000000e+03
6.206000000000000000e+03
6.323000000000000000e+03
6.238000000000000000e+03
6.334000000000000000e+03
6.491000000000000000e+03
6.323000000000000000e+03
6.413000000000000000e+03
6.387000000000000000e+03
6.411000000000000000e+03
6.474000000000000000e+03
6.325000000000000000e+03
6.414000000000000000e+03
6.401000000000000000e+03
6.437000000000000000e+03
6.455000000000000000e+03
6.498000000000000000e+03
6.332000000000000000e+03
6.377000000000000000e+03
6.462000000000000000e+03
6.457000000000000000e+03
6.496000000000000000e+03
6.500000000000000000e+03
6.474000000000000000e+03
6.491000000000000000e+03
6.474000000000000000e+03
6.628000000000000000e+03
6.532000000000000000e+03
6.584000000000000000e+03
6.566000000000000000e+03
7.115000000000000000e+03
6.579000000000000000e+03
6.627000000000000000e+03
6.632000000000000000e+03
6.720000000000000000e+03
6.677000000000000000e+03
6.709000000000000000e+03
6.710000000000000000e+03
6.796000000000000000e+03
6.808000000000000000e+03
6.797000000000000000e+03
6.738000000000000000e+03
6.804000000000000000e+03
6.788000000000000000e+03
6.824000000000000000e+03
6.905000000000000000e+03
6.988000000000000000e+03
6.972000000000000000e+03
7.023000000000000000e+03
7.059000000000000000e+03
7.090000000000000000e+03
7.067000000000000000e+03
7.067000000000000000e+03
7.154000000000000000e+03
7.149000000000000000e+03
7.108000000000000000e+03
7.177000000000000000e+03
7.058000000000000000e+03
7.208000000000000000e+03
7.161000000000000000e+03
7.255000000000000000e+03
7.181000000000000000e+03
7.287000000000000000e+03
7.291000000000000000e+03
7.373000000000000000e+03
7.406000000000000000e+03
7.361000000000000000e+03
7.405000000000000000e+03
7.402000000000000000e+03
7.465000000000000000e+03
7.496000000000000000e+03
7.526000000000000000e+03
7.497000000000000000e+03
7.639000000000000000e+03
7.741000000000000000e+03
7.607000000000000000e+03
7.588000000000000000e+03
7.642000000000000000e+03
7.701000000000000000e+03
7.769000000000000000e+03
7.686000000000000000e+03
7.848000000000000000e+03
7.863000000000000000e+03
7.846000000000000000e+03
7.837000000000000000e+03
7.996000000000000000e+03
7.811000000000000000e+03
7.946000000000000000e+03
7.991000000000000000e+03
7.998000000000000000e+03
7.868000000000000000e+03
7.946000000000000000e+03
7.999000000000000000e+03
8.014000000000000000e+03
8.083000000000000000e+03
8.159000000000000000e+03
8.084000000000000000e+03
8.130000000000000000e+03
8.188000000000000000e+03
8.061000000000000000e+03
8.133000000000000000e+03
8.104000000000000000e+03
8.075000000000000000e+03
8.208000000000000000e+03
8.265000000000000000e+03
8.309000000000000000e+03
8.276000000000000000e+03
8.318000000000000000e+03
8.327000000000000000e+03
8.233000000000000000e+03
8.306000000000000000e+03
8.588000000000000000e+03
8.427000000000000000e+03
8.441000000000000000e+03
8.466000000000000000e+03
8.447000000000000000e+03
8.387000000000000000e+03
8.473000000000000000e+03
8.549000000000000000e+03
8.564000000000000000e+03
8.562000000000000000e+03
8.717000000000000000e+03
8.478000000000000000e+03
8.594000000000000000e+03
8.640000000000000000e+03
8.571000000000000000e+03
8.550000000000000000e+03
8.763000000000000000e+03
8.743000000000000000e+03
8.691000000000000000e+03
8.618000000000000000e+03
8.707000000000000000e+03
8.921000000000000000e+03
8.825000000000000000e+03
8.754000000000000000e+03
8.895000000000000000e+03
8.885000000000000000e+03
8.965000000000000000e+03
8.898000000000000000e+03
8.895000000000000000e+03
9.070000000000000000e+03
9.005000000000000000e+03
9.078000000000000000e+03
9.135000000000000000e+03
8.997000000000000000e+03
9.092000000000000000e+03
9.094000000000000000e+03
9.303000000000000000e+03
9.254000000000000000e+03
9.358000000000000000e+03
9.268000000000000000e+03
9.340000000000000000e+03
9.377000000000000000e+03
9.427000000000000000e+03
9.383000000000000000e+03
9.379000000000000000e+03
9.556000000000000000e+03
9.642000000000000000e+03
9.658000000000000000e+03
9.678000000000000000e+03
9.665000000000000000e+03
9.739000000000000000e+03
9.799000000000000000e+03
9.819000000000000000e+03
9.860000000000000000e+03
9.873000000000000000e+03
9.906000000000000000e+03
9.834000000000000000e+03
9.914000000000000000e+03
1.007500000000000000e+04
1.005000000000000000e+04
1.014400000000000000e+04
1.006400000000000000e+04
1.017200000000000000e+04
1.015400000000000000e+04
1.036800000000000000e+04
1.025200000000000000e+04
1.037900000000000000e+04
1.025500000000000000e+04
1.042700000000000000e+04
1.040400000000000000e+04
1.057500000000000000e+04
1.044500000000000000e+04
1.055800000000000000e+04
1.066500000000000000e+04
1.049200000000000000e+04
1.061700000000000000e+04
1.072600000000000000e+04
1.068700000000000000e+04
1.065700000000000000e+04
1.069100000000000000e+04
1.088100000000000000e+04
1.083100000000000000e+04
1.086500000000000000e+04
1.083400000000000000e+04
1.100500000000000000e+04
1.101700000000000000e+04
1.104200000000000000e+04
1.104500000000000000e+04
1.103100000000000000e+04
1.117400000000000000e+04
1.107700000000000000e+04
1.105200000000000000e+04
1.107700000000000000e+04
1.113400000000000000e+04
1.120400000000000000e+04
1.114600000000000000e+04
1.117500000000000000e+04
1.113000000000000000e+04
1.117500000000000000e+04
1.125100000000000000e+04
1.129100000000000000e+04
1.132100000000000000e+04
1.128400000000000000e+04
1.123400000000000000e+04
1.125800000000000000e+04
1.149300000000000000e+04
1.136500000000000000e+04
1.130700000000000000e+04
1.128300000000000000e+04
1.149600000000000000e+04
1.141800000000000000e+04
1.154500000000000000e+04
1.173300000000000000e+04
1.153300000000000000e+04
1.145900000000000000e+04
1.156000000000000000e+04
1.164100000000000000e+04
1.151000000000000000e+04
1.156600000000000000e+04
1.164100000000000000e+04
1.153200000000000000e+04
1.168100000000000000e+04
1.164700000000000000e+04
1.161900000000000000e+04
1.164600000000000000e+04
1.164000000000000000e+04
1.183000000000000000e+04
1.173400000000000000e+04
1.175800000000000000e+04
1.168400000000000000e+04
1.163100000000000000e+04
1.175100000000000000e+04
1.171500000000000000e+04
1.163200000000000000e+04
1.167100000000000000e+04
1.162100000000000000e+04
1.161700000000000000e+04
1.171400000000000000e+04
1.173600000000000000e+04
1.165400000000000000e+04
1.156600000000000000e+04
1.160100000000000000e+04
1.164400000000000000e+04
1.183200000000000000e+04
1.182800000000000000e+04
1.163200000000000000e+04
1.172500000000000000e+04
1.186300000000000000e+04
1.174700000000000000e+04
1.187100000000000000e+04
1.176300000000000000e+04
1.168100000000000000e+04
1.215300000000000000e+04
1.188900000000000000e+04
1.178100000000000000e+04
1.177400000000000000e+04
1.168200000000000000e+04
1.179400000000000000e+04
1.182600000000000000e+04
1.172500000000000000e+04
1.185100000000000000e+04
1.184300000000000000e+04
1.187100000000000000e+04
1.175100000000000000e+04
1.172100000000000000e+04
1.174100000000000000e+04
1.197000000000000000e+04
1.196900000000000000e+04
1.188100000000000000e+04
1.203800000000000000e+04
1.193700000000000000e+04
1.185600000000000000e+04
1.196900000000000000e+04
1.196600000000000000e+04
1.193500000000000000e+04
1.197000000000000000e+04
1.193100000000000000e+04
1.202600000000000000e+04
1.201900000000000000e+04
1.206200000000000000e+04
1.204800000000000000e+04
1.193300000000000000e+04
1.200000000000000000e+04
1.202600000000000000e+04
1.196000000000000000e+04
1.199100000000000000e+04
1.205300000000000000e+04
1.209500000000000000e+04
1.216400000000000000e+04
1.215600000000000000e+04
1.228600000000000000e+04
1.237400000000000000e+04
1.231300000000000000e+04
1.220300000000000000e+04
1.232000000000000000e+04
1.235600000000000000e+04
1.233900000000000000e+04
1.232100000000000000e+04
1.233400000000000000e+04
1.237600000000000000e+04
1.233900000000000000e+04
1.245700000000000000e+04
1.219400000000000000e+04
1.242400000000000000e+04
1.241500000000000000e+04
1.257800000000000000e+04
1.250500000000000000e+04
1.245900000000000000e+04
1.254000000000000000e+04
1.253700000000000000e+04
1.275600000000000000e+04
1.266100000000000000e+04
1.277800000000000000e+04
1.265200000000000000e+04
1.281300000000000000e+04
1.273600000000000000e+04
1.267800000000000000e+04
1.284000000000000000e+04
1.305100000000000000e+04
1.289400000000000000e+04
1.287200000000000000e+04
1.300000000000000000e+04
1.299100000000000000e+04
1.287400000000000000e+04
1.293200000000000000e+04
1.299200000000000000e+04
1.297100000000000000e+04
1.308200000000000000e+04
1.318000000000000000e+04
1.301600000000000000e+04
1.298400000000000000e+04
1.298500000000000000e+04
1.304300000000000000e+04
1.324000000000000000e+04
1.328800000000000000e+04
1.320300000000000000e+04
1.303300000000000000e+04
1.321000000000000000e+04
1.323100000000000000e+04
1.349600000000000000e+04
1.316200000000000000e+04
1.322500000000000000e+04
1.328000000000000000e+04
1.307300000000000000e+04
1.318300000000000000e+04
1.327200000000000000e+04
1.332500000000000000e+04
1.320000000000000000e+04
1.323800000000000000e+04
1.330900000000000000e+04
1.308400000000000000e+04
1.329300000000000000e+04
1.319900000000000000e+04
1.309600000000000000e+04
1.310500000000000000e+04
1.303100000000000000e+04
1.324500000000000000e+04
1.321800000000000000e+04
1.320300000000000000e+04
1.338100000000000000e+04
1.340100000000000000e+04
1.325400000000000000e+04
1.335100000000000000e+04
1.329400000000000000e+04
1.319000000000000000e+04
1.324500000000000000e+04
1.317100000000000000e+04
1.322200000000000000e+04
1.323200000000000000e+04
1.307600000000000000e+04
1.325000000000000000e+04
1.306500000000000000e+04
1.313200000000000000e+04
1.301600000000000000e+04
1.312000000000000000e+04
1.307600000000000000e+04
1.304900000000000000e+04
1.291900000000000000e+04
1.286400000000000000e+04
1.277200000000000000e+04
1.268800000000000000e+04
1.272500000000000000e+04
1.276600000000000000e+04
1.257900000000000000e+04
1.249600000000000000e+04
1.262700000000000000e+04
1.250900000000000000e+04
1.242700000000000000e+04
1.240500000000000000e+04
1.233900000000000000e+04
1.223800000000000000e+04
1.216600000000000000e+04
1.205300000000000000e+04
1.189000000000000000e+04
1.178600000000000000e+04
1.174300000000000000e+04
1.157100000000000000e+04
1.197400000000000000e+04
1.169900000000000000e+04
1.186700000000000000e+04
1.183400000000000000e+04
1.193400000000000000e+04
1.205600000000000000e+04
1.203400000000000000e+04
1.208600000000000000e+04
1.215200000000000000e+04
1.205100000000000000e+04
1.210400000000000000e+04
1.219900000000000000e+04
1.200300000000000000e+04
1.199900000000000000e+04
1.199800000000000000e+04
1.195600000000000000e+04
1.194200000000000000e+04
1.188500000000000000e+04
1.190600000000000000e+04
1.179600000000000000e+04
1.164400000000000000e+04
1.167200000000000000e+04
1.164600000000000000e+04
1.152700000000000000e+04
1.149500000000000000e+04
1.132000000000000000e+04
1.122400000000000000e+04
1.134400000000000000e+04
1.115000000000000000e+04
1.112200000000000000e+04
1.097600000000000000e+04
1.098400000000000000e+04
1.106400000000000000e+04
1.106800000000000000e+04
1.118700000000000000e+04
1.118000000000000000e+04
1.122700000000000000e+04
1.132800000000000000e+04
1.138300000000000000e+04
1.142100000000000000e+04
1.122800000000000000e+04
1.120900000000000000e+04
1.114800000000000000e+04
1.109800000000000000e+04
1.103300000000000000e+04
1.091600000000000000e+04
1.104600000000000000e+04
1.071100000000000000e+04
1.080700000000000000e+04
1.079300000000000000e+04
1.073500000000000000e+04
1.062700000000000000e+04
1.061300000000000000e+04
1.039700000000000000e+04
1.036900000000000000e+04
1.029700000000000000e+04
1.022900000000000000e+04
1.024100000000000000e+04
1.018100000000000000e+04
1.031000000000000000e+04
1.031300000000000000e+04
1.037800000000000000e+04
1.028600000000000000e+04
1.036200000000000000e+04
1.034300000000000000e+04
1.025000000000000000e+04
1.014300000000000000e+04
1.019900000000000000e+04
1.025200000000000000e+04
1.002600000000000000e+04
1.003500000000000000e+04
1.004600000000000000e+04
1.007700000000000000e+04
1.005200000000000000e+04
1.011500000000000000e+04
1.024600000000000000e+04
1.028300000000000000e+04
1.035800000000000000e+04
1.055500000000000000e+04
1.051400000000000000e+04
1.071900000000000000e+04
1.071800000000000000e+04
1.073100000000000000e+04
1.072600000000000000e+04
1.062000000000000000e+04
1.062200000000000000e+04
1.037600000000000000e+04
