3.542000000000000000e+03
3.482000000000000000e+03
3.451000000000000000e+03
3.522000000000000000e+03
3.579000000000000000e+03
3.539000000000000000e+03
3.716000000000000000e+03
3.554000000000000000e+03
3.540000000000000000e+03
3.542000000000000000e+03
3.549000000000000000e+03
3.415000000000000000e+03
3.540000000000000000e+03
3.564000000000000000e+03
3.556000000000000000e+03
3.494000000000000000e+03
3.570000000000000000e+03
3.512000000000000000e+03
3.468000000000000000e+03
3.539000000000000000e+03
3.571000000000000000e+03
3.571000000000000000e+03
3.559000000000000000e+03
3.516000000000000000e+03
3.561000000000000000e+03
3.525000000000000000e+03
3.506000000000000000e+03
3.490000000000000000e+03
3.543000000000000000e+03
3.597000000000000000e+03
3.733000000000000000e+03
3.575000000000000000e+03
3.463000000000000000e+03
3.529000000000000000e+03
3.529000000000000000e+03
3.658000000000000000e+03
3.578000000000000000e+03
3.605000000000000000e+03
3.642000000000000000e+03
3.566000000000000000e+03
3.607000000000000000e+03
3.604000000000000000e+03
3.646000000000000000e+03
3.611000000000000000e+03
3.519000000000000000e+03
3.621000000000000000e+03
3.632000000000000000e+03
3.636000000000000000e+03
3.657000000000000000e+03
3.637000000000000000e+03
3.593000000000000000e+03
3.623000000000000000e+03
3.663000000000000000e+03
3.670000000000000000e+03
3.738000000000000000e+03
3.650000000000000000e+03
3.669000000000000000e+03
3.753000000000000000e+03
3.707000000000000000e+03
3.708000000000000000e+03
3.675000000000000000e+03
3.681000000000000000e+03
3.713000000000000000e+03
3.737000000000000000e+03
3.843000000000000000e+03
3.766000000000000000e+03
3.797000000000000000e+03
3.765000000000000000e+03
3.789000000000000000e+03
3.902000000000000000e+03
3.768000000000000000e+03
3.833000000000000000e+03
3.814000000000000000e+03
3.837000000000000000e+03
3.808000000000000000e+03
3.843000000000000000e+03
4.054000000000000000e+03
3.847000000000000000e+03
3.957000000000000000e+03
3.880000000000000000e+03
3.885000000000000000e+03
3.912000000000000000e+03
3.909000000000000000e+03
3.874000000000000000e+03
3.972000000000000000e+03
3.874000000000000000e+03
3.879000000000000000e+03
3.933000000000000000e+03
3.907000000000000000e+03
4.000000000000000000e+03
3.995000000000000000e+03
3.922000000000000000e+03
3.885000000000000000e+03
3.990000000000000000e+03
3.908000000000000000e+03
3.997000000000000000e+03
4.027000000000000000e+03
3.942000000000000000e+03
4.000000000000000000e+03
3.995000000000000000e+03
4.017000000000000000e+03
3.998000000000000000e+03
4.104000000000000000e+03
4.064000000000000000e+03
4.078000000000000000e+03
4.049000000000000000e+03
4.112000000000000000e+03
3.999000000000000000e+03
4.043000000000000000e+03
4.128000000000000000e+03
4.069000000000000000e+03
4.100000000000000000e+03
4.097000000000000000e+03
4.154000000000000000e+03
4.136000000000000000e+03
4.182000000000000000e+03
4.080000000000000000e+03
4.169000000000000000e+03
4.236000000000000000e+03
4.204000000000000000e+03
4.220000000000000000e+03
4.195000000000000000e+03
4.162000000000000000e+03
4.292000000000000000e+03
4.212000000000000000e+03
4.251000000000000000e+03
4.218000000000000000e+03
4.188000000000000000e+03
4.235000000000000000e+03
4.288000000000000000e+03
4.301000000000000000e+03
4.291000000000000000e+03
4.331000000000000000e+03
4.214000000000000000e+03
4.347000000000000000e+03
4.278000000000000000e+03
4.290000000000000000e+03
4.274000000000000000e+03
4.336000000000000000e+03
4.302000000000000000e+03
4.444000000000000000e+03
4.364000000000000000e+03
4.403000000000000000e+03
4.408000000000000000e+03
4.396000000000000000e+03
4.495000000000000000e+03
4.463000000000000000e+03
4.562000000000000000e+03
4.455000000000000000e+03
4.483000000000000000e+03
4.497000000000000000e+03
4.529000000000000000e+03
4.527000000000000000e+03
4.522000000000000000e+03
4.565000000000000000e+03
4.586000000000000000e+03
4.597000000000000000e+03
4.566000000000000000e+03
4.544000000000000000e+03
4.638000000000000000e+03
4.648000000000000000e+03
4.666000000000000000e+03
4.664000000000000000e+03
4.644000000000000000e+03
4.684000000000000000e+03
4.648000000000000000e+03
4.748000000000000000e+03
4.691000000000000000e+03
4.744000000000000000e+03
4.780000000000000000e+03
4.780000000000000000e+03
4.775000000000000000e+03
4.786000000000000000e+03
4.887000000000000000e+03
4.828000000000000000e+03
4.811000000000000000e+03
4.806000000000000000e+03
4.747000000000000000e+03
4.889000000000000000e+03
4.871000000000000000e+03
4.901000000000000000e+03
4.940000000000000000e+03
4.929000000000000000e+03
4.933000000000000000e+03
4.870000000000000000e+03
4.937000000000000000e+03
4.971000000000000000e+03
4.994000000000000000e+03
4.957000000000000000e+03
5.007000000000000000e+03
5.098000000000000000e+03
4.961000000000000000e+03
5.072000000000000000e+03
4.994000000000000000e+03
5.077000000000000000e+03
5.048000000000000000e+03
5.137000000000000000e+03
5.099000000000000000e+03
5.019000000000000000e+03
5.101000000000000000e+03
5.124000000000000000e+03
5.165000000000000000e+03
5.258000000000000000e+03
5.201000000000000000e+03
5.250000000000000000e+03
5.279000000000000000e+03
5.177000000000000000e+03
5.275000000000000000e+03
5.246000000000000000e+03
5.203000000000000000e+03
5.290000000000000000e+03
5.241000000000000000e+03
5.349000000000000000e+03
5.311000000000000000e+03
5.374000000000000000e+03
5.315000000000000000e+03
5.286000000000000000e+03
5.510000000000000000e+03
5.485000000000000000e+03
5.435000000000000000e+03
5.390000000000000000e+03
5.456000000000000000e+03
5.464000000000000000e+03
5.485000000000000000e+03
5.553000000000000000e+03
5.456000000000000000e+03
5.572000000000000000e+03
5.591000000000000000e+03
5.533000000000000000e+03
5.566000000000000000e+03
5.572000000000000000e+03
5.596000000000000000e+03
5.721000000000000000e+03
5.658000000000000000e+03
5.599000000000000000e+03
5.695000000000000000e+03
5.635000000000000000e+03
5.762000000000000000e+03
5.656000000000000000e+03
5.605000000000000000e+03
5.661000000000000000e+03
5.710000000000000000e+03
5.735000000000000000e+03
5.776000000000000000e+03
6.001000000000000000e+03
5.829000000000000000e+03
5.780000000000000000e+03
5.769000000000000000e+03
5.896000000000000000e+03
5.737000000000000000e+03
5.853000000000000000e+03
5.828000000000000000e+03
5.938000000000000000e+03
5.872000000000000000e+03
5.726000000000000000e+03
5.914000000000000000e+03
5.892000000000000000e+03
5.959000000000000000e+03
5.940000000000000000e+03
5.919000000000000000e+03
5.968000000000000000e+03
5.975000000000000000e+03
5.969000000000000000e+03
6.008000000000000000e+03
5.986000000000000000e+03
5.956000000000000000e+03
6.018000000000000000e+03
5.913000000000000000e+03
6.040000000000000000e+03
6.075000000000000000e+03
6.036000000000000000e+03
6.096000000000000000e+03
6.026000000000000000e+03
6.124000000000000000e+03
6.133000000000000000e+03
6.195000000000000000e+03
6.104000000000000000e+03
6.299000000000000000e+03
6.115000000000000000e+03
6.050000000000000000e+03
6.249000000000000000e+03
6.095000000000000000e+03
6.157000000000000000e+03
6.209000000000000000e+03
6.168000000000000000e+03
6.205000000000000000e+03
6.110000000000000000e+03
6.213000000000000000e+03
6.197000000000000000e+03
6.296000000000000000e+03
6.277000000000000000e+03
6.371000000000000000e+03
6.309000000000000000e+03
6.353000000000000000e+03
6.240000000000000000e+03
6.293000000000000000e+03
6.337000000000000000e+03
6.390000000000000000e+03
6.333000000000000000e+03
6.312000000000000000e+03
6.401000000000000000e+03
6.417000000000000000e+03
6.527000000000000000e+03
6.446000000000000000e+03
6.447000000000000000e+03
6.434000000000000000e+03
6.509000000000000000e+03
6.482000000000000000e+03
6.551000000000000000e+03
6.537000000000000000e+03
6.483000000000000000e+03
6.625000000000000000e+03
6.632000000000000000e+03
6.646000000000000000e+03
6.625000000000000000e+03
6.553000000000000000e+03
6.665000000000000000e+03
6.764000000000000000e+03
6.736000000000000000e+03
6.669000000000000000e+03
6.829000000000000000e+03
6.753000000000000000e+03
6.867000000000000000e+03
7.012000000000000000e+03
6.909000000000000000e+03
6.898000000000000000e+03
6.917000000000000000e+03
6.934000000000000000e+03
7.056000000000000000e+03
6.962000000000000000e+03
7.004000000000000000e+03
7.065000000000000000e+03
7.092000000000000000e+03
7.019000000000000000e+03
7.136000000000000000e+03
7.203000000000000000e+03
7.234000000000000000e+03
7.088000000000000000e+03
7.129000000000000000e+03
7.083000000000000000e+03
7.221000000000000000e+03
7.196000000000000000e+03
7.263000000000000000e+03
7.373000000000000000e+03
7.397000000000000000e+03
7.374000000000000000e+03
7.404000000000000000e+03
7.322000000000000000e+03
7.450000000000000000e+03
7.469000000000000000e+03
7.480000000000000000e+03
7.551000000000000000e+03
7.571000000000000000e+03
7.472000000000000000e+03
7.577000000000000000e+03
7.675000000000000000e+03
7.713000000000000000e+03
7.621000000000000000e+03
7.728000000000000000e+03
7.865000000000000000e+03
7.698000000000000000e+03
7.690000000000000000e+03
7.757000000000000000e+03
7.875000000000000000e+03
7.969000000000000000e+03
7.848000000000000000e+03
7.815000000000000000e+03
7.974000000000000000e+03
7.857000000000000000e+03
7.878000000000000000e+03
7.912000000000000000e+03
7.889000000000000000e+03
7.840000000000000000e+03
8.010000000000000000e+03
7.936000000000000000e+03
8.000000000000000000e+03
7.921000000000000000e+03
8.027000000000000000e+03
8.148000000000000000e+03
8.044000000000000000e+03
8.188000000000000000e+03
7.985000000000000000e+03
8.225000000000000000e+03
8.136000000000000000e+03
8.152000000000000000e+03
8.175000000000000000e+03
8.122000000000000000e+03
8.209000000000000000e+03
8.188000000000000000e+03
8.215000000000000000e+03
8.229000000000000000e+03
8.231000000000000000e+03
8.273000000000000000e+03
8.256000000000000000e+03
8.357000000000000000e+03
8.309000000000000000e+03
8.253000000000000000e+03
8.413000000000000000e+03
8.539000000000000000e+03
8.573000000000000000e+03
8.417000000000000000e+03
8.438000000000000000e+03
8.458000000000000000e+03
8.505000000000000000e+03
8.502000000000000000e+03
8.602000000000000000e+03
8.572000000000000000e+03
8.623000000000000000e+03
8.546000000000000000e+03
8.800000000000000000e+03
8.596000000000000000e+03
8.676000000000000000e+03
8.765000000000000000e+03
8.748000000000000000e+03
8.811000000000000000e+03
8.768000000000000000e+03
8.987000000000000000e+03
8.938000000000000000e+03
8.928000000000000000e+03
8.922000000000000000e+03
8.975000000000000000e+03
8.993000000000000000e+03
9.099000000000000000e+03
9.120000000000000000e+03
9.176000000000000000e+03
9.094000000000000000e+03
9.222000000000000000e+03
9.306000000000000000e+03
9.271000000000000000e+03
9.368000000000000000e+03
9.340000000000000000e+03
9.447000000000000000e+03
9.347000000000000000e+03
9.334000000000000000e+03
9.491000000000000000e+03
9.479000000000000000e+03
9.650000000000000000e+03
9.606000000000000000e+03
9.555000000000000000e+03
9.817000000000000000e+03
9.686000000000000000e+03
9.796000000000000000e+03
1.018700000000000000e+04
9.902000000000000000e+03
9.970000000000000000e+03
9.912000000000000000e+03
1.001900000000000000e+04
9.949000000000000000e+03
1.009600000000000000e+04
1.020700000000000000e+04
1.007100000000000000e+04
1.017400000000000000e+04
1.030100000000000000e+04
1.013600000000000000e+04
1.038600000000000000e+04
1.036100000000000000e+04
1.025100000000000000e+04
1.045300000000000000e+04
1.038300000000000000e+04
1.024400000000000000e+04
1.049400000000000000e+04
1.042900000000000000e+04
1.049000000000000000e+04
1.048500000000000000e+04
1.058400000000000000e+04
1.043600000000000000e+04
1.058100000000000000e+04
1.055100000000000000e+04
1.068200000000000000e+04
1.081500000000000000e+04
1.073900000000000000e+04
1.071700000000000000e+04
1.058600000000000000e+04
1.080300000000000000e+04
1.095800000000000000e+04
1.078100000000000000e+04
1.104500000000000000e+04
1.077500000000000000e+04
1.098100000000000000e+04
1.082300000000000000e+04
1.089800000000000000e+04
1.091400000000000000e+04
1.093000000000000000e+04
1.102500000000000000e+04
1.086600000000000000e+04
1.098800000000000000e+04
1.108800000000000000e+04
1.105600000000000000e+04
1.092500000000000000e+04
1.103600000000000000e+04
1.105600000000000000e+04
1.102800000000000000e+04
1.097100000000000000e+04
1.124600000000000000e+04
1.114300000000000000e+04
1.111600000000000000e+04
1.118300000000000000e+04
1.111700000000000000e+04
1.117900000000000000e+04
1.111700000000000000e+04
1.133200000000000000e+04
1.129800000000000000e+04
1.127400000000000000e+04
1.136900000000000000e+04
1.137300000000000000e+04
1.120400000000000000e+04
1.127900000000000000e+04
1.159500000000000000e+04
1.126100000000000000e+04
1.126900000000000000e+04
1.151500000000000000e+04
1.125700000000000000e+04
1.137700000000000000e+04
1.121400000000000000e+04
1.136500000000000000e+04
1.148100000000000000e+04
1.133800000000000000e+04
1.131000000000000000e+04
1.138700000000000000e+04
1.135700000000000000e+04
1.154200000000000000e+04
1.146800000000000000e+04
1.147600000000000000e+04
1.137700000000000000e+04
1.152100000000000000e+04
1.144400000000000000e+04
1.136700000000000000e+04
1.141500000000000000e+04
1.132100000000000000e+04
1.153000000000000000e+04
1.136300000000000000e+04
1.127400000000000000e+04
1.146500000000000000e+04
1.142600000000000000e+04
1.145900000000000000e+04
1.132600000000000000e+04
1.141900000000000000e+04
1.156600000000000000e+04
1.150400000000000000e+04
1.147400000000000000e+04
1.138700000000000000e+04
1.137800000000000000e+04
1.142400000000000000e+04
1.149200000000000000e+04
1.142700000000000000e+04
1.142200000000000000e+04
1.155200000000000000e+04
1.142700000000000000e+04
1.149100000000000000e+04
1.150100000000000000e+04
1.162700000000000000e+04
1.164800000000000000e+04
1.151800000000000000e+04
1.171400000000000000e+04
1.148200000000000000e+04
1.179300000000000000e+04
1.153200000000000000e+04
1.157900000000000000e+04
1.159500000000000000e+04
1.177500000000000000e+04
1.164900000000000000e+04
1.177200000000000000e+04
1.158100000000000000e+04
1.169700000000000000e+04
1.173000000000000000e+04
1.181400000000000000e+04
1.183100000000000000e+04
1.170200000000000000e+04
1.173400000000000000e+04
1.182000000000000000e+04
1.193600000000000000e+04
1.187400000000000000e+04
1.222300000000000000e+04
1.188300000000000000e+04
1.181900000000000000e+04
1.198400000000000000e+04
1.207900000000000000e+04
1.203700000000000000e+04
1.204600000000000000e+04
1.204100000000000000e+04
1.212800000000000000e+04
1.217000000000000000e+04
1.204600000000000000e+04
1.213100000000000000e+04
1.214900000000000000e+04
1.203100000000000000e+04
1.193500000000000000e+04
1.212000000000000000e+04
1.212600000000000000e+04
1.218100000000000000e+04
1.210200000000000000e+04
1.221300000000000000e+04
1.220300000000000000e+04
1.234800000000000000e+04
1.236500000000000000e+04
1.240700000000000000e+04
1.263800000000000000e+04
1.242600000000000000e+04
1.249200000000000000e+04
1.237300000000000000e+04
1.253400000000000000e+04
1.245100000000000000e+04
1.255200000000000000e+04
1.256000000000000000e+04
1.255400000000000000e+04
1.262400000000000000e+04
1.258600000000000000e+04
1.253600000000000000e+04
1.263100000000000000e+04
1.271100000000000000e+04
1.274300000000000000e+04
1.265600000000000000e+04
1.286700000000000000e+04
1.278100000000000000e+04
1.283300000000000000e+04
1.284500000000000000e+04
1.289200000000000000e+04
1.283400000000000000e+04
1.284900000000000000e+04
1.296900000000000000e+04
1.290500000000000000e+04
1.295500000000000000e+04
1.301100000000000000e+04
1.290900000000000000e+04
1.285400000000000000e+04
1.296900000000000000e+04
1.296200000000000000e+04
1.305400000000000000e+04
1.292900000000000000e+04
1.302000000000000000e+04
1.295800000000000000e+04
1.293500000000000000e+04
1.292000000000000000e+04
1.300900000000000000e+04
1.290400000000000000e+04
1.284700000000000000e+04
1.298100000000000000e+04
1.294700000000000000e+04
1.295400000000000000e+04
1.286400000000000000e+04
1.280600000000000000e+04
1.282200000000000000e+04
1.282600000000000000e+04
1.276700000000000000e+04
1.281900000000000000e+04
1.285100000000000000e+04
1.278000000000000000e+04
1.298000000000000000e+04
1.241800000000000000e+04
1.264200000000000000e+04
1.264100000000000000e+04
1.260000000000000000e+04
1.272800000000000000e+04
1.242800000000000000e+04
1.241600000000000000e+04
1.247000000000000000e+04
1.245100000000000000e+04
1.236000000000000000e+04
1.238700000000000000e+04
1.243100000000000000e+04
1.246700000000000000e+04
1.253400000000000000e+04
1.245200000000000000e+04
1.241700000000000000e+04
1.235800000000000000e+04
1.222200000000000000e+04
1.217900000000000000e+04
1.200400000000000000e+04
1.202500000000000000e+04
1.196000000000000000e+04
1.202300000000000000e+04
1.202100000000000000e+04
1.198000000000000000e+04
1.196100000000000000e+04
1.196700000000000000e+04
1.188100000000000000e+04
1.188900000000000000e+04
1.187500000000000000e+04
1.206100000000000000e+04
1.196900000000000000e+04
1.184900000000000000e+04
1.195400000000000000e+04
1.178500000000000000e+04
1.175000000000000000e+04
1.169700000000000000e+04
1.167800000000000000e+04
1.176000000000000000e+04
1.161300000000000000e+04
1.162700000000000000e+04
1.142200000000000000e+04
1.145100000000000000e+04
1.137200000000000000e+04
1.114200000000000000e+04
1.127400000000000000e+04
1.087200000000000000e+04
1.096500000000000000e+04
1.101500000000000000e+04
1.095600000000000000e+04
1.108400000000000000e+04
1.106800000000000000e+04
1.125300000000000000e+04
1.104500000000000000e+04
1.108700000000000000e+04
1.093200000000000000e+04
1.097200000000000000e+04
1.087400000000000000e+04
1.068600000000000000e+04
1.065300000000000000e+04
1.068000000000000000e+04
1.065100000000000000e+04
1.058700000000000000e+04
1.063600000000000000e+04
1.054600000000000000e+04
1.064400000000000000e+04
1.057800000000000000e+04
1.048900000000000000e+04
1.027600000000000000e+04
1.035200000000000000e+04
1.031100000000000000e+04
1.036800000000000000e+04
1.033300000000000000e+04
1.052400000000000000e+04
1.043200000000000000e+04
1.037300000000000000e+04
1.042800000000000000e+04
1.043700000000000000e+04
1.039200000000000000e+04
1.033900000000000000e+04
1.020900000000000000e+04
1.008400000000000000e+04
1.017300000000000000e+04
1.007900000000000000e+04
9.997000000000000000e+03
1.012900000000000000e+04
1.004400000000000000e+04
1.002600000000000000e+04
1.001700000000000000e+04
1.001000000000000000e+04
9.850000000000000000e+03
9.979000000000000000e+03
9.911000000000000000e+03
1.000600000000000000e+04
9.911000000000000000e+03
1.002800000000000000e+04
1.003000000000000000e+04
1.009800000000000000e+04
1.022400000000000000e+04
1.009400000000000000e+04
1.009500000000000000e+04
1.027200000000000000e+04
1.029900000000000000e+04
1.030700000000000000e+04
1.027100000000000000e+04
1.024600000000000000e+04
1.013900000000000000e+04
1.003400000000000000e+04
9.905000000000000000e+03
9.950000000000000000e+03
9.931000000000000000e+03
9.929000000000000000e+03
1.010800000000000000e+04
1.003400000000000000e+04
9.915000000000000000e+03
9.998000000000000000e+03
9.789000000000000000e+03
