3.587000000000000000e+03
3.531000000000000000e+03
3.614000000000000000e+03
3.670000000000000000e+03
3.519000000000000000e+03
3.610000000000000000e+03
3.573000000000000000e+03
3.568000000000000000e+03
3.528000000000000000e+03
3.589000000000000000e+03
3.643000000000000000e+03
3.558000000000000000e+03
3.604000000000000000e+03
3.523000000000000000e+03
3.573000000000000000e+03
3.614000000000000000e+03
3.627000000000000000e+03
3.595000000000000000e+03
3.658000000000000000e+03
3.538000000000000000e+03
3.575000000000000000e+03
3.570000000000000000e+03
3.553000000000000000e+03
3.604000000000000000e+03
3.600000000000000000e+03
3.630000000000000000e+03
3.563000000000000000e+03
3.574000000000000000e+03
3.684000000000000000e+03
3.596000000000000000e+03
3.656000000000000000e+03
3.637000000000000000e+03
3.668000000000000000e+03
3.632000000000000000e+03
3.656000000000000000e+03
3.679000000000000000e+03
3.602000000000000000e+03
3.644000000000000000e+03
3.672000000000000000e+03
3.659000000000000000e+03
3.646000000000000000e+03
3.647000000000000000e+03
3.656000000000000000e+03
3.640000000000000000e+03
3.689000000000000000e+03
3.679000000000000000e+03
3.706000000000000000e+03
3.720000000000000000e+03
3.691000000000000000e+03
3.634000000000000000e+03
3.698000000000000000e+03
3.732000000000000000e+03
3.788000000000000000e+03
3.678000000000000000e+03
3.716000000000000000e+03
3.708000000000000000e+03
3.703000000000000000e+03
3.784000000000000000e+03
3.688000000000000000e+03
3.815000000000000000e+03
3.719000000000000000e+03
3.818000000000000000e+03
3.775000000000000000e+03
3.839000000000000000e+03
3.761000000000000000e+03
3.841000000000000000e+03
4.048000000000000000e+03
3.805000000000000000e+03
3.901000000000000000e+03
3.897000000000000000e+03
3.846000000000000000e+03
3.927000000000000000e+03
3.817000000000000000e+03
3.865000000000000000e+03
3.929000000000000000e+03
3.867000000000000000e+03
3.857000000000000000e+03
3.901000000000000000e+03
3.925000000000000000e+03
3.913000000000000000e+03
3.945000000000000000e+03
3.890000000000000000e+03
3.909000000000000000e+03
3.949000000000000000e+03
4.005000000000000000e+03
4.050000000000000000e+03
3.967000000000000000e+03
3.954000000000000000e+03
3.993000000000000000e+03
4.186000000000000000e+03
4.015000000000000000e+03
3.937000000000000000e+03
4.287000000000000000e+03
4.002000000000000000e+03
4.104000000000000000e+03
4.089000000000000000e+03
4.133000000000000000e+03
4.041000000000000000e+03
4.012000000000000000e+03
4.068000000000000000e+03
4.086000000000000000e+03
3.997000000000000000e+03
4.085000000000000000e+03
4.131000000000000000e+03
4.028000000000000000e+03
4.080000000000000000e+03
4.109000000000000000e+03
4.057000000000000000e+03
4.201000000000000000e+03
4.208000000000000000e+03
4.147000000000000000e+03
4.158000000000000000e+03
4.206000000000000000e+03
4.178000000000000000e+03
4.208000000000000000e+03
4.169000000000000000e+03
4.271000000000000000e+03
4.243000000000000000e+03
4.263000000000000000e+03
4.335000000000000000e+03
4.258000000000000000e+03
4.242000000000000000e+03
4.166000000000000000e+03
4.246000000000000000e+03
4.254000000000000000e+03
4.312000000000000000e+03
4.243000000000000000e+03
4.315000000000000000e+03
4.311000000000000000e+03
4.359000000000000000e+03
4.307000000000000000e+03
4.402000000000000000e+03
4.398000000000000000e+03
4.418000000000000000e+03
4.406000000000000000e+03
4.401000000000000000e+03
4.656000000000000000e+03
4.408000000000000000e+03
4.407000000000000000e+03
4.440000000000000000e+03
4.405000000000000000e+03
4.404000000000000000e+03
4.463000000000000000e+03
4.474000000000000000e+03
4.527000000000000000e+03
4.657000000000000000e+03
4.512000000000000000e+03
4.517000000000000000e+03
4.511000000000000000e+03
4.610000000000000000e+03
4.557000000000000000e+03
4.588000000000000000e+03
4.629000000000000000e+03
4.574000000000000000e+03
4.631000000000000000e+03
4.606000000000000000e+03
4.696000000000000000e+03
4.721000000000000000e+03
4.660000000000000000e+03
4.754000000000000000e+03
4.680000000000000000e+03
4.732000000000000000e+03
4.806000000000000000e+03
4.715000000000000000e+03
4.692000000000000000e+03
4.803000000000000000e+03
4.759000000000000000e+03
4.791000000000000000e+03
4.785000000000000000e+03
4.764000000000000000e+03
4.782000000000000000e+03
4.849000000000000000e+03
4.861000000000000000e+03
4.889000000000000000e+03
4.807000000000000000e+03
4.856000000000000000e+03
4.905000000000000000e+03
4.934000000000000000e+03
4.962000000000000000e+03
4.950000000000000000e+03
5.040000000000000000e+03
4.970000000000000000e+03
4.971000000000000000e+03
5.000000000000000000e+03
5.036000000000000000e+03
5.035000000000000000e+03
5.056000000000000000e+03
5.010000000000000000e+03
5.084000000000000000e+03
5.140000000000000000e+03
5.141000000000000000e+03
5.083000000000000000e+03
5.035000000000000000e+03
5.188000000000000000e+03
5.255000000000000000e+03
5.105000000000000000e+03
5.269000000000000000e+03
5.246000000000000000e+03
5.128000000000000000e+03
5.230000000000000000e+03
5.286000000000000000e+03
5.213000000000000000e+03
5.260000000000000000e+03
5.320000000000000000e+03
5.319000000000000000e+03
5.264000000000000000e+03
5.330000000000000000e+03
5.372000000000000000e+03
5.312000000000000000e+03
5.378000000000000000e+03
5.403000000000000000e+03
5.352000000000000000e+03
5.484000000000000000e+03
5.387000000000000000e+03
5.476000000000000000e+03
5.453000000000000000e+03
5.404000000000000000e+03
5.511000000000000000e+03
5.409000000000000000e+03
5.491000000000000000e+03
5.554000000000000000e+03
5.592000000000000000e+03
5.613000000000000000e+03
5.510000000000000000e+03
5.642000000000000000e+03
5.683000000000000000e+03
5.715000000000000000e+03
5.658000000000000000e+03
5.671000000000000000e+03
5.644000000000000000e+03
5.718000000000000000e+03
5.753000000000000000e+03
5.688000000000000000e+03
5.662000000000000000e+03
5.683000000000000000e+03
5.831000000000000000e+03
5.862000000000000000e+03
5.831000000000000000e+03
5.780000000000000000e+03
5.798000000000000000e+03
5.834000000000000000e+03
5.848000000000000000e+03
5.829000000000000000e+03
5.939000000000000000e+03
5.859000000000000000e+03
5.963000000000000000e+03
5.887000000000000000e+03
5.946000000000000000e+03
5.809000000000000000e+03
5.885000000000000000e+03
5.873000000000000000e+03
5.914000000000000000e+03
5.987000000000000000e+03
5.834000000000000000e+03
6.014000000000000000e+03
5.957000000000000000e+03
6.071000000000000000e+03
5.990000000000000000e+03
6.063000000000000000e+03
6.072000000000000000e+03
6.037000000000000000e+03
5.965000000000000000e+03
6.067000000000000000e+03
6.121000000000000000e+03
6.087000000000000000e+03
6.053000000000000000e+03
5.997000000000000000e+03
6.106000000000000000e+03
6.110000000000000000e+03
6.254000000000000000e+03
6.105000000000000000e+03
6.289000000000000000e+03
6.264000000000000000e+03
6.096000000000000000e+03
6.256000000000000000e+03
6.261000000000000000e+03
6.258000000000000000e+03
6.203000000000000000e+03
6.211000000000000000e+03
6.304000000000000000e+03
6.230000000000000000e+03
6.272000000000000000e+03
6.222000000000000000e+03
6.325000000000000000e+03
6.276000000000000000e+03
6.315000000000000000e+03
6.168000000000000000e+03
6.315000000000000000e+03
6.214000000000000000e+03
6.311000000000000000e+03
6.382000000000000000e+03
6.455000000000000000e+03
6.553000000000000000e+03
6.384000000000000000e+03
6.365000000000000000e+03
6.420000000000000000e+03
6.513000000000000000e+03
6.497000000000000000e+03
6.496000000000000000e+03
6.409000000000000000e+03
6.556000000000000000e+03
6.470000000000000000e+03
6.538000000000000000e+03
6.411000000000000000e+03
6.474000000000000000e+03
6.604000000000000000e+03
6.631000000000000000e+03
6.636000000000000000e+03
6.701000000000000000e+03
6.635000000000000000e+03
6.735000000000000000e+03
6.725000000000000000e+03
6.744000000000000000e+03
6.725000000000000000e+03
6.842000000000000000e+03
6.838000000000000000e+03
6.822000000000000000e+03
6.915000000000000000e+03
6.802000000000000000e+03
6.883000000000000000e+03
6.871000000000000000e+03
6.927000000000000000e+03
6.978000000000000000e+03
6.935000000000000000e+03
6.910000000000000000e+03
7.070000000000000000e+03
7.061000000000000000e+03
7.072000000000000000e+03
7.073000000000000000e+03
7.155000000000000000e+03
7.132000000000000000e+03
7.158000000000000000e+03
7.207000000000000000e+03
7.269000000000000000e+03
7.213000000000000000e+03
7.260000000000000000e+03
7.340000000000000000e+03
7.421000000000000000e+03
7.361000000000000000e+03
7.274000000000000000e+03
7.315000000000000000e+03
7.595000000000000000e+03
7.433000000000000000e+03
7.477000000000000000e+03
7.484000000000000000e+03
7.478000000000000000e+03
7.554000000000000000e+03
7.550000000000000000e+03
7.661000000000000000e+03
7.592000000000000000e+03
7.712000000000000000e+03
7.592000000000000000e+03
7.640000000000000000e+03
7.697000000000000000e+03
7.791000000000000000e+03
7.776000000000000000e+03
7.819000000000000000e+03
7.792000000000000000e+03
7.729000000000000000e+03
8.062000000000000000e+03
7.976000000000000000e+03
7.801000000000000000e+03
7.939000000000000000e+03
7.941000000000000000e+03
7.915000000000000000e+03
7.964000000000000000e+03
8.214000000000000000e+03
8.058000000000000000e+03
7.961000000000000000e+03
8.018000000000000000e+03
8.044000000000000000e+03
8.107000000000000000e+03
8.000000000000000000e+03
8.129000000000000000e+03
8.023000000000000000e+03
8.136000000000000000e+03
8.101000000000000000e+03
8.163000000000000000e+03
8.197000000000000000e+03
8.206000000000000000e+03
8.199000000000000000e+03
8.110000000000000000e+03
8.122000000000000000e+03
8.242000000000000000e+03
8.172000000000000000e+03
8.278000000000000000e+03
8.319000000000000000e+03
8.351000000000000000e+03
8.347000000000000000e+03
8.436000000000000000e+03
8.275000000000000000e+03
8.285000000000000000e+03
8.518000000000000000e+03
8.522000000000000000e+03
8.367000000000000000e+03
8.546000000000000000e+03
8.485000000000000000e+03
8.451000000000000000e+03
8.563000000000000000e+03
8.558000000000000000e+03
8.663000000000000000e+03
8.602000000000000000e+03
8.617000000000000000e+03
8.694000000000000000e+03
8.700000000000000000e+03
8.734000000000000000e+03
8.784000000000000000e+03
8.638000000000000000e+03
8.840000000000000000e+03
8.764000000000000000e+03
8.780000000000000000e+03
8.799000000000000000e+03
8.963000000000000000e+03
8.847000000000000000e+03
9.031000000000000000e+03
8.916000000000000000e+03
9.118000000000000000e+03
9.185000000000000000e+03
9.134000000000000000e+03
9.265000000000000000e+03
9.203000000000000000e+03
9.171000000000000000e+03
9.334000000000000000e+03
9.232000000000000000e+03
9.433000000000000000e+03
9.305000000000000000e+03
9.306000000000000000e+03
9.444000000000000000e+03
9.411000000000000000e+03
9.658000000000000000e+03
9.546000000000000000e+03
9.527000000000000000e+03
9.620000000000000000e+03
9.674000000000000000e+03
9.731000000000000000e+03
9.680000000000000000e+03
9.769000000000000000e+03
9.748000000000000000e+03
9.759000000000000000e+03
9.878000000000000000e+03
9.916000000000000000e+03
9.929000000000000000e+03
1.000300000000000000e+04
1.004600000000000000e+04
1.003200000000000000e+04
1.008400000000000000e+04
1.022900000000000000e+04
1.027400000000000000e+04
1.020800000000000000e+04
1.031200000000000000e+04
1.029500000000000000e+04
1.039000000000000000e+04
1.036000000000000000e+04
1.038000000000000000e+04
1.042000000000000000e+04
1.046600000000000000e+04
1.049900000000000000e+04
1.059600000000000000e+04
1.055600000000000000e+04
1.041600000000000000e+04
1.068000000000000000e+04
1.068900000000000000e+04
1.062400000000000000e+04
1.074700000000000000e+04
1.075900000000000000e+04
1.066800000000000000e+04
1.083800000000000000e+04
1.077200000000000000e+04
1.086200000000000000e+04
1.092600000000000000e+04
1.086400000000000000e+04
1.089500000000000000e+04
1.100400000000000000e+04
1.098000000000000000e+04
1.105100000000000000e+04
1.091900000000000000e+04
1.099800000000000000e+04
1.093500000000000000e+04
1.097900000000000000e+04
1.091800000000000000e+04
1.112500000000000000e+04
1.108800000000000000e+04
1.107400000000000000e+04
1.115300000000000000e+04
1.110000000000000000e+04
1.105000000000000000e+04
1.122000000000000000e+04
1.108800000000000000e+04
1.114500000000000000e+04
1.121500000000000000e+04
1.112400000000000000e+04
1.123100000000000000e+04
1.133900000000000000e+04
1.128200000000000000e+04
1.131700000000000000e+04
1.145500000000000000e+04
1.140100000000000000e+04
1.150500000000000000e+04
1.125900000000000000e+04
1.134200000000000000e+04
1.143800000000000000e+04
1.143700000000000000e+04
1.153700000000000000e+04
1.148900000000000000e+04
1.155500000000000000e+04
1.158000000000000000e+04
1.143300000000000000e+04
1.144100000000000000e+04
1.156900000000000000e+04
1.160900000000000000e+04
1.156300000000000000e+04
1.159700000000000000e+04
1.162100000000000000e+04
1.151000000000000000e+04
1.155800000000000000e+04
1.153300000000000000e+04
1.154500000000000000e+04
1.169700000000000000e+04
1.155500000000000000e+04
1.168000000000000000e+04
1.159000000000000000e+04
1.157400000000000000e+04
1.161300000000000000e+04
1.155300000000000000e+04
1.154800000000000000e+04
1.176300000000000000e+04
1.159600000000000000e+04
1.192900000000000000e+04
1.164200000000000000e+04
1.169900000000000000e+04
1.149700000000000000e+04
1.167100000000000000e+04
1.169000000000000000e+04
1.154000000000000000e+04
1.161800000000000000e+04
1.164500000000000000e+04
1.159700000000000000e+04
1.163900000000000000e+04
1.170700000000000000e+04
1.156300000000000000e+04
1.163000000000000000e+04
1.159000000000000000e+04
1.163800000000000000e+04
1.174100000000000000e+04
1.165400000000000000e+04
1.168800000000000000e+04
1.156700000000000000e+04
1.178300000000000000e+04
1.176500000000000000e+04
1.175100000000000000e+04
1.180400000000000000e+04
1.177300000000000000e+04
1.169000000000000000e+04
1.170600000000000000e+04
1.179000000000000000e+04
1.178300000000000000e+04
1.181300000000000000e+04
1.178000000000000000e+04
1.174300000000000000e+04
1.180700000000000000e+04
1.178500000000000000e+04
1.189000000000000000e+04
1.181200000000000000e+04
1.187000000000000000e+04
1.196100000000000000e+04
1.203000000000000000e+04
1.192000000000000000e+04
1.198300000000000000e+04
1.189900000000000000e+04
1.195800000000000000e+04
1.223900000000000000e+04
1.198800000000000000e+04
1.213300000000000000e+04
1.206600000000000000e+04
1.213500000000000000e+04
1.219300000000000000e+04
1.213900000000000000e+04
1.232900000000000000e+04
1.209100000000000000e+04
1.228100000000000000e+04
1.220200000000000000e+04
1.225000000000000000e+04
1.257700000000000000e+04
1.218500000000000000e+04
1.225300000000000000e+04
1.228000000000000000e+04
1.228700000000000000e+04
1.220500000000000000e+04
1.247000000000000000e+04
1.248600000000000000e+04
1.245500000000000000e+04
1.249000000000000000e+04
1.257700000000000000e+04
1.266000000000000000e+04
1.267200000000000000e+04
1.271400000000000000e+04
1.268000000000000000e+04
1.268100000000000000e+04
1.270000000000000000e+04
1.293100000000000000e+04
1.288000000000000000e+04
1.280700000000000000e+04
1.285400000000000000e+04
1.295100000000000000e+04
1.282200000000000000e+04
1.286000000000000000e+04
1.292500000000000000e+04
1.279100000000000000e+04
1.294900000000000000e+04
1.283600000000000000e+04
1.284700000000000000e+04
1.295000000000000000e+04
1.294900000000000000e+04
1.293700000000000000e+04
1.291200000000000000e+04
1.295800000000000000e+04
1.293500000000000000e+04
1.306500000000000000e+04
1.303400000000000000e+04
1.288300000000000000e+04
1.291900000000000000e+04
1.310600000000000000e+04
1.317800000000000000e+04
1.315900000000000000e+04
1.327300000000000000e+04
1.308200000000000000e+04
1.323600000000000000e+04
1.319100000000000000e+04
1.338900000000000000e+04
1.312200000000000000e+04
1.316700000000000000e+04
1.314400000000000000e+04
1.314900000000000000e+04
1.332200000000000000e+04
1.319200000000000000e+04
1.297000000000000000e+04
1.316400000000000000e+04
1.320100000000000000e+04
1.316700000000000000e+04
1.309200000000000000e+04
1.313900000000000000e+04
1.314400000000000000e+04
1.298100000000000000e+04
1.307700000000000000e+04
1.298700000000000000e+04
1.307000000000000000e+04
1.298700000000000000e+04
1.310500000000000000e+04
1.311300000000000000e+04
1.297800000000000000e+04
1.297100000000000000e+04
1.294100000000000000e+04
1.283700000000000000e+04
1.285400000000000000e+04
1.284700000000000000e+04
1.285400000000000000e+04
1.284200000000000000e+04
1.280600000000000000e+04
1.265200000000000000e+04
1.286600000000000000e+04
1.279600000000000000e+04
1.261200000000000000e+04
1.259100000000000000e+04
1.231100000000000000e+04
1.213600000000000000e+04
1.194000000000000000e+04
1.166300000000000000e+04
1.175700000000000000e+04
1.169700000000000000e+04
1.171600000000000000e+04
1.167900000000000000e+04
1.156200000000000000e+04
1.178500000000000000e+04
1.149800000000000000e+04
1.173600000000000000e+04
1.153400000000000000e+04
1.131100000000000000e+04
1.123700000000000000e+04
1.134400000000000000e+04
1.106000000000000000e+04
1.104300000000000000e+04
1.108600000000000000e+04
1.120200000000000000e+04
1.105100000000000000e+04
1.103600000000000000e+04
1.101000000000000000e+04
1.124700000000000000e+04
1.140700000000000000e+04
1.150900000000000000e+04
1.168300000000000000e+04
1.178700000000000000e+04
1.161000000000000000e+04
1.169400000000000000e+04
1.172600000000000000e+04
1.170600000000000000e+04
1.161700000000000000e+04
1.146800000000000000e+04
1.151100000000000000e+04
1.125500000000000000e+04
1.128800000000000000e+04
1.129700000000000000e+04
1.162000000000000000e+04
1.130900000000000000e+04
1.165300000000000000e+04
1.140400000000000000e+04
1.138600000000000000e+04
1.162700000000000000e+04
1.155000000000000000e+04
1.136100000000000000e+04
1.144700000000000000e+04
1.138800000000000000e+04
1.120200000000000000e+04
1.132000000000000000e+04
1.117300000000000000e+04
1.127700000000000000e+04
1.110700000000000000e+04
1.107900000000000000e+04
1.126700000000000000e+04
1.123300000000000000e+04
1.128500000000000000e+04
1.142200000000000000e+04
1.117700000000000000e+04
1.125000000000000000e+04
1.107700000000000000e+04
1.099700000000000000e+04
1.081100000000000000e+04
1.053300000000000000e+04
1.060800000000000000e+04
1.055800000000000000e+04
1.057300000000000000e+04
1.047800000000000000e+04
1.054500000000000000e+04
1.035900000000000000e+04
1.039500000000000000e+04
1.036600000000000000e+04
1.049900000000000000e+04
1.061300000000000000e+04
1.067800000000000000e+04
1.060600000000000000e+04
1.084400000000000000e+04
1.083300000000000000e+04
1.083700000000000000e+04
1.101900000000000000e+04
1.112400000000000000e+04
1.118800000000000000e+04
1.095700000000000000e+04
1.086100000000000000e+04
1.073400000000000000e+04
1.072400000000000000e+04
1.052000000000000000e+04
1.054500000000000000e+04
1.043300000000000000e+04
1.042400000000000000e+04
1.053500000000000000e+04
1.047200000000000000e+04
1.036600000000000000e+04
1.035400000000000000e+04
1.023100000000000000e+04
1.030100000000000000e+04
1.028000000000000000e+04
1.026800000000000000e+04
1.030800000000000000e+04
1.021000000000000000e+04
1.051400000000000000e+04
9.936000000000000000e+03
