3.669000000000000000e+03
3.617000000000000000e+03
3.683000000000000000e+03
3.684000000000000000e+03
3.627000000000000000e+03
3.674000000000000000e+03
3.665000000000000000e+03
3.829000000000000000e+03
3.679000000000000000e+03
3.573000000000000000e+03
3.640000000000000000e+03
3.678000000000000000e+03
3.665000000000000000e+03
3.673000000000000000e+03
3.729000000000000000e+03
3.715000000000000000e+03
3.659000000000000000e+03
3.689000000000000000e+03
3.694000000000000000e+03
3.641000000000000000e+03
3.670000000000000000e+03
3.621000000000000000e+03
3.661000000000000000e+03
3.684000000000000000e+03
3.685000000000000000e+03
3.744000000000000000e+03
3.725000000000000000e+03
3.702000000000000000e+03
3.636000000000000000e+03
3.794000000000000000e+03
3.768000000000000000e+03
3.777000000000000000e+03
3.667000000000000000e+03
3.707000000000000000e+03
3.716000000000000000e+03
3.779000000000000000e+03
3.741000000000000000e+03
3.837000000000000000e+03
3.734000000000000000e+03
3.780000000000000000e+03
3.750000000000000000e+03
3.769000000000000000e+03
3.761000000000000000e+03
3.728000000000000000e+03
3.832000000000000000e+03
3.727000000000000000e+03
3.797000000000000000e+03
3.797000000000000000e+03
3.767000000000000000e+03
3.820000000000000000e+03
3.917000000000000000e+03
3.794000000000000000e+03
4.082000000000000000e+03
4.109000000000000000e+03
3.764000000000000000e+03
3.870000000000000000e+03
3.880000000000000000e+03
3.887000000000000000e+03
3.825000000000000000e+03
3.828000000000000000e+03
3.856000000000000000e+03
3.912000000000000000e+03
3.965000000000000000e+03
4.098000000000000000e+03
3.916000000000000000e+03
3.995000000000000000e+03
3.955000000000000000e+03
3.925000000000000000e+03
3.887000000000000000e+03
4.007000000000000000e+03
3.950000000000000000e+03
3.958000000000000000e+03
4.026000000000000000e+03
4.017000000000000000e+03
4.038000000000000000e+03
3.999000000000000000e+03
3.959000000000000000e+03
4.008000000000000000e+03
3.982000000000000000e+03
4.019000000000000000e+03
3.966000000000000000e+03
4.014000000000000000e+03
4.132000000000000000e+03
4.071000000000000000e+03
4.066000000000000000e+03
4.068000000000000000e+03
4.175000000000000000e+03
4.035000000000000000e+03
4.126000000000000000e+03
4.243000000000000000e+03
4.184000000000000000e+03
4.133000000000000000e+03
4.158000000000000000e+03
4.171000000000000000e+03
4.154000000000000000e+03
4.156000000000000000e+03
4.125000000000000000e+03
4.112000000000000000e+03
4.177000000000000000e+03
4.223000000000000000e+03
4.219000000000000000e+03
4.274000000000000000e+03
4.279000000000000000e+03
4.281000000000000000e+03
4.269000000000000000e+03
4.245000000000000000e+03
4.211000000000000000e+03
4.293000000000000000e+03
4.214000000000000000e+03
4.281000000000000000e+03
4.289000000000000000e+03
4.293000000000000000e+03
4.250000000000000000e+03
4.239000000000000000e+03
4.330000000000000000e+03
4.366000000000000000e+03
4.330000000000000000e+03
4.324000000000000000e+03
4.425000000000000000e+03
4.384000000000000000e+03
4.360000000000000000e+03
4.424000000000000000e+03
4.420000000000000000e+03
4.425000000000000000e+03
4.475000000000000000e+03
4.595000000000000000e+03
4.447000000000000000e+03
4.508000000000000000e+03
4.498000000000000000e+03
4.506000000000000000e+03
4.477000000000000000e+03
4.517000000000000000e+03
4.519000000000000000e+03
4.515000000000000000e+03
4.504000000000000000e+03
4.506000000000000000e+03
4.622000000000000000e+03
4.578000000000000000e+03
4.625000000000000000e+03
4.668000000000000000e+03
4.588000000000000000e+03
4.659000000000000000e+03
4.696000000000000000e+03
4.813000000000000000e+03
4.699000000000000000e+03
4.656000000000000000e+03
4.745000000000000000e+03
4.691000000000000000e+03
4.673000000000000000e+03
4.718000000000000000e+03
4.764000000000000000e+03
4.778000000000000000e+03
4.762000000000000000e+03
4.862000000000000000e+03
4.784000000000000000e+03
4.731000000000000000e+03
4.767000000000000000e+03
4.919000000000000000e+03
4.856000000000000000e+03
4.879000000000000000e+03
4.805000000000000000e+03
4.934000000000000000e+03
4.901000000000000000e+03
4.868000000000000000e+03
4.886000000000000000e+03
4.921000000000000000e+03
4.903000000000000000e+03
5.026000000000000000e+03
4.932000000000000000e+03
4.928000000000000000e+03
4.950000000000000000e+03
4.965000000000000000e+03
5.071000000000000000e+03
5.035000000000000000e+03
5.007000000000000000e+03
4.963000000000000000e+03
5.013000000000000000e+03
5.065000000000000000e+03
5.097000000000000000e+03
5.053000000000000000e+03
5.146000000000000000e+03
5.182000000000000000e+03
5.238000000000000000e+03
5.210000000000000000e+03
5.305000000000000000e+03
5.243000000000000000e+03
5.408000000000000000e+03
5.196000000000000000e+03
5.191000000000000000e+03
5.358000000000000000e+03
5.285000000000000000e+03
5.472000000000000000e+03
5.296000000000000000e+03
5.297000000000000000e+03
5.368000000000000000e+03
5.346000000000000000e+03
5.288000000000000000e+03
5.327000000000000000e+03
5.477000000000000000e+03
5.439000000000000000e+03
5.572000000000000000e+03
5.440000000000000000e+03
5.402000000000000000e+03
5.505000000000000000e+03
5.609000000000000000e+03
5.472000000000000000e+03
5.535000000000000000e+03
5.615000000000000000e+03
5.594000000000000000e+03
5.598000000000000000e+03
5.604000000000000000e+03
5.538000000000000000e+03
5.590000000000000000e+03
5.703000000000000000e+03
5.588000000000000000e+03
5.719000000000000000e+03
5.627000000000000000e+03
5.676000000000000000e+03
5.758000000000000000e+03
5.691000000000000000e+03
5.726000000000000000e+03
5.742000000000000000e+03
5.892000000000000000e+03
5.795000000000000000e+03
5.849000000000000000e+03
5.724000000000000000e+03
5.799000000000000000e+03
5.811000000000000000e+03
5.781000000000000000e+03
5.818000000000000000e+03
5.847000000000000000e+03
5.882000000000000000e+03
5.945000000000000000e+03
5.977000000000000000e+03
5.888000000000000000e+03
5.957000000000000000e+03
5.947000000000000000e+03
5.962000000000000000e+03
5.942000000000000000e+03
5.911000000000000000e+03
6.025000000000000000e+03
6.045000000000000000e+03
6.091000000000000000e+03
6.011000000000000000e+03
6.062000000000000000e+03
5.877000000000000000e+03
6.025000000000000000e+03
6.046000000000000000e+03
6.170000000000000000e+03
6.836000000000000000e+03
6.190000000000000000e+03
6.117000000000000000e+03
6.183000000000000000e+03
6.175000000000000000e+03
6.219000000000000000e+03
6.240000000000000000e+03
6.197000000000000000e+03
6.246000000000000000e+03
6.141000000000000000e+03
6.205000000000000000e+03
6.203000000000000000e+03
6.274000000000000000e+03
6.315000000000000000e+03
6.269000000000000000e+03
6.189000000000000000e+03
6.362000000000000000e+03
6.276000000000000000e+03
6.326000000000000000e+03
6.349000000000000000e+03
6.214000000000000000e+03
6.291000000000000000e+03
6.316000000000000000e+03
6.448000000000000000e+03
6.361000000000000000e+03
6.364000000000000000e+03
6.402000000000000000e+03
6.416000000000000000e+03
6.355000000000000000e+03
6.369000000000000000e+03
6.395000000000000000e+03
6.435000000000000000e+03
6.428000000000000000e+03
6.437000000000000000e+03
6.398000000000000000e+03
6.469000000000000000e+03
6.450000000000000000e+03
6.540000000000000000e+03
6.434000000000000000e+03
6.479000000000000000e+03
6.485000000000000000e+03
6.536000000000000000e+03
6.555000000000000000e+03
6.551000000000000000e+03
6.601000000000000000e+03
6.709000000000000000e+03
6.664000000000000000e+03
6.529000000000000000e+03
6.613000000000000000e+03
6.697000000000000000e+03
6.641000000000000000e+03
6.711000000000000000e+03
6.781000000000000000e+03
6.710000000000000000e+03
6.734000000000000000e+03
6.802000000000000000e+03
6.765000000000000000e+03
6.762000000000000000e+03
6.891000000000000000e+03
6.871000000000000000e+03
6.915000000000000000e+03
6.909000000000000000e+03
6.867000000000000000e+03
7.089000000000000000e+03
7.010000000000000000e+03
6.978000000000000000e+03
7.025000000000000000e+03
7.065000000000000000e+03
7.013000000000000000e+03
7.084000000000000000e+03
7.196000000000000000e+03
7.121000000000000000e+03
7.205000000000000000e+03
7.209000000000000000e+03
7.236000000000000000e+03
7.324000000000000000e+03
7.250000000000000000e+03
7.253000000000000000e+03
7.258000000000000000e+03
7.228000000000000000e+03
7.303000000000000000e+03
7.271000000000000000e+03
7.310000000000000000e+03
7.436000000000000000e+03
7.468000000000000000e+03
7.517000000000000000e+03
7.485000000000000000e+03
7.415000000000000000e+03
7.636000000000000000e+03
7.587000000000000000e+03
7.625000000000000000e+03
7.653000000000000000e+03
7.626000000000000000e+03
7.664000000000000000e+03
7.665000000000000000e+03
7.762000000000000000e+03
7.729000000000000000e+03
7.740000000000000000e+03
7.851000000000000000e+03
7.813000000000000000e+03
7.764000000000000000e+03
7.913000000000000000e+03
7.940000000000000000e+03
7.930000000000000000e+03
7.937000000000000000e+03
8.031000000000000000e+03
7.993000000000000000e+03
8.019000000000000000e+03
8.011000000000000000e+03
8.129000000000000000e+03
7.970000000000000000e+03
7.974000000000000000e+03
8.130000000000000000e+03
8.106000000000000000e+03
8.121000000000000000e+03
8.095000000000000000e+03
8.263000000000000000e+03
8.211000000000000000e+03
8.231000000000000000e+03
8.314000000000000000e+03
8.277000000000000000e+03
8.274000000000000000e+03
8.250000000000000000e+03
8.374000000000000000e+03
8.255000000000000000e+03
8.254000000000000000e+03
8.255000000000000000e+03
8.523000000000000000e+03
8.468000000000000000e+03
8.418000000000000000e+03
8.476000000000000000e+03
8.553000000000000000e+03
8.449000000000000000e+03
8.503000000000000000e+03
8.616000000000000000e+03
8.475000000000000000e+03
8.497000000000000000e+03
8.578000000000000000e+03
8.581000000000000000e+03
8.588000000000000000e+03
8.685000000000000000e+03
8.746000000000000000e+03
8.691000000000000000e+03
8.682000000000000000e+03
8.712000000000000000e+03
8.798000000000000000e+03
8.948000000000000000e+03
8.738000000000000000e+03
8.792000000000000000e+03
8.807000000000000000e+03
8.976000000000000000e+03
8.775000000000000000e+03
8.960000000000000000e+03
8.936000000000000000e+03
8.941000000000000000e+03
8.916000000000000000e+03
8.861000000000000000e+03
8.948000000000000000e+03
9.043000000000000000e+03
8.993000000000000000e+03
9.115000000000000000e+03
9.134000000000000000e+03
1.003500000000000000e+04
9.322000000000000000e+03
9.218000000000000000e+03
9.222000000000000000e+03
9.316000000000000000e+03
9.309000000000000000e+03
9.216000000000000000e+03
9.388000000000000000e+03
9.459000000000000000e+03
9.564000000000000000e+03
9.530000000000000000e+03
9.551000000000000000e+03
9.487000000000000000e+03
9.586000000000000000e+03
9.576000000000000000e+03
9.691000000000000000e+03
9.686000000000000000e+03
9.753000000000000000e+03
9.867000000000000000e+03
9.899000000000000000e+03
9.873000000000000000e+03
9.984000000000000000e+03
9.870000000000000000e+03
9.866000000000000000e+03
1.002200000000000000e+04
9.945000000000000000e+03
1.010000000000000000e+04
1.012000000000000000e+04
1.017500000000000000e+04
1.018800000000000000e+04
1.029300000000000000e+04
1.023500000000000000e+04
1.026000000000000000e+04
1.033800000000000000e+04
1.042300000000000000e+04
1.042200000000000000e+04
1.055700000000000000e+04
1.050800000000000000e+04
1.060400000000000000e+04
1.068900000000000000e+04
1.061500000000000000e+04
1.069800000000000000e+04
1.061600000000000000e+04
1.078800000000000000e+04
1.071300000000000000e+04
1.062500000000000000e+04
1.098800000000000000e+04
1.092300000000000000e+04
1.101500000000000000e+04
1.091000000000000000e+04
1.097000000000000000e+04
1.106300000000000000e+04
1.107800000000000000e+04
1.109700000000000000e+04
1.108300000000000000e+04
1.135500000000000000e+04
1.113000000000000000e+04
1.120700000000000000e+04
1.126500000000000000e+04
1.118500000000000000e+04
1.125300000000000000e+04
1.130400000000000000e+04
1.123700000000000000e+04
1.127700000000000000e+04
1.118100000000000000e+04
1.133000000000000000e+04
1.137100000000000000e+04
1.138100000000000000e+04
1.143400000000000000e+04
1.140200000000000000e+04
1.140400000000000000e+04
1.135800000000000000e+04
1.142900000000000000e+04
1.145500000000000000e+04
1.146000000000000000e+04
1.144300000000000000e+04
1.152400000000000000e+04
1.152200000000000000e+04
1.153000000000000000e+04
1.146700000000000000e+04
1.148500000000000000e+04
1.164400000000000000e+04
1.165200000000000000e+04
1.163200000000000000e+04
1.172100000000000000e+04
1.172900000000000000e+04
1.166000000000000000e+04
1.172000000000000000e+04
1.189600000000000000e+04
1.179300000000000000e+04
1.163400000000000000e+04
1.181100000000000000e+04
1.182000000000000000e+04
1.182400000000000000e+04
1.186900000000000000e+04
1.182400000000000000e+04
1.174600000000000000e+04
1.181200000000000000e+04
1.170700000000000000e+04
1.175800000000000000e+04
1.175100000000000000e+04
1.181900000000000000e+04
1.186400000000000000e+04
1.179300000000000000e+04
1.182400000000000000e+04
1.181700000000000000e+04
1.191300000000000000e+04
1.183200000000000000e+04
1.192100000000000000e+04
1.199600000000000000e+04
1.185700000000000000e+04
1.188900000000000000e+04
1.186800000000000000e+04
1.185300000000000000e+04
1.194800000000000000e+04
1.215800000000000000e+04
1.195000000000000000e+04
1.182800000000000000e+04
1.187400000000000000e+04
1.186700000000000000e+04
1.194400000000000000e+04
1.192800000000000000e+04
1.192300000000000000e+04
1.193100000000000000e+04
1.192200000000000000e+04
1.207600000000000000e+04
1.192800000000000000e+04
1.187800000000000000e+04
1.198500000000000000e+04
1.186800000000000000e+04
1.204700000000000000e+04
1.200800000000000000e+04
1.217200000000000000e+04
1.199400000000000000e+04
1.179600000000000000e+04
1.187300000000000000e+04
1.206700000000000000e+04
1.191200000000000000e+04
1.211600000000000000e+04
1.213900000000000000e+04
1.201800000000000000e+04
1.206200000000000000e+04
1.206700000000000000e+04
1.206400000000000000e+04
1.214100000000000000e+04
1.216300000000000000e+04
1.217600000000000000e+04
1.207400000000000000e+04
1.222400000000000000e+04
1.217800000000000000e+04
1.235000000000000000e+04
1.220000000000000000e+04
1.224000000000000000e+04
1.241500000000000000e+04
1.228400000000000000e+04
1.215900000000000000e+04
1.238700000000000000e+04
1.226000000000000000e+04
1.233700000000000000e+04
1.235900000000000000e+04
1.236100000000000000e+04
1.245800000000000000e+04
1.253100000000000000e+04
1.255300000000000000e+04
1.242900000000000000e+04
1.248500000000000000e+04
1.257500000000000000e+04
1.261400000000000000e+04
1.260100000000000000e+04
1.261000000000000000e+04
1.268500000000000000e+04
1.254500000000000000e+04
1.255600000000000000e+04
1.269300000000000000e+04
1.273900000000000000e+04
1.265400000000000000e+04
1.277300000000000000e+04
1.285900000000000000e+04
1.294500000000000000e+04
1.278900000000000000e+04
1.292000000000000000e+04
1.305400000000000000e+04
1.304500000000000000e+04
1.296500000000000000e+04
1.301700000000000000e+04
1.289600000000000000e+04
1.294300000000000000e+04
1.295000000000000000e+04
1.292500000000000000e+04
1.295800000000000000e+04
1.295900000000000000e+04
1.309800000000000000e+04
1.296000000000000000e+04
1.305000000000000000e+04
1.314000000000000000e+04
1.320500000000000000e+04
1.308700000000000000e+04
1.314400000000000000e+04
1.324000000000000000e+04
1.312400000000000000e+04
1.318600000000000000e+04
1.323300000000000000e+04
1.312700000000000000e+04
1.322700000000000000e+04
1.317600000000000000e+04
1.307900000000000000e+04
1.316100000000000000e+04
1.346100000000000000e+04
1.327000000000000000e+04
1.327200000000000000e+04
1.324100000000000000e+04
1.330100000000000000e+04
1.333000000000000000e+04
1.324400000000000000e+04
1.340700000000000000e+04
1.332500000000000000e+04
1.333800000000000000e+04
1.336700000000000000e+04
1.340700000000000000e+04
1.340600000000000000e+04
1.363800000000000000e+04
1.334800000000000000e+04
1.346200000000000000e+04
1.347000000000000000e+04
1.358000000000000000e+04
1.338800000000000000e+04
1.350300000000000000e+04
1.342300000000000000e+04
1.332300000000000000e+04
1.336300000000000000e+04
1.333200000000000000e+04
1.338600000000000000e+04
1.348200000000000000e+04
1.349800000000000000e+04
1.338600000000000000e+04
1.329100000000000000e+04
1.331500000000000000e+04
1.315200000000000000e+04
1.319900000000000000e+04
1.309600000000000000e+04
1.294900000000000000e+04
1.275300000000000000e+04
1.280300000000000000e+04
1.285000000000000000e+04
1.268300000000000000e+04
1.290900000000000000e+04
1.295800000000000000e+04
1.302100000000000000e+04
1.276700000000000000e+04
1.296600000000000000e+04
1.288100000000000000e+04
1.267200000000000000e+04
1.266500000000000000e+04
1.275800000000000000e+04
1.268300000000000000e+04
1.262900000000000000e+04
1.284000000000000000e+04
1.254500000000000000e+04
1.249100000000000000e+04
1.271000000000000000e+04
1.235000000000000000e+04
1.241600000000000000e+04
1.234200000000000000e+04
1.229700000000000000e+04
1.225200000000000000e+04
1.227500000000000000e+04
1.223600000000000000e+04
1.204300000000000000e+04
1.234500000000000000e+04
1.238300000000000000e+04
1.234200000000000000e+04
1.219100000000000000e+04
1.210600000000000000e+04
1.212100000000000000e+04
1.209700000000000000e+04
1.200300000000000000e+04
1.181700000000000000e+04
1.194400000000000000e+04
1.182500000000000000e+04
1.170600000000000000e+04
1.177300000000000000e+04
1.168900000000000000e+04
1.163900000000000000e+04
1.161400000000000000e+04
1.169500000000000000e+04
1.152500000000000000e+04
1.147400000000000000e+04
1.149700000000000000e+04
1.122000000000000000e+04
1.135800000000000000e+04
1.145800000000000000e+04
1.148000000000000000e+04
1.148500000000000000e+04
1.155900000000000000e+04
1.151900000000000000e+04
1.147500000000000000e+04
1.160000000000000000e+04
1.150100000000000000e+04
1.131400000000000000e+04
1.102100000000000000e+04
1.115800000000000000e+04
1.119900000000000000e+04
1.122900000000000000e+04
1.115500000000000000e+04
1.119700000000000000e+04
1.118400000000000000e+04
1.113000000000000000e+04
1.111800000000000000e+04
1.110600000000000000e+04
1.115700000000000000e+04
1.099100000000000000e+04
1.092000000000000000e+04
1.091600000000000000e+04
1.085500000000000000e+04
1.071800000000000000e+04
1.058600000000000000e+04
1.060700000000000000e+04
1.045900000000000000e+04
1.051300000000000000e+04
1.050800000000000000e+04
1.055200000000000000e+04
1.065700000000000000e+04
1.071300000000000000e+04
1.069000000000000000e+04
1.073600000000000000e+04
1.074700000000000000e+04
1.076100000000000000e+04
1.070100000000000000e+04
1.067600000000000000e+04
1.057600000000000000e+04
1.050500000000000000e+04
1.041800000000000000e+04
1.039000000000000000e+04
1.043100000000000000e+04
1.036700000000000000e+04
1.029300000000000000e+04
1.030300000000000000e+04
1.021100000000000000e+04
1.015800000000000000e+04
1.020500000000000000e+04
1.010100000000000000e+04
1.029300000000000000e+04
1.047800000000000000e+04
1.043200000000000000e+04
1.048900000000000000e+04
1.057800000000000000e+04
1.058900000000000000e+04
1.053200000000000000e+04
1.059600000000000000e+04
1.065700000000000000e+04
1.068300000000000000e+04
1.066500000000000000e+04
1.065200000000000000e+04
1.059500000000000000e+04
