1.280000000000000000e+03
1.740000000000000000e+03
2.152000000000000000e+03
2.151000000000000000e+03
1.942000000000000000e+03
1.556000000000000000e+03
1.412000000000000000e+03
1.896000000000000000e+03
2.515000000000000000e+03
2.984000000000000000e+03
3.261000000000000000e+03
3.252000000000000000e+03
2.968000000000000000e+03
2.319000000000000000e+03
1.845000000000000000e+03
1.939000000000000000e+03
2.561000000000000000e+03
3.345000000000000000e+03
3.850000000000000000e+03
4.243000000000000000e+03
4.458000000000000000e+03
4.743000000000000000e+03
4.758000000000000000e+03
4.720000000000000000e+03
4.259000000000000000e+03
3.681000000000000000e+03
2.763000000000000000e+03
2.292000000000000000e+03
2.789000000000000000e+03
3.834000000000000000e+03
4.911000000000000000e+03
5.602000000000000000e+03
6.309000000000000000e+03
6.435000000000000000e+03
6.813000000000000000e+03
6.951000000000000000e+03
6.880000000000000000e+03
6.762000000000000000e+03
6.795000000000000000e+03
6.902000000000000000e+03
7.078000000000000000e+03
7.033000000000000000e+03
6.428000000000000000e+03
5.623000000000000000e+03
4.689000000000000000e+03
3.501000000000000000e+03
2.951000000000000000e+03
3.728000000000000000e+03
5.002000000000000000e+03
6.147000000000000000e+03
6.994000000000000000e+03
7.486000000000000000e+03
7.880000000000000000e+03
8.156000000000000000e+03
8.447000000000000000e+03
8.572000000000000000e+03
8.841000000000000000e+03
8.897000000000000000e+03
9.176000000000000000e+03
9.007000000000000000e+03
9.249000000000000000e+03
9.639000000000000000e+03
9.706000000000000000e+03
9.889000000000000000e+03
1.011000000000000000e+04
1.008300000000000000e+04
1.005900000000000000e+04
1.032500000000000000e+04
1.028700000000000000e+04
1.050100000000000000e+04
1.039900000000000000e+04
1.038300000000000000e+04
9.942000000000000000e+03
9.254000000000000000e+03
8.191000000000000000e+03
6.667000000000000000e+03
5.003000000000000000e+03
4.644000000000000000e+03
6.068000000000000000e+03
8.103000000000000000e+03
9.851000000000000000e+03
1.069800000000000000e+04
1.175700000000000000e+04
1.177200000000000000e+04
1.207000000000000000e+04
1.245100000000000000e+04
1.290800000000000000e+04
1.299100000000000000e+04
1.316100000000000000e+04
1.316100000000000000e+04
1.334700000000000000e+04
1.320500000000000000e+04
1.329500000000000000e+04
1.325900000000000000e+04
1.324300000000000000e+04
1.311100000000000000e+04
1.355500000000000000e+04
1.349800000000000000e+04
1.351800000000000000e+04
1.362700000000000000e+04
1.349400000000000000e+04
1.358600000000000000e+04
1.348400000000000000e+04
1.347300000000000000e+04
1.377000000000000000e+04
1.359200000000000000e+04
1.397200000000000000e+04
1.376000000000000000e+04
1.353900000000000000e+04
1.362100000000000000e+04
1.384800000000000000e+04
1.368800000000000000e+04
1.374100000000000000e+04
1.384600000000000000e+04
1.400600000000000000e+04
1.394500000000000000e+04
1.396800000000000000e+04
1.402600000000000000e+04
1.413300000000000000e+04
1.410400000000000000e+04
1.434600000000000000e+04
1.424900000000000000e+04
1.400100000000000000e+04
1.414700000000000000e+04
1.404500000000000000e+04
1.397600000000000000e+04
1.371800000000000000e+04
1.357400000000000000e+04
1.310600000000000000e+04
1.179500000000000000e+04
1.044500000000000000e+04
8.281000000000000000e+03
6.596000000000000000e+03
6.581000000000000000e+03
8.823000000000000000e+03
1.105100000000000000e+04
1.294600000000000000e+04
1.415700000000000000e+04
1.493800000000000000e+04
1.568300000000000000e+04
1.625900000000000000e+04
1.687700000000000000e+04
1.655400000000000000e+04
1.701700000000000000e+04
1.701800000000000000e+04
1.734300000000000000e+04
1.785500000000000000e+04
1.802800000000000000e+04
1.823500000000000000e+04
1.828900000000000000e+04
1.873100000000000000e+04
1.893000000000000000e+04
1.914000000000000000e+04
1.942200000000000000e+04
1.945400000000000000e+04
1.962200000000000000e+04
1.967200000000000000e+04
1.973300000000000000e+04
2.014400000000000000e+04
2.020000000000000000e+04
2.045300000000000000e+04
2.044500000000000000e+04
2.061800000000000000e+04
2.075200000000000000e+04
2.035300000000000000e+04
2.038600000000000000e+04
2.083000000000000000e+04
2.149600000000000000e+04
2.153600000000000000e+04
2.198700000000000000e+04
2.198800000000000000e+04
2.217200000000000000e+04
2.204400000000000000e+04
2.248000000000000000e+04
2.239000000000000000e+04
2.268000000000000000e+04
2.328500000000000000e+04
2.299700000000000000e+04
2.338500000000000000e+04
2.350400000000000000e+04
2.349600000000000000e+04
2.344600000000000000e+04
2.343400000000000000e+04
2.367500000000000000e+04
2.404500000000000000e+04
2.449200000000000000e+04
2.473700000000000000e+04
2.456400000000000000e+04
2.473500000000000000e+04
2.466700000000000000e+04
2.472500000000000000e+04
2.526600000000000000e+04
2.558000000000000000e+04
2.568600000000000000e+04
2.591400000000000000e+04
2.611500000000000000e+04
2.608500000000000000e+04
2.598500000000000000e+04
2.628800000000000000e+04
2.644400000000000000e+04
2.653000000000000000e+04
2.639800000000000000e+04
2.661400000000000000e+04
2.718000000000000000e+04
2.732900000000000000e+04
2.756500000000000000e+04
2.749300000000000000e+04
2.768400000000000000e+04
2.800500000000000000e+04
2.791100000000000000e+04
2.797100000000000000e+04
2.864300000000000000e+04
2.851600000000000000e+04
2.866700000000000000e+04
2.847500000000000000e+04
2.854600000000000000e+04
2.905400000000000000e+04
2.896800000000000000e+04
2.931900000000000000e+04
2.907500000000000000e+04
2.946000000000000000e+04
2.990100000000000000e+04
2.979700000000000000e+04
3.013100000000000000e+04
2.991400000000000000e+04
3.042000000000000000e+04
3.060600000000000000e+04
3.025500000000000000e+04
3.047500000000000000e+04
3.052000000000000000e+04
3.060900000000000000e+04
3.066100000000000000e+04
3.076700000000000000e+04
3.098700000000000000e+04
3.114500000000000000e+04
3.136300000000000000e+04
3.089100000000000000e+04
3.127800000000000000e+04
3.109900000000000000e+04
3.106300000000000000e+04
3.097500000000000000e+04
3.111400000000000000e+04
3.105200000000000000e+04
3.059900000000000000e+04
3.057400000000000000e+04
3.024300000000000000e+04
2.968100000000000000e+04
2.931200000000000000e+04
2.879900000000000000e+04
2.751200000000000000e+04
2.558300000000000000e+04
2.309800000000000000e+04
2.003600000000000000e+04
1.584300000000000000e+04
1.323700000000000000e+04
1.565000000000000000e+04
1.968900000000000000e+04
2.283700000000000000e+04
2.561800000000000000e+04
2.684300000000000000e+04
2.790500000000000000e+04
2.854600000000000000e+04
2.903800000000000000e+04
2.967300000000000000e+04
2.978600000000000000e+04
2.985800000000000000e+04
2.988800000000000000e+04
3.006500000000000000e+04
2.945800000000000000e+04
2.955700000000000000e+04
2.980500000000000000e+04
3.012800000000000000e+04
2.995800000000000000e+04
2.966500000000000000e+04
2.973500000000000000e+04
2.992200000000000000e+04
2.984400000000000000e+04
2.948400000000000000e+04
2.949000000000000000e+04
2.947400000000000000e+04
2.962100000000000000e+04
2.968000000000000000e+04
2.976400000000000000e+04
2.920000000000000000e+04
2.911200000000000000e+04
2.927000000000000000e+04
2.905300000000000000e+04
2.886500000000000000e+04
2.867200000000000000e+04
2.866800000000000000e+04
2.844000000000000000e+04
2.795500000000000000e+04
2.813800000000000000e+04
2.814100000000000000e+04
2.850100000000000000e+04
2.815600000000000000e+04
2.791000000000000000e+04
2.813200000000000000e+04
2.790200000000000000e+04
2.817000000000000000e+04
2.787300000000000000e+04
2.810900000000000000e+04
2.812900000000000000e+04
2.780000000000000000e+04
2.824800000000000000e+04
2.840300000000000000e+04
2.835500000000000000e+04
2.857500000000000000e+04
2.815600000000000000e+04
2.828400000000000000e+04
2.854600000000000000e+04
2.849800000000000000e+04
2.858600000000000000e+04
2.877700000000000000e+04
2.895300000000000000e+04
2.895700000000000000e+04
2.905700000000000000e+04
2.942400000000000000e+04
2.949900000000000000e+04
2.931900000000000000e+04
2.959100000000000000e+04
2.950600000000000000e+04
2.990400000000000000e+04
2.983800000000000000e+04
3.005100000000000000e+04
2.993000000000000000e+04
2.946800000000000000e+04
3.002900000000000000e+04
3.066900000000000000e+04
3.045100000000000000e+04
3.091300000000000000e+04
3.072100000000000000e+04
3.121100000000000000e+04
3.124600000000000000e+04
3.162600000000000000e+04
3.182200000000000000e+04
3.204300000000000000e+04
3.196700000000000000e+04
3.224800000000000000e+04
3.235700000000000000e+04
3.228500000000000000e+04
3.252600000000000000e+04
3.262600000000000000e+04
3.330500000000000000e+04
3.316600000000000000e+04
3.331800000000000000e+04
3.350400000000000000e+04
3.375700000000000000e+04
3.360300000000000000e+04
3.376400000000000000e+04
3.392000000000000000e+04
3.389600000000000000e+04
3.429400000000000000e+04
3.437800000000000000e+04
3.475200000000000000e+04
3.475200000000000000e+04
3.486400000000000000e+04
3.514800000000000000e+04
3.540100000000000000e+04
3.524500000000000000e+04
3.509700000000000000e+04
3.502100000000000000e+04
3.542900000000000000e+04
3.557800000000000000e+04
3.591500000000000000e+04
3.584700000000000000e+04
3.606700000000000000e+04
3.629000000000000000e+04
3.646900000000000000e+04
3.658600000000000000e+04
3.658700000000000000e+04
3.649000000000000000e+04
3.650800000000000000e+04
3.653100000000000000e+04
3.662100000000000000e+04
3.648300000000000000e+04
3.642400000000000000e+04
3.648000000000000000e+04
3.640200000000000000e+04
3.662300000000000000e+04
3.616300000000000000e+04
3.640100000000000000e+04
3.624400000000000000e+04
3.616500000000000000e+04
3.633100000000000000e+04
3.592200000000000000e+04
3.610300000000000000e+04
3.621700000000000000e+04
3.599100000000000000e+04
3.603500000000000000e+04
3.607300000000000000e+04
3.594700000000000000e+04
3.606200000000000000e+04
3.578300000000000000e+04
3.578200000000000000e+04
3.599000000000000000e+04
3.602600000000000000e+04
3.604500000000000000e+04
3.595400000000000000e+04
3.582000000000000000e+04
3.618100000000000000e+04
3.614500000000000000e+04
3.610300000000000000e+04
3.622400000000000000e+04
3.633300000000000000e+04
3.657100000000000000e+04
3.623800000000000000e+04
3.616600000000000000e+04
3.666100000000000000e+04
3.615800000000000000e+04
3.616300000000000000e+04
3.660900000000000000e+04
3.622800000000000000e+04
3.673100000000000000e+04
3.641300000000000000e+04
3.663400000000000000e+04
3.705500000000000000e+04
3.696800000000000000e+04
3.687000000000000000e+04
3.741400000000000000e+04
3.770100000000000000e+04
3.728300000000000000e+04
3.726400000000000000e+04
3.710000000000000000e+04
3.746800000000000000e+04
3.783000000000000000e+04
3.783800000000000000e+04
3.764400000000000000e+04
3.819300000000000000e+04
3.822800000000000000e+04
3.836400000000000000e+04
3.871200000000000000e+04
3.872500000000000000e+04
3.841800000000000000e+04
3.883300000000000000e+04
3.903700000000000000e+04
3.916400000000000000e+04
3.944600000000000000e+04
3.954100000000000000e+04
3.974200000000000000e+04
3.967900000000000000e+04
3.995300000000000000e+04
4.026900000000000000e+04
4.047400000000000000e+04
4.003200000000000000e+04
4.022300000000000000e+04
4.049000000000000000e+04
4.059500000000000000e+04
4.028000000000000000e+04
4.084100000000000000e+04
4.109800000000000000e+04
4.080900000000000000e+04
4.097800000000000000e+04
4.074400000000000000e+04
4.145400000000000000e+04
4.150500000000000000e+04
4.127100000000000000e+04
4.160400000000000000e+04
4.189200000000000000e+04
4.179700000000000000e+04
4.169000000000000000e+04
4.176300000000000000e+04
4.206000000000000000e+04
4.196800000000000000e+04
4.218600000000000000e+04
4.242800000000000000e+04
4.245000000000000000e+04
4.263200000000000000e+04
4.246100000000000000e+04
4.276100000000000000e+04
4.244800000000000000e+04
4.282800000000000000e+04
4.270500000000000000e+04
4.299100000000000000e+04
4.302200000000000000e+04
4.312800000000000000e+04
4.311700000000000000e+04
4.291100000000000000e+04
4.327500000000000000e+04
4.310800000000000000e+04
4.310500000000000000e+04
4.327900000000000000e+04
4.315500000000000000e+04
4.303800000000000000e+04
4.340500000000000000e+04
4.283000000000000000e+04
4.251800000000000000e+04
4.270600000000000000e+04
4.283700000000000000e+04
4.247100000000000000e+04
4.248900000000000000e+04
4.210800000000000000e+04
4.164400000000000000e+04
4.148300000000000000e+04
4.112600000000000000e+04
4.071100000000000000e+04
4.072000000000000000e+04
4.132000000000000000e+04
4.177100000000000000e+04
4.170900000000000000e+04
4.156300000000000000e+04
4.121700000000000000e+04
4.120500000000000000e+04
4.165900000000000000e+04
4.167800000000000000e+04
4.177900000000000000e+04
4.097100000000000000e+04
4.096600000000000000e+04
4.104200000000000000e+04
4.120500000000000000e+04
4.140700000000000000e+04
4.144300000000000000e+04
4.117200000000000000e+04
4.048500000000000000e+04
4.078300000000000000e+04
4.083000000000000000e+04
4.083400000000000000e+04
4.081200000000000000e+04
4.082200000000000000e+04
4.039900000000000000e+04
4.033600000000000000e+04
4.013300000000000000e+04
4.033600000000000000e+04
4.002400000000000000e+04
4.024300000000000000e+04
4.017600000000000000e+04
4.003000000000000000e+04
3.999700000000000000e+04
4.001600000000000000e+04
3.979900000000000000e+04
3.918100000000000000e+04
3.972000000000000000e+04
3.935800000000000000e+04
3.942400000000000000e+04
3.938600000000000000e+04
3.901400000000000000e+04
3.884800000000000000e+04
3.862500000000000000e+04
3.880000000000000000e+04
3.843200000000000000e+04
3.836400000000000000e+04
3.819700000000000000e+04
3.819100000000000000e+04
3.806500000000000000e+04
3.820100000000000000e+04
3.811200000000000000e+04
3.761900000000000000e+04
3.774600000000000000e+04
3.745100000000000000e+04
3.740300000000000000e+04
3.751300000000000000e+04
3.716200000000000000e+04
3.742100000000000000e+04
3.719400000000000000e+04
3.713000000000000000e+04
3.685100000000000000e+04
3.690900000000000000e+04
3.632700000000000000e+04
3.628400000000000000e+04
3.654800000000000000e+04
3.661400000000000000e+04
3.633100000000000000e+04
3.654200000000000000e+04
3.643700000000000000e+04
3.613600000000000000e+04
3.607300000000000000e+04
3.584300000000000000e+04
3.594400000000000000e+04
3.600300000000000000e+04
3.592500000000000000e+04
3.605900000000000000e+04
3.575900000000000000e+04
3.564000000000000000e+04
3.577100000000000000e+04
3.561900000000000000e+04
3.567800000000000000e+04
3.559800000000000000e+04
3.558100000000000000e+04
3.527100000000000000e+04
3.501900000000000000e+04
3.523300000000000000e+04
3.522500000000000000e+04
3.533900000000000000e+04
3.523800000000000000e+04
3.448200000000000000e+04
3.402200000000000000e+04
3.405000000000000000e+04
3.458300000000000000e+04
3.484400000000000000e+04
3.504100000000000000e+04
3.470100000000000000e+04
3.479600000000000000e+04
3.450600000000000000e+04
3.494500000000000000e+04
3.475400000000000000e+04
3.472600000000000000e+04
3.475300000000000000e+04
3.488900000000000000e+04
3.479000000000000000e+04
3.502500000000000000e+04
3.478000000000000000e+04
3.466300000000000000e+04
3.484300000000000000e+04
3.474000000000000000e+04
3.496700000000000000e+04
3.457700000000000000e+04
3.445000000000000000e+04
3.418300000000000000e+04
3.414400000000000000e+04
3.431900000000000000e+04
3.397400000000000000e+04
3.422500000000000000e+04
3.407500000000000000e+04
3.437300000000000000e+04
3.408700000000000000e+04
3.405700000000000000e+04
3.416600000000000000e+04
3.399000000000000000e+04
3.422700000000000000e+04
3.411100000000000000e+04
3.425900000000000000e+04
3.350100000000000000e+04
3.384100000000000000e+04
3.358200000000000000e+04
3.393500000000000000e+04
3.362200000000000000e+04
3.315800000000000000e+04
3.335500000000000000e+04
3.330100000000000000e+04
3.337800000000000000e+04
3.293700000000000000e+04
3.262800000000000000e+04
3.286200000000000000e+04
3.264600000000000000e+04
3.290800000000000000e+04
3.283500000000000000e+04
3.260000000000000000e+04
3.270800000000000000e+04
3.284100000000000000e+04
3.243600000000000000e+04
3.209000000000000000e+04
3.194400000000000000e+04
3.156900000000000000e+04
3.166200000000000000e+04
3.112800000000000000e+04
3.059300000000000000e+04
3.002400000000000000e+04
2.867000000000000000e+04
2.706400000000000000e+04
2.521200000000000000e+04
2.246300000000000000e+04
1.935700000000000000e+04
1.896000000000000000e+04
2.169700000000000000e+04
2.464000000000000000e+04
2.649400000000000000e+04
2.784200000000000000e+04
2.871700000000000000e+04
2.955900000000000000e+04
2.982100000000000000e+04
3.012500000000000000e+04
3.016400000000000000e+04
3.033000000000000000e+04
3.054700000000000000e+04
3.071100000000000000e+04
3.072700000000000000e+04
3.044000000000000000e+04
3.050900000000000000e+04
3.045400000000000000e+04
3.030300000000000000e+04
3.022300000000000000e+04
3.018500000000000000e+04
3.007400000000000000e+04
2.998400000000000000e+04
2.967400000000000000e+04
2.986600000000000000e+04
2.960600000000000000e+04
2.960900000000000000e+04
2.936800000000000000e+04
2.941300000000000000e+04
2.904000000000000000e+04
2.918100000000000000e+04
2.901900000000000000e+04
2.875600000000000000e+04
2.882300000000000000e+04
2.855300000000000000e+04
2.842300000000000000e+04
2.838600000000000000e+04
2.814100000000000000e+04
2.803500000000000000e+04
2.788600000000000000e+04
2.755400000000000000e+04
2.770100000000000000e+04
2.730300000000000000e+04
2.717000000000000000e+04
2.700100000000000000e+04
2.675300000000000000e+04
2.661500000000000000e+04
2.663400000000000000e+04
2.647600000000000000e+04
2.655400000000000000e+04
2.596700000000000000e+04
2.611800000000000000e+04
2.590900000000000000e+04
2.589700000000000000e+04
2.581700000000000000e+04
2.588300000000000000e+04
2.526900000000000000e+04
2.544200000000000000e+04
2.522700000000000000e+04
2.522700000000000000e+04
2.508200000000000000e+04
2.477000000000000000e+04
2.474500000000000000e+04
2.447000000000000000e+04
2.440300000000000000e+04
2.424400000000000000e+04
2.408800000000000000e+04
2.406300000000000000e+04
2.367700000000000000e+04
2.368600000000000000e+04
2.308100000000000000e+04
2.115700000000000000e+04
1.793500000000000000e+04
1.713000000000000000e+04
1.861600000000000000e+04
1.991500000000000000e+04
1.984700000000000000e+04
1.970200000000000000e+04
1.924900000000000000e+04
1.960500000000000000e+04
1.985000000000000000e+04
2.005500000000000000e+04
2.012400000000000000e+04
2.026200000000000000e+04
2.045500000000000000e+04
2.046900000000000000e+04
2.008300000000000000e+04
2.006100000000000000e+04
1.972000000000000000e+04
1.969500000000000000e+04
1.968600000000000000e+04
1.979100000000000000e+04
1.974700000000000000e+04
1.961600000000000000e+04
1.984600000000000000e+04
1.985300000000000000e+04
1.987800000000000000e+04
1.982200000000000000e+04
1.954000000000000000e+04
1.923700000000000000e+04
1.897400000000000000e+04
1.906800000000000000e+04
1.886400000000000000e+04
1.874000000000000000e+04
1.875000000000000000e+04
1.878500000000000000e+04
1.868800000000000000e+04
1.860900000000000000e+04
1.836000000000000000e+04
1.833200000000000000e+04
1.840700000000000000e+04
1.844000000000000000e+04
1.839000000000000000e+04
1.803200000000000000e+04
