2.510000000000000000e+02
3.130000000000000000e+02
3.460000000000000000e+02
3.110000000000000000e+02
3.170000000000000000e+02
2.740000000000000000e+02
2.750000000000000000e+02
3.440000000000000000e+02
3.790000000000000000e+02
4.150000000000000000e+02
4.650000000000000000e+02
4.470000000000000000e+02
3.920000000000000000e+02
3.510000000000000000e+02
3.230000000000000000e+02
3.380000000000000000e+02
4.070000000000000000e+02
4.560000000000000000e+02
5.630000000000000000e+02
5.620000000000000000e+02
6.200000000000000000e+02
6.300000000000000000e+02
6.240000000000000000e+02
5.820000000000000000e+02
5.290000000000000000e+02
4.960000000000000000e+02
4.080000000000000000e+02
3.840000000000000000e+02
4.360000000000000000e+02
5.340000000000000000e+02
6.090000000000000000e+02
6.760000000000000000e+02
7.370000000000000000e+02
7.610000000000000000e+02
7.680000000000000000e+02
7.470000000000000000e+02
7.930000000000000000e+02
7.590000000000000000e+02
7.750000000000000000e+02
7.930000000000000000e+02
8.060000000000000000e+02
7.750000000000000000e+02
7.580000000000000000e+02
6.780000000000000000e+02
5.780000000000000000e+02
4.850000000000000000e+02
4.550000000000000000e+02
5.210000000000000000e+02
6.240000000000000000e+02
7.410000000000000000e+02
8.140000000000000000e+02
8.550000000000000000e+02
8.540000000000000000e+02
9.290000000000000000e+02
9.340000000000000000e+02
9.240000000000000000e+02
9.980000000000000000e+02
9.720000000000000000e+02
1.002000000000000000e+03
1.025000000000000000e+03
1.032000000000000000e+03
1.064000000000000000e+03
1.073000000000000000e+03
1.088000000000000000e+03
1.098000000000000000e+03
1.156000000000000000e+03
1.212000000000000000e+03
1.227000000000000000e+03
1.141000000000000000e+03
1.145000000000000000e+03
1.189000000000000000e+03
1.153000000000000000e+03
1.139000000000000000e+03
1.050000000000000000e+03
9.230000000000000000e+02
7.860000000000000000e+02
6.620000000000000000e+02
6.620000000000000000e+02
7.880000000000000000e+02
1.015000000000000000e+03
1.133000000000000000e+03
1.233000000000000000e+03
1.280000000000000000e+03
1.264000000000000000e+03
1.327000000000000000e+03
1.399000000000000000e+03
1.375000000000000000e+03
1.425000000000000000e+03
1.408000000000000000e+03
1.422000000000000000e+03
1.422000000000000000e+03
1.423000000000000000e+03
1.426000000000000000e+03
1.436000000000000000e+03
1.513000000000000000e+03
1.452000000000000000e+03
1.446000000000000000e+03
1.505000000000000000e+03
1.441000000000000000e+03
1.546000000000000000e+03
1.492000000000000000e+03
1.500000000000000000e+03
1.491000000000000000e+03
1.531000000000000000e+03
1.512000000000000000e+03
1.445000000000000000e+03
1.553000000000000000e+03
1.519000000000000000e+03
1.542000000000000000e+03
1.581000000000000000e+03
1.495000000000000000e+03
1.562000000000000000e+03
1.507000000000000000e+03
1.580000000000000000e+03
1.583000000000000000e+03
1.554000000000000000e+03
1.532000000000000000e+03
1.586000000000000000e+03
1.609000000000000000e+03
1.614000000000000000e+03
1.621000000000000000e+03
1.584000000000000000e+03
1.568000000000000000e+03
1.591000000000000000e+03
1.613000000000000000e+03
1.575000000000000000e+03
1.600000000000000000e+03
1.517000000000000000e+03
1.463000000000000000e+03
1.367000000000000000e+03
1.191000000000000000e+03
1.045000000000000000e+03
8.470000000000000000e+02
9.460000000000000000e+02
1.231000000000000000e+03
1.351000000000000000e+03
1.511000000000000000e+03
1.639000000000000000e+03
1.704000000000000000e+03
1.783000000000000000e+03
1.810000000000000000e+03
1.875000000000000000e+03
1.938000000000000000e+03
1.876000000000000000e+03
1.950000000000000000e+03
1.960000000000000000e+03
1.975000000000000000e+03
2.045000000000000000e+03
2.004000000000000000e+03
2.065000000000000000e+03
2.061000000000000000e+03
2.075000000000000000e+03
2.139000000000000000e+03
2.189000000000000000e+03
2.203000000000000000e+03
2.183000000000000000e+03
2.179000000000000000e+03
2.191000000000000000e+03
2.302000000000000000e+03
2.199000000000000000e+03
2.215000000000000000e+03
2.286000000000000000e+03
2.283000000000000000e+03
2.380000000000000000e+03
2.246000000000000000e+03
2.270000000000000000e+03
2.304000000000000000e+03
2.379000000000000000e+03
2.373000000000000000e+03
2.469000000000000000e+03
2.404000000000000000e+03
2.489000000000000000e+03
2.475000000000000000e+03
2.459000000000000000e+03
2.491000000000000000e+03
2.573000000000000000e+03
2.543000000000000000e+03
2.567000000000000000e+03
2.575000000000000000e+03
2.567000000000000000e+03
2.615000000000000000e+03
2.555000000000000000e+03
2.591000000000000000e+03
2.622000000000000000e+03
2.647000000000000000e+03
2.743000000000000000e+03
2.671000000000000000e+03
2.687000000000000000e+03
2.672000000000000000e+03
2.702000000000000000e+03
2.702000000000000000e+03
2.783000000000000000e+03
2.842000000000000000e+03
2.880000000000000000e+03
2.909000000000000000e+03
2.909000000000000000e+03
2.894000000000000000e+03
2.865000000000000000e+03
2.969000000000000000e+03
2.986000000000000000e+03
2.967000000000000000e+03
2.925000000000000000e+03
3.074000000000000000e+03
3.107000000000000000e+03
3.121000000000000000e+03
3.034000000000000000e+03
3.031000000000000000e+03
3.097000000000000000e+03
3.107000000000000000e+03
3.119000000000000000e+03
3.149000000000000000e+03
3.187000000000000000e+03
3.195000000000000000e+03
3.170000000000000000e+03
3.218000000000000000e+03
3.214000000000000000e+03
3.238000000000000000e+03
3.215000000000000000e+03
3.285000000000000000e+03
3.316000000000000000e+03
3.245000000000000000e+03
3.292000000000000000e+03
3.394000000000000000e+03
3.371000000000000000e+03
3.305000000000000000e+03
3.398000000000000000e+03
3.405000000000000000e+03
3.440000000000000000e+03
3.374000000000000000e+03
3.423000000000000000e+03
3.429000000000000000e+03
3.438000000000000000e+03
3.465000000000000000e+03
3.461000000000000000e+03
3.522000000000000000e+03
3.519000000000000000e+03
3.441000000000000000e+03
3.530000000000000000e+03
3.486000000000000000e+03
3.444000000000000000e+03
3.419000000000000000e+03
3.479000000000000000e+03
3.420000000000000000e+03
3.485000000000000000e+03
3.472000000000000000e+03
3.414000000000000000e+03
3.442000000000000000e+03
3.297000000000000000e+03
3.262000000000000000e+03
3.164000000000000000e+03
2.984000000000000000e+03
2.668000000000000000e+03
2.279000000000000000e+03
1.865000000000000000e+03
1.704000000000000000e+03
1.997000000000000000e+03
2.428000000000000000e+03
2.750000000000000000e+03
2.903000000000000000e+03
3.037000000000000000e+03
3.170000000000000000e+03
3.285000000000000000e+03
3.380000000000000000e+03
3.343000000000000000e+03
3.354000000000000000e+03
3.384000000000000000e+03
3.371000000000000000e+03
3.493000000000000000e+03
3.438000000000000000e+03
3.448000000000000000e+03
3.536000000000000000e+03
3.475000000000000000e+03
3.438000000000000000e+03
3.513000000000000000e+03
3.468000000000000000e+03
3.497000000000000000e+03
3.522000000000000000e+03
3.524000000000000000e+03
3.519000000000000000e+03
3.533000000000000000e+03
3.474000000000000000e+03
3.536000000000000000e+03
3.452000000000000000e+03
3.462000000000000000e+03
3.478000000000000000e+03
3.469000000000000000e+03
3.468000000000000000e+03
3.369000000000000000e+03
3.441000000000000000e+03
3.393000000000000000e+03
3.418000000000000000e+03
3.329000000000000000e+03
3.387000000000000000e+03
3.343000000000000000e+03
3.322000000000000000e+03
3.368000000000000000e+03
3.359000000000000000e+03
3.295000000000000000e+03
3.354000000000000000e+03
3.320000000000000000e+03
3.301000000000000000e+03
3.339000000000000000e+03
3.431000000000000000e+03
3.429000000000000000e+03
3.325000000000000000e+03
3.406000000000000000e+03
3.398000000000000000e+03
3.370000000000000000e+03
3.371000000000000000e+03
3.411000000000000000e+03
3.444000000000000000e+03
3.508000000000000000e+03
3.437000000000000000e+03
3.450000000000000000e+03
3.526000000000000000e+03
3.500000000000000000e+03
3.580000000000000000e+03
3.530000000000000000e+03
3.600000000000000000e+03
3.565000000000000000e+03
3.569000000000000000e+03
3.556000000000000000e+03
3.653000000000000000e+03
3.612000000000000000e+03
3.527000000000000000e+03
3.619000000000000000e+03
3.536000000000000000e+03
3.591000000000000000e+03
3.689000000000000000e+03
3.670000000000000000e+03
3.770000000000000000e+03
3.724000000000000000e+03
3.767000000000000000e+03
3.770000000000000000e+03
3.848000000000000000e+03
3.852000000000000000e+03
3.853000000000000000e+03
3.794000000000000000e+03
3.937000000000000000e+03
3.916000000000000000e+03
3.957000000000000000e+03
3.938000000000000000e+03
4.021000000000000000e+03
3.978000000000000000e+03
4.044000000000000000e+03
4.051000000000000000e+03
4.041000000000000000e+03
4.118000000000000000e+03
4.004000000000000000e+03
4.113000000000000000e+03
4.062000000000000000e+03
4.155000000000000000e+03
4.177000000000000000e+03
4.144000000000000000e+03
4.138000000000000000e+03
4.276000000000000000e+03
4.199000000000000000e+03
4.234000000000000000e+03
4.233000000000000000e+03
4.312000000000000000e+03
4.289000000000000000e+03
4.167000000000000000e+03
4.313000000000000000e+03
4.319000000000000000e+03
4.324000000000000000e+03
4.327000000000000000e+03
4.358000000000000000e+03
4.422000000000000000e+03
4.410000000000000000e+03
4.401000000000000000e+03
4.382000000000000000e+03
4.288000000000000000e+03
4.372000000000000000e+03
4.317000000000000000e+03
4.414000000000000000e+03
4.397000000000000000e+03
4.445000000000000000e+03
4.372000000000000000e+03
4.442000000000000000e+03
4.336000000000000000e+03
4.327000000000000000e+03
4.370000000000000000e+03
4.333000000000000000e+03
4.333000000000000000e+03
4.429000000000000000e+03
4.367000000000000000e+03
4.341000000000000000e+03
4.367000000000000000e+03
4.291000000000000000e+03
4.386000000000000000e+03
4.303000000000000000e+03
4.374000000000000000e+03
4.287000000000000000e+03
4.410000000000000000e+03
4.328000000000000000e+03
4.290000000000000000e+03
4.377000000000000000e+03
4.343000000000000000e+03
4.420000000000000000e+03
4.396000000000000000e+03
4.385000000000000000e+03
4.386000000000000000e+03
4.395000000000000000e+03
4.364000000000000000e+03
4.373000000000000000e+03
4.447000000000000000e+03
4.317000000000000000e+03
4.411000000000000000e+03
4.409000000000000000e+03
4.307000000000000000e+03
4.383000000000000000e+03
4.447000000000000000e+03
4.455000000000000000e+03
4.507000000000000000e+03
4.482000000000000000e+03
4.503000000000000000e+03
4.518000000000000000e+03
4.474000000000000000e+03
4.454000000000000000e+03
4.429000000000000000e+03
4.515000000000000000e+03
4.604000000000000000e+03
4.629000000000000000e+03
4.576000000000000000e+03
4.483000000000000000e+03
4.559000000000000000e+03
4.621000000000000000e+03
4.651000000000000000e+03
4.648000000000000000e+03
4.679000000000000000e+03
4.591000000000000000e+03
4.754000000000000000e+03
4.743000000000000000e+03
4.749000000000000000e+03
4.706000000000000000e+03
4.731000000000000000e+03
4.761000000000000000e+03
4.846000000000000000e+03
4.799000000000000000e+03
4.876000000000000000e+03
4.942000000000000000e+03
4.858000000000000000e+03
4.889000000000000000e+03
4.911000000000000000e+03
4.912000000000000000e+03
4.905000000000000000e+03
4.908000000000000000e+03
4.894000000000000000e+03
4.970000000000000000e+03
4.976000000000000000e+03
5.066000000000000000e+03
4.992000000000000000e+03
5.016000000000000000e+03
5.025000000000000000e+03
5.076000000000000000e+03
5.060000000000000000e+03
5.092000000000000000e+03
5.040000000000000000e+03
5.114000000000000000e+03
5.065000000000000000e+03
5.092000000000000000e+03
5.116000000000000000e+03
5.132000000000000000e+03
5.116000000000000000e+03
5.159000000000000000e+03
5.237000000000000000e+03
5.173000000000000000e+03
5.101000000000000000e+03
5.241000000000000000e+03
5.146000000000000000e+03
5.127000000000000000e+03
5.126000000000000000e+03
5.203000000000000000e+03
5.162000000000000000e+03
5.185000000000000000e+03
5.218000000000000000e+03
5.245000000000000000e+03
5.294000000000000000e+03
5.276000000000000000e+03
5.238000000000000000e+03
5.249000000000000000e+03
5.271000000000000000e+03
5.301000000000000000e+03
5.208000000000000000e+03
5.273000000000000000e+03
5.310000000000000000e+03
5.271000000000000000e+03
5.166000000000000000e+03
5.177000000000000000e+03
5.231000000000000000e+03
5.180000000000000000e+03
5.091000000000000000e+03
5.093000000000000000e+03
5.050000000000000000e+03
4.926000000000000000e+03
5.089000000000000000e+03
4.995000000000000000e+03
5.066000000000000000e+03
5.012000000000000000e+03
5.101000000000000000e+03
5.091000000000000000e+03
4.994000000000000000e+03
5.040000000000000000e+03
5.084000000000000000e+03
5.155000000000000000e+03
5.082000000000000000e+03
4.996000000000000000e+03
4.953000000000000000e+03
5.053000000000000000e+03
4.974000000000000000e+03
5.004000000000000000e+03
5.005000000000000000e+03
5.047000000000000000e+03
4.918000000000000000e+03
4.885000000000000000e+03
5.044000000000000000e+03
4.990000000000000000e+03
5.003000000000000000e+03
5.033000000000000000e+03
4.975000000000000000e+03
4.929000000000000000e+03
4.889000000000000000e+03
4.922000000000000000e+03
4.942000000000000000e+03
4.883000000000000000e+03
4.986000000000000000e+03
4.927000000000000000e+03
4.896000000000000000e+03
4.785000000000000000e+03
4.843000000000000000e+03
4.829000000000000000e+03
4.730000000000000000e+03
4.717000000000000000e+03
4.859000000000000000e+03
4.787000000000000000e+03
4.806000000000000000e+03
4.769000000000000000e+03
4.699000000000000000e+03
4.751000000000000000e+03
4.743000000000000000e+03
4.788000000000000000e+03
4.702000000000000000e+03
4.687000000000000000e+03
4.718000000000000000e+03
4.758000000000000000e+03
4.585000000000000000e+03
4.668000000000000000e+03
4.615000000000000000e+03
4.576000000000000000e+03
4.612000000000000000e+03
4.690000000000000000e+03
4.612000000000000000e+03
4.543000000000000000e+03
4.656000000000000000e+03
4.592000000000000000e+03
4.445000000000000000e+03
4.545000000000000000e+03
4.462000000000000000e+03
4.485000000000000000e+03
4.513000000000000000e+03
4.459000000000000000e+03
4.467000000000000000e+03
4.581000000000000000e+03
4.471000000000000000e+03
4.467000000000000000e+03
4.478000000000000000e+03
4.482000000000000000e+03
4.435000000000000000e+03
4.479000000000000000e+03
4.439000000000000000e+03
4.557000000000000000e+03
4.436000000000000000e+03
4.447000000000000000e+03
4.514000000000000000e+03
4.415000000000000000e+03
4.518000000000000000e+03
4.373000000000000000e+03
4.363000000000000000e+03
4.421000000000000000e+03
4.390000000000000000e+03
4.393000000000000000e+03
4.403000000000000000e+03
4.419000000000000000e+03
4.419000000000000000e+03
4.321000000000000000e+03
4.219000000000000000e+03
4.347000000000000000e+03
4.295000000000000000e+03
4.283000000000000000e+03
4.355000000000000000e+03
4.298000000000000000e+03
4.342000000000000000e+03
4.291000000000000000e+03
4.346000000000000000e+03
4.254000000000000000e+03
4.345000000000000000e+03
4.237000000000000000e+03
4.378000000000000000e+03
4.344000000000000000e+03
4.321000000000000000e+03
4.331000000000000000e+03
4.274000000000000000e+03
4.349000000000000000e+03
4.321000000000000000e+03
4.379000000000000000e+03
4.419000000000000000e+03
4.285000000000000000e+03
4.335000000000000000e+03
4.279000000000000000e+03
4.287000000000000000e+03
4.395000000000000000e+03
4.415000000000000000e+03
4.303000000000000000e+03
4.343000000000000000e+03
4.311000000000000000e+03
4.278000000000000000e+03
4.310000000000000000e+03
4.283000000000000000e+03
4.331000000000000000e+03
4.315000000000000000e+03
4.337000000000000000e+03
4.221000000000000000e+03
4.298000000000000000e+03
4.254000000000000000e+03
4.207000000000000000e+03
4.258000000000000000e+03
4.267000000000000000e+03
4.209000000000000000e+03
4.220000000000000000e+03
4.279000000000000000e+03
4.301000000000000000e+03
4.102000000000000000e+03
4.155000000000000000e+03
4.141000000000000000e+03
4.142000000000000000e+03
4.223000000000000000e+03
4.101000000000000000e+03
4.158000000000000000e+03
4.187000000000000000e+03
4.185000000000000000e+03
4.171000000000000000e+03
4.038000000000000000e+03
4.125000000000000000e+03
4.003000000000000000e+03
3.986000000000000000e+03
3.971000000000000000e+03
3.881000000000000000e+03
3.747000000000000000e+03
3.502000000000000000e+03
3.349000000000000000e+03
2.878000000000000000e+03
2.630000000000000000e+03
2.527000000000000000e+03
2.857000000000000000e+03
3.222000000000000000e+03
3.389000000000000000e+03
3.600000000000000000e+03
3.758000000000000000e+03
3.735000000000000000e+03
3.929000000000000000e+03
3.946000000000000000e+03
3.841000000000000000e+03
3.996000000000000000e+03
3.938000000000000000e+03
3.951000000000000000e+03
3.940000000000000000e+03
3.979000000000000000e+03
3.977000000000000000e+03
3.988000000000000000e+03
3.982000000000000000e+03
3.961000000000000000e+03
3.942000000000000000e+03
3.930000000000000000e+03
3.984000000000000000e+03
3.928000000000000000e+03
3.935000000000000000e+03
3.889000000000000000e+03
3.884000000000000000e+03
3.797000000000000000e+03
3.976000000000000000e+03
3.818000000000000000e+03
3.882000000000000000e+03
3.833000000000000000e+03
3.826000000000000000e+03
3.768000000000000000e+03
3.792000000000000000e+03
3.744000000000000000e+03
3.747000000000000000e+03
3.649000000000000000e+03
3.684000000000000000e+03
3.732000000000000000e+03
3.661000000000000000e+03
3.686000000000000000e+03
3.631000000000000000e+03
3.604000000000000000e+03
3.720000000000000000e+03
3.618000000000000000e+03
3.545000000000000000e+03
3.595000000000000000e+03
3.573000000000000000e+03
3.497000000000000000e+03
3.525000000000000000e+03
3.526000000000000000e+03
3.491000000000000000e+03
3.482000000000000000e+03
3.483000000000000000e+03
3.462000000000000000e+03
3.496000000000000000e+03
3.434000000000000000e+03
3.433000000000000000e+03
3.339000000000000000e+03
3.421000000000000000e+03
3.365000000000000000e+03
3.361000000000000000e+03
3.354000000000000000e+03
3.266000000000000000e+03
3.327000000000000000e+03
3.347000000000000000e+03
3.290000000000000000e+03
3.292000000000000000e+03
3.228000000000000000e+03
3.103000000000000000e+03
2.854000000000000000e+03
2.516000000000000000e+03
2.497000000000000000e+03
2.544000000000000000e+03
2.750000000000000000e+03
2.812000000000000000e+03
2.652000000000000000e+03
2.763000000000000000e+03
2.720000000000000000e+03
2.741000000000000000e+03
2.776000000000000000e+03
2.749000000000000000e+03
2.819000000000000000e+03
2.852000000000000000e+03
2.847000000000000000e+03
2.857000000000000000e+03
2.862000000000000000e+03
2.774000000000000000e+03
2.784000000000000000e+03
2.782000000000000000e+03
2.814000000000000000e+03
2.825000000000000000e+03
2.725000000000000000e+03
2.773000000000000000e+03
2.805000000000000000e+03
2.840000000000000000e+03
2.726000000000000000e+03
2.779000000000000000e+03
2.743000000000000000e+03
2.715000000000000000e+03
2.744000000000000000e+03
2.704000000000000000e+03
2.659000000000000000e+03
2.751000000000000000e+03
2.742000000000000000e+03
2.752000000000000000e+03
2.697000000000000000e+03
2.630000000000000000e+03
2.595000000000000000e+03
2.669000000000000000e+03
2.692000000000000000e+03
2.658000000000000000e+03
2.556000000000000000e+03
