2.360000000000000000e+02
3.070000000000000000e+02
3.020000000000000000e+02
3.070000000000000000e+02
2.760000000000000000e+02
2.490000000000000000e+02
2.510000000000000000e+02
2.930000000000000000e+02
3.430000000000000000e+02
3.770000000000000000e+02
3.940000000000000000e+02
3.580000000000000000e+02
3.380000000000000000e+02
2.940000000000000000e+02
2.870000000000000000e+02
3.000000000000000000e+02
3.410000000000000000e+02
4.080000000000000000e+02
4.450000000000000000e+02
4.910000000000000000e+02
5.210000000000000000e+02
5.030000000000000000e+02
5.010000000000000000e+02
5.110000000000000000e+02
4.420000000000000000e+02
3.780000000000000000e+02
3.590000000000000000e+02
3.350000000000000000e+02
4.020000000000000000e+02
4.520000000000000000e+02
4.970000000000000000e+02
5.540000000000000000e+02
6.220000000000000000e+02
6.290000000000000000e+02
6.720000000000000000e+02
6.590000000000000000e+02
6.320000000000000000e+02
6.090000000000000000e+02
6.500000000000000000e+02
6.640000000000000000e+02
6.380000000000000000e+02
6.320000000000000000e+02
5.950000000000000000e+02
5.600000000000000000e+02
5.200000000000000000e+02
4.090000000000000000e+02
4.160000000000000000e+02
5.260000000000000000e+02
5.730000000000000000e+02
6.170000000000000000e+02
6.670000000000000000e+02
7.170000000000000000e+02
7.650000000000000000e+02
8.140000000000000000e+02
8.020000000000000000e+02
7.750000000000000000e+02
8.110000000000000000e+02
8.510000000000000000e+02
8.330000000000000000e+02
8.640000000000000000e+02
8.790000000000000000e+02
8.820000000000000000e+02
9.100000000000000000e+02
8.740000000000000000e+02
9.090000000000000000e+02
9.070000000000000000e+02
9.450000000000000000e+02
9.250000000000000000e+02
9.360000000000000000e+02
9.620000000000000000e+02
1.003000000000000000e+03
8.910000000000000000e+02
8.750000000000000000e+02
8.650000000000000000e+02
7.330000000000000000e+02
6.510000000000000000e+02
5.550000000000000000e+02
5.430000000000000000e+02
6.540000000000000000e+02
8.140000000000000000e+02
8.990000000000000000e+02
9.660000000000000000e+02
1.026000000000000000e+03
1.073000000000000000e+03
1.077000000000000000e+03
1.110000000000000000e+03
1.104000000000000000e+03
1.104000000000000000e+03
1.155000000000000000e+03
1.154000000000000000e+03
1.148000000000000000e+03
1.145000000000000000e+03
1.164000000000000000e+03
1.167000000000000000e+03
1.196000000000000000e+03
1.140000000000000000e+03
1.183000000000000000e+03
1.172000000000000000e+03
1.166000000000000000e+03
1.149000000000000000e+03
1.152000000000000000e+03
1.202000000000000000e+03
1.181000000000000000e+03
1.185000000000000000e+03
1.219000000000000000e+03
1.193000000000000000e+03
1.172000000000000000e+03
1.222000000000000000e+03
1.171000000000000000e+03
1.238000000000000000e+03
1.219000000000000000e+03
1.248000000000000000e+03
1.281000000000000000e+03
1.219000000000000000e+03
1.225000000000000000e+03
1.254000000000000000e+03
1.253000000000000000e+03
1.238000000000000000e+03
1.322000000000000000e+03
1.266000000000000000e+03
1.249000000000000000e+03
1.250000000000000000e+03
1.253000000000000000e+03
1.280000000000000000e+03
1.240000000000000000e+03
1.214000000000000000e+03
1.233000000000000000e+03
1.210000000000000000e+03
1.116000000000000000e+03
1.121000000000000000e+03
9.720000000000000000e+02
8.230000000000000000e+02
6.800000000000000000e+02
7.840000000000000000e+02
9.940000000000000000e+02
1.096000000000000000e+03
1.195000000000000000e+03
1.352000000000000000e+03
1.452000000000000000e+03
1.417000000000000000e+03
1.485000000000000000e+03
1.526000000000000000e+03
1.476000000000000000e+03
1.468000000000000000e+03
1.583000000000000000e+03
1.558000000000000000e+03
1.605000000000000000e+03
1.617000000000000000e+03
1.613000000000000000e+03
1.686000000000000000e+03
1.712000000000000000e+03
1.711000000000000000e+03
1.743000000000000000e+03
1.687000000000000000e+03
1.761000000000000000e+03
1.744000000000000000e+03
1.799000000000000000e+03
1.710000000000000000e+03
1.775000000000000000e+03
1.814000000000000000e+03
1.789000000000000000e+03
1.787000000000000000e+03
1.797000000000000000e+03
1.838000000000000000e+03
1.825000000000000000e+03
1.819000000000000000e+03
1.895000000000000000e+03
1.878000000000000000e+03
1.912000000000000000e+03
1.943000000000000000e+03
1.971000000000000000e+03
1.890000000000000000e+03
1.957000000000000000e+03
1.973000000000000000e+03
1.963000000000000000e+03
1.982000000000000000e+03
2.025000000000000000e+03
2.019000000000000000e+03
2.034000000000000000e+03
2.083000000000000000e+03
2.084000000000000000e+03
2.114000000000000000e+03
2.078000000000000000e+03
2.092000000000000000e+03
2.147000000000000000e+03
2.108000000000000000e+03
2.560000000000000000e+03
2.197000000000000000e+03
2.261000000000000000e+03
2.222000000000000000e+03
2.197000000000000000e+03
2.237000000000000000e+03
2.243000000000000000e+03
2.310000000000000000e+03
2.281000000000000000e+03
2.295000000000000000e+03
2.343000000000000000e+03
2.299000000000000000e+03
2.289000000000000000e+03
2.363000000000000000e+03
2.354000000000000000e+03
2.355000000000000000e+03
2.375000000000000000e+03
2.395000000000000000e+03
2.447000000000000000e+03
2.480000000000000000e+03
2.458000000000000000e+03
2.490000000000000000e+03
2.539000000000000000e+03
2.430000000000000000e+03
2.513000000000000000e+03
2.516000000000000000e+03
2.572000000000000000e+03
2.511000000000000000e+03
2.557000000000000000e+03
2.582000000000000000e+03
2.585000000000000000e+03
2.569000000000000000e+03
2.583000000000000000e+03
2.575000000000000000e+03
2.613000000000000000e+03
2.615000000000000000e+03
2.611000000000000000e+03
2.663000000000000000e+03
2.631000000000000000e+03
2.678000000000000000e+03
2.671000000000000000e+03
2.699000000000000000e+03
2.710000000000000000e+03
2.663000000000000000e+03
2.760000000000000000e+03
2.647000000000000000e+03
2.734000000000000000e+03
2.720000000000000000e+03
2.694000000000000000e+03
2.728000000000000000e+03
2.683000000000000000e+03
2.705000000000000000e+03
2.720000000000000000e+03
2.701000000000000000e+03
2.720000000000000000e+03
2.714000000000000000e+03
2.755000000000000000e+03
2.784000000000000000e+03
2.746000000000000000e+03
2.641000000000000000e+03
2.568000000000000000e+03
2.634000000000000000e+03
2.553000000000000000e+03
2.424000000000000000e+03
2.307000000000000000e+03
2.181000000000000000e+03
1.828000000000000000e+03
1.530000000000000000e+03
1.409000000000000000e+03
1.679000000000000000e+03
1.906000000000000000e+03
2.100000000000000000e+03
2.320000000000000000e+03
2.435000000000000000e+03
2.475000000000000000e+03
2.592000000000000000e+03
2.529000000000000000e+03
2.600000000000000000e+03
2.694000000000000000e+03
2.702000000000000000e+03
2.725000000000000000e+03
2.706000000000000000e+03
2.613000000000000000e+03
2.652000000000000000e+03
2.700000000000000000e+03
2.702000000000000000e+03
2.709000000000000000e+03
2.674000000000000000e+03
2.729000000000000000e+03
2.713000000000000000e+03
2.680000000000000000e+03
2.730000000000000000e+03
2.764000000000000000e+03
2.730000000000000000e+03
2.702000000000000000e+03
2.649000000000000000e+03
2.709000000000000000e+03
2.661000000000000000e+03
2.669000000000000000e+03
2.693000000000000000e+03
2.630000000000000000e+03
2.615000000000000000e+03
2.622000000000000000e+03
2.647000000000000000e+03
2.618000000000000000e+03
2.576000000000000000e+03
2.566000000000000000e+03
2.528000000000000000e+03
2.519000000000000000e+03
2.513000000000000000e+03
2.609000000000000000e+03
2.601000000000000000e+03
2.588000000000000000e+03
2.603000000000000000e+03
2.627000000000000000e+03
2.631000000000000000e+03
2.590000000000000000e+03
2.628000000000000000e+03
2.650000000000000000e+03
2.651000000000000000e+03
2.622000000000000000e+03
2.612000000000000000e+03
2.625000000000000000e+03
2.632000000000000000e+03
2.642000000000000000e+03
2.648000000000000000e+03
2.616000000000000000e+03
2.751000000000000000e+03
2.688000000000000000e+03
2.701000000000000000e+03
2.744000000000000000e+03
2.721000000000000000e+03
2.786000000000000000e+03
2.776000000000000000e+03
2.731000000000000000e+03
2.776000000000000000e+03
2.782000000000000000e+03
2.820000000000000000e+03
2.852000000000000000e+03
2.762000000000000000e+03
2.780000000000000000e+03
2.845000000000000000e+03
2.841000000000000000e+03
2.873000000000000000e+03
2.909000000000000000e+03
2.856000000000000000e+03
2.878000000000000000e+03
2.951000000000000000e+03
2.927000000000000000e+03
2.959000000000000000e+03
2.968000000000000000e+03
3.028000000000000000e+03
2.943000000000000000e+03
3.007000000000000000e+03
3.030000000000000000e+03
3.072000000000000000e+03
3.081000000000000000e+03
3.087000000000000000e+03
3.087000000000000000e+03
3.161000000000000000e+03
3.192000000000000000e+03
3.162000000000000000e+03
3.178000000000000000e+03
3.147000000000000000e+03
3.163000000000000000e+03
3.205000000000000000e+03
3.297000000000000000e+03
3.269000000000000000e+03
3.259000000000000000e+03
3.295000000000000000e+03
3.298000000000000000e+03
3.282000000000000000e+03
3.271000000000000000e+03
3.286000000000000000e+03
3.274000000000000000e+03
3.300000000000000000e+03
3.373000000000000000e+03
3.350000000000000000e+03
3.404000000000000000e+03
3.360000000000000000e+03
3.333000000000000000e+03
3.394000000000000000e+03
3.420000000000000000e+03
3.393000000000000000e+03
3.464000000000000000e+03
3.371000000000000000e+03
3.444000000000000000e+03
3.369000000000000000e+03
3.391000000000000000e+03
3.360000000000000000e+03
3.463000000000000000e+03
3.393000000000000000e+03
3.478000000000000000e+03
3.403000000000000000e+03
3.361000000000000000e+03
3.395000000000000000e+03
3.382000000000000000e+03
3.409000000000000000e+03
3.414000000000000000e+03
3.343000000000000000e+03
3.354000000000000000e+03
3.368000000000000000e+03
3.450000000000000000e+03
3.381000000000000000e+03
3.351000000000000000e+03
3.352000000000000000e+03
3.364000000000000000e+03
3.400000000000000000e+03
3.422000000000000000e+03
3.391000000000000000e+03
3.456000000000000000e+03
3.429000000000000000e+03
3.385000000000000000e+03
3.396000000000000000e+03
3.430000000000000000e+03
3.489000000000000000e+03
3.394000000000000000e+03
3.423000000000000000e+03
3.381000000000000000e+03
3.424000000000000000e+03
3.375000000000000000e+03
3.520000000000000000e+03
3.422000000000000000e+03
3.486000000000000000e+03
3.432000000000000000e+03
3.479000000000000000e+03
3.501000000000000000e+03
3.473000000000000000e+03
3.513000000000000000e+03
3.525000000000000000e+03
3.554000000000000000e+03
3.506000000000000000e+03
3.546000000000000000e+03
3.527000000000000000e+03
3.574000000000000000e+03
3.557000000000000000e+03
3.593000000000000000e+03
3.540000000000000000e+03
3.618000000000000000e+03
3.644000000000000000e+03
3.670000000000000000e+03
3.575000000000000000e+03
3.632000000000000000e+03
3.656000000000000000e+03
3.660000000000000000e+03
3.696000000000000000e+03
3.747000000000000000e+03
3.697000000000000000e+03
3.769000000000000000e+03
3.856000000000000000e+03
3.785000000000000000e+03
3.743000000000000000e+03
3.766000000000000000e+03
3.819000000000000000e+03
3.845000000000000000e+03
3.871000000000000000e+03
3.866000000000000000e+03
3.888000000000000000e+03
3.847000000000000000e+03
3.847000000000000000e+03
3.874000000000000000e+03
3.849000000000000000e+03
3.956000000000000000e+03
3.955000000000000000e+03
3.926000000000000000e+03
3.861000000000000000e+03
3.939000000000000000e+03
3.901000000000000000e+03
3.958000000000000000e+03
3.912000000000000000e+03
3.914000000000000000e+03
3.974000000000000000e+03
4.186000000000000000e+03
4.040000000000000000e+03
4.037000000000000000e+03
3.992000000000000000e+03
4.012000000000000000e+03
4.072000000000000000e+03
4.108000000000000000e+03
4.078000000000000000e+03
4.064000000000000000e+03
4.009000000000000000e+03
4.173000000000000000e+03
4.080000000000000000e+03
4.001000000000000000e+03
4.092000000000000000e+03
4.106000000000000000e+03
4.066000000000000000e+03
4.092000000000000000e+03
4.203000000000000000e+03
4.088000000000000000e+03
4.040000000000000000e+03
4.077000000000000000e+03
4.157000000000000000e+03
4.003000000000000000e+03
4.132000000000000000e+03
4.208000000000000000e+03
4.114000000000000000e+03
4.143000000000000000e+03
4.154000000000000000e+03
4.133000000000000000e+03
4.164000000000000000e+03
4.113000000000000000e+03
4.038000000000000000e+03
4.109000000000000000e+03
4.022000000000000000e+03
3.892000000000000000e+03
3.931000000000000000e+03
3.833000000000000000e+03
3.850000000000000000e+03
3.904000000000000000e+03
4.000000000000000000e+03
3.983000000000000000e+03
4.083000000000000000e+03
4.044000000000000000e+03
3.952000000000000000e+03
4.028000000000000000e+03
3.990000000000000000e+03
4.038000000000000000e+03
4.032000000000000000e+03
3.989000000000000000e+03
3.901000000000000000e+03
3.969000000000000000e+03
3.993000000000000000e+03
4.044000000000000000e+03
3.991000000000000000e+03
3.978000000000000000e+03
3.854000000000000000e+03
3.938000000000000000e+03
3.960000000000000000e+03
3.955000000000000000e+03
3.937000000000000000e+03
3.924000000000000000e+03
3.925000000000000000e+03
3.980000000000000000e+03
3.955000000000000000e+03
3.878000000000000000e+03
3.888000000000000000e+03
3.899000000000000000e+03
3.937000000000000000e+03
3.903000000000000000e+03
3.784000000000000000e+03
3.948000000000000000e+03
3.818000000000000000e+03
3.843000000000000000e+03
3.742000000000000000e+03
3.784000000000000000e+03
3.877000000000000000e+03
3.828000000000000000e+03
3.795000000000000000e+03
3.817000000000000000e+03
3.745000000000000000e+03
3.754000000000000000e+03
3.752000000000000000e+03
3.806000000000000000e+03
3.758000000000000000e+03
3.698000000000000000e+03
3.757000000000000000e+03
3.700000000000000000e+03
3.689000000000000000e+03
3.833000000000000000e+03
3.645000000000000000e+03
3.674000000000000000e+03
3.681000000000000000e+03
3.643000000000000000e+03
3.622000000000000000e+03
3.646000000000000000e+03
3.640000000000000000e+03
3.595000000000000000e+03
3.614000000000000000e+03
3.585000000000000000e+03
3.588000000000000000e+03
3.588000000000000000e+03
3.646000000000000000e+03
3.644000000000000000e+03
3.694000000000000000e+03
3.652000000000000000e+03
3.573000000000000000e+03
3.573000000000000000e+03
3.605000000000000000e+03
3.560000000000000000e+03
3.632000000000000000e+03
3.543000000000000000e+03
3.515000000000000000e+03
3.558000000000000000e+03
3.529000000000000000e+03
3.549000000000000000e+03
3.571000000000000000e+03
3.523000000000000000e+03
3.529000000000000000e+03
3.526000000000000000e+03
3.502000000000000000e+03
3.518000000000000000e+03
3.450000000000000000e+03
3.515000000000000000e+03
3.488000000000000000e+03
3.417000000000000000e+03
3.492000000000000000e+03
3.381000000000000000e+03
3.374000000000000000e+03
3.337000000000000000e+03
3.382000000000000000e+03
3.416000000000000000e+03
3.383000000000000000e+03
3.412000000000000000e+03
3.483000000000000000e+03
3.412000000000000000e+03
3.508000000000000000e+03
3.347000000000000000e+03
3.473000000000000000e+03
3.466000000000000000e+03
3.421000000000000000e+03
3.509000000000000000e+03
3.458000000000000000e+03
3.471000000000000000e+03
3.412000000000000000e+03
3.439000000000000000e+03
3.426000000000000000e+03
3.425000000000000000e+03
3.455000000000000000e+03
3.381000000000000000e+03
3.463000000000000000e+03
3.392000000000000000e+03
3.403000000000000000e+03
3.462000000000000000e+03
3.418000000000000000e+03
3.482000000000000000e+03
3.405000000000000000e+03
3.434000000000000000e+03
3.309000000000000000e+03
3.397000000000000000e+03
3.409000000000000000e+03
3.426000000000000000e+03
3.421000000000000000e+03
3.459000000000000000e+03
3.427000000000000000e+03
3.403000000000000000e+03
3.465000000000000000e+03
3.426000000000000000e+03
3.391000000000000000e+03
3.298000000000000000e+03
3.314000000000000000e+03
3.414000000000000000e+03
3.348000000000000000e+03
3.326000000000000000e+03
3.336000000000000000e+03
3.304000000000000000e+03
3.309000000000000000e+03
3.328000000000000000e+03
3.265000000000000000e+03
3.324000000000000000e+03
3.301000000000000000e+03
3.327000000000000000e+03
3.249000000000000000e+03
3.311000000000000000e+03
3.241000000000000000e+03
3.239000000000000000e+03
3.226000000000000000e+03
3.135000000000000000e+03
3.115000000000000000e+03
3.058000000000000000e+03
2.923000000000000000e+03
2.829000000000000000e+03
2.559000000000000000e+03
2.355000000000000000e+03
2.080000000000000000e+03
2.018000000000000000e+03
2.314000000000000000e+03
2.559000000000000000e+03
2.759000000000000000e+03
2.861000000000000000e+03
2.968000000000000000e+03
3.085000000000000000e+03
3.054000000000000000e+03
3.066000000000000000e+03
3.122000000000000000e+03
3.140000000000000000e+03
3.146000000000000000e+03
3.156000000000000000e+03
3.092000000000000000e+03
3.140000000000000000e+03
3.148000000000000000e+03
3.161000000000000000e+03
3.116000000000000000e+03
3.144000000000000000e+03
3.156000000000000000e+03
3.104000000000000000e+03
3.106000000000000000e+03
3.100000000000000000e+03
3.036000000000000000e+03
3.085000000000000000e+03
3.113000000000000000e+03
2.989000000000000000e+03
3.013000000000000000e+03
3.001000000000000000e+03
2.963000000000000000e+03
3.062000000000000000e+03
3.031000000000000000e+03
3.006000000000000000e+03
2.975000000000000000e+03
2.918000000000000000e+03
2.933000000000000000e+03
2.974000000000000000e+03
2.893000000000000000e+03
2.902000000000000000e+03
2.933000000000000000e+03
2.918000000000000000e+03
2.876000000000000000e+03
2.842000000000000000e+03
2.749000000000000000e+03
2.815000000000000000e+03
2.877000000000000000e+03
2.804000000000000000e+03
2.708000000000000000e+03
2.774000000000000000e+03
2.726000000000000000e+03
2.718000000000000000e+03
2.764000000000000000e+03
2.744000000000000000e+03
2.764000000000000000e+03
2.704000000000000000e+03
2.705000000000000000e+03
2.652000000000000000e+03
2.713000000000000000e+03
2.669000000000000000e+03
2.593000000000000000e+03
2.591000000000000000e+03
2.592000000000000000e+03
2.599000000000000000e+03
2.558000000000000000e+03
2.582000000000000000e+03
2.602000000000000000e+03
2.641000000000000000e+03
2.487000000000000000e+03
2.556000000000000000e+03
2.441000000000000000e+03
2.261000000000000000e+03
2.023000000000000000e+03
1.930000000000000000e+03
1.972000000000000000e+03
2.154000000000000000e+03
2.179000000000000000e+03
2.115000000000000000e+03
2.105000000000000000e+03
2.080000000000000000e+03
2.160000000000000000e+03
2.075000000000000000e+03
2.131000000000000000e+03
2.214000000000000000e+03
2.209000000000000000e+03
2.241000000000000000e+03
2.194000000000000000e+03
2.194000000000000000e+03
2.165000000000000000e+03
2.171000000000000000e+03
2.179000000000000000e+03
2.192000000000000000e+03
2.129000000000000000e+03
2.107000000000000000e+03
2.187000000000000000e+03
2.191000000000000000e+03
2.193000000000000000e+03
2.123000000000000000e+03
2.118000000000000000e+03
2.158000000000000000e+03
2.082000000000000000e+03
2.098000000000000000e+03
2.082000000000000000e+03
2.092000000000000000e+03
2.085000000000000000e+03
2.049000000000000000e+03
2.064000000000000000e+03
2.045000000000000000e+03
2.028000000000000000e+03
2.098000000000000000e+03
2.135000000000000000e+03
2.097000000000000000e+03
2.107000000000000000e+03
2.037000000000000000e+03
