1.147000000000000000e+03
1.474000000000000000e+03
1.924000000000000000e+03
2.117000000000000000e+03
2.029000000000000000e+03
1.579000000000000000e+03
1.305000000000000000e+03
1.544000000000000000e+03
2.175000000000000000e+03
2.630000000000000000e+03
3.082000000000000000e+03
3.187000000000000000e+03
2.953000000000000000e+03
2.495000000000000000e+03
1.880000000000000000e+03
1.705000000000000000e+03
2.106000000000000000e+03
2.927000000000000000e+03
3.610000000000000000e+03
4.049000000000000000e+03
4.307000000000000000e+03
4.432000000000000000e+03
4.662000000000000000e+03
4.408000000000000000e+03
4.303000000000000000e+03
3.814000000000000000e+03
3.005000000000000000e+03
2.300000000000000000e+03
2.428000000000000000e+03
3.291000000000000000e+03
4.180000000000000000e+03
5.102000000000000000e+03
5.712000000000000000e+03
6.096000000000000000e+03
6.387000000000000000e+03
6.573000000000000000e+03
6.492000000000000000e+03
6.241000000000000000e+03
6.281000000000000000e+03
6.527000000000000000e+03
6.699000000000000000e+03
6.664000000000000000e+03
6.191000000000000000e+03
5.706000000000000000e+03
4.690000000000000000e+03
3.627000000000000000e+03
2.753000000000000000e+03
3.067000000000000000e+03
4.260000000000000000e+03
5.485000000000000000e+03
6.374000000000000000e+03
6.998000000000000000e+03
7.474000000000000000e+03
7.569000000000000000e+03
7.806000000000000000e+03
8.021000000000000000e+03
7.968000000000000000e+03
8.229000000000000000e+03
8.338000000000000000e+03
8.308000000000000000e+03
8.607000000000000000e+03
8.737000000000000000e+03
8.830000000000000000e+03
9.213000000000000000e+03
9.225000000000000000e+03
9.146000000000000000e+03
9.406000000000000000e+03
9.373000000000000000e+03
9.395000000000000000e+03
9.615000000000000000e+03
9.713000000000000000e+03
9.453000000000000000e+03
9.275000000000000000e+03
8.786000000000000000e+03
7.911000000000000000e+03
6.574000000000000000e+03
5.027000000000000000e+03
4.038000000000000000e+03
4.984000000000000000e+03
6.638000000000000000e+03
8.212000000000000000e+03
9.507000000000000000e+03
1.025200000000000000e+04
1.076100000000000000e+04
1.098400000000000000e+04
1.132800000000000000e+04
1.164300000000000000e+04
1.155700000000000000e+04
1.193800000000000000e+04
1.212500000000000000e+04
1.176000000000000000e+04
1.215500000000000000e+04
1.203500000000000000e+04
1.211600000000000000e+04
1.206300000000000000e+04
1.191700000000000000e+04
1.201400000000000000e+04
1.219100000000000000e+04
1.251200000000000000e+04
1.232600000000000000e+04
1.201800000000000000e+04
1.210000000000000000e+04
1.204700000000000000e+04
1.220100000000000000e+04
1.221700000000000000e+04
1.210000000000000000e+04
1.210500000000000000e+04
1.220200000000000000e+04
1.209800000000000000e+04
1.217400000000000000e+04
1.224100000000000000e+04
1.214600000000000000e+04
1.231200000000000000e+04
1.241600000000000000e+04
1.233200000000000000e+04
1.226700000000000000e+04
1.225200000000000000e+04
1.216400000000000000e+04
1.245200000000000000e+04
1.267200000000000000e+04
1.251400000000000000e+04
1.240900000000000000e+04
1.263600000000000000e+04
1.219700000000000000e+04
1.229200000000000000e+04
1.225700000000000000e+04
1.198600000000000000e+04
1.195600000000000000e+04
1.160300000000000000e+04
1.086400000000000000e+04
9.607000000000000000e+03
7.801000000000000000e+03
6.021000000000000000e+03
5.434000000000000000e+03
6.852000000000000000e+03
8.887000000000000000e+03
1.047100000000000000e+04
1.213500000000000000e+04
1.285200000000000000e+04
1.336000000000000000e+04
1.379100000000000000e+04
1.406700000000000000e+04
1.436300000000000000e+04
1.442400000000000000e+04
1.459200000000000000e+04
1.473400000000000000e+04
1.507000000000000000e+04
1.514300000000000000e+04
1.525600000000000000e+04
1.562100000000000000e+04
1.554900000000000000e+04
1.584900000000000000e+04
1.624600000000000000e+04
1.634100000000000000e+04
1.631800000000000000e+04
1.648200000000000000e+04
1.650700000000000000e+04
1.655600000000000000e+04
1.678300000000000000e+04
1.705200000000000000e+04
1.689600000000000000e+04
1.704700000000000000e+04
1.728800000000000000e+04
1.726300000000000000e+04
1.744400000000000000e+04
1.739200000000000000e+04
1.740700000000000000e+04
1.771600000000000000e+04
1.814700000000000000e+04
1.814000000000000000e+04
1.828100000000000000e+04
1.832200000000000000e+04
1.880800000000000000e+04
1.891000000000000000e+04
1.892000000000000000e+04
1.896600000000000000e+04
1.914800000000000000e+04
1.935700000000000000e+04
1.941600000000000000e+04
1.967700000000000000e+04
1.965200000000000000e+04
1.963200000000000000e+04
1.945800000000000000e+04
1.984000000000000000e+04
1.968700000000000000e+04
2.016100000000000000e+04
2.055200000000000000e+04
2.030400000000000000e+04
2.024500000000000000e+04
2.053500000000000000e+04
2.043100000000000000e+04
2.062100000000000000e+04
2.096800000000000000e+04
2.112300000000000000e+04
2.093000000000000000e+04
2.110600000000000000e+04
2.154200000000000000e+04
2.136900000000000000e+04
2.143500000000000000e+04
2.158900000000000000e+04
2.150000000000000000e+04
2.139200000000000000e+04
2.169900000000000000e+04
2.215100000000000000e+04
2.193400000000000000e+04
2.199600000000000000e+04
2.198800000000000000e+04
2.219900000000000000e+04
2.253100000000000000e+04
2.241200000000000000e+04
2.232500000000000000e+04
2.250400000000000000e+04
2.246700000000000000e+04
2.274300000000000000e+04
2.282400000000000000e+04
2.285900000000000000e+04
2.286900000000000000e+04
2.295500000000000000e+04
2.298300000000000000e+04
2.317200000000000000e+04
2.334200000000000000e+04
2.333800000000000000e+04
2.353400000000000000e+04
2.353000000000000000e+04
2.331600000000000000e+04
2.361300000000000000e+04
2.348900000000000000e+04
2.369600000000000000e+04
2.348900000000000000e+04
2.346400000000000000e+04
2.365100000000000000e+04
2.365800000000000000e+04
2.383600000000000000e+04
2.363100000000000000e+04
2.390100000000000000e+04
2.360200000000000000e+04
2.405600000000000000e+04
2.395700000000000000e+04
2.377800000000000000e+04
2.373100000000000000e+04
2.380100000000000000e+04
2.355200000000000000e+04
2.380300000000000000e+04
2.361700000000000000e+04
2.345900000000000000e+04
2.324600000000000000e+04
2.265600000000000000e+04
2.255800000000000000e+04
2.197900000000000000e+04
2.115500000000000000e+04
2.022800000000000000e+04
1.862500000000000000e+04
1.623600000000000000e+04
1.313800000000000000e+04
1.044200000000000000e+04
1.080000000000000000e+04
1.384700000000000000e+04
1.662900000000000000e+04
1.837200000000000000e+04
1.965300000000000000e+04
2.072800000000000000e+04
2.124300000000000000e+04
2.172300000000000000e+04
2.206900000000000000e+04
2.209900000000000000e+04
2.215700000000000000e+04
2.232600000000000000e+04
2.251500000000000000e+04
2.211100000000000000e+04
2.186600000000000000e+04
2.214600000000000000e+04
2.232000000000000000e+04
2.231900000000000000e+04
2.227800000000000000e+04
2.227600000000000000e+04
2.210400000000000000e+04
2.186400000000000000e+04
2.210300000000000000e+04
2.222500000000000000e+04
2.206100000000000000e+04
2.193200000000000000e+04
2.171700000000000000e+04
2.190300000000000000e+04
2.198300000000000000e+04
2.153500000000000000e+04
2.181200000000000000e+04
2.160300000000000000e+04
2.159500000000000000e+04
2.141400000000000000e+04
2.145100000000000000e+04
2.102500000000000000e+04
2.096700000000000000e+04
2.105100000000000000e+04
2.097300000000000000e+04
2.080200000000000000e+04
2.091400000000000000e+04
2.060200000000000000e+04
2.093000000000000000e+04
2.063900000000000000e+04
2.072100000000000000e+04
2.076500000000000000e+04
2.080800000000000000e+04
2.070500000000000000e+04
2.069100000000000000e+04
2.079000000000000000e+04
2.097800000000000000e+04
2.087300000000000000e+04
2.083400000000000000e+04
2.089800000000000000e+04
2.076500000000000000e+04
2.068500000000000000e+04
2.075000000000000000e+04
2.088500000000000000e+04
2.125600000000000000e+04
2.099800000000000000e+04
2.138700000000000000e+04
2.107600000000000000e+04
2.126200000000000000e+04
2.146900000000000000e+04
2.161300000000000000e+04
2.163100000000000000e+04
2.198000000000000000e+04
2.188400000000000000e+04
2.178700000000000000e+04
2.204200000000000000e+04
2.165400000000000000e+04
2.140400000000000000e+04
2.154800000000000000e+04
2.198200000000000000e+04
2.158500000000000000e+04
2.180100000000000000e+04
2.219200000000000000e+04
2.227200000000000000e+04
2.252400000000000000e+04
2.270200000000000000e+04
2.261800000000000000e+04
2.268500000000000000e+04
2.284000000000000000e+04
2.305700000000000000e+04
2.295600000000000000e+04
2.298800000000000000e+04
2.315800000000000000e+04
2.308500000000000000e+04
2.347000000000000000e+04
2.341600000000000000e+04
2.356900000000000000e+04
2.368900000000000000e+04
2.372300000000000000e+04
2.378500000000000000e+04
2.365200000000000000e+04
2.368600000000000000e+04
2.372600000000000000e+04
2.403100000000000000e+04
2.416300000000000000e+04
2.446400000000000000e+04
2.454500000000000000e+04
2.459600000000000000e+04
2.456300000000000000e+04
2.474600000000000000e+04
2.484500000000000000e+04
2.483400000000000000e+04
2.464000000000000000e+04
2.491000000000000000e+04
2.489200000000000000e+04
2.479500000000000000e+04
2.501300000000000000e+04
2.516100000000000000e+04
2.541700000000000000e+04
2.529200000000000000e+04
2.516600000000000000e+04
2.525100000000000000e+04
2.516600000000000000e+04
2.517800000000000000e+04
2.538500000000000000e+04
2.535700000000000000e+04
2.534700000000000000e+04
2.501600000000000000e+04
2.510500000000000000e+04
2.527100000000000000e+04
2.502700000000000000e+04
2.513900000000000000e+04
2.490400000000000000e+04
2.497900000000000000e+04
2.509800000000000000e+04
2.482200000000000000e+04
2.485800000000000000e+04
2.473300000000000000e+04
2.462300000000000000e+04
2.463300000000000000e+04
2.473300000000000000e+04
2.496100000000000000e+04
2.461900000000000000e+04
2.475500000000000000e+04
2.463400000000000000e+04
2.488200000000000000e+04
2.455900000000000000e+04
2.473900000000000000e+04
2.449900000000000000e+04
2.456500000000000000e+04
2.470500000000000000e+04
2.481500000000000000e+04
2.460200000000000000e+04
2.455900000000000000e+04
2.469500000000000000e+04
2.482600000000000000e+04
2.455100000000000000e+04
2.469600000000000000e+04
2.453800000000000000e+04
2.437800000000000000e+04
2.466100000000000000e+04
2.455900000000000000e+04
2.462400000000000000e+04
2.448500000000000000e+04
2.456900000000000000e+04
2.452600000000000000e+04
2.474700000000000000e+04
2.472900000000000000e+04
2.499000000000000000e+04
2.501400000000000000e+04
2.486800000000000000e+04
2.491400000000000000e+04
2.520200000000000000e+04
2.541600000000000000e+04
2.504000000000000000e+04
2.508400000000000000e+04
2.522400000000000000e+04
2.495700000000000000e+04
2.543600000000000000e+04
2.542800000000000000e+04
2.538800000000000000e+04
2.526400000000000000e+04
2.557500000000000000e+04
2.542500000000000000e+04
2.554900000000000000e+04
2.586500000000000000e+04
2.573300000000000000e+04
2.574600000000000000e+04
2.590700000000000000e+04
2.612300000000000000e+04
2.615500000000000000e+04
2.608700000000000000e+04
2.626100000000000000e+04
2.621400000000000000e+04
2.604200000000000000e+04
2.625800000000000000e+04
2.637100000000000000e+04
2.587900000000000000e+04
2.618100000000000000e+04
2.634000000000000000e+04
2.660800000000000000e+04
2.653800000000000000e+04
2.659000000000000000e+04
2.655100000000000000e+04
2.724900000000000000e+04
2.657300000000000000e+04
2.678000000000000000e+04
2.673300000000000000e+04
2.678300000000000000e+04
2.672600000000000000e+04
2.655500000000000000e+04
2.690900000000000000e+04
2.694300000000000000e+04
2.688300000000000000e+04
2.685300000000000000e+04
2.715100000000000000e+04
2.705100000000000000e+04
2.715900000000000000e+04
2.723800000000000000e+04
2.699000000000000000e+04
2.711000000000000000e+04
2.711000000000000000e+04
2.717800000000000000e+04
2.726800000000000000e+04
2.727700000000000000e+04
2.702900000000000000e+04
2.745700000000000000e+04
2.743600000000000000e+04
2.770500000000000000e+04
2.741900000000000000e+04
2.739000000000000000e+04
2.736200000000000000e+04
2.728500000000000000e+04
2.756600000000000000e+04
2.733900000000000000e+04
2.716500000000000000e+04
2.746800000000000000e+04
2.729500000000000000e+04
2.714900000000000000e+04
2.734200000000000000e+04
2.702300000000000000e+04
2.694100000000000000e+04
2.682200000000000000e+04
2.664600000000000000e+04
2.614800000000000000e+04
2.578300000000000000e+04
2.553500000000000000e+04
2.538100000000000000e+04
2.565200000000000000e+04
2.595300000000000000e+04
2.618300000000000000e+04
2.600600000000000000e+04
2.563400000000000000e+04
2.586900000000000000e+04
2.595800000000000000e+04
2.584300000000000000e+04
2.577600000000000000e+04
2.566000000000000000e+04
2.556200000000000000e+04
2.548800000000000000e+04
2.550200000000000000e+04
2.568900000000000000e+04
2.568000000000000000e+04
2.552800000000000000e+04
2.527600000000000000e+04
2.500800000000000000e+04
2.516600000000000000e+04
2.524100000000000000e+04
2.507700000000000000e+04
2.520100000000000000e+04
2.506500000000000000e+04
2.474100000000000000e+04
2.488700000000000000e+04
2.484200000000000000e+04
2.475900000000000000e+04
2.445100000000000000e+04
2.458300000000000000e+04
2.451400000000000000e+04
2.423700000000000000e+04
2.421000000000000000e+04
2.422600000000000000e+04
2.394600000000000000e+04
2.424500000000000000e+04
2.375100000000000000e+04
2.354500000000000000e+04
2.411600000000000000e+04
2.377300000000000000e+04
2.357800000000000000e+04
2.354300000000000000e+04
2.318600000000000000e+04
2.337700000000000000e+04
2.327800000000000000e+04
2.320400000000000000e+04
2.299100000000000000e+04
2.298000000000000000e+04
2.267800000000000000e+04
2.272500000000000000e+04
2.250000000000000000e+04
2.241900000000000000e+04
2.256500000000000000e+04
2.231600000000000000e+04
2.240300000000000000e+04
2.234000000000000000e+04
2.219800000000000000e+04
2.186200000000000000e+04
2.210100000000000000e+04
2.162300000000000000e+04
2.146000000000000000e+04
2.129300000000000000e+04
2.129300000000000000e+04
2.143900000000000000e+04
2.112300000000000000e+04
2.137600000000000000e+04
2.133100000000000000e+04
2.107800000000000000e+04
2.122600000000000000e+04
2.102600000000000000e+04
2.113700000000000000e+04
2.099400000000000000e+04
2.090900000000000000e+04
2.106000000000000000e+04
2.105600000000000000e+04
2.087400000000000000e+04
2.076800000000000000e+04
2.070200000000000000e+04
2.036500000000000000e+04
2.050800000000000000e+04
2.020500000000000000e+04
2.045200000000000000e+04
2.030900000000000000e+04
2.030700000000000000e+04
2.022400000000000000e+04
2.021400000000000000e+04
2.016100000000000000e+04
2.018600000000000000e+04
1.968600000000000000e+04
1.909700000000000000e+04
1.916900000000000000e+04
1.955400000000000000e+04
1.968800000000000000e+04
1.945200000000000000e+04
1.942700000000000000e+04
1.952200000000000000e+04
1.957300000000000000e+04
1.968500000000000000e+04
1.949300000000000000e+04
1.934200000000000000e+04
1.967200000000000000e+04
1.919800000000000000e+04
1.973500000000000000e+04
1.958600000000000000e+04
1.945700000000000000e+04
1.894100000000000000e+04
1.946500000000000000e+04
1.913500000000000000e+04
1.933300000000000000e+04
1.926200000000000000e+04
1.923800000000000000e+04
1.923500000000000000e+04
1.914300000000000000e+04
1.897500000000000000e+04
1.900900000000000000e+04
1.891300000000000000e+04
1.898600000000000000e+04
1.881400000000000000e+04
1.883000000000000000e+04
1.885000000000000000e+04
1.884700000000000000e+04
1.891600000000000000e+04
1.868400000000000000e+04
1.859700000000000000e+04
1.852500000000000000e+04
1.848300000000000000e+04
1.859600000000000000e+04
1.850100000000000000e+04
1.840600000000000000e+04
1.854200000000000000e+04
1.807100000000000000e+04
1.796400000000000000e+04
1.797800000000000000e+04
1.803300000000000000e+04
1.791700000000000000e+04
1.781500000000000000e+04
1.753700000000000000e+04
1.766500000000000000e+04
1.771900000000000000e+04
1.769500000000000000e+04
1.760300000000000000e+04
1.766600000000000000e+04
1.770600000000000000e+04
1.757400000000000000e+04
1.724300000000000000e+04
1.707400000000000000e+04
1.721300000000000000e+04
1.708400000000000000e+04
1.674400000000000000e+04
1.624300000000000000e+04
1.604400000000000000e+04
1.547900000000000000e+04
1.472100000000000000e+04
1.344100000000000000e+04
1.212200000000000000e+04
1.031700000000000000e+04
9.942000000000000000e+03
1.137100000000000000e+04
1.283100000000000000e+04
1.397200000000000000e+04
1.483900000000000000e+04
1.532900000000000000e+04
1.559800000000000000e+04
1.580700000000000000e+04
1.599700000000000000e+04
1.619400000000000000e+04
1.621400000000000000e+04
1.611600000000000000e+04
1.611900000000000000e+04
1.609000000000000000e+04
1.599700000000000000e+04
1.620500000000000000e+04
1.590100000000000000e+04
1.598600000000000000e+04
1.592500000000000000e+04
1.585400000000000000e+04
1.570600000000000000e+04
1.566700000000000000e+04
1.538000000000000000e+04
1.553900000000000000e+04
1.524900000000000000e+04
1.543300000000000000e+04
1.528700000000000000e+04
1.532500000000000000e+04
1.520200000000000000e+04
1.512700000000000000e+04
1.495500000000000000e+04
1.490300000000000000e+04
1.464700000000000000e+04
1.472100000000000000e+04
1.458200000000000000e+04
1.464200000000000000e+04
1.463400000000000000e+04
1.450600000000000000e+04
1.419500000000000000e+04
1.430800000000000000e+04
1.422400000000000000e+04
1.415300000000000000e+04
1.408100000000000000e+04
1.401000000000000000e+04
1.376400000000000000e+04
1.382400000000000000e+04
1.391800000000000000e+04
1.363900000000000000e+04
1.363200000000000000e+04
1.369600000000000000e+04
1.345300000000000000e+04
1.326400000000000000e+04
1.325000000000000000e+04
1.315600000000000000e+04
1.314400000000000000e+04
1.285400000000000000e+04
1.268800000000000000e+04
1.274800000000000000e+04
1.264800000000000000e+04
1.257700000000000000e+04
1.242100000000000000e+04
1.234900000000000000e+04
1.232000000000000000e+04
1.232900000000000000e+04
1.219400000000000000e+04
1.199500000000000000e+04
1.204700000000000000e+04
1.187600000000000000e+04
1.181400000000000000e+04
1.143200000000000000e+04
1.057900000000000000e+04
8.915000000000000000e+03
8.424000000000000000e+03
9.112000000000000000e+03
9.944000000000000000e+03
9.834000000000000000e+03
9.575000000000000000e+03
9.561000000000000000e+03
9.717000000000000000e+03
9.792000000000000000e+03
9.860000000000000000e+03
9.842000000000000000e+03
9.995000000000000000e+03
1.007900000000000000e+04
1.000400000000000000e+04
9.929000000000000000e+03
9.745000000000000000e+03
9.603000000000000000e+03
9.623000000000000000e+03
9.572000000000000000e+03
9.659000000000000000e+03
9.647000000000000000e+03
9.639000000000000000e+03
9.562000000000000000e+03
9.564000000000000000e+03
9.595000000000000000e+03
9.458000000000000000e+03
9.531000000000000000e+03
9.316000000000000000e+03
9.109000000000000000e+03
9.082000000000000000e+03
9.104000000000000000e+03
9.043000000000000000e+03
8.968000000000000000e+03
8.855000000000000000e+03
8.936000000000000000e+03
8.809000000000000000e+03
8.711000000000000000e+03
8.692000000000000000e+03
8.730000000000000000e+03
8.741000000000000000e+03
8.566000000000000000e+03
8.570000000000000000e+03
