7.540000000000000000e+02
9.260000000000000000e+02
1.173000000000000000e+03
1.281000000000000000e+03
1.292000000000000000e+03
1.024000000000000000e+03
8.730000000000000000e+02
1.023000000000000000e+03
1.319000000000000000e+03
1.617000000000000000e+03
1.841000000000000000e+03
1.931000000000000000e+03
1.759000000000000000e+03
1.578000000000000000e+03
1.227000000000000000e+03
1.054000000000000000e+03
1.262000000000000000e+03
1.763000000000000000e+03
2.204000000000000000e+03
2.455000000000000000e+03
2.681000000000000000e+03
2.804000000000000000e+03
2.930000000000000000e+03
2.880000000000000000e+03
2.731000000000000000e+03
2.379000000000000000e+03
1.933000000000000000e+03
1.465000000000000000e+03
1.385000000000000000e+03
1.914000000000000000e+03
2.518000000000000000e+03
2.999000000000000000e+03
3.242000000000000000e+03
3.586000000000000000e+03
3.781000000000000000e+03
3.896000000000000000e+03
3.878000000000000000e+03
3.845000000000000000e+03
3.657000000000000000e+03
3.858000000000000000e+03
3.964000000000000000e+03
4.024000000000000000e+03
3.682000000000000000e+03
3.403000000000000000e+03
2.960000000000000000e+03
2.320000000000000000e+03
1.776000000000000000e+03
1.801000000000000000e+03
2.383000000000000000e+03
3.148000000000000000e+03
3.721000000000000000e+03
4.121000000000000000e+03
4.298000000000000000e+03
4.371000000000000000e+03
4.580000000000000000e+03
4.707000000000000000e+03
4.707000000000000000e+03
4.841000000000000000e+03
4.954000000000000000e+03
4.853000000000000000e+03
4.966000000000000000e+03
5.083000000000000000e+03
5.199000000000000000e+03
5.264000000000000000e+03
5.438000000000000000e+03
5.452000000000000000e+03
5.507000000000000000e+03
5.543000000000000000e+03
5.556000000000000000e+03
5.544000000000000000e+03
5.600000000000000000e+03
5.503000000000000000e+03
5.394000000000000000e+03
5.184000000000000000e+03
4.628000000000000000e+03
3.996000000000000000e+03
3.070000000000000000e+03
2.409000000000000000e+03
2.740000000000000000e+03
3.889000000000000000e+03
4.649000000000000000e+03
5.332000000000000000e+03
5.995000000000000000e+03
6.256000000000000000e+03
6.274000000000000000e+03
6.346000000000000000e+03
6.632000000000000000e+03
6.586000000000000000e+03
6.729000000000000000e+03
6.881000000000000000e+03
6.881000000000000000e+03
6.957000000000000000e+03
6.829000000000000000e+03
7.014000000000000000e+03
6.826000000000000000e+03
6.990000000000000000e+03
6.998000000000000000e+03
6.943000000000000000e+03
6.985000000000000000e+03
7.097000000000000000e+03
7.104000000000000000e+03
7.100000000000000000e+03
7.011000000000000000e+03
7.031000000000000000e+03
7.018000000000000000e+03
6.869000000000000000e+03
7.112000000000000000e+03
7.178000000000000000e+03
6.978000000000000000e+03
6.917000000000000000e+03
6.907000000000000000e+03
6.993000000000000000e+03
6.984000000000000000e+03
6.929000000000000000e+03
6.983000000000000000e+03
7.054000000000000000e+03
7.163000000000000000e+03
6.945000000000000000e+03
7.107000000000000000e+03
7.178000000000000000e+03
6.896000000000000000e+03
7.102000000000000000e+03
7.170000000000000000e+03
7.014000000000000000e+03
6.892000000000000000e+03
7.021000000000000000e+03
6.813000000000000000e+03
6.644000000000000000e+03
6.525000000000000000e+03
6.128000000000000000e+03
5.538000000000000000e+03
4.514000000000000000e+03
3.517000000000000000e+03
3.079000000000000000e+03
3.696000000000000000e+03
4.765000000000000000e+03
5.801000000000000000e+03
6.527000000000000000e+03
7.047000000000000000e+03
7.377000000000000000e+03
7.514000000000000000e+03
7.771000000000000000e+03
7.879000000000000000e+03
7.894000000000000000e+03
8.074000000000000000e+03
8.096000000000000000e+03
8.239000000000000000e+03
8.475000000000000000e+03
8.489000000000000000e+03
8.480000000000000000e+03
8.669000000000000000e+03
8.627000000000000000e+03
8.775000000000000000e+03
8.923000000000000000e+03
9.096000000000000000e+03
9.054000000000000000e+03
9.094000000000000000e+03
9.014000000000000000e+03
9.022000000000000000e+03
9.325000000000000000e+03
9.216000000000000000e+03
9.576000000000000000e+03
9.461000000000000000e+03
9.460000000000000000e+03
9.474000000000000000e+03
9.420000000000000000e+03
9.432000000000000000e+03
9.574000000000000000e+03
9.841000000000000000e+03
9.949000000000000000e+03
9.885000000000000000e+03
9.997000000000000000e+03
1.023300000000000000e+04
1.019100000000000000e+04
1.008600000000000000e+04
1.004300000000000000e+04
1.011900000000000000e+04
1.045800000000000000e+04
1.043100000000000000e+04
1.056000000000000000e+04
1.060300000000000000e+04
1.069000000000000000e+04
1.059700000000000000e+04
1.057000000000000000e+04
1.079600000000000000e+04
1.099000000000000000e+04
1.098500000000000000e+04
1.099400000000000000e+04
1.104900000000000000e+04
1.110400000000000000e+04
1.105300000000000000e+04
1.128600000000000000e+04
1.141700000000000000e+04
1.132300000000000000e+04
1.151600000000000000e+04
1.149900000000000000e+04
1.146500000000000000e+04
1.161400000000000000e+04
1.165900000000000000e+04
1.170800000000000000e+04
1.150600000000000000e+04
1.158300000000000000e+04
1.167700000000000000e+04
1.171400000000000000e+04
1.187600000000000000e+04
1.189700000000000000e+04
1.203100000000000000e+04
1.207400000000000000e+04
1.212400000000000000e+04
1.207200000000000000e+04
1.199900000000000000e+04
1.200600000000000000e+04
1.205300000000000000e+04
1.208500000000000000e+04
1.222100000000000000e+04
1.232700000000000000e+04
1.230800000000000000e+04
1.217100000000000000e+04
1.247500000000000000e+04
1.245100000000000000e+04
1.234300000000000000e+04
1.249700000000000000e+04
1.244600000000000000e+04
1.234700000000000000e+04
1.242600000000000000e+04
1.257900000000000000e+04
1.243100000000000000e+04
1.258400000000000000e+04
1.265400000000000000e+04
1.253200000000000000e+04
1.273000000000000000e+04
1.250600000000000000e+04
1.248500000000000000e+04
1.244100000000000000e+04
1.260100000000000000e+04
1.260100000000000000e+04
1.268800000000000000e+04
1.271100000000000000e+04
1.256300000000000000e+04
1.246600000000000000e+04
1.247100000000000000e+04
1.229200000000000000e+04
1.237800000000000000e+04
1.231100000000000000e+04
1.234800000000000000e+04
1.186600000000000000e+04
1.188900000000000000e+04
1.187700000000000000e+04
1.157400000000000000e+04
1.128000000000000000e+04
1.051700000000000000e+04
9.662000000000000000e+03
8.683000000000000000e+03
7.104000000000000000e+03
5.773000000000000000e+03
5.650000000000000000e+03
7.205000000000000000e+03
8.559000000000000000e+03
9.612000000000000000e+03
1.029900000000000000e+04
1.069300000000000000e+04
1.095500000000000000e+04
1.129100000000000000e+04
1.134900000000000000e+04
1.162200000000000000e+04
1.163900000000000000e+04
1.157000000000000000e+04
1.167900000000000000e+04
1.165500000000000000e+04
1.141300000000000000e+04
1.145000000000000000e+04
1.149700000000000000e+04
1.171500000000000000e+04
1.143500000000000000e+04
1.163800000000000000e+04
1.155700000000000000e+04
1.136200000000000000e+04
1.141800000000000000e+04
1.144600000000000000e+04
1.146000000000000000e+04
1.140300000000000000e+04
1.135600000000000000e+04
1.129600000000000000e+04
1.115200000000000000e+04
1.120800000000000000e+04
1.129400000000000000e+04
1.130000000000000000e+04
1.101600000000000000e+04
1.111200000000000000e+04
1.100100000000000000e+04
1.095200000000000000e+04
1.090900000000000000e+04
1.086900000000000000e+04
1.092000000000000000e+04
1.086300000000000000e+04
1.073600000000000000e+04
1.083000000000000000e+04
1.080300000000000000e+04
1.075600000000000000e+04
1.054700000000000000e+04
1.060900000000000000e+04
1.071300000000000000e+04
1.065800000000000000e+04
1.070800000000000000e+04
1.066200000000000000e+04
1.063400000000000000e+04
1.065500000000000000e+04
1.052500000000000000e+04
1.067700000000000000e+04
1.055600000000000000e+04
1.070000000000000000e+04
1.043800000000000000e+04
1.054700000000000000e+04
1.075900000000000000e+04
1.077200000000000000e+04
1.076800000000000000e+04
1.072500000000000000e+04
1.072600000000000000e+04
1.087100000000000000e+04
1.075300000000000000e+04
1.084500000000000000e+04
1.097000000000000000e+04
1.094100000000000000e+04
1.107000000000000000e+04
1.103800000000000000e+04
1.083500000000000000e+04
1.066400000000000000e+04
1.081500000000000000e+04
1.084000000000000000e+04
1.074500000000000000e+04
1.109400000000000000e+04
1.103600000000000000e+04
1.100300000000000000e+04
1.113600000000000000e+04
1.123100000000000000e+04
1.120400000000000000e+04
1.135300000000000000e+04
1.130700000000000000e+04
1.124400000000000000e+04
1.151000000000000000e+04
1.138400000000000000e+04
1.133400000000000000e+04
1.134300000000000000e+04
1.147200000000000000e+04
1.160800000000000000e+04
1.145700000000000000e+04
1.158900000000000000e+04
1.165400000000000000e+04
1.172400000000000000e+04
1.177600000000000000e+04
1.173400000000000000e+04
1.169500000000000000e+04
1.172400000000000000e+04
1.185700000000000000e+04
1.200500000000000000e+04
1.209300000000000000e+04
1.208200000000000000e+04
1.202900000000000000e+04
1.206600000000000000e+04
1.201400000000000000e+04
1.170600000000000000e+04
1.183600000000000000e+04
1.199000000000000000e+04
1.212900000000000000e+04
1.204500000000000000e+04
1.216100000000000000e+04
1.215200000000000000e+04
1.230500000000000000e+04
1.216600000000000000e+04
1.228700000000000000e+04
1.231100000000000000e+04
1.226000000000000000e+04
1.229400000000000000e+04
1.212400000000000000e+04
1.221500000000000000e+04
1.220300000000000000e+04
1.215600000000000000e+04
1.210800000000000000e+04
1.200500000000000000e+04
1.221000000000000000e+04
1.215400000000000000e+04
1.213200000000000000e+04
1.197600000000000000e+04
1.195900000000000000e+04
1.213700000000000000e+04
1.180500000000000000e+04
1.192000000000000000e+04
1.188800000000000000e+04
1.189900000000000000e+04
1.187400000000000000e+04
1.183000000000000000e+04
1.186800000000000000e+04
1.186400000000000000e+04
1.168700000000000000e+04
1.175200000000000000e+04
1.186400000000000000e+04
1.175200000000000000e+04
1.181300000000000000e+04
1.185900000000000000e+04
1.166800000000000000e+04
1.178100000000000000e+04
1.164400000000000000e+04
1.177100000000000000e+04
1.181500000000000000e+04
1.167300000000000000e+04
1.171800000000000000e+04
1.172000000000000000e+04
1.154600000000000000e+04
1.145000000000000000e+04
1.160200000000000000e+04
1.170800000000000000e+04
1.192900000000000000e+04
1.182100000000000000e+04
1.167200000000000000e+04
1.162800000000000000e+04
1.166000000000000000e+04
1.157500000000000000e+04
1.155900000000000000e+04
1.161200000000000000e+04
1.190800000000000000e+04
1.170400000000000000e+04
1.180700000000000000e+04
1.166600000000000000e+04
1.158400000000000000e+04
1.175200000000000000e+04
1.169200000000000000e+04
1.185900000000000000e+04
1.186400000000000000e+04
1.175600000000000000e+04
1.194500000000000000e+04
1.182900000000000000e+04
1.173900000000000000e+04
1.190000000000000000e+04
1.188000000000000000e+04
1.189400000000000000e+04
1.195500000000000000e+04
1.180600000000000000e+04
1.204400000000000000e+04
1.197200000000000000e+04
1.219300000000000000e+04
1.203900000000000000e+04
1.211200000000000000e+04
1.210900000000000000e+04
1.230400000000000000e+04
1.214300000000000000e+04
1.203400000000000000e+04
1.216000000000000000e+04
1.222200000000000000e+04
1.198900000000000000e+04
1.211500000000000000e+04
1.226500000000000000e+04
1.227300000000000000e+04
1.238000000000000000e+04
1.214200000000000000e+04
1.223100000000000000e+04
1.226600000000000000e+04
1.229800000000000000e+04
1.224000000000000000e+04
1.237300000000000000e+04
1.226700000000000000e+04
1.245600000000000000e+04
1.232800000000000000e+04
1.241600000000000000e+04
1.237100000000000000e+04
1.240200000000000000e+04
1.233600000000000000e+04
1.247200000000000000e+04
1.242800000000000000e+04
1.243900000000000000e+04
1.238800000000000000e+04
1.251300000000000000e+04
1.247600000000000000e+04
1.250900000000000000e+04
1.236700000000000000e+04
1.242400000000000000e+04
1.240300000000000000e+04
1.239300000000000000e+04
1.239500000000000000e+04
1.222600000000000000e+04
1.236900000000000000e+04
1.227400000000000000e+04
1.243500000000000000e+04
1.246600000000000000e+04
1.233200000000000000e+04
1.227100000000000000e+04
1.227700000000000000e+04
1.219900000000000000e+04
1.229600000000000000e+04
1.228500000000000000e+04
1.222200000000000000e+04
1.214300000000000000e+04
1.197800000000000000e+04
1.191300000000000000e+04
1.169100000000000000e+04
1.164500000000000000e+04
1.151100000000000000e+04
1.157200000000000000e+04
1.147500000000000000e+04
1.149900000000000000e+04
1.166300000000000000e+04
1.171100000000000000e+04
1.143700000000000000e+04
1.139100000000000000e+04
1.155800000000000000e+04
1.157900000000000000e+04
1.158200000000000000e+04
1.140200000000000000e+04
1.123400000000000000e+04
1.132900000000000000e+04
1.144600000000000000e+04
1.128000000000000000e+04
1.130100000000000000e+04
1.128900000000000000e+04
1.107000000000000000e+04
1.116800000000000000e+04
1.121700000000000000e+04
1.125900000000000000e+04
1.121400000000000000e+04
1.106500000000000000e+04
1.089700000000000000e+04
1.108200000000000000e+04
1.089800000000000000e+04
1.096500000000000000e+04
1.095000000000000000e+04
1.074600000000000000e+04
1.078500000000000000e+04
1.068000000000000000e+04
1.074200000000000000e+04
1.049200000000000000e+04
1.070000000000000000e+04
1.056300000000000000e+04
1.049700000000000000e+04
1.036100000000000000e+04
1.042500000000000000e+04
1.046000000000000000e+04
1.034600000000000000e+04
1.029900000000000000e+04
1.023000000000000000e+04
1.017100000000000000e+04
1.004000000000000000e+04
1.011600000000000000e+04
9.999000000000000000e+03
1.004500000000000000e+04
1.013400000000000000e+04
9.833000000000000000e+03
9.816000000000000000e+03
9.847000000000000000e+03
9.743000000000000000e+03
9.825000000000000000e+03
9.614000000000000000e+03
9.633000000000000000e+03
9.622000000000000000e+03
9.575000000000000000e+03
9.570000000000000000e+03
9.445000000000000000e+03
9.443000000000000000e+03
9.368000000000000000e+03
9.267000000000000000e+03
9.165000000000000000e+03
9.139000000000000000e+03
9.218000000000000000e+03
9.117000000000000000e+03
9.114000000000000000e+03
9.078000000000000000e+03
9.182000000000000000e+03
9.025000000000000000e+03
9.054000000000000000e+03
9.028000000000000000e+03
8.920000000000000000e+03
8.940000000000000000e+03
8.983000000000000000e+03
8.840000000000000000e+03
8.896000000000000000e+03
8.961000000000000000e+03
8.837000000000000000e+03
8.734000000000000000e+03
8.660000000000000000e+03
8.741000000000000000e+03
8.707000000000000000e+03
8.662000000000000000e+03
8.561000000000000000e+03
8.656000000000000000e+03
8.650000000000000000e+03
8.651000000000000000e+03
8.488000000000000000e+03
8.207000000000000000e+03
8.129000000000000000e+03
8.373000000000000000e+03
8.390000000000000000e+03
8.280000000000000000e+03
8.195000000000000000e+03
8.251000000000000000e+03
8.283000000000000000e+03
8.296000000000000000e+03
8.336000000000000000e+03
8.227000000000000000e+03
8.139000000000000000e+03
8.375000000000000000e+03
8.321000000000000000e+03
8.253000000000000000e+03
8.174000000000000000e+03
8.282000000000000000e+03
8.107000000000000000e+03
8.122000000000000000e+03
8.175000000000000000e+03
8.197000000000000000e+03
8.069000000000000000e+03
7.902000000000000000e+03
8.037000000000000000e+03
7.934000000000000000e+03
7.942000000000000000e+03
8.075000000000000000e+03
7.864000000000000000e+03
7.835000000000000000e+03
7.884000000000000000e+03
7.808000000000000000e+03
7.739000000000000000e+03
7.792000000000000000e+03
7.831000000000000000e+03
7.772000000000000000e+03
7.816000000000000000e+03
7.763000000000000000e+03
7.752000000000000000e+03
7.802000000000000000e+03
7.713000000000000000e+03
7.621000000000000000e+03
7.659000000000000000e+03
7.601000000000000000e+03
7.436000000000000000e+03
7.575000000000000000e+03
7.403000000000000000e+03
7.362000000000000000e+03
7.366000000000000000e+03
7.381000000000000000e+03
7.267000000000000000e+03
7.239000000000000000e+03
7.285000000000000000e+03
7.324000000000000000e+03
7.351000000000000000e+03
7.350000000000000000e+03
7.095000000000000000e+03
7.067000000000000000e+03
7.097000000000000000e+03
7.067000000000000000e+03
6.988000000000000000e+03
6.918000000000000000e+03
6.731000000000000000e+03
6.459000000000000000e+03
6.119000000000000000e+03
5.713000000000000000e+03
5.121000000000000000e+03
4.327000000000000000e+03
4.215000000000000000e+03
4.742000000000000000e+03
5.267000000000000000e+03
5.743000000000000000e+03
6.091000000000000000e+03
6.270000000000000000e+03
6.481000000000000000e+03
6.567000000000000000e+03
6.510000000000000000e+03
6.607000000000000000e+03
6.660000000000000000e+03
6.586000000000000000e+03
6.654000000000000000e+03
6.680000000000000000e+03
6.606000000000000000e+03
6.616000000000000000e+03
6.588000000000000000e+03
6.481000000000000000e+03
6.533000000000000000e+03
6.468000000000000000e+03
6.449000000000000000e+03
6.485000000000000000e+03
6.314000000000000000e+03
6.343000000000000000e+03
6.353000000000000000e+03
6.262000000000000000e+03
6.294000000000000000e+03
6.341000000000000000e+03
6.234000000000000000e+03
6.206000000000000000e+03
6.196000000000000000e+03
6.072000000000000000e+03
6.194000000000000000e+03
5.949000000000000000e+03
6.036000000000000000e+03
5.949000000000000000e+03
5.960000000000000000e+03
6.013000000000000000e+03
5.874000000000000000e+03
5.873000000000000000e+03
5.758000000000000000e+03
5.873000000000000000e+03
5.743000000000000000e+03
5.752000000000000000e+03
5.762000000000000000e+03
5.597000000000000000e+03
5.586000000000000000e+03
5.523000000000000000e+03
5.505000000000000000e+03
5.512000000000000000e+03
5.466000000000000000e+03
5.408000000000000000e+03
5.366000000000000000e+03
5.451000000000000000e+03
5.245000000000000000e+03
5.337000000000000000e+03
5.296000000000000000e+03
5.228000000000000000e+03
5.187000000000000000e+03
5.147000000000000000e+03
5.158000000000000000e+03
5.044000000000000000e+03
4.953000000000000000e+03
4.999000000000000000e+03
4.922000000000000000e+03
4.792000000000000000e+03
4.909000000000000000e+03
4.762000000000000000e+03
4.783000000000000000e+03
4.612000000000000000e+03
4.432000000000000000e+03
3.710000000000000000e+03
3.436000000000000000e+03
3.750000000000000000e+03
4.009000000000000000e+03
3.977000000000000000e+03
3.921000000000000000e+03
3.880000000000000000e+03
3.937000000000000000e+03
3.951000000000000000e+03
4.050000000000000000e+03
3.986000000000000000e+03
4.068000000000000000e+03
4.058000000000000000e+03
4.066000000000000000e+03
4.033000000000000000e+03
3.873000000000000000e+03
3.992000000000000000e+03
3.869000000000000000e+03
3.928000000000000000e+03
3.859000000000000000e+03
3.875000000000000000e+03
3.849000000000000000e+03
3.843000000000000000e+03
3.964000000000000000e+03
3.962000000000000000e+03
3.898000000000000000e+03
3.823000000000000000e+03
3.795000000000000000e+03
3.748000000000000000e+03
3.589000000000000000e+03
3.613000000000000000e+03
3.571000000000000000e+03
3.511000000000000000e+03
3.581000000000000000e+03
3.602000000000000000e+03
3.626000000000000000e+03
3.530000000000000000e+03
3.539000000000000000e+03
3.539000000000000000e+03
3.604000000000000000e+03
3.529000000000000000e+03
3.516000000000000000e+03
