6.290000000000000000e+02
7.870000000000000000e+02
9.620000000000000000e+02
9.510000000000000000e+02
8.200000000000000000e+02
6.750000000000000000e+02
6.820000000000000000e+02
8.800000000000000000e+02
1.123000000000000000e+03
1.264000000000000000e+03
1.395000000000000000e+03
1.337000000000000000e+03
1.196000000000000000e+03
1.006000000000000000e+03
8.080000000000000000e+02
8.740000000000000000e+02
1.162000000000000000e+03
1.584000000000000000e+03
1.793000000000000000e+03
1.960000000000000000e+03
2.033000000000000000e+03
2.057000000000000000e+03
2.128000000000000000e+03
2.043000000000000000e+03
1.848000000000000000e+03
1.498000000000000000e+03
1.139000000000000000e+03
9.970000000000000000e+02
1.326000000000000000e+03
1.716000000000000000e+03
2.037000000000000000e+03
2.323000000000000000e+03
2.523000000000000000e+03
2.601000000000000000e+03
2.800000000000000000e+03
2.811000000000000000e+03
2.711000000000000000e+03
2.575000000000000000e+03
2.750000000000000000e+03
2.788000000000000000e+03
2.802000000000000000e+03
2.651000000000000000e+03
2.559000000000000000e+03
2.224000000000000000e+03
1.856000000000000000e+03
1.385000000000000000e+03
1.254000000000000000e+03
1.575000000000000000e+03
2.085000000000000000e+03
2.573000000000000000e+03
2.818000000000000000e+03
3.065000000000000000e+03
3.179000000000000000e+03
3.267000000000000000e+03
3.338000000000000000e+03
3.417000000000000000e+03
3.483000000000000000e+03
3.582000000000000000e+03
3.563000000000000000e+03
3.636000000000000000e+03
3.694000000000000000e+03
3.839000000000000000e+03
3.816000000000000000e+03
3.891000000000000000e+03
3.868000000000000000e+03
4.033000000000000000e+03
4.123000000000000000e+03
4.144000000000000000e+03
4.070000000000000000e+03
4.064000000000000000e+03
4.238000000000000000e+03
4.063000000000000000e+03
3.924000000000000000e+03
3.632000000000000000e+03
3.257000000000000000e+03
2.665000000000000000e+03
2.066000000000000000e+03
2.033000000000000000e+03
2.545000000000000000e+03
3.327000000000000000e+03
3.967000000000000000e+03
4.285000000000000000e+03
4.650000000000000000e+03
4.727000000000000000e+03
4.910000000000000000e+03
5.099000000000000000e+03
5.059000000000000000e+03
5.137000000000000000e+03
5.187000000000000000e+03
5.216000000000000000e+03
5.271000000000000000e+03
5.343000000000000000e+03
5.199000000000000000e+03
5.362000000000000000e+03
5.208000000000000000e+03
5.338000000000000000e+03
5.502000000000000000e+03
5.363000000000000000e+03
5.385000000000000000e+03
5.384000000000000000e+03
5.445000000000000000e+03
5.480000000000000000e+03
5.450000000000000000e+03
5.547000000000000000e+03
5.400000000000000000e+03
5.458000000000000000e+03
5.361000000000000000e+03
5.377000000000000000e+03
5.466000000000000000e+03
5.540000000000000000e+03
5.469000000000000000e+03
5.498000000000000000e+03
5.474000000000000000e+03
5.741000000000000000e+03
5.697000000000000000e+03
5.706000000000000000e+03
5.613000000000000000e+03
5.733000000000000000e+03
5.707000000000000000e+03
5.710000000000000000e+03
5.756000000000000000e+03
5.702000000000000000e+03
5.750000000000000000e+03
5.690000000000000000e+03
5.677000000000000000e+03
5.700000000000000000e+03
5.665000000000000000e+03
5.464000000000000000e+03
5.260000000000000000e+03
4.850000000000000000e+03
4.149000000000000000e+03
3.426000000000000000e+03
2.656000000000000000e+03
2.948000000000000000e+03
3.893000000000000000e+03
4.750000000000000000e+03
5.425000000000000000e+03
5.704000000000000000e+03
6.292000000000000000e+03
6.491000000000000000e+03
6.637000000000000000e+03
6.906000000000000000e+03
6.949000000000000000e+03
7.065000000000000000e+03
6.983000000000000000e+03
7.178000000000000000e+03
7.384000000000000000e+03
7.346000000000000000e+03
7.607000000000000000e+03
7.794000000000000000e+03
7.609000000000000000e+03
7.877000000000000000e+03
7.885000000000000000e+03
7.830000000000000000e+03
8.012000000000000000e+03
8.023000000000000000e+03
8.107000000000000000e+03
8.127000000000000000e+03
8.056000000000000000e+03
8.381000000000000000e+03
8.218000000000000000e+03
8.302000000000000000e+03
8.286000000000000000e+03
8.409000000000000000e+03
8.454000000000000000e+03
8.384000000000000000e+03
8.412000000000000000e+03
8.744000000000000000e+03
8.874000000000000000e+03
9.004000000000000000e+03
8.889000000000000000e+03
9.085000000000000000e+03
9.213000000000000000e+03
9.177000000000000000e+03
9.252000000000000000e+03
9.211000000000000000e+03
9.279000000000000000e+03
9.370000000000000000e+03
9.574000000000000000e+03
9.528000000000000000e+03
9.566000000000000000e+03
9.642000000000000000e+03
9.720000000000000000e+03
9.897000000000000000e+03
9.824000000000000000e+03
1.033300000000000000e+04
1.000800000000000000e+04
1.001300000000000000e+04
1.025100000000000000e+04
1.025300000000000000e+04
1.017000000000000000e+04
1.040800000000000000e+04
1.053400000000000000e+04
1.045500000000000000e+04
1.053500000000000000e+04
1.068000000000000000e+04
1.071300000000000000e+04
1.082500000000000000e+04
1.095000000000000000e+04
1.055800000000000000e+04
1.080900000000000000e+04
1.086600000000000000e+04
1.099500000000000000e+04
1.097200000000000000e+04
1.115700000000000000e+04
1.141800000000000000e+04
1.128900000000000000e+04
1.123000000000000000e+04
1.137200000000000000e+04
1.151800000000000000e+04
1.158800000000000000e+04
1.155100000000000000e+04
1.170000000000000000e+04
1.168800000000000000e+04
1.188900000000000000e+04
1.196100000000000000e+04
1.174300000000000000e+04
1.195600000000000000e+04
1.204100000000000000e+04
1.204300000000000000e+04
1.209900000000000000e+04
1.240300000000000000e+04
1.216500000000000000e+04
1.226200000000000000e+04
1.233000000000000000e+04
1.242300000000000000e+04
1.252700000000000000e+04
1.263800000000000000e+04
1.246400000000000000e+04
1.261700000000000000e+04
1.274300000000000000e+04
1.249000000000000000e+04
1.262400000000000000e+04
1.282400000000000000e+04
1.264300000000000000e+04
1.281500000000000000e+04
1.263600000000000000e+04
1.282400000000000000e+04
1.280800000000000000e+04
1.267400000000000000e+04
1.273400000000000000e+04
1.281200000000000000e+04
1.278100000000000000e+04
1.273200000000000000e+04
1.245600000000000000e+04
1.245700000000000000e+04
1.226400000000000000e+04
1.228600000000000000e+04
1.173200000000000000e+04
1.129300000000000000e+04
1.053400000000000000e+04
9.508000000000000000e+03
8.188000000000000000e+03
6.505000000000000000e+03
5.662000000000000000e+03
6.784000000000000000e+03
8.392000000000000000e+03
9.669000000000000000e+03
1.049900000000000000e+04
1.115200000000000000e+04
1.150100000000000000e+04
1.180000000000000000e+04
1.215900000000000000e+04
1.213000000000000000e+04
1.233300000000000000e+04
1.231000000000000000e+04
1.244100000000000000e+04
1.227100000000000000e+04
1.239300000000000000e+04
1.209800000000000000e+04
1.234100000000000000e+04
1.242600000000000000e+04
1.233500000000000000e+04
1.247000000000000000e+04
1.244000000000000000e+04
1.238600000000000000e+04
1.223300000000000000e+04
1.236700000000000000e+04
1.220800000000000000e+04
1.223600000000000000e+04
1.232000000000000000e+04
1.231900000000000000e+04
1.218200000000000000e+04
1.196800000000000000e+04
1.222000000000000000e+04
1.209200000000000000e+04
1.206300000000000000e+04
1.203200000000000000e+04
1.197700000000000000e+04
1.200100000000000000e+04
1.178900000000000000e+04
1.208300000000000000e+04
1.177700000000000000e+04
1.191100000000000000e+04
1.175400000000000000e+04
1.161900000000000000e+04
1.157400000000000000e+04
1.144600000000000000e+04
1.165000000000000000e+04
1.170500000000000000e+04
1.156300000000000000e+04
1.154800000000000000e+04
1.172500000000000000e+04
1.173600000000000000e+04
1.169900000000000000e+04
1.176600000000000000e+04
1.192000000000000000e+04
1.175800000000000000e+04
1.172500000000000000e+04
1.196300000000000000e+04
1.190500000000000000e+04
1.195300000000000000e+04
1.204800000000000000e+04
1.208700000000000000e+04
1.231500000000000000e+04
1.213400000000000000e+04
1.221900000000000000e+04
1.229700000000000000e+04
1.239800000000000000e+04
1.239000000000000000e+04
1.244900000000000000e+04
1.247900000000000000e+04
1.261500000000000000e+04
1.268000000000000000e+04
1.253300000000000000e+04
1.250300000000000000e+04
1.245100000000000000e+04
1.267900000000000000e+04
1.264800000000000000e+04
1.267900000000000000e+04
1.284600000000000000e+04
1.291900000000000000e+04
1.290600000000000000e+04
1.291200000000000000e+04
1.322700000000000000e+04
1.331200000000000000e+04
1.345800000000000000e+04
1.339200000000000000e+04
1.340000000000000000e+04
1.368600000000000000e+04
1.358500000000000000e+04
1.342000000000000000e+04
1.374800000000000000e+04
1.391200000000000000e+04
1.409300000000000000e+04
1.418600000000000000e+04
1.401200000000000000e+04
1.418500000000000000e+04
1.420100000000000000e+04
1.430600000000000000e+04
1.434900000000000000e+04
1.433300000000000000e+04
1.447400000000000000e+04
1.454600000000000000e+04
1.462500000000000000e+04
1.476300000000000000e+04
1.475400000000000000e+04
1.488800000000000000e+04
1.467200000000000000e+04
1.487000000000000000e+04
1.467100000000000000e+04
1.500100000000000000e+04
1.488100000000000000e+04
1.499600000000000000e+04
1.511200000000000000e+04
1.517900000000000000e+04
1.537100000000000000e+04
1.522700000000000000e+04
1.546400000000000000e+04
1.541700000000000000e+04
1.522600000000000000e+04
1.523900000000000000e+04
1.545500000000000000e+04
1.544400000000000000e+04
1.543800000000000000e+04
1.536900000000000000e+04
1.540200000000000000e+04
1.549100000000000000e+04
1.525200000000000000e+04
1.537600000000000000e+04
1.522300000000000000e+04
1.530900000000000000e+04
1.523900000000000000e+04
1.519600000000000000e+04
1.524400000000000000e+04
1.525900000000000000e+04
1.542200000000000000e+04
1.521800000000000000e+04
1.524800000000000000e+04
1.510900000000000000e+04
1.499000000000000000e+04
1.519200000000000000e+04
1.514100000000000000e+04
1.514500000000000000e+04
1.518600000000000000e+04
1.504800000000000000e+04
1.514100000000000000e+04
1.497800000000000000e+04
1.511500000000000000e+04
1.524400000000000000e+04
1.519200000000000000e+04
1.521400000000000000e+04
1.514800000000000000e+04
1.532700000000000000e+04
1.530500000000000000e+04
1.553600000000000000e+04
1.540100000000000000e+04
1.540100000000000000e+04
1.522700000000000000e+04
1.534200000000000000e+04
1.532500000000000000e+04
1.535000000000000000e+04
1.535900000000000000e+04
1.547800000000000000e+04
1.544400000000000000e+04
1.550600000000000000e+04
1.545300000000000000e+04
1.575800000000000000e+04
1.568400000000000000e+04
1.582000000000000000e+04
1.574100000000000000e+04
1.583400000000000000e+04
1.573300000000000000e+04
1.590900000000000000e+04
1.602900000000000000e+04
1.602200000000000000e+04
1.605200000000000000e+04
1.623000000000000000e+04
1.608200000000000000e+04
1.616200000000000000e+04
1.620100000000000000e+04
1.655600000000000000e+04
1.635200000000000000e+04
1.675700000000000000e+04
1.648100000000000000e+04
1.669000000000000000e+04
1.659600000000000000e+04
1.679700000000000000e+04
1.693900000000000000e+04
1.669900000000000000e+04
1.691600000000000000e+04
1.700900000000000000e+04
1.707800000000000000e+04
1.719900000000000000e+04
1.725400000000000000e+04
1.726400000000000000e+04
1.713000000000000000e+04
1.714800000000000000e+04
1.727400000000000000e+04
1.728400000000000000e+04
1.731300000000000000e+04
1.737700000000000000e+04
1.741300000000000000e+04
1.768800000000000000e+04
1.740400000000000000e+04
1.734300000000000000e+04
1.761500000000000000e+04
1.780300000000000000e+04
1.766500000000000000e+04
1.766900000000000000e+04
1.765800000000000000e+04
1.787400000000000000e+04
1.788300000000000000e+04
1.798600000000000000e+04
1.777400000000000000e+04
1.812400000000000000e+04
1.793600000000000000e+04
1.803500000000000000e+04
1.804400000000000000e+04
1.814100000000000000e+04
1.828800000000000000e+04
1.807700000000000000e+04
1.821000000000000000e+04
1.807300000000000000e+04
1.811000000000000000e+04
1.820000000000000000e+04
1.822300000000000000e+04
1.829200000000000000e+04
1.819900000000000000e+04
1.830000000000000000e+04
1.823200000000000000e+04
1.835900000000000000e+04
1.839200000000000000e+04
1.817800000000000000e+04
1.823700000000000000e+04
1.818900000000000000e+04
1.807500000000000000e+04
1.822500000000000000e+04
1.802800000000000000e+04
1.777800000000000000e+04
1.817400000000000000e+04
1.803100000000000000e+04
1.777400000000000000e+04
1.740900000000000000e+04
1.735700000000000000e+04
1.716100000000000000e+04
1.725100000000000000e+04
1.747600000000000000e+04
1.768700000000000000e+04
1.742600000000000000e+04
1.749900000000000000e+04
1.743100000000000000e+04
1.759700000000000000e+04
1.766700000000000000e+04
1.768000000000000000e+04
1.765000000000000000e+04
1.745500000000000000e+04
1.733900000000000000e+04
1.746300000000000000e+04
1.741300000000000000e+04
1.730100000000000000e+04
1.741500000000000000e+04
1.754300000000000000e+04
1.736600000000000000e+04
1.731800000000000000e+04
1.725000000000000000e+04
1.728600000000000000e+04
1.725100000000000000e+04
1.726400000000000000e+04
1.720000000000000000e+04
1.704100000000000000e+04
1.718000000000000000e+04
1.713100000000000000e+04
1.706500000000000000e+04
1.690100000000000000e+04
1.671100000000000000e+04
1.698100000000000000e+04
1.682300000000000000e+04
1.696300000000000000e+04
1.678600000000000000e+04
1.687400000000000000e+04
1.652300000000000000e+04
1.664600000000000000e+04
1.668600000000000000e+04
1.658500000000000000e+04
1.652400000000000000e+04
1.656600000000000000e+04
1.649300000000000000e+04
1.634900000000000000e+04
1.648700000000000000e+04
1.638000000000000000e+04
1.627600000000000000e+04
1.623900000000000000e+04
1.610700000000000000e+04
1.605900000000000000e+04
1.611700000000000000e+04
1.620400000000000000e+04
1.593100000000000000e+04
1.600300000000000000e+04
1.598200000000000000e+04
1.579900000000000000e+04
1.588500000000000000e+04
1.594200000000000000e+04
1.584300000000000000e+04
1.561200000000000000e+04
1.559100000000000000e+04
1.549900000000000000e+04
1.552900000000000000e+04
1.561800000000000000e+04
1.568100000000000000e+04
1.546200000000000000e+04
1.561900000000000000e+04
1.567900000000000000e+04
1.556800000000000000e+04
1.557900000000000000e+04
1.550400000000000000e+04
1.555500000000000000e+04
1.550300000000000000e+04
1.540000000000000000e+04
1.548700000000000000e+04
1.537700000000000000e+04
1.546700000000000000e+04
1.529900000000000000e+04
1.538500000000000000e+04
1.525400000000000000e+04
1.534300000000000000e+04
1.508300000000000000e+04
1.510300000000000000e+04
1.533100000000000000e+04
1.536800000000000000e+04
1.522700000000000000e+04
1.517100000000000000e+04
1.527000000000000000e+04
1.509800000000000000e+04
1.469700000000000000e+04
1.455900000000000000e+04
1.465000000000000000e+04
1.515700000000000000e+04
1.489200000000000000e+04
1.492600000000000000e+04
1.501400000000000000e+04
1.486000000000000000e+04
1.490200000000000000e+04
1.488100000000000000e+04
1.495600000000000000e+04
1.511200000000000000e+04
1.511300000000000000e+04
1.493600000000000000e+04
1.511000000000000000e+04
1.526800000000000000e+04
1.486400000000000000e+04
1.490200000000000000e+04
1.502800000000000000e+04
1.510400000000000000e+04
1.522500000000000000e+04
1.507200000000000000e+04
1.501600000000000000e+04
1.492800000000000000e+04
1.487700000000000000e+04
1.477800000000000000e+04
1.492400000000000000e+04
1.508400000000000000e+04
1.485600000000000000e+04
1.487500000000000000e+04
1.486100000000000000e+04
1.478100000000000000e+04
1.470800000000000000e+04
1.485600000000000000e+04
1.485100000000000000e+04
1.485100000000000000e+04
1.468700000000000000e+04
1.496900000000000000e+04
1.498000000000000000e+04
1.477400000000000000e+04
1.483400000000000000e+04
1.473900000000000000e+04
1.467500000000000000e+04
1.446900000000000000e+04
1.442000000000000000e+04
1.441700000000000000e+04
1.431800000000000000e+04
1.427500000000000000e+04
1.422200000000000000e+04
1.422400000000000000e+04
1.414200000000000000e+04
1.437300000000000000e+04
1.438700000000000000e+04
1.433700000000000000e+04
1.432100000000000000e+04
1.421700000000000000e+04
1.411500000000000000e+04
1.389000000000000000e+04
1.393400000000000000e+04
1.383500000000000000e+04
1.365800000000000000e+04
1.345000000000000000e+04
1.306900000000000000e+04
1.260900000000000000e+04
1.193500000000000000e+04
1.103200000000000000e+04
9.621000000000000000e+03
8.671000000000000000e+03
8.518000000000000000e+03
9.654000000000000000e+03
1.076900000000000000e+04
1.175900000000000000e+04
1.234200000000000000e+04
1.270000000000000000e+04
1.308400000000000000e+04
1.336700000000000000e+04
1.343000000000000000e+04
1.346800000000000000e+04
1.360100000000000000e+04
1.364000000000000000e+04
1.362600000000000000e+04
1.354900000000000000e+04
1.363700000000000000e+04
1.369900000000000000e+04
1.356100000000000000e+04
1.352800000000000000e+04
1.343000000000000000e+04
1.343500000000000000e+04
1.335000000000000000e+04
1.337000000000000000e+04
1.329200000000000000e+04
1.332800000000000000e+04
1.317800000000000000e+04
1.313700000000000000e+04
1.334100000000000000e+04
1.306400000000000000e+04
1.297300000000000000e+04
1.297200000000000000e+04
1.290300000000000000e+04
1.296200000000000000e+04
1.278000000000000000e+04
1.263400000000000000e+04
1.272900000000000000e+04
1.272200000000000000e+04
1.253300000000000000e+04
1.247200000000000000e+04
1.251200000000000000e+04
1.262700000000000000e+04
1.227200000000000000e+04
1.230600000000000000e+04
1.238000000000000000e+04
1.208500000000000000e+04
1.203800000000000000e+04
1.191300000000000000e+04
1.192000000000000000e+04
1.213700000000000000e+04
1.187800000000000000e+04
1.186900000000000000e+04
1.172300000000000000e+04
1.177600000000000000e+04
1.166600000000000000e+04
1.157700000000000000e+04
1.154300000000000000e+04
1.150200000000000000e+04
1.144000000000000000e+04
1.144800000000000000e+04
1.132700000000000000e+04
1.114600000000000000e+04
1.119700000000000000e+04
1.114900000000000000e+04
1.104100000000000000e+04
1.100600000000000000e+04
1.112900000000000000e+04
1.091400000000000000e+04
1.084300000000000000e+04
1.079800000000000000e+04
1.064800000000000000e+04
1.044200000000000000e+04
9.532000000000000000e+03
8.215000000000000000e+03
7.776000000000000000e+03
8.425000000000000000e+03
8.965000000000000000e+03
9.084000000000000000e+03
8.822000000000000000e+03
8.784000000000000000e+03
8.922000000000000000e+03
9.050000000000000000e+03
9.253000000000000000e+03
9.233000000000000000e+03
9.317000000000000000e+03
9.297000000000000000e+03
9.376000000000000000e+03
9.251000000000000000e+03
9.131000000000000000e+03
9.118000000000000000e+03
8.914000000000000000e+03
9.089000000000000000e+03
9.027000000000000000e+03
9.018000000000000000e+03
8.992000000000000000e+03
9.060000000000000000e+03
9.087000000000000000e+03
9.123000000000000000e+03
9.120000000000000000e+03
9.044000000000000000e+03
8.913000000000000000e+03
8.842000000000000000e+03
8.679000000000000000e+03
8.800000000000000000e+03
8.757000000000000000e+03
8.626000000000000000e+03
8.749000000000000000e+03
8.603000000000000000e+03
8.532000000000000000e+03
8.615000000000000000e+03
8.681000000000000000e+03
8.687000000000000000e+03
8.503000000000000000e+03
8.553000000000000000e+03
8.378000000000000000e+03
