3.410000000000000000e+02
3.950000000000000000e+02
4.830000000000000000e+02
1.231000000000000000e+03
4.360000000000000000e+02
3.550000000000000000e+02
3.670000000000000000e+02
4.190000000000000000e+02
5.470000000000000000e+02
6.090000000000000000e+02
6.340000000000000000e+02
6.390000000000000000e+02
5.820000000000000000e+02
5.070000000000000000e+02
4.270000000000000000e+02
4.400000000000000000e+02
5.820000000000000000e+02
7.130000000000000000e+02
7.980000000000000000e+02
8.380000000000000000e+02
9.320000000000000000e+02
9.280000000000000000e+02
9.260000000000000000e+02
9.280000000000000000e+02
8.930000000000000000e+02
7.160000000000000000e+02
5.480000000000000000e+02
5.410000000000000000e+02
6.040000000000000000e+02
7.910000000000000000e+02
9.290000000000000000e+02
1.076000000000000000e+03
1.131000000000000000e+03
1.157000000000000000e+03
1.194000000000000000e+03
1.198000000000000000e+03
1.209000000000000000e+03
1.175000000000000000e+03
1.142000000000000000e+03
1.177000000000000000e+03
1.216000000000000000e+03
1.203000000000000000e+03
1.147000000000000000e+03
9.490000000000000000e+02
8.460000000000000000e+02
6.880000000000000000e+02
6.140000000000000000e+02
7.630000000000000000e+02
9.550000000000000000e+02
1.136000000000000000e+03
1.208000000000000000e+03
1.344000000000000000e+03
1.402000000000000000e+03
1.411000000000000000e+03
1.436000000000000000e+03
1.428000000000000000e+03
1.572000000000000000e+03
1.556000000000000000e+03
1.646000000000000000e+03
1.597000000000000000e+03
1.673000000000000000e+03
1.640000000000000000e+03
1.721000000000000000e+03
1.688000000000000000e+03
1.738000000000000000e+03
1.758000000000000000e+03
1.780000000000000000e+03
1.770000000000000000e+03
1.764000000000000000e+03
1.781000000000000000e+03
1.821000000000000000e+03
1.805000000000000000e+03
1.693000000000000000e+03
1.613000000000000000e+03
1.422000000000000000e+03
1.202000000000000000e+03
9.380000000000000000e+02
9.470000000000000000e+02
1.190000000000000000e+03
1.541000000000000000e+03
1.728000000000000000e+03
1.861000000000000000e+03
1.934000000000000000e+03
2.041000000000000000e+03
2.083000000000000000e+03
2.128000000000000000e+03
2.230000000000000000e+03
2.233000000000000000e+03
2.275000000000000000e+03
2.231000000000000000e+03
2.272000000000000000e+03
2.360000000000000000e+03
2.318000000000000000e+03
2.347000000000000000e+03
2.294000000000000000e+03
2.348000000000000000e+03
2.333000000000000000e+03
2.388000000000000000e+03
2.362000000000000000e+03
2.328000000000000000e+03
2.337000000000000000e+03
2.343000000000000000e+03
2.340000000000000000e+03
2.372000000000000000e+03
2.337000000000000000e+03
2.331000000000000000e+03
2.310000000000000000e+03
2.348000000000000000e+03
2.385000000000000000e+03
2.390000000000000000e+03
2.383000000000000000e+03
2.468000000000000000e+03
2.444000000000000000e+03
2.499000000000000000e+03
2.428000000000000000e+03
2.471000000000000000e+03
2.524000000000000000e+03
2.577000000000000000e+03
2.555000000000000000e+03
2.477000000000000000e+03
2.586000000000000000e+03
2.549000000000000000e+03
2.634000000000000000e+03
2.583000000000000000e+03
2.626000000000000000e+03
2.456000000000000000e+03
2.531000000000000000e+03
2.533000000000000000e+03
2.323000000000000000e+03
2.117000000000000000e+03
1.905000000000000000e+03
1.602000000000000000e+03
1.298000000000000000e+03
1.403000000000000000e+03
1.827000000000000000e+03
2.090000000000000000e+03
2.452000000000000000e+03
2.664000000000000000e+03
2.766000000000000000e+03
2.883000000000000000e+03
3.036000000000000000e+03
3.037000000000000000e+03
3.065000000000000000e+03
3.080000000000000000e+03
3.139000000000000000e+03
3.216000000000000000e+03
3.214000000000000000e+03
3.258000000000000000e+03
3.388000000000000000e+03
3.299000000000000000e+03
3.349000000000000000e+03
3.372000000000000000e+03
3.489000000000000000e+03
3.581000000000000000e+03
3.522000000000000000e+03
3.511000000000000000e+03
3.564000000000000000e+03
3.607000000000000000e+03
3.659000000000000000e+03
3.624000000000000000e+03
3.782000000000000000e+03
3.684000000000000000e+03
3.719000000000000000e+03
3.723000000000000000e+03
3.720000000000000000e+03
3.716000000000000000e+03
3.817000000000000000e+03
3.882000000000000000e+03
3.855000000000000000e+03
3.929000000000000000e+03
3.993000000000000000e+03
4.010000000000000000e+03
3.992000000000000000e+03
4.050000000000000000e+03
4.158000000000000000e+03
4.066000000000000000e+03
4.121000000000000000e+03
4.228000000000000000e+03
4.172000000000000000e+03
4.304000000000000000e+03
4.344000000000000000e+03
4.211000000000000000e+03
4.336000000000000000e+03
4.304000000000000000e+03
4.368000000000000000e+03
4.433000000000000000e+03
4.499000000000000000e+03
4.548000000000000000e+03
4.501000000000000000e+03
4.560000000000000000e+03
4.643000000000000000e+03
4.671000000000000000e+03
4.709000000000000000e+03
4.763000000000000000e+03
4.705000000000000000e+03
4.819000000000000000e+03
4.822000000000000000e+03
4.786000000000000000e+03
4.858000000000000000e+03
4.803000000000000000e+03
4.863000000000000000e+03
4.924000000000000000e+03
5.016000000000000000e+03
4.976000000000000000e+03
4.975000000000000000e+03
4.999000000000000000e+03
5.156000000000000000e+03
5.160000000000000000e+03
5.136000000000000000e+03
5.123000000000000000e+03
5.198000000000000000e+03
5.068000000000000000e+03
5.184000000000000000e+03
5.244000000000000000e+03
5.199000000000000000e+03
5.380000000000000000e+03
5.308000000000000000e+03
5.313000000000000000e+03
5.492000000000000000e+03
5.478000000000000000e+03
5.497000000000000000e+03
5.521000000000000000e+03
5.579000000000000000e+03
5.472000000000000000e+03
5.585000000000000000e+03
5.515000000000000000e+03
5.471000000000000000e+03
5.630000000000000000e+03
5.584000000000000000e+03
5.719000000000000000e+03
5.634000000000000000e+03
5.647000000000000000e+03
5.676000000000000000e+03
5.597000000000000000e+03
5.651000000000000000e+03
5.717000000000000000e+03
5.678000000000000000e+03
5.736000000000000000e+03
5.734000000000000000e+03
5.586000000000000000e+03
5.687000000000000000e+03
5.701000000000000000e+03
5.756000000000000000e+03
5.704000000000000000e+03
5.628000000000000000e+03
5.574000000000000000e+03
5.518000000000000000e+03
5.448000000000000000e+03
5.373000000000000000e+03
5.128000000000000000e+03
4.796000000000000000e+03
4.317000000000000000e+03
3.633000000000000000e+03
3.091000000000000000e+03
2.721000000000000000e+03
3.144000000000000000e+03
3.827000000000000000e+03
4.410000000000000000e+03
4.834000000000000000e+03
5.007000000000000000e+03
5.256000000000000000e+03
5.375000000000000000e+03
5.484000000000000000e+03
5.593000000000000000e+03
5.550000000000000000e+03
5.564000000000000000e+03
5.667000000000000000e+03
5.601000000000000000e+03
5.539000000000000000e+03
5.596000000000000000e+03
5.728000000000000000e+03
5.634000000000000000e+03
5.647000000000000000e+03
5.694000000000000000e+03
5.685000000000000000e+03
5.628000000000000000e+03
5.556000000000000000e+03
5.643000000000000000e+03
5.676000000000000000e+03
5.690000000000000000e+03
5.556000000000000000e+03
5.580000000000000000e+03
5.499000000000000000e+03
5.585000000000000000e+03
5.604000000000000000e+03
5.556000000000000000e+03
5.533000000000000000e+03
5.439000000000000000e+03
5.586000000000000000e+03
5.524000000000000000e+03
5.416000000000000000e+03
5.334000000000000000e+03
5.430000000000000000e+03
5.368000000000000000e+03
5.325000000000000000e+03
5.265000000000000000e+03
5.329000000000000000e+03
5.349000000000000000e+03
5.332000000000000000e+03
5.303000000000000000e+03
5.378000000000000000e+03
5.379000000000000000e+03
5.307000000000000000e+03
5.333000000000000000e+03
5.278000000000000000e+03
5.384000000000000000e+03
5.414000000000000000e+03
5.358000000000000000e+03
5.398000000000000000e+03
5.433000000000000000e+03
5.425000000000000000e+03
5.428000000000000000e+03
5.513000000000000000e+03
5.568000000000000000e+03
5.483000000000000000e+03
5.526000000000000000e+03
5.573000000000000000e+03
5.546000000000000000e+03
5.629000000000000000e+03
5.703000000000000000e+03
5.660000000000000000e+03
5.683000000000000000e+03
5.705000000000000000e+03
5.671000000000000000e+03
5.727000000000000000e+03
5.800000000000000000e+03
5.743000000000000000e+03
5.803000000000000000e+03
5.918000000000000000e+03
5.926000000000000000e+03
5.948000000000000000e+03
5.955000000000000000e+03
6.055000000000000000e+03
6.045000000000000000e+03
5.989000000000000000e+03
6.005000000000000000e+03
6.034000000000000000e+03
6.087000000000000000e+03
6.186000000000000000e+03
6.174000000000000000e+03
6.142000000000000000e+03
6.140000000000000000e+03
6.259000000000000000e+03
6.344000000000000000e+03
6.296000000000000000e+03
6.348000000000000000e+03
6.336000000000000000e+03
6.494000000000000000e+03
6.404000000000000000e+03
6.476000000000000000e+03
6.473000000000000000e+03
6.408000000000000000e+03
6.544000000000000000e+03
6.572000000000000000e+03
6.641000000000000000e+03
6.667000000000000000e+03
6.692000000000000000e+03
6.797000000000000000e+03
6.725000000000000000e+03
6.794000000000000000e+03
6.639000000000000000e+03
6.848000000000000000e+03
6.822000000000000000e+03
6.814000000000000000e+03
6.965000000000000000e+03
6.823000000000000000e+03
6.973000000000000000e+03
6.933000000000000000e+03
6.924000000000000000e+03
6.986000000000000000e+03
6.882000000000000000e+03
6.879000000000000000e+03
6.987000000000000000e+03
6.949000000000000000e+03
6.972000000000000000e+03
7.005000000000000000e+03
6.934000000000000000e+03
7.003000000000000000e+03
6.982000000000000000e+03
6.916000000000000000e+03
6.831000000000000000e+03
6.897000000000000000e+03
6.854000000000000000e+03
6.833000000000000000e+03
6.840000000000000000e+03
7.002000000000000000e+03
6.886000000000000000e+03
6.909000000000000000e+03
6.835000000000000000e+03
6.844000000000000000e+03
6.869000000000000000e+03
6.973000000000000000e+03
6.866000000000000000e+03
6.922000000000000000e+03
6.892000000000000000e+03
6.987000000000000000e+03
6.870000000000000000e+03
6.888000000000000000e+03
6.829000000000000000e+03
6.973000000000000000e+03
6.966000000000000000e+03
6.888000000000000000e+03
6.949000000000000000e+03
6.895000000000000000e+03
6.899000000000000000e+03
6.949000000000000000e+03
6.985000000000000000e+03
6.994000000000000000e+03
6.947000000000000000e+03
6.954000000000000000e+03
6.951000000000000000e+03
6.946000000000000000e+03
6.972000000000000000e+03
7.079000000000000000e+03
6.965000000000000000e+03
7.134000000000000000e+03
7.081000000000000000e+03
7.144000000000000000e+03
7.079000000000000000e+03
7.154000000000000000e+03
7.144000000000000000e+03
7.226000000000000000e+03
7.353000000000000000e+03
7.310000000000000000e+03
7.244000000000000000e+03
7.276000000000000000e+03
7.361000000000000000e+03
7.402000000000000000e+03
7.408000000000000000e+03
7.457000000000000000e+03
7.364000000000000000e+03
7.486000000000000000e+03
7.504000000000000000e+03
7.452000000000000000e+03
7.555000000000000000e+03
7.552000000000000000e+03
7.621000000000000000e+03
7.652000000000000000e+03
7.644000000000000000e+03
7.683000000000000000e+03
7.697000000000000000e+03
7.746000000000000000e+03
7.668000000000000000e+03
7.649000000000000000e+03
7.819000000000000000e+03
7.819000000000000000e+03
7.664000000000000000e+03
7.777000000000000000e+03
7.890000000000000000e+03
7.991000000000000000e+03
7.938000000000000000e+03
7.960000000000000000e+03
7.946000000000000000e+03
7.989000000000000000e+03
8.130000000000000000e+03
8.009000000000000000e+03
8.084000000000000000e+03
7.981000000000000000e+03
8.050000000000000000e+03
8.068000000000000000e+03
8.074000000000000000e+03
8.172000000000000000e+03
8.207000000000000000e+03
8.049000000000000000e+03
8.252000000000000000e+03
8.241000000000000000e+03
8.244000000000000000e+03
8.267000000000000000e+03
8.271000000000000000e+03
8.280000000000000000e+03
8.267000000000000000e+03
8.460000000000000000e+03
8.382000000000000000e+03
8.346000000000000000e+03
8.348000000000000000e+03
8.411000000000000000e+03
8.377000000000000000e+03
8.441000000000000000e+03
8.429000000000000000e+03
8.432000000000000000e+03
8.327000000000000000e+03
8.426000000000000000e+03
8.410000000000000000e+03
8.314000000000000000e+03
8.441000000000000000e+03
8.479000000000000000e+03
8.349000000000000000e+03
8.273000000000000000e+03
8.345000000000000000e+03
8.422000000000000000e+03
8.467000000000000000e+03
8.286000000000000000e+03
8.146000000000000000e+03
8.079000000000000000e+03
8.085000000000000000e+03
7.858000000000000000e+03
8.076000000000000000e+03
8.124000000000000000e+03
8.187000000000000000e+03
8.151000000000000000e+03
8.116000000000000000e+03
8.081000000000000000e+03
8.101000000000000000e+03
8.074000000000000000e+03
8.082000000000000000e+03
8.201000000000000000e+03
8.071000000000000000e+03
8.043000000000000000e+03
8.120000000000000000e+03
8.025000000000000000e+03
8.079000000000000000e+03
8.106000000000000000e+03
8.111000000000000000e+03
8.209000000000000000e+03
8.059000000000000000e+03
8.183000000000000000e+03
8.072000000000000000e+03
8.070000000000000000e+03
7.855000000000000000e+03
8.062000000000000000e+03
8.087000000000000000e+03
7.928000000000000000e+03
8.005000000000000000e+03
8.003000000000000000e+03
7.900000000000000000e+03
7.982000000000000000e+03
7.877000000000000000e+03
7.994000000000000000e+03
7.903000000000000000e+03
7.816000000000000000e+03
7.876000000000000000e+03
7.927000000000000000e+03
7.768000000000000000e+03
7.775000000000000000e+03
7.705000000000000000e+03
7.804000000000000000e+03
7.674000000000000000e+03
7.645000000000000000e+03
7.694000000000000000e+03
7.766000000000000000e+03
7.701000000000000000e+03
7.693000000000000000e+03
7.579000000000000000e+03
7.649000000000000000e+03
7.620000000000000000e+03
7.651000000000000000e+03
7.554000000000000000e+03
7.542000000000000000e+03
7.471000000000000000e+03
7.525000000000000000e+03
7.551000000000000000e+03
7.553000000000000000e+03
7.568000000000000000e+03
7.575000000000000000e+03
7.474000000000000000e+03
7.435000000000000000e+03
7.407000000000000000e+03
7.265000000000000000e+03
7.491000000000000000e+03
7.453000000000000000e+03
7.274000000000000000e+03
7.346000000000000000e+03
7.427000000000000000e+03
7.375000000000000000e+03
7.423000000000000000e+03
7.325000000000000000e+03
7.465000000000000000e+03
7.383000000000000000e+03
7.307000000000000000e+03
7.346000000000000000e+03
7.343000000000000000e+03
7.350000000000000000e+03
7.287000000000000000e+03
7.307000000000000000e+03
7.408000000000000000e+03
7.391000000000000000e+03
7.309000000000000000e+03
7.235000000000000000e+03
7.291000000000000000e+03
7.164000000000000000e+03
7.251000000000000000e+03
7.243000000000000000e+03
7.422000000000000000e+03
7.239000000000000000e+03
7.189000000000000000e+03
7.087000000000000000e+03
6.990000000000000000e+03
7.129000000000000000e+03
7.119000000000000000e+03
7.130000000000000000e+03
7.075000000000000000e+03
7.181000000000000000e+03
7.154000000000000000e+03
7.267000000000000000e+03
7.172000000000000000e+03
7.234000000000000000e+03
7.170000000000000000e+03
7.216000000000000000e+03
7.110000000000000000e+03
7.249000000000000000e+03
7.248000000000000000e+03
7.048000000000000000e+03
7.077000000000000000e+03
7.196000000000000000e+03
7.223000000000000000e+03
7.113000000000000000e+03
7.124000000000000000e+03
7.114000000000000000e+03
7.173000000000000000e+03
7.182000000000000000e+03
7.166000000000000000e+03
7.216000000000000000e+03
7.124000000000000000e+03
7.238000000000000000e+03
7.137000000000000000e+03
7.104000000000000000e+03
7.164000000000000000e+03
7.176000000000000000e+03
7.052000000000000000e+03
7.191000000000000000e+03
7.161000000000000000e+03
7.089000000000000000e+03
7.108000000000000000e+03
7.200000000000000000e+03
7.055000000000000000e+03
7.063000000000000000e+03
7.039000000000000000e+03
7.013000000000000000e+03
7.052000000000000000e+03
6.979000000000000000e+03
7.011000000000000000e+03
6.987000000000000000e+03
6.842000000000000000e+03
6.953000000000000000e+03
6.934000000000000000e+03
6.875000000000000000e+03
6.986000000000000000e+03
6.989000000000000000e+03
6.886000000000000000e+03
6.800000000000000000e+03
6.870000000000000000e+03
6.677000000000000000e+03
6.599000000000000000e+03
6.765000000000000000e+03
6.617000000000000000e+03
6.573000000000000000e+03
6.375000000000000000e+03
6.094000000000000000e+03
5.814000000000000000e+03
5.427000000000000000e+03
4.818000000000000000e+03
4.262000000000000000e+03
4.121000000000000000e+03
4.613000000000000000e+03
5.266000000000000000e+03
5.717000000000000000e+03
6.009000000000000000e+03
6.187000000000000000e+03
6.375000000000000000e+03
6.404000000000000000e+03
6.475000000000000000e+03
6.514000000000000000e+03
6.506000000000000000e+03
6.490000000000000000e+03
6.481000000000000000e+03
6.567000000000000000e+03
6.560000000000000000e+03
6.569000000000000000e+03
6.465000000000000000e+03
6.474000000000000000e+03
6.487000000000000000e+03
6.609000000000000000e+03
6.531000000000000000e+03
6.482000000000000000e+03
6.501000000000000000e+03
6.426000000000000000e+03
6.531000000000000000e+03
6.443000000000000000e+03
6.340000000000000000e+03
6.442000000000000000e+03
6.453000000000000000e+03
6.326000000000000000e+03
6.142000000000000000e+03
6.221000000000000000e+03
6.189000000000000000e+03
6.234000000000000000e+03
6.152000000000000000e+03
6.192000000000000000e+03
6.115000000000000000e+03
6.118000000000000000e+03
6.140000000000000000e+03
6.108000000000000000e+03
6.076000000000000000e+03
5.910000000000000000e+03
5.989000000000000000e+03
5.980000000000000000e+03
5.860000000000000000e+03
5.825000000000000000e+03
5.865000000000000000e+03
5.834000000000000000e+03
5.888000000000000000e+03
5.873000000000000000e+03
5.798000000000000000e+03
5.807000000000000000e+03
5.732000000000000000e+03
5.716000000000000000e+03
5.574000000000000000e+03
5.581000000000000000e+03
5.590000000000000000e+03
5.500000000000000000e+03
5.492000000000000000e+03
5.553000000000000000e+03
5.495000000000000000e+03
5.532000000000000000e+03
5.432000000000000000e+03
5.396000000000000000e+03
5.355000000000000000e+03
5.403000000000000000e+03
5.293000000000000000e+03
5.333000000000000000e+03
5.248000000000000000e+03
5.150000000000000000e+03
4.731000000000000000e+03
4.046000000000000000e+03
3.839000000000000000e+03
4.216000000000000000e+03
4.416000000000000000e+03
4.446000000000000000e+03
4.388000000000000000e+03
4.375000000000000000e+03
4.481000000000000000e+03
4.489000000000000000e+03
4.457000000000000000e+03
4.636000000000000000e+03
4.622000000000000000e+03
4.578000000000000000e+03
4.494000000000000000e+03
4.578000000000000000e+03
4.529000000000000000e+03
4.561000000000000000e+03
4.473000000000000000e+03
4.521000000000000000e+03
4.513000000000000000e+03
4.383000000000000000e+03
4.419000000000000000e+03
4.514000000000000000e+03
4.546000000000000000e+03
4.547000000000000000e+03
4.523000000000000000e+03
4.418000000000000000e+03
4.452000000000000000e+03
4.336000000000000000e+03
4.207000000000000000e+03
4.303000000000000000e+03
4.328000000000000000e+03
4.273000000000000000e+03
4.241000000000000000e+03
4.254000000000000000e+03
4.278000000000000000e+03
4.276000000000000000e+03
4.203000000000000000e+03
4.251000000000000000e+03
4.277000000000000000e+03
4.281000000000000000e+03
4.173000000000000000e+03
