2.740000000000000000e+02
2.990000000000000000e+02
3.710000000000000000e+02
4.020000000000000000e+02
4.350000000000000000e+02
3.810000000000000000e+02
3.790000000000000000e+02
3.110000000000000000e+02
3.800000000000000000e+02
4.710000000000000000e+02
5.780000000000000000e+02
5.670000000000000000e+02
5.220000000000000000e+02
4.890000000000000000e+02
4.390000000000000000e+02
3.490000000000000000e+02
3.950000000000000000e+02
5.010000000000000000e+02
5.980000000000000000e+02
6.950000000000000000e+02
6.830000000000000000e+02
7.700000000000000000e+02
7.470000000000000000e+02
7.690000000000000000e+02
7.420000000000000000e+02
6.980000000000000000e+02
5.730000000000000000e+02
4.860000000000000000e+02
4.310000000000000000e+02
5.050000000000000000e+02
6.360000000000000000e+02
7.830000000000000000e+02
8.650000000000000000e+02
9.350000000000000000e+02
9.350000000000000000e+02
1.012000000000000000e+03
9.910000000000000000e+02
9.700000000000000000e+02
9.380000000000000000e+02
1.003000000000000000e+03
9.840000000000000000e+02
1.038000000000000000e+03
9.610000000000000000e+02
9.290000000000000000e+02
7.980000000000000000e+02
6.770000000000000000e+02
5.440000000000000000e+02
5.180000000000000000e+02
6.190000000000000000e+02
7.850000000000000000e+02
9.190000000000000000e+02
1.041000000000000000e+03
1.088000000000000000e+03
1.087000000000000000e+03
1.083000000000000000e+03
1.167000000000000000e+03
1.155000000000000000e+03
1.197000000000000000e+03
1.211000000000000000e+03
1.223000000000000000e+03
1.238000000000000000e+03
1.291000000000000000e+03
1.226000000000000000e+03
1.263000000000000000e+03
1.339000000000000000e+03
1.357000000000000000e+03
1.346000000000000000e+03
1.321000000000000000e+03
1.319000000000000000e+03
1.271000000000000000e+03
1.367000000000000000e+03
1.340000000000000000e+03
1.326000000000000000e+03
1.287000000000000000e+03
1.210000000000000000e+03
1.070000000000000000e+03
8.890000000000000000e+02
6.570000000000000000e+02
7.220000000000000000e+02
9.330000000000000000e+02
1.125000000000000000e+03
1.298000000000000000e+03
1.363000000000000000e+03
1.465000000000000000e+03
1.510000000000000000e+03
1.518000000000000000e+03
1.569000000000000000e+03
1.599000000000000000e+03
1.526000000000000000e+03
1.621000000000000000e+03
1.645000000000000000e+03
1.667000000000000000e+03
1.619000000000000000e+03
1.637000000000000000e+03
1.603000000000000000e+03
1.683000000000000000e+03
1.598000000000000000e+03
1.646000000000000000e+03
1.643000000000000000e+03
1.639000000000000000e+03
1.647000000000000000e+03
1.653000000000000000e+03
1.645000000000000000e+03
1.682000000000000000e+03
1.627000000000000000e+03
1.635000000000000000e+03
1.651000000000000000e+03
1.619000000000000000e+03
1.621000000000000000e+03
1.574000000000000000e+03
1.618000000000000000e+03
1.627000000000000000e+03
1.630000000000000000e+03
1.643000000000000000e+03
1.649000000000000000e+03
1.644000000000000000e+03
1.643000000000000000e+03
1.613000000000000000e+03
1.662000000000000000e+03
1.707000000000000000e+03
1.685000000000000000e+03
1.639000000000000000e+03
1.658000000000000000e+03
1.613000000000000000e+03
1.631000000000000000e+03
1.566000000000000000e+03
1.599000000000000000e+03
1.569000000000000000e+03
1.555000000000000000e+03
1.459000000000000000e+03
1.381000000000000000e+03
1.115000000000000000e+03
9.310000000000000000e+02
7.950000000000000000e+02
9.020000000000000000e+02
1.154000000000000000e+03
1.315000000000000000e+03
1.463000000000000000e+03
1.550000000000000000e+03
1.661000000000000000e+03
1.700000000000000000e+03
1.762000000000000000e+03
1.755000000000000000e+03
1.785000000000000000e+03
1.790000000000000000e+03
1.849000000000000000e+03
1.849000000000000000e+03
1.859000000000000000e+03
1.915000000000000000e+03
1.933000000000000000e+03
1.930000000000000000e+03
1.915000000000000000e+03
1.959000000000000000e+03
1.974000000000000000e+03
1.995000000000000000e+03
2.049000000000000000e+03
2.002000000000000000e+03
2.035000000000000000e+03
2.073000000000000000e+03
2.055000000000000000e+03
2.010000000000000000e+03
2.133000000000000000e+03
2.123000000000000000e+03
2.071000000000000000e+03
2.107000000000000000e+03
2.120000000000000000e+03
2.062000000000000000e+03
2.143000000000000000e+03
2.198000000000000000e+03
2.235000000000000000e+03
2.201000000000000000e+03
2.200000000000000000e+03
2.279000000000000000e+03
2.261000000000000000e+03
2.270000000000000000e+03
2.242000000000000000e+03
2.277000000000000000e+03
2.242000000000000000e+03
2.259000000000000000e+03
2.317000000000000000e+03
2.328000000000000000e+03
2.346000000000000000e+03
2.341000000000000000e+03
2.374000000000000000e+03
2.382000000000000000e+03
2.420000000000000000e+03
2.428000000000000000e+03
2.438000000000000000e+03
2.444000000000000000e+03
2.412000000000000000e+03
2.485000000000000000e+03
2.433000000000000000e+03
2.476000000000000000e+03
2.496000000000000000e+03
2.493000000000000000e+03
2.510000000000000000e+03
2.531000000000000000e+03
2.481000000000000000e+03
2.576000000000000000e+03
2.514000000000000000e+03
2.568000000000000000e+03
2.514000000000000000e+03
2.567000000000000000e+03
2.588000000000000000e+03
2.552000000000000000e+03
2.584000000000000000e+03
2.557000000000000000e+03
2.606000000000000000e+03
2.577000000000000000e+03
2.728000000000000000e+03
2.585000000000000000e+03
2.590000000000000000e+03
2.629000000000000000e+03
2.690000000000000000e+03
2.625000000000000000e+03
2.615000000000000000e+03
2.608000000000000000e+03
2.626000000000000000e+03
2.656000000000000000e+03
2.682000000000000000e+03
2.707000000000000000e+03
2.664000000000000000e+03
2.636000000000000000e+03
2.712000000000000000e+03
2.705000000000000000e+03
2.647000000000000000e+03
2.701000000000000000e+03
2.673000000000000000e+03
2.656000000000000000e+03
2.730000000000000000e+03
2.718000000000000000e+03
2.654000000000000000e+03
2.687000000000000000e+03
2.748000000000000000e+03
2.701000000000000000e+03
2.649000000000000000e+03
2.741000000000000000e+03
2.699000000000000000e+03
2.684000000000000000e+03
2.643000000000000000e+03
2.699000000000000000e+03
2.623000000000000000e+03
2.690000000000000000e+03
2.636000000000000000e+03
2.570000000000000000e+03
2.638000000000000000e+03
2.551000000000000000e+03
2.569000000000000000e+03
2.525000000000000000e+03
2.457000000000000000e+03
2.321000000000000000e+03
2.183000000000000000e+03
1.935000000000000000e+03
1.670000000000000000e+03
1.342000000000000000e+03
1.286000000000000000e+03
1.579000000000000000e+03
1.814000000000000000e+03
2.077000000000000000e+03
2.149000000000000000e+03
2.276000000000000000e+03
2.419000000000000000e+03
2.377000000000000000e+03
2.447000000000000000e+03
2.479000000000000000e+03
2.405000000000000000e+03
2.455000000000000000e+03
2.470000000000000000e+03
2.470000000000000000e+03
2.494000000000000000e+03
2.431000000000000000e+03
2.454000000000000000e+03
2.392000000000000000e+03
2.441000000000000000e+03
2.484000000000000000e+03
2.438000000000000000e+03
2.437000000000000000e+03
2.416000000000000000e+03
2.483000000000000000e+03
2.440000000000000000e+03
2.477000000000000000e+03
2.387000000000000000e+03
2.413000000000000000e+03
2.379000000000000000e+03
2.357000000000000000e+03
2.398000000000000000e+03
2.335000000000000000e+03
2.375000000000000000e+03
2.322000000000000000e+03
2.371000000000000000e+03
2.401000000000000000e+03
2.302000000000000000e+03
2.314000000000000000e+03
2.336000000000000000e+03
2.275000000000000000e+03
2.310000000000000000e+03
2.317000000000000000e+03
2.244000000000000000e+03
2.280000000000000000e+03
2.242000000000000000e+03
2.177000000000000000e+03
2.222000000000000000e+03
2.249000000000000000e+03
2.181000000000000000e+03
2.197000000000000000e+03
2.203000000000000000e+03
2.245000000000000000e+03
2.223000000000000000e+03
2.227000000000000000e+03
2.179000000000000000e+03
2.154000000000000000e+03
2.191000000000000000e+03
2.147000000000000000e+03
2.183000000000000000e+03
2.223000000000000000e+03
2.133000000000000000e+03
2.286000000000000000e+03
2.182000000000000000e+03
2.274000000000000000e+03
2.258000000000000000e+03
2.239000000000000000e+03
2.228000000000000000e+03
2.229000000000000000e+03
2.248000000000000000e+03
2.209000000000000000e+03
2.251000000000000000e+03
2.153000000000000000e+03
2.179000000000000000e+03
2.197000000000000000e+03
2.239000000000000000e+03
2.251000000000000000e+03
2.275000000000000000e+03
2.239000000000000000e+03
2.235000000000000000e+03
2.331000000000000000e+03
2.218000000000000000e+03
2.235000000000000000e+03
2.223000000000000000e+03
2.326000000000000000e+03
2.343000000000000000e+03
2.253000000000000000e+03
2.311000000000000000e+03
2.314000000000000000e+03
2.288000000000000000e+03
2.306000000000000000e+03
2.338000000000000000e+03
2.283000000000000000e+03
2.312000000000000000e+03
2.321000000000000000e+03
2.325000000000000000e+03
2.340000000000000000e+03
2.315000000000000000e+03
2.357000000000000000e+03
2.346000000000000000e+03
2.375000000000000000e+03
2.393000000000000000e+03
2.374000000000000000e+03
2.403000000000000000e+03
2.445000000000000000e+03
2.414000000000000000e+03
2.366000000000000000e+03
2.369000000000000000e+03
2.442000000000000000e+03
2.375000000000000000e+03
2.421000000000000000e+03
2.432000000000000000e+03
2.363000000000000000e+03
2.296000000000000000e+03
2.443000000000000000e+03
2.390000000000000000e+03
2.425000000000000000e+03
2.471000000000000000e+03
2.369000000000000000e+03
2.455000000000000000e+03
2.369000000000000000e+03
2.434000000000000000e+03
2.399000000000000000e+03
2.443000000000000000e+03
2.419000000000000000e+03
2.363000000000000000e+03
2.417000000000000000e+03
2.410000000000000000e+03
2.383000000000000000e+03
2.415000000000000000e+03
2.343000000000000000e+03
2.334000000000000000e+03
2.365000000000000000e+03
2.334000000000000000e+03
2.362000000000000000e+03
2.319000000000000000e+03
2.349000000000000000e+03
2.358000000000000000e+03
2.308000000000000000e+03
2.317000000000000000e+03
2.303000000000000000e+03
2.306000000000000000e+03
2.225000000000000000e+03
2.265000000000000000e+03
2.262000000000000000e+03
2.259000000000000000e+03
2.284000000000000000e+03
2.238000000000000000e+03
2.243000000000000000e+03
2.248000000000000000e+03
2.346000000000000000e+03
2.277000000000000000e+03
2.301000000000000000e+03
2.222000000000000000e+03
2.285000000000000000e+03
2.277000000000000000e+03
2.339000000000000000e+03
2.247000000000000000e+03
2.220000000000000000e+03
2.262000000000000000e+03
2.255000000000000000e+03
2.258000000000000000e+03
2.267000000000000000e+03
2.260000000000000000e+03
2.232000000000000000e+03
2.271000000000000000e+03
2.289000000000000000e+03
2.282000000000000000e+03
2.225000000000000000e+03
2.312000000000000000e+03
2.266000000000000000e+03
2.222000000000000000e+03
2.261000000000000000e+03
2.254000000000000000e+03
2.269000000000000000e+03
2.264000000000000000e+03
2.280000000000000000e+03
2.263000000000000000e+03
2.277000000000000000e+03
2.262000000000000000e+03
2.269000000000000000e+03
2.313000000000000000e+03
2.310000000000000000e+03
2.358000000000000000e+03
2.336000000000000000e+03
2.330000000000000000e+03
2.299000000000000000e+03
2.372000000000000000e+03
2.301000000000000000e+03
2.316000000000000000e+03
2.352000000000000000e+03
2.355000000000000000e+03
2.245000000000000000e+03
2.298000000000000000e+03
2.364000000000000000e+03
2.340000000000000000e+03
2.299000000000000000e+03
2.366000000000000000e+03
2.249000000000000000e+03
2.349000000000000000e+03
2.333000000000000000e+03
2.350000000000000000e+03
2.397000000000000000e+03
2.355000000000000000e+03
2.347000000000000000e+03
2.263000000000000000e+03
2.381000000000000000e+03
2.286000000000000000e+03
2.298000000000000000e+03
2.386000000000000000e+03
2.367000000000000000e+03
2.318000000000000000e+03
2.325000000000000000e+03
2.365000000000000000e+03
2.293000000000000000e+03
2.314000000000000000e+03
2.357000000000000000e+03
2.379000000000000000e+03
2.307000000000000000e+03
2.354000000000000000e+03
2.324000000000000000e+03
2.295000000000000000e+03
2.351000000000000000e+03
2.342000000000000000e+03
2.353000000000000000e+03
2.377000000000000000e+03
2.291000000000000000e+03
2.391000000000000000e+03
2.349000000000000000e+03
2.363000000000000000e+03
2.339000000000000000e+03
2.351000000000000000e+03
2.310000000000000000e+03
2.278000000000000000e+03
2.258000000000000000e+03
2.266000000000000000e+03
2.235000000000000000e+03
2.228000000000000000e+03
2.224000000000000000e+03
2.217000000000000000e+03
2.197000000000000000e+03
2.150000000000000000e+03
2.169000000000000000e+03
2.149000000000000000e+03
2.183000000000000000e+03
2.186000000000000000e+03
2.173000000000000000e+03
2.175000000000000000e+03
2.195000000000000000e+03
2.119000000000000000e+03
2.193000000000000000e+03
2.203000000000000000e+03
2.079000000000000000e+03
2.151000000000000000e+03
2.131000000000000000e+03
2.115000000000000000e+03
2.179000000000000000e+03
2.138000000000000000e+03
2.090000000000000000e+03
2.146000000000000000e+03
2.043000000000000000e+03
2.070000000000000000e+03
2.077000000000000000e+03
2.004000000000000000e+03
2.120000000000000000e+03
2.039000000000000000e+03
2.065000000000000000e+03
2.050000000000000000e+03
2.069000000000000000e+03
2.013000000000000000e+03
2.023000000000000000e+03
2.007000000000000000e+03
2.041000000000000000e+03
1.971000000000000000e+03
2.003000000000000000e+03
2.007000000000000000e+03
2.007000000000000000e+03
1.951000000000000000e+03
1.963000000000000000e+03
1.979000000000000000e+03
1.903000000000000000e+03
1.943000000000000000e+03
1.938000000000000000e+03
1.962000000000000000e+03
1.918000000000000000e+03
1.914000000000000000e+03
1.835000000000000000e+03
1.892000000000000000e+03
1.841000000000000000e+03
1.844000000000000000e+03
1.884000000000000000e+03
1.851000000000000000e+03
1.849000000000000000e+03
1.830000000000000000e+03
1.817000000000000000e+03
1.809000000000000000e+03
1.822000000000000000e+03
1.819000000000000000e+03
1.773000000000000000e+03
1.754000000000000000e+03
1.831000000000000000e+03
1.789000000000000000e+03
1.722000000000000000e+03
1.751000000000000000e+03
1.765000000000000000e+03
1.746000000000000000e+03
1.763000000000000000e+03
1.692000000000000000e+03
1.819000000000000000e+03
1.758000000000000000e+03
1.717000000000000000e+03
1.755000000000000000e+03
1.773000000000000000e+03
1.691000000000000000e+03
1.692000000000000000e+03
1.706000000000000000e+03
1.679000000000000000e+03
1.662000000000000000e+03
1.735000000000000000e+03
1.689000000000000000e+03
1.660000000000000000e+03
1.654000000000000000e+03
1.669000000000000000e+03
1.658000000000000000e+03
1.655000000000000000e+03
1.633000000000000000e+03
1.672000000000000000e+03
1.630000000000000000e+03
1.633000000000000000e+03
1.646000000000000000e+03
1.595000000000000000e+03
1.585000000000000000e+03
1.533000000000000000e+03
1.575000000000000000e+03
1.580000000000000000e+03
1.555000000000000000e+03
1.579000000000000000e+03
1.538000000000000000e+03
1.575000000000000000e+03
1.568000000000000000e+03
1.595000000000000000e+03
1.571000000000000000e+03
1.557000000000000000e+03
1.543000000000000000e+03
1.569000000000000000e+03
1.550000000000000000e+03
1.526000000000000000e+03
1.539000000000000000e+03
1.507000000000000000e+03
1.562000000000000000e+03
1.565000000000000000e+03
1.528000000000000000e+03
1.547000000000000000e+03
1.487000000000000000e+03
1.537000000000000000e+03
1.495000000000000000e+03
1.525000000000000000e+03
1.475000000000000000e+03
1.511000000000000000e+03
1.486000000000000000e+03
1.503000000000000000e+03
1.495000000000000000e+03
1.455000000000000000e+03
1.439000000000000000e+03
1.484000000000000000e+03
1.511000000000000000e+03
1.495000000000000000e+03
1.482000000000000000e+03
1.491000000000000000e+03
1.449000000000000000e+03
1.499000000000000000e+03
1.418000000000000000e+03
1.437000000000000000e+03
1.399000000000000000e+03
1.399000000000000000e+03
1.459000000000000000e+03
1.428000000000000000e+03
1.399000000000000000e+03
1.403000000000000000e+03
1.418000000000000000e+03
1.363000000000000000e+03
1.401000000000000000e+03
1.362000000000000000e+03
1.431000000000000000e+03
1.376000000000000000e+03
1.358000000000000000e+03
1.335000000000000000e+03
1.328000000000000000e+03
1.382000000000000000e+03
1.316000000000000000e+03
1.304000000000000000e+03
1.294000000000000000e+03
1.273000000000000000e+03
1.236000000000000000e+03
1.188000000000000000e+03
1.093000000000000000e+03
9.930000000000000000e+02
8.780000000000000000e+02
8.330000000000000000e+02
9.210000000000000000e+02
1.058000000000000000e+03
1.130000000000000000e+03
1.165000000000000000e+03
1.190000000000000000e+03
1.259000000000000000e+03
1.273000000000000000e+03
1.216000000000000000e+03
1.258000000000000000e+03
1.241000000000000000e+03
1.267000000000000000e+03
1.247000000000000000e+03
1.261000000000000000e+03
1.252000000000000000e+03
1.250000000000000000e+03
1.238000000000000000e+03
1.223000000000000000e+03
1.291000000000000000e+03
1.228000000000000000e+03
1.264000000000000000e+03
1.240000000000000000e+03
1.218000000000000000e+03
1.218000000000000000e+03
1.197000000000000000e+03
1.220000000000000000e+03
1.200000000000000000e+03
1.192000000000000000e+03
1.201000000000000000e+03
1.194000000000000000e+03
1.153000000000000000e+03
1.169000000000000000e+03
1.176000000000000000e+03
1.178000000000000000e+03
1.132000000000000000e+03
1.138000000000000000e+03
1.154000000000000000e+03
1.140000000000000000e+03
1.124000000000000000e+03
1.161000000000000000e+03
1.113000000000000000e+03
1.089000000000000000e+03
1.125000000000000000e+03
1.093000000000000000e+03
1.122000000000000000e+03
1.066000000000000000e+03
1.114000000000000000e+03
1.083000000000000000e+03
1.059000000000000000e+03
1.068000000000000000e+03
1.060000000000000000e+03
1.020000000000000000e+03
1.059000000000000000e+03
1.038000000000000000e+03
1.021000000000000000e+03
1.049000000000000000e+03
1.040000000000000000e+03
1.030000000000000000e+03
1.004000000000000000e+03
1.007000000000000000e+03
9.990000000000000000e+02
9.650000000000000000e+02
9.920000000000000000e+02
9.760000000000000000e+02
9.270000000000000000e+02
9.340000000000000000e+02
9.540000000000000000e+02
9.490000000000000000e+02
9.160000000000000000e+02
9.230000000000000000e+02
8.560000000000000000e+02
7.890000000000000000e+02
7.150000000000000000e+02
7.640000000000000000e+02
8.260000000000000000e+02
7.960000000000000000e+02
8.110000000000000000e+02
7.940000000000000000e+02
8.010000000000000000e+02
8.090000000000000000e+02
8.160000000000000000e+02
8.380000000000000000e+02
8.120000000000000000e+02
8.550000000000000000e+02
8.140000000000000000e+02
8.120000000000000000e+02
8.250000000000000000e+02
8.170000000000000000e+02
7.750000000000000000e+02
7.930000000000000000e+02
8.040000000000000000e+02
7.580000000000000000e+02
8.150000000000000000e+02
7.870000000000000000e+02
7.980000000000000000e+02
7.760000000000000000e+02
8.090000000000000000e+02
8.900000000000000000e+02
7.910000000000000000e+02
7.480000000000000000e+02
7.970000000000000000e+02
7.550000000000000000e+02
7.610000000000000000e+02
7.950000000000000000e+02
7.290000000000000000e+02
7.700000000000000000e+02
7.740000000000000000e+02
7.620000000000000000e+02
7.420000000000000000e+02
7.910000000000000000e+02
7.250000000000000000e+02
6.960000000000000000e+02
6.810000000000000000e+02
