3.140000000000000000e+02
3.640000000000000000e+02
4.380000000000000000e+02
4.950000000000000000e+02
4.840000000000000000e+02
4.370000000000000000e+02
3.930000000000000000e+02
3.650000000000000000e+02
4.390000000000000000e+02
5.770000000000000000e+02
6.140000000000000000e+02
6.700000000000000000e+02
6.300000000000000000e+02
5.550000000000000000e+02
5.030000000000000000e+02
4.320000000000000000e+02
4.480000000000000000e+02
5.960000000000000000e+02
7.550000000000000000e+02
8.310000000000000000e+02
9.240000000000000000e+02
9.400000000000000000e+02
9.490000000000000000e+02
9.540000000000000000e+02
9.110000000000000000e+02
8.440000000000000000e+02
7.050000000000000000e+02
5.740000000000000000e+02
5.080000000000000000e+02
6.300000000000000000e+02
8.200000000000000000e+02
9.340000000000000000e+02
1.072000000000000000e+03
1.152000000000000000e+03
1.180000000000000000e+03
1.225000000000000000e+03
1.249000000000000000e+03
1.257000000000000000e+03
1.161000000000000000e+03
1.213000000000000000e+03
1.270000000000000000e+03
1.226000000000000000e+03
1.186000000000000000e+03
1.150000000000000000e+03
9.860000000000000000e+02
8.210000000000000000e+02
6.250000000000000000e+02
5.960000000000000000e+02
7.600000000000000000e+02
9.930000000000000000e+02
1.123000000000000000e+03
1.274000000000000000e+03
1.380000000000000000e+03
1.392000000000000000e+03
1.447000000000000000e+03
1.399000000000000000e+03
1.477000000000000000e+03
1.476000000000000000e+03
1.492000000000000000e+03
1.530000000000000000e+03
1.498000000000000000e+03
1.566000000000000000e+03
1.608000000000000000e+03
1.544000000000000000e+03
1.588000000000000000e+03
1.621000000000000000e+03
1.661000000000000000e+03
1.661000000000000000e+03
1.672000000000000000e+03
1.696000000000000000e+03
1.683000000000000000e+03
1.678000000000000000e+03
1.615000000000000000e+03
1.616000000000000000e+03
1.460000000000000000e+03
1.275000000000000000e+03
1.045000000000000000e+03
8.270000000000000000e+02
8.480000000000000000e+02
1.129000000000000000e+03
1.403000000000000000e+03
1.602000000000000000e+03
1.746000000000000000e+03
1.848000000000000000e+03
1.907000000000000000e+03
1.903000000000000000e+03
1.985000000000000000e+03
2.044000000000000000e+03
1.980000000000000000e+03
2.058000000000000000e+03
2.022000000000000000e+03
2.114000000000000000e+03
2.088000000000000000e+03
2.057000000000000000e+03
2.073000000000000000e+03
2.032000000000000000e+03
2.152000000000000000e+03
2.117000000000000000e+03
2.063000000000000000e+03
2.111000000000000000e+03
2.025000000000000000e+03
2.057000000000000000e+03
2.091000000000000000e+03
2.058000000000000000e+03
2.047000000000000000e+03
2.055000000000000000e+03
2.063000000000000000e+03
2.074000000000000000e+03
2.048000000000000000e+03
2.055000000000000000e+03
2.066000000000000000e+03
2.058000000000000000e+03
2.052000000000000000e+03
2.049000000000000000e+03
2.007000000000000000e+03
2.105000000000000000e+03
2.020000000000000000e+03
2.096000000000000000e+03
2.079000000000000000e+03
2.066000000000000000e+03
2.107000000000000000e+03
2.100000000000000000e+03
2.028000000000000000e+03
2.059000000000000000e+03
2.060000000000000000e+03
2.034000000000000000e+03
2.045000000000000000e+03
2.068000000000000000e+03
1.879000000000000000e+03
1.825000000000000000e+03
1.664000000000000000e+03
1.463000000000000000e+03
1.132000000000000000e+03
9.430000000000000000e+02
1.115000000000000000e+03
1.397000000000000000e+03
1.662000000000000000e+03
1.940000000000000000e+03
2.039000000000000000e+03
2.070000000000000000e+03
2.170000000000000000e+03
2.216000000000000000e+03
2.233000000000000000e+03
2.290000000000000000e+03
2.281000000000000000e+03
2.325000000000000000e+03
2.405000000000000000e+03
2.442000000000000000e+03
2.373000000000000000e+03
2.418000000000000000e+03
2.511000000000000000e+03
2.431000000000000000e+03
2.525000000000000000e+03
2.451000000000000000e+03
2.561000000000000000e+03
2.630000000000000000e+03
2.619000000000000000e+03
2.666000000000000000e+03
2.614000000000000000e+03
2.631000000000000000e+03
2.656000000000000000e+03
2.751000000000000000e+03
2.700000000000000000e+03
2.740000000000000000e+03
2.750000000000000000e+03
2.717000000000000000e+03
2.659000000000000000e+03
2.744000000000000000e+03
2.776000000000000000e+03
2.801000000000000000e+03
2.866000000000000000e+03
2.974000000000000000e+03
2.868000000000000000e+03
2.860000000000000000e+03
2.923000000000000000e+03
2.904000000000000000e+03
2.876000000000000000e+03
2.953000000000000000e+03
2.908000000000000000e+03
2.982000000000000000e+03
3.020000000000000000e+03
2.944000000000000000e+03
2.895000000000000000e+03
2.953000000000000000e+03
3.008000000000000000e+03
3.096000000000000000e+03
3.117000000000000000e+03
3.099000000000000000e+03
3.103000000000000000e+03
3.128000000000000000e+03
3.129000000000000000e+03
3.187000000000000000e+03
3.155000000000000000e+03
3.154000000000000000e+03
3.145000000000000000e+03
3.186000000000000000e+03
3.231000000000000000e+03
3.282000000000000000e+03
3.205000000000000000e+03
3.211000000000000000e+03
3.169000000000000000e+03
3.250000000000000000e+03
3.269000000000000000e+03
3.286000000000000000e+03
3.239000000000000000e+03
3.294000000000000000e+03
3.297000000000000000e+03
3.275000000000000000e+03
3.340000000000000000e+03
3.362000000000000000e+03
3.340000000000000000e+03
3.242000000000000000e+03
3.310000000000000000e+03
3.368000000000000000e+03
3.301000000000000000e+03
3.448000000000000000e+03
3.368000000000000000e+03
3.401000000000000000e+03
3.313000000000000000e+03
3.414000000000000000e+03
3.424000000000000000e+03
3.457000000000000000e+03
3.443000000000000000e+03
3.442000000000000000e+03
3.461000000000000000e+03
3.477000000000000000e+03
3.431000000000000000e+03
3.435000000000000000e+03
3.536000000000000000e+03
3.527000000000000000e+03
3.418000000000000000e+03
3.430000000000000000e+03
3.519000000000000000e+03
3.413000000000000000e+03
3.419000000000000000e+03
3.468000000000000000e+03
3.464000000000000000e+03
3.358000000000000000e+03
3.451000000000000000e+03
3.458000000000000000e+03
3.373000000000000000e+03
3.436000000000000000e+03
3.412000000000000000e+03
3.439000000000000000e+03
3.401000000000000000e+03
3.403000000000000000e+03
3.369000000000000000e+03
3.217000000000000000e+03
3.186000000000000000e+03
3.115000000000000000e+03
3.003000000000000000e+03
2.758000000000000000e+03
2.511000000000000000e+03
2.092000000000000000e+03
1.746000000000000000e+03
1.650000000000000000e+03
2.013000000000000000e+03
2.362000000000000000e+03
2.632000000000000000e+03
2.869000000000000000e+03
2.909000000000000000e+03
2.991000000000000000e+03
3.088000000000000000e+03
3.045000000000000000e+03
3.090000000000000000e+03
3.062000000000000000e+03
3.158000000000000000e+03
3.137000000000000000e+03
3.170000000000000000e+03
3.072000000000000000e+03
3.121000000000000000e+03
3.124000000000000000e+03
3.122000000000000000e+03
3.116000000000000000e+03
3.032000000000000000e+03
3.118000000000000000e+03
3.125000000000000000e+03
3.140000000000000000e+03
3.121000000000000000e+03
3.136000000000000000e+03
3.081000000000000000e+03
3.119000000000000000e+03
3.025000000000000000e+03
3.030000000000000000e+03
3.021000000000000000e+03
3.087000000000000000e+03
3.022000000000000000e+03
3.030000000000000000e+03
3.045000000000000000e+03
2.919000000000000000e+03
3.063000000000000000e+03
2.968000000000000000e+03
2.953000000000000000e+03
2.930000000000000000e+03
2.983000000000000000e+03
2.887000000000000000e+03
2.937000000000000000e+03
2.910000000000000000e+03
2.812000000000000000e+03
2.830000000000000000e+03
2.803000000000000000e+03
2.810000000000000000e+03
2.889000000000000000e+03
2.833000000000000000e+03
2.869000000000000000e+03
2.839000000000000000e+03
2.733000000000000000e+03
2.795000000000000000e+03
2.762000000000000000e+03
2.795000000000000000e+03
2.759000000000000000e+03
2.771000000000000000e+03
2.818000000000000000e+03
2.849000000000000000e+03
2.767000000000000000e+03
2.810000000000000000e+03
2.834000000000000000e+03
2.809000000000000000e+03
2.787000000000000000e+03
2.790000000000000000e+03
2.849000000000000000e+03
2.833000000000000000e+03
2.843000000000000000e+03
2.834000000000000000e+03
2.836000000000000000e+03
2.839000000000000000e+03
2.775000000000000000e+03
2.758000000000000000e+03
2.825000000000000000e+03
2.825000000000000000e+03
2.770000000000000000e+03
2.839000000000000000e+03
2.877000000000000000e+03
2.815000000000000000e+03
2.923000000000000000e+03
2.917000000000000000e+03
2.915000000000000000e+03
2.906000000000000000e+03
2.891000000000000000e+03
2.947000000000000000e+03
2.907000000000000000e+03
2.902000000000000000e+03
2.921000000000000000e+03
2.935000000000000000e+03
2.975000000000000000e+03
3.003000000000000000e+03
2.977000000000000000e+03
2.991000000000000000e+03
2.958000000000000000e+03
2.994000000000000000e+03
3.003000000000000000e+03
3.010000000000000000e+03
2.975000000000000000e+03
2.989000000000000000e+03
3.028000000000000000e+03
3.038000000000000000e+03
3.061000000000000000e+03
3.074000000000000000e+03
3.146000000000000000e+03
3.001000000000000000e+03
3.064000000000000000e+03
3.122000000000000000e+03
3.036000000000000000e+03
2.988000000000000000e+03
3.022000000000000000e+03
3.032000000000000000e+03
3.057000000000000000e+03
3.088000000000000000e+03
3.060000000000000000e+03
3.097000000000000000e+03
3.092000000000000000e+03
3.090000000000000000e+03
3.073000000000000000e+03
3.073000000000000000e+03
3.031000000000000000e+03
3.049000000000000000e+03
3.064000000000000000e+03
3.031000000000000000e+03
3.083000000000000000e+03
3.055000000000000000e+03
3.030000000000000000e+03
3.005000000000000000e+03
3.018000000000000000e+03
2.939000000000000000e+03
3.027000000000000000e+03
2.949000000000000000e+03
2.946000000000000000e+03
3.016000000000000000e+03
2.922000000000000000e+03
2.955000000000000000e+03
2.939000000000000000e+03
2.924000000000000000e+03
2.940000000000000000e+03
2.876000000000000000e+03
2.994000000000000000e+03
2.839000000000000000e+03
2.973000000000000000e+03
2.932000000000000000e+03
2.897000000000000000e+03
2.949000000000000000e+03
2.886000000000000000e+03
2.906000000000000000e+03
2.897000000000000000e+03
2.850000000000000000e+03
2.898000000000000000e+03
2.900000000000000000e+03
2.900000000000000000e+03
2.871000000000000000e+03
2.840000000000000000e+03
2.864000000000000000e+03
2.833000000000000000e+03
2.841000000000000000e+03
2.863000000000000000e+03
2.928000000000000000e+03
2.881000000000000000e+03
2.891000000000000000e+03
2.855000000000000000e+03
2.890000000000000000e+03
2.832000000000000000e+03
2.890000000000000000e+03
2.822000000000000000e+03
2.870000000000000000e+03
2.925000000000000000e+03
2.880000000000000000e+03
2.840000000000000000e+03
2.876000000000000000e+03
2.857000000000000000e+03
2.858000000000000000e+03
2.893000000000000000e+03
2.880000000000000000e+03
2.861000000000000000e+03
2.862000000000000000e+03
2.892000000000000000e+03
2.934000000000000000e+03
2.873000000000000000e+03
2.958000000000000000e+03
2.904000000000000000e+03
2.877000000000000000e+03
2.909000000000000000e+03
2.898000000000000000e+03
2.909000000000000000e+03
2.861000000000000000e+03
2.995000000000000000e+03
2.954000000000000000e+03
2.904000000000000000e+03
2.950000000000000000e+03
2.895000000000000000e+03
2.930000000000000000e+03
2.977000000000000000e+03
2.952000000000000000e+03
2.957000000000000000e+03
2.919000000000000000e+03
2.977000000000000000e+03
2.939000000000000000e+03
2.924000000000000000e+03
2.915000000000000000e+03
2.946000000000000000e+03
2.959000000000000000e+03
2.874000000000000000e+03
2.912000000000000000e+03
2.898000000000000000e+03
2.969000000000000000e+03
2.978000000000000000e+03
2.940000000000000000e+03
2.936000000000000000e+03
2.932000000000000000e+03
2.938000000000000000e+03
2.964000000000000000e+03
2.941000000000000000e+03
2.941000000000000000e+03
2.985000000000000000e+03
2.965000000000000000e+03
3.036000000000000000e+03
2.947000000000000000e+03
3.070000000000000000e+03
3.050000000000000000e+03
3.011000000000000000e+03
2.964000000000000000e+03
3.006000000000000000e+03
2.964000000000000000e+03
2.992000000000000000e+03
2.967000000000000000e+03
2.920000000000000000e+03
2.913000000000000000e+03
2.924000000000000000e+03
2.973000000000000000e+03
2.911000000000000000e+03
3.001000000000000000e+03
2.842000000000000000e+03
2.952000000000000000e+03
2.850000000000000000e+03
2.847000000000000000e+03
2.783000000000000000e+03
2.836000000000000000e+03
2.733000000000000000e+03
2.737000000000000000e+03
2.706000000000000000e+03
2.734000000000000000e+03
2.733000000000000000e+03
2.751000000000000000e+03
2.727000000000000000e+03
2.685000000000000000e+03
2.716000000000000000e+03
2.726000000000000000e+03
2.766000000000000000e+03
2.723000000000000000e+03
2.718000000000000000e+03
2.721000000000000000e+03
4.157000000000000000e+03
2.709000000000000000e+03
2.727000000000000000e+03
2.689000000000000000e+03
2.683000000000000000e+03
2.682000000000000000e+03
2.658000000000000000e+03
2.634000000000000000e+03
2.662000000000000000e+03
2.634000000000000000e+03
2.613000000000000000e+03
2.648000000000000000e+03
2.584000000000000000e+03
2.596000000000000000e+03
2.637000000000000000e+03
2.570000000000000000e+03
2.600000000000000000e+03
2.529000000000000000e+03
2.572000000000000000e+03
2.579000000000000000e+03
2.588000000000000000e+03
2.533000000000000000e+03
2.507000000000000000e+03
2.545000000000000000e+03
2.439000000000000000e+03
2.469000000000000000e+03
2.507000000000000000e+03
2.447000000000000000e+03
2.411000000000000000e+03
2.459000000000000000e+03
2.442000000000000000e+03
2.450000000000000000e+03
2.406000000000000000e+03
2.343000000000000000e+03
2.355000000000000000e+03
2.388000000000000000e+03
2.380000000000000000e+03
2.388000000000000000e+03
2.335000000000000000e+03
2.382000000000000000e+03
2.313000000000000000e+03
2.272000000000000000e+03
2.196000000000000000e+03
2.218000000000000000e+03
2.260000000000000000e+03
2.239000000000000000e+03
2.192000000000000000e+03
2.212000000000000000e+03
2.205000000000000000e+03
2.136000000000000000e+03
2.222000000000000000e+03
2.153000000000000000e+03
2.184000000000000000e+03
2.186000000000000000e+03
2.189000000000000000e+03
2.169000000000000000e+03
2.175000000000000000e+03
2.136000000000000000e+03
2.121000000000000000e+03
2.087000000000000000e+03
2.171000000000000000e+03
2.062000000000000000e+03
2.080000000000000000e+03
2.119000000000000000e+03
2.099000000000000000e+03
2.054000000000000000e+03
2.156000000000000000e+03
2.052000000000000000e+03
2.091000000000000000e+03
2.091000000000000000e+03
2.056000000000000000e+03
2.048000000000000000e+03
2.064000000000000000e+03
2.062000000000000000e+03
2.027000000000000000e+03
2.017000000000000000e+03
1.964000000000000000e+03
1.952000000000000000e+03
1.872000000000000000e+03
1.938000000000000000e+03
1.986000000000000000e+03
1.940000000000000000e+03
1.969000000000000000e+03
1.960000000000000000e+03
2.016000000000000000e+03
1.981000000000000000e+03
1.917000000000000000e+03
1.951000000000000000e+03
1.913000000000000000e+03
1.917000000000000000e+03
1.906000000000000000e+03
1.914000000000000000e+03
1.894000000000000000e+03
1.910000000000000000e+03
1.898000000000000000e+03
1.917000000000000000e+03
1.913000000000000000e+03
1.917000000000000000e+03
1.892000000000000000e+03
1.913000000000000000e+03
1.935000000000000000e+03
1.883000000000000000e+03
1.870000000000000000e+03
1.896000000000000000e+03
1.854000000000000000e+03
1.871000000000000000e+03
1.847000000000000000e+03
1.820000000000000000e+03
1.900000000000000000e+03
1.868000000000000000e+03
1.858000000000000000e+03
1.882000000000000000e+03
1.820000000000000000e+03
1.848000000000000000e+03
1.784000000000000000e+03
1.781000000000000000e+03
1.805000000000000000e+03
1.785000000000000000e+03
1.844000000000000000e+03
1.800000000000000000e+03
1.787000000000000000e+03
1.750000000000000000e+03
1.746000000000000000e+03
1.724000000000000000e+03
1.712000000000000000e+03
1.734000000000000000e+03
1.728000000000000000e+03
1.717000000000000000e+03
1.681000000000000000e+03
1.777000000000000000e+03
1.721000000000000000e+03
1.705000000000000000e+03
1.726000000000000000e+03
1.706000000000000000e+03
1.674000000000000000e+03
1.639000000000000000e+03
1.671000000000000000e+03
1.589000000000000000e+03
1.612000000000000000e+03
1.512000000000000000e+03
1.487000000000000000e+03
1.342000000000000000e+03
1.242000000000000000e+03
1.128000000000000000e+03
1.033000000000000000e+03
1.166000000000000000e+03
1.245000000000000000e+03
1.440000000000000000e+03
1.465000000000000000e+03
1.498000000000000000e+03
1.521000000000000000e+03
1.602000000000000000e+03
1.496000000000000000e+03
1.535000000000000000e+03
1.588000000000000000e+03
1.550000000000000000e+03
1.501000000000000000e+03
1.549000000000000000e+03
1.507000000000000000e+03
1.540000000000000000e+03
1.557000000000000000e+03
1.547000000000000000e+03
1.494000000000000000e+03
1.538000000000000000e+03
1.476000000000000000e+03
1.506000000000000000e+03
1.523000000000000000e+03
1.505000000000000000e+03
1.509000000000000000e+03
1.473000000000000000e+03
1.504000000000000000e+03
1.491000000000000000e+03
1.478000000000000000e+03
1.470000000000000000e+03
1.414000000000000000e+03
1.424000000000000000e+03
1.459000000000000000e+03
1.425000000000000000e+03
1.424000000000000000e+03
1.412000000000000000e+03
1.440000000000000000e+03
1.386000000000000000e+03
1.422000000000000000e+03
1.408000000000000000e+03
1.369000000000000000e+03
1.384000000000000000e+03
1.404000000000000000e+03
1.352000000000000000e+03
1.337000000000000000e+03
1.323000000000000000e+03
1.337000000000000000e+03
1.277000000000000000e+03
1.341000000000000000e+03
1.315000000000000000e+03
1.283000000000000000e+03
1.286000000000000000e+03
1.307000000000000000e+03
1.302000000000000000e+03
1.251000000000000000e+03
1.270000000000000000e+03
1.205000000000000000e+03
1.223000000000000000e+03
1.248000000000000000e+03
1.262000000000000000e+03
1.188000000000000000e+03
1.243000000000000000e+03
1.191000000000000000e+03
1.213000000000000000e+03
1.204000000000000000e+03
1.105000000000000000e+03
1.134000000000000000e+03
1.155000000000000000e+03
1.146000000000000000e+03
1.144000000000000000e+03
1.051000000000000000e+03
9.280000000000000000e+02
8.580000000000000000e+02
9.290000000000000000e+02
1.000000000000000000e+03
9.860000000000000000e+02
9.840000000000000000e+02
9.760000000000000000e+02
9.550000000000000000e+02
1.004000000000000000e+03
9.810000000000000000e+02
1.017000000000000000e+03
9.880000000000000000e+02
1.022000000000000000e+03
1.028000000000000000e+03
1.015000000000000000e+03
1.034000000000000000e+03
9.360000000000000000e+02
9.810000000000000000e+02
9.610000000000000000e+02
9.780000000000000000e+02
1.000000000000000000e+03
9.690000000000000000e+02
9.910000000000000000e+02
9.510000000000000000e+02
9.570000000000000000e+02
9.560000000000000000e+02
9.820000000000000000e+02
9.150000000000000000e+02
8.870000000000000000e+02
8.710000000000000000e+02
9.280000000000000000e+02
9.080000000000000000e+02
8.830000000000000000e+02
9.110000000000000000e+02
9.220000000000000000e+02
9.170000000000000000e+02
9.080000000000000000e+02
8.830000000000000000e+02
9.100000000000000000e+02
9.040000000000000000e+02
8.860000000000000000e+02
8.610000000000000000e+02
