1.362000000000000000e+03
1.906000000000000000e+03
2.404000000000000000e+03
2.671000000000000000e+03
2.456000000000000000e+03
1.937000000000000000e+03
1.664000000000000000e+03
2.008000000000000000e+03
2.698000000000000000e+03
3.452000000000000000e+03
3.787000000000000000e+03
3.797000000000000000e+03
3.577000000000000000e+03
2.976000000000000000e+03
2.188000000000000000e+03
2.074000000000000000e+03
2.702000000000000000e+03
3.659000000000000000e+03
4.524000000000000000e+03
4.973000000000000000e+03
5.273000000000000000e+03
5.408000000000000000e+03
5.586000000000000000e+03
5.477000000000000000e+03
5.183000000000000000e+03
4.583000000000000000e+03
3.508000000000000000e+03
2.736000000000000000e+03
3.059000000000000000e+03
4.175000000000000000e+03
5.466000000000000000e+03
6.540000000000000000e+03
7.180000000000000000e+03
7.651000000000000000e+03
7.907000000000000000e+03
8.296000000000000000e+03
8.021000000000000000e+03
8.065000000000000000e+03
8.007000000000000000e+03
8.182000000000000000e+03
8.424000000000000000e+03
8.118000000000000000e+03
7.858000000000000000e+03
7.119000000000000000e+03
5.872000000000000000e+03
4.536000000000000000e+03
3.420000000000000000e+03
3.893000000000000000e+03
5.486000000000000000e+03
6.924000000000000000e+03
8.045000000000000000e+03
8.905000000000000000e+03
9.283000000000000000e+03
9.581000000000000000e+03
9.937000000000000000e+03
1.012200000000000000e+04
1.037000000000000000e+04
1.041800000000000000e+04
1.058600000000000000e+04
1.077400000000000000e+04
1.096100000000000000e+04
1.107600000000000000e+04
1.135600000000000000e+04
1.153700000000000000e+04
1.174500000000000000e+04
1.159500000000000000e+04
1.174400000000000000e+04
1.223600000000000000e+04
1.225900000000000000e+04
1.218300000000000000e+04
1.210300000000000000e+04
1.198000000000000000e+04
1.162100000000000000e+04
1.095800000000000000e+04
9.707000000000000000e+03
8.103000000000000000e+03
6.220000000000000000e+03
5.171000000000000000e+03
6.593000000000000000e+03
9.106000000000000000e+03
1.089400000000000000e+04
1.224400000000000000e+04
1.313100000000000000e+04
1.373500000000000000e+04
1.425700000000000000e+04
1.457700000000000000e+04
1.457600000000000000e+04
1.466600000000000000e+04
1.514300000000000000e+04
1.523800000000000000e+04
1.523800000000000000e+04
1.544000000000000000e+04
1.545300000000000000e+04
1.533400000000000000e+04
1.552800000000000000e+04
1.537700000000000000e+04
1.534100000000000000e+04
1.561000000000000000e+04
1.558000000000000000e+04
1.585700000000000000e+04
1.550600000000000000e+04
1.567100000000000000e+04
1.584900000000000000e+04
1.573200000000000000e+04
1.578200000000000000e+04
1.536400000000000000e+04
1.563900000000000000e+04
1.557000000000000000e+04
1.542400000000000000e+04
1.569300000000000000e+04
1.562800000000000000e+04
1.591500000000000000e+04
1.572400000000000000e+04
1.626000000000000000e+04
1.567000000000000000e+04
1.587700000000000000e+04
1.587100000000000000e+04
1.577600000000000000e+04
1.625200000000000000e+04
1.608000000000000000e+04
1.621000000000000000e+04
1.619000000000000000e+04
1.614500000000000000e+04
1.626900000000000000e+04
1.571600000000000000e+04
1.607600000000000000e+04
1.580500000000000000e+04
1.525800000000000000e+04
1.498300000000000000e+04
1.393200000000000000e+04
1.224500000000000000e+04
1.035900000000000000e+04
7.617000000000000000e+03
7.090000000000000000e+03
9.241000000000000000e+03
1.177800000000000000e+04
1.409800000000000000e+04
1.555400000000000000e+04
1.675700000000000000e+04
1.753500000000000000e+04
1.819200000000000000e+04
1.858500000000000000e+04
1.884400000000000000e+04
1.875100000000000000e+04
1.939800000000000000e+04
1.944900000000000000e+04
1.987800000000000000e+04
2.004400000000000000e+04
2.033500000000000000e+04
2.068100000000000000e+04
2.079500000000000000e+04
2.082500000000000000e+04
2.151600000000000000e+04
2.186300000000000000e+04
2.177400000000000000e+04
2.162200000000000000e+04
2.191900000000000000e+04
2.210000000000000000e+04
2.234700000000000000e+04
2.272500000000000000e+04
2.273300000000000000e+04
2.321000000000000000e+04
2.284800000000000000e+04
2.304300000000000000e+04
2.330600000000000000e+04
2.293100000000000000e+04
2.310100000000000000e+04
2.382900000000000000e+04
2.415100000000000000e+04
2.438800000000000000e+04
2.475500000000000000e+04
2.439000000000000000e+04
2.469100000000000000e+04
2.483900000000000000e+04
2.542400000000000000e+04
2.511500000000000000e+04
2.570500000000000000e+04
2.564300000000000000e+04
2.617900000000000000e+04
2.615600000000000000e+04
2.605000000000000000e+04
2.635500000000000000e+04
2.623500000000000000e+04
2.688600000000000000e+04
2.682900000000000000e+04
2.751300000000000000e+04
2.730700000000000000e+04
2.785800000000000000e+04
2.755300000000000000e+04
2.762600000000000000e+04
2.757800000000000000e+04
2.802700000000000000e+04
2.817200000000000000e+04
2.890200000000000000e+04
2.848800000000000000e+04
2.856000000000000000e+04
2.878700000000000000e+04
2.897200000000000000e+04
2.912800000000000000e+04
2.934800000000000000e+04
2.929200000000000000e+04
2.942600000000000000e+04
2.986800000000000000e+04
3.000400000000000000e+04
2.972500000000000000e+04
3.026900000000000000e+04
3.016000000000000000e+04
3.024100000000000000e+04
3.022400000000000000e+04
3.047800000000000000e+04
3.075100000000000000e+04
3.078400000000000000e+04
3.142300000000000000e+04
3.098100000000000000e+04
3.116500000000000000e+04
3.177000000000000000e+04
3.150100000000000000e+04
3.150200000000000000e+04
3.203100000000000000e+04
3.210200000000000000e+04
3.184900000000000000e+04
3.204300000000000000e+04
3.210500000000000000e+04
3.214600000000000000e+04
3.241600000000000000e+04
3.260200000000000000e+04
3.277900000000000000e+04
3.284300000000000000e+04
3.232100000000000000e+04
3.304900000000000000e+04
3.310500000000000000e+04
3.302600000000000000e+04
3.273100000000000000e+04
3.327400000000000000e+04
3.303100000000000000e+04
3.313500000000000000e+04
3.346500000000000000e+04
3.364700000000000000e+04
3.317700000000000000e+04
3.303100000000000000e+04
3.327400000000000000e+04
3.287900000000000000e+04
3.297000000000000000e+04
3.299000000000000000e+04
3.309400000000000000e+04
3.235200000000000000e+04
3.189000000000000000e+04
3.158800000000000000e+04
3.090100000000000000e+04
2.973700000000000000e+04
2.799700000000000000e+04
2.517300000000000000e+04
2.212100000000000000e+04
1.784300000000000000e+04
1.456300000000000000e+04
1.587900000000000000e+04
2.005000000000000000e+04
2.374700000000000000e+04
2.614600000000000000e+04
2.795800000000000000e+04
2.922700000000000000e+04
2.992400000000000000e+04
3.058200000000000000e+04
3.092900000000000000e+04
3.126800000000000000e+04
3.161100000000000000e+04
3.131300000000000000e+04
3.151700000000000000e+04
3.146200000000000000e+04
3.117600000000000000e+04
3.134600000000000000e+04
3.155100000000000000e+04
3.198700000000000000e+04
3.134000000000000000e+04
3.118900000000000000e+04
3.153300000000000000e+04
3.143400000000000000e+04
3.143500000000000000e+04
3.111300000000000000e+04
3.100600000000000000e+04
3.116700000000000000e+04
3.142800000000000000e+04
3.100600000000000000e+04
3.093800000000000000e+04
3.074500000000000000e+04
3.101000000000000000e+04
3.065300000000000000e+04
3.034800000000000000e+04
3.024400000000000000e+04
3.027000000000000000e+04
2.961200000000000000e+04
2.981000000000000000e+04
2.976000000000000000e+04
3.001700000000000000e+04
2.991300000000000000e+04
2.934100000000000000e+04
2.935300000000000000e+04
2.941300000000000000e+04
2.963800000000000000e+04
2.950700000000000000e+04
2.893900000000000000e+04
2.931900000000000000e+04
2.939900000000000000e+04
2.940900000000000000e+04
2.958200000000000000e+04
2.949100000000000000e+04
2.965800000000000000e+04
2.969100000000000000e+04
2.976600000000000000e+04
2.980800000000000000e+04
3.007000000000000000e+04
3.010800000000000000e+04
3.023900000000000000e+04
3.036900000000000000e+04
3.050900000000000000e+04
3.040800000000000000e+04
3.056800000000000000e+04
3.041000000000000000e+04
3.101800000000000000e+04
3.068600000000000000e+04
3.084000000000000000e+04
3.117600000000000000e+04
3.111200000000000000e+04
3.121300000000000000e+04
3.160000000000000000e+04
3.116800000000000000e+04
3.083300000000000000e+04
3.130400000000000000e+04
3.181800000000000000e+04
3.150000000000000000e+04
3.182000000000000000e+04
3.206700000000000000e+04
3.222000000000000000e+04
3.225300000000000000e+04
3.290000000000000000e+04
3.266500000000000000e+04
3.303400000000000000e+04
3.300000000000000000e+04
3.302700000000000000e+04
3.305600000000000000e+04
3.337100000000000000e+04
3.364800000000000000e+04
3.366500000000000000e+04
3.390600000000000000e+04
3.403700000000000000e+04
3.429800000000000000e+04
3.429300000000000000e+04
3.411800000000000000e+04
3.376400000000000000e+04
3.445800000000000000e+04
3.448900000000000000e+04
3.438200000000000000e+04
3.524100000000000000e+04
3.529200000000000000e+04
3.564500000000000000e+04
3.572200000000000000e+04
3.608800000000000000e+04
3.584200000000000000e+04
3.617600000000000000e+04
3.610700000000000000e+04
3.590000000000000000e+04
3.600100000000000000e+04
3.626800000000000000e+04
3.635200000000000000e+04
3.677000000000000000e+04
3.647200000000000000e+04
3.693100000000000000e+04
3.675600000000000000e+04
3.715300000000000000e+04
3.687700000000000000e+04
3.706500000000000000e+04
3.719900000000000000e+04
3.706400000000000000e+04
3.700600000000000000e+04
3.702600000000000000e+04
3.721000000000000000e+04
3.715100000000000000e+04
3.732800000000000000e+04
3.694100000000000000e+04
3.681700000000000000e+04
3.687700000000000000e+04
3.667800000000000000e+04
3.684800000000000000e+04
3.638600000000000000e+04
3.648200000000000000e+04
3.641500000000000000e+04
3.650400000000000000e+04
3.646900000000000000e+04
3.665600000000000000e+04
3.636900000000000000e+04
3.626200000000000000e+04
3.608800000000000000e+04
3.629400000000000000e+04
3.617600000000000000e+04
3.653400000000000000e+04
3.627200000000000000e+04
3.632000000000000000e+04
3.616900000000000000e+04
3.615700000000000000e+04
3.612500000000000000e+04
3.631600000000000000e+04
3.663300000000000000e+04
3.605400000000000000e+04
3.665800000000000000e+04
3.652300000000000000e+04
3.621600000000000000e+04
3.637100000000000000e+04
3.634800000000000000e+04
3.630500000000000000e+04
3.633800000000000000e+04
3.590400000000000000e+04
3.585000000000000000e+04
3.650800000000000000e+04
3.653100000000000000e+04
3.662400000000000000e+04
3.671300000000000000e+04
3.697200000000000000e+04
3.687300000000000000e+04
3.696600000000000000e+04
3.720500000000000000e+04
3.725800000000000000e+04
3.758900000000000000e+04
3.746300000000000000e+04
3.718800000000000000e+04
3.712700000000000000e+04
3.750400000000000000e+04
3.793400000000000000e+04
3.770600000000000000e+04
3.783700000000000000e+04
3.821000000000000000e+04
3.819300000000000000e+04
3.836900000000000000e+04
3.814100000000000000e+04
3.835100000000000000e+04
3.866400000000000000e+04
3.869400000000000000e+04
3.863400000000000000e+04
3.872300000000000000e+04
3.893400000000000000e+04
3.908500000000000000e+04
3.884900000000000000e+04
3.940500000000000000e+04
3.943100000000000000e+04
3.945200000000000000e+04
3.957100000000000000e+04
3.977400000000000000e+04
3.953000000000000000e+04
3.963900000000000000e+04
3.984900000000000000e+04
3.981400000000000000e+04
4.002400000000000000e+04
4.033200000000000000e+04
3.995900000000000000e+04
4.029000000000000000e+04
4.051300000000000000e+04
4.012900000000000000e+04
4.047600000000000000e+04
4.063100000000000000e+04
4.074500000000000000e+04
4.075100000000000000e+04
4.089000000000000000e+04
4.093600000000000000e+04
4.072700000000000000e+04
4.122300000000000000e+04
4.104200000000000000e+04
4.102500000000000000e+04
4.126500000000000000e+04
4.149400000000000000e+04
4.152600000000000000e+04
4.176100000000000000e+04
4.163100000000000000e+04
4.152700000000000000e+04
4.179300000000000000e+04
4.182100000000000000e+04
4.184200000000000000e+04
4.172600000000000000e+04
4.191000000000000000e+04
4.208600000000000000e+04
4.208300000000000000e+04
4.225200000000000000e+04
4.222000000000000000e+04
4.200800000000000000e+04
4.188400000000000000e+04
4.178200000000000000e+04
4.178800000000000000e+04
4.156900000000000000e+04
4.171300000000000000e+04
4.190800000000000000e+04
4.151700000000000000e+04
4.140000000000000000e+04
4.127800000000000000e+04
4.110700000000000000e+04
4.074100000000000000e+04
4.057100000000000000e+04
3.961300000000000000e+04
3.917700000000000000e+04
3.949100000000000000e+04
3.959100000000000000e+04
3.974300000000000000e+04
4.002600000000000000e+04
4.027000000000000000e+04
3.971000000000000000e+04
3.962300000000000000e+04
3.979000000000000000e+04
4.012900000000000000e+04
4.012000000000000000e+04
4.004100000000000000e+04
3.947400000000000000e+04
3.930100000000000000e+04
3.958200000000000000e+04
3.965200000000000000e+04
4.011900000000000000e+04
3.985700000000000000e+04
3.945000000000000000e+04
3.930000000000000000e+04
3.929200000000000000e+04
3.937800000000000000e+04
3.925000000000000000e+04
3.912800000000000000e+04
3.890400000000000000e+04
3.930400000000000000e+04
3.893200000000000000e+04
3.863200000000000000e+04
3.850400000000000000e+04
3.836100000000000000e+04
3.857700000000000000e+04
3.818900000000000000e+04
3.804100000000000000e+04
3.799200000000000000e+04
3.787100000000000000e+04
3.778200000000000000e+04
3.763800000000000000e+04
3.735400000000000000e+04
3.719600000000000000e+04
3.743500000000000000e+04
3.742900000000000000e+04
3.677600000000000000e+04
3.672900000000000000e+04
3.659600000000000000e+04
3.666700000000000000e+04
3.662200000000000000e+04
3.616100000000000000e+04
3.584200000000000000e+04
3.605700000000000000e+04
3.567400000000000000e+04
3.542500000000000000e+04
3.561800000000000000e+04
3.535300000000000000e+04
3.530200000000000000e+04
3.520000000000000000e+04
3.490300000000000000e+04
3.508400000000000000e+04
3.476200000000000000e+04
3.458400000000000000e+04
3.458000000000000000e+04
3.436700000000000000e+04
3.390100000000000000e+04
3.364900000000000000e+04
3.414800000000000000e+04
3.416900000000000000e+04
3.415900000000000000e+04
3.399900000000000000e+04
3.390300000000000000e+04
3.399200000000000000e+04
3.379100000000000000e+04
3.397400000000000000e+04
3.375400000000000000e+04
3.356200000000000000e+04
3.336400000000000000e+04
3.315500000000000000e+04
3.324000000000000000e+04
3.310900000000000000e+04
3.302500000000000000e+04
3.300100000000000000e+04
3.290600000000000000e+04
3.288900000000000000e+04
3.249400000000000000e+04
3.253500000000000000e+04
3.235800000000000000e+04
3.264500000000000000e+04
3.257500000000000000e+04
3.260000000000000000e+04
3.259900000000000000e+04
3.255200000000000000e+04
3.204200000000000000e+04
3.087500000000000000e+04
3.115200000000000000e+04
3.128200000000000000e+04
3.168400000000000000e+04
3.166400000000000000e+04
3.191500000000000000e+04
3.170900000000000000e+04
3.175300000000000000e+04
3.165200000000000000e+04
3.204500000000000000e+04
3.169800000000000000e+04
3.191800000000000000e+04
3.167100000000000000e+04
3.174800000000000000e+04
3.166700000000000000e+04
3.167300000000000000e+04
3.117700000000000000e+04
3.137500000000000000e+04
3.155600000000000000e+04
3.141100000000000000e+04
3.142300000000000000e+04
3.109900000000000000e+04
3.106300000000000000e+04
3.097600000000000000e+04
3.125400000000000000e+04
3.104700000000000000e+04
3.088700000000000000e+04
3.111100000000000000e+04
3.066400000000000000e+04
3.080000000000000000e+04
3.069500000000000000e+04
3.093800000000000000e+04
3.062200000000000000e+04
3.045600000000000000e+04
3.056000000000000000e+04
3.060700000000000000e+04
3.043700000000000000e+04
3.059200000000000000e+04
3.018000000000000000e+04
3.044500000000000000e+04
3.017800000000000000e+04
3.009400000000000000e+04
2.994900000000000000e+04
3.000900000000000000e+04
2.953400000000000000e+04
2.943300000000000000e+04
2.939300000000000000e+04
2.924600000000000000e+04
2.905000000000000000e+04
2.927200000000000000e+04
2.920600000000000000e+04
2.913800000000000000e+04
2.917200000000000000e+04
2.910900000000000000e+04
2.890100000000000000e+04
2.848800000000000000e+04
2.819200000000000000e+04
2.826000000000000000e+04
2.827900000000000000e+04
2.759900000000000000e+04
2.733200000000000000e+04
2.647700000000000000e+04
2.556800000000000000e+04
2.433900000000000000e+04
2.213500000000000000e+04
1.997700000000000000e+04
1.707400000000000000e+04
1.659300000000000000e+04
1.900700000000000000e+04
2.163100000000000000e+04
2.333100000000000000e+04
2.467700000000000000e+04
2.520600000000000000e+04
2.591800000000000000e+04
2.654600000000000000e+04
2.671100000000000000e+04
2.678700000000000000e+04
2.686500000000000000e+04
2.701300000000000000e+04
2.714900000000000000e+04
2.701400000000000000e+04
2.683400000000000000e+04
2.678200000000000000e+04
2.661800000000000000e+04
2.683800000000000000e+04
2.655700000000000000e+04
2.651600000000000000e+04
2.660100000000000000e+04
2.628100000000000000e+04
2.638400000000000000e+04
2.638300000000000000e+04
2.612800000000000000e+04
2.606600000000000000e+04
2.584300000000000000e+04
2.580400000000000000e+04
2.567800000000000000e+04
2.554900000000000000e+04
2.516500000000000000e+04
2.509100000000000000e+04
2.511600000000000000e+04
2.482500000000000000e+04
2.490300000000000000e+04
2.459800000000000000e+04
2.445900000000000000e+04
2.446100000000000000e+04
2.436700000000000000e+04
2.427000000000000000e+04
2.376400000000000000e+04
2.379400000000000000e+04
2.380300000000000000e+04
2.357000000000000000e+04
2.349300000000000000e+04
2.326100000000000000e+04
2.317200000000000000e+04
2.326200000000000000e+04
2.312500000000000000e+04
2.292700000000000000e+04
2.265500000000000000e+04
2.270100000000000000e+04
2.262000000000000000e+04
2.234200000000000000e+04
2.228700000000000000e+04
2.202200000000000000e+04
2.188200000000000000e+04
2.185200000000000000e+04
2.155600000000000000e+04
2.164600000000000000e+04
2.134100000000000000e+04
2.123600000000000000e+04
2.100000000000000000e+04
2.126500000000000000e+04
2.080500000000000000e+04
2.055100000000000000e+04
2.052000000000000000e+04
2.030500000000000000e+04
2.033800000000000000e+04
1.989000000000000000e+04
1.815100000000000000e+04
1.546100000000000000e+04
1.449500000000000000e+04
1.595300000000000000e+04
1.695700000000000000e+04
1.687100000000000000e+04
1.679100000000000000e+04
1.632600000000000000e+04
1.647800000000000000e+04
1.673100000000000000e+04
1.707900000000000000e+04
1.715500000000000000e+04
1.727600000000000000e+04
1.725200000000000000e+04
1.735800000000000000e+04
1.722600000000000000e+04
1.715500000000000000e+04
1.697700000000000000e+04
1.655200000000000000e+04
1.662900000000000000e+04
1.661300000000000000e+04
1.644300000000000000e+04
1.662300000000000000e+04
1.665200000000000000e+04
1.677800000000000000e+04
1.673500000000000000e+04
1.657400000000000000e+04
1.660200000000000000e+04
1.629700000000000000e+04
1.591600000000000000e+04
1.589000000000000000e+04
1.582100000000000000e+04
1.560100000000000000e+04
1.562700000000000000e+04
1.556100000000000000e+04
1.559700000000000000e+04
1.545500000000000000e+04
1.541400000000000000e+04
1.531800000000000000e+04
1.545400000000000000e+04
1.529900000000000000e+04
1.526200000000000000e+04
1.500000000000000000e+04
