4.470000000000000000e+02
5.790000000000000000e+02
6.430000000000000000e+02
6.600000000000000000e+02
5.990000000000000000e+02
4.940000000000000000e+02
4.700000000000000000e+02
6.140000000000000000e+02
7.840000000000000000e+02
9.110000000000000000e+02
9.530000000000000000e+02
9.400000000000000000e+02
8.250000000000000000e+02
7.240000000000000000e+02
5.620000000000000000e+02
6.300000000000000000e+02
8.290000000000000000e+02
1.079000000000000000e+03
1.216000000000000000e+03
1.285000000000000000e+03
1.393000000000000000e+03
1.382000000000000000e+03
1.395000000000000000e+03
1.372000000000000000e+03
1.218000000000000000e+03
1.047000000000000000e+03
8.360000000000000000e+02
7.660000000000000000e+02
9.280000000000000000e+02
1.164000000000000000e+03
1.379000000000000000e+03
1.561000000000000000e+03
1.721000000000000000e+03
1.732000000000000000e+03
1.853000000000000000e+03
1.899000000000000000e+03
1.939000000000000000e+03
1.803000000000000000e+03
1.856000000000000000e+03
1.918000000000000000e+03
1.874000000000000000e+03
1.818000000000000000e+03
1.718000000000000000e+03
1.553000000000000000e+03
1.264000000000000000e+03
9.720000000000000000e+02
8.920000000000000000e+02
1.124000000000000000e+03
1.467000000000000000e+03
1.689000000000000000e+03
1.932000000000000000e+03
2.024000000000000000e+03
2.180000000000000000e+03
2.191000000000000000e+03
2.259000000000000000e+03
2.264000000000000000e+03
2.349000000000000000e+03
2.441000000000000000e+03
2.455000000000000000e+03
2.503000000000000000e+03
2.489000000000000000e+03
2.591000000000000000e+03
2.663000000000000000e+03
2.674000000000000000e+03
2.646000000000000000e+03
2.678000000000000000e+03
2.751000000000000000e+03
2.727000000000000000e+03
2.672000000000000000e+03
2.748000000000000000e+03
2.820000000000000000e+03
2.775000000000000000e+03
2.611000000000000000e+03
2.452000000000000000e+03
2.185000000000000000e+03
1.772000000000000000e+03
1.403000000000000000e+03
1.410000000000000000e+03
1.812000000000000000e+03
2.351000000000000000e+03
2.649000000000000000e+03
2.882000000000000000e+03
3.045000000000000000e+03
3.161000000000000000e+03
3.314000000000000000e+03
3.451000000000000000e+03
3.425000000000000000e+03
3.478000000000000000e+03
3.550000000000000000e+03
3.524000000000000000e+03
3.499000000000000000e+03
3.638000000000000000e+03
3.508000000000000000e+03
3.592000000000000000e+03
3.685000000000000000e+03
3.687000000000000000e+03
3.692000000000000000e+03
3.725000000000000000e+03
3.752000000000000000e+03
3.730000000000000000e+03
3.794000000000000000e+03
3.712000000000000000e+03
3.655000000000000000e+03
3.673000000000000000e+03
3.704000000000000000e+03
3.757000000000000000e+03
3.756000000000000000e+03
3.758000000000000000e+03
3.727000000000000000e+03
3.881000000000000000e+03
3.858000000000000000e+03
3.781000000000000000e+03
3.832000000000000000e+03
3.839000000000000000e+03
3.918000000000000000e+03
3.856000000000000000e+03
3.894000000000000000e+03
3.877000000000000000e+03
3.939000000000000000e+03
3.864000000000000000e+03
3.957000000000000000e+03
3.920000000000000000e+03
3.990000000000000000e+03
3.926000000000000000e+03
3.965000000000000000e+03
3.907000000000000000e+03
3.813000000000000000e+03
3.789000000000000000e+03
3.617000000000000000e+03
3.278000000000000000e+03
2.891000000000000000e+03
2.322000000000000000e+03
1.895000000000000000e+03
1.995000000000000000e+03
2.684000000000000000e+03
3.326000000000000000e+03
3.769000000000000000e+03
4.127000000000000000e+03
4.250000000000000000e+03
4.544000000000000000e+03
4.636000000000000000e+03
4.671000000000000000e+03
4.746000000000000000e+03
4.828000000000000000e+03
4.852000000000000000e+03
4.944000000000000000e+03
5.067000000000000000e+03
5.161000000000000000e+03
5.209000000000000000e+03
5.261000000000000000e+03
5.201000000000000000e+03
5.339000000000000000e+03
5.375000000000000000e+03
5.447000000000000000e+03
5.450000000000000000e+03
5.571000000000000000e+03
5.538000000000000000e+03
5.598000000000000000e+03
5.591000000000000000e+03
5.757000000000000000e+03
5.835000000000000000e+03
5.865000000000000000e+03
5.753000000000000000e+03
5.886000000000000000e+03
5.870000000000000000e+03
5.802000000000000000e+03
6.010000000000000000e+03
6.043000000000000000e+03
6.169000000000000000e+03
6.185000000000000000e+03
6.256000000000000000e+03
6.401000000000000000e+03
6.335000000000000000e+03
6.398000000000000000e+03
6.355000000000000000e+03
6.441000000000000000e+03
6.546000000000000000e+03
6.615000000000000000e+03
6.769000000000000000e+03
6.623000000000000000e+03
6.727000000000000000e+03
6.620000000000000000e+03
6.854000000000000000e+03
6.791000000000000000e+03
6.934000000000000000e+03
7.010000000000000000e+03
6.989000000000000000e+03
7.080000000000000000e+03
7.047000000000000000e+03
7.100000000000000000e+03
7.129000000000000000e+03
7.214000000000000000e+03
7.220000000000000000e+03
7.383000000000000000e+03
7.324000000000000000e+03
7.471000000000000000e+03
7.593000000000000000e+03
7.604000000000000000e+03
7.518000000000000000e+03
7.657000000000000000e+03
7.646000000000000000e+03
7.679000000000000000e+03
7.673000000000000000e+03
7.824000000000000000e+03
7.959000000000000000e+03
7.985000000000000000e+03
8.027000000000000000e+03
7.930000000000000000e+03
8.073000000000000000e+03
8.134000000000000000e+03
8.123000000000000000e+03
8.271000000000000000e+03
8.237000000000000000e+03
8.319000000000000000e+03
8.268000000000000000e+03
8.323000000000000000e+03
8.334000000000000000e+03
8.455000000000000000e+03
8.431000000000000000e+03
8.489000000000000000e+03
8.659000000000000000e+03
8.665000000000000000e+03
8.670000000000000000e+03
8.862000000000000000e+03
8.787000000000000000e+03
8.719000000000000000e+03
8.682000000000000000e+03
8.801000000000000000e+03
8.944000000000000000e+03
8.850000000000000000e+03
8.851000000000000000e+03
8.860000000000000000e+03
8.947000000000000000e+03
8.925000000000000000e+03
9.045000000000000000e+03
8.991000000000000000e+03
9.005000000000000000e+03
9.203000000000000000e+03
9.179000000000000000e+03
8.962000000000000000e+03
8.899000000000000000e+03
8.986000000000000000e+03
8.894000000000000000e+03
8.827000000000000000e+03
8.828000000000000000e+03
8.882000000000000000e+03
8.653000000000000000e+03
8.569000000000000000e+03
8.247000000000000000e+03
7.989000000000000000e+03
7.457000000000000000e+03
6.814000000000000000e+03
5.903000000000000000e+03
4.586000000000000000e+03
4.031000000000000000e+03
4.779000000000000000e+03
6.017000000000000000e+03
6.891000000000000000e+03
7.509000000000000000e+03
7.827000000000000000e+03
8.167000000000000000e+03
8.435000000000000000e+03
8.615000000000000000e+03
8.723000000000000000e+03
8.630000000000000000e+03
8.663000000000000000e+03
8.862000000000000000e+03
8.723000000000000000e+03
8.659000000000000000e+03
8.745000000000000000e+03
8.838000000000000000e+03
8.785000000000000000e+03
8.719000000000000000e+03
8.730000000000000000e+03
8.771000000000000000e+03
8.841000000000000000e+03
8.783000000000000000e+03
8.763000000000000000e+03
8.712000000000000000e+03
8.879000000000000000e+03
8.823000000000000000e+03
8.874000000000000000e+03
8.815000000000000000e+03
8.781000000000000000e+03
8.730000000000000000e+03
8.767000000000000000e+03
8.641000000000000000e+03
8.646000000000000000e+03
8.611000000000000000e+03
8.584000000000000000e+03
8.430000000000000000e+03
8.278000000000000000e+03
8.384000000000000000e+03
8.310000000000000000e+03
8.464000000000000000e+03
8.345000000000000000e+03
8.444000000000000000e+03
8.240000000000000000e+03
8.360000000000000000e+03
8.332000000000000000e+03
8.370000000000000000e+03
8.224000000000000000e+03
8.256000000000000000e+03
8.325000000000000000e+03
8.372000000000000000e+03
8.412000000000000000e+03
8.468000000000000000e+03
8.368000000000000000e+03
8.386000000000000000e+03
8.517000000000000000e+03
8.600000000000000000e+03
8.496000000000000000e+03
8.584000000000000000e+03
8.568000000000000000e+03
8.687000000000000000e+03
8.561000000000000000e+03
8.545000000000000000e+03
8.656000000000000000e+03
8.752000000000000000e+03
8.794000000000000000e+03
8.862000000000000000e+03
8.883000000000000000e+03
8.897000000000000000e+03
8.909000000000000000e+03
9.184000000000000000e+03
8.960000000000000000e+03
8.990000000000000000e+03
9.071000000000000000e+03
9.162000000000000000e+03
9.077000000000000000e+03
9.172000000000000000e+03
9.209000000000000000e+03
9.354000000000000000e+03
9.313000000000000000e+03
9.379000000000000000e+03
9.385000000000000000e+03
9.450000000000000000e+03
9.528000000000000000e+03
9.526000000000000000e+03
9.626000000000000000e+03
9.686000000000000000e+03
9.712000000000000000e+03
9.769000000000000000e+03
9.857000000000000000e+03
9.805000000000000000e+03
9.900000000000000000e+03
9.921000000000000000e+03
1.002300000000000000e+04
9.962000000000000000e+03
9.982000000000000000e+03
1.030800000000000000e+04
1.013900000000000000e+04
1.025800000000000000e+04
1.035300000000000000e+04
1.031700000000000000e+04
1.033700000000000000e+04
1.046700000000000000e+04
1.058000000000000000e+04
1.061900000000000000e+04
1.056700000000000000e+04
1.042600000000000000e+04
1.041400000000000000e+04
1.060800000000000000e+04
1.050700000000000000e+04
1.071900000000000000e+04
1.076100000000000000e+04
1.077200000000000000e+04
1.085300000000000000e+04
1.075900000000000000e+04
1.083800000000000000e+04
1.077800000000000000e+04
1.070500000000000000e+04
1.063000000000000000e+04
1.075900000000000000e+04
1.088400000000000000e+04
1.076500000000000000e+04
1.099900000000000000e+04
1.078100000000000000e+04
1.080700000000000000e+04
1.084500000000000000e+04
1.078300000000000000e+04
1.058700000000000000e+04
1.075800000000000000e+04
1.076300000000000000e+04
1.073900000000000000e+04
1.063900000000000000e+04
1.073800000000000000e+04
1.074000000000000000e+04
1.065100000000000000e+04
1.071000000000000000e+04
1.069400000000000000e+04
1.076000000000000000e+04
1.082000000000000000e+04
1.074600000000000000e+04
1.057300000000000000e+04
1.064900000000000000e+04
1.068800000000000000e+04
1.063200000000000000e+04
1.062500000000000000e+04
1.063100000000000000e+04
1.071000000000000000e+04
1.070900000000000000e+04
1.073300000000000000e+04
1.067800000000000000e+04
1.075100000000000000e+04
1.088900000000000000e+04
1.084200000000000000e+04
1.087800000000000000e+04
1.094500000000000000e+04
1.089000000000000000e+04
1.078200000000000000e+04
1.072400000000000000e+04
1.082500000000000000e+04
1.082200000000000000e+04
1.077700000000000000e+04
1.085200000000000000e+04
1.104900000000000000e+04
1.102600000000000000e+04
1.102500000000000000e+04
1.105900000000000000e+04
1.125600000000000000e+04
1.115000000000000000e+04
1.120400000000000000e+04
1.119400000000000000e+04
1.123800000000000000e+04
1.129700000000000000e+04
1.134000000000000000e+04
1.146800000000000000e+04
1.134800000000000000e+04
1.153600000000000000e+04
1.137000000000000000e+04
1.142100000000000000e+04
1.151300000000000000e+04
1.163200000000000000e+04
1.173600000000000000e+04
1.174400000000000000e+04
1.159500000000000000e+04
1.171400000000000000e+04
1.184100000000000000e+04
1.187300000000000000e+04
1.187300000000000000e+04
1.195100000000000000e+04
1.202000000000000000e+04
1.200300000000000000e+04
1.219500000000000000e+04
1.213900000000000000e+04
1.221000000000000000e+04
1.197600000000000000e+04
1.218600000000000000e+04
1.208300000000000000e+04
1.213000000000000000e+04
1.224500000000000000e+04
1.238000000000000000e+04
1.214900000000000000e+04
1.239800000000000000e+04
1.244900000000000000e+04
1.242700000000000000e+04
1.238800000000000000e+04
1.231400000000000000e+04
1.248800000000000000e+04
1.251100000000000000e+04
1.249800000000000000e+04
1.274100000000000000e+04
1.252500000000000000e+04
1.258800000000000000e+04
1.268700000000000000e+04
1.270100000000000000e+04
1.267500000000000000e+04
1.271500000000000000e+04
1.273300000000000000e+04
1.260300000000000000e+04
1.269800000000000000e+04
1.278200000000000000e+04
1.284200000000000000e+04
1.270600000000000000e+04
1.297100000000000000e+04
1.282400000000000000e+04
1.287700000000000000e+04
1.303300000000000000e+04
1.285700000000000000e+04
1.306700000000000000e+04
1.309700000000000000e+04
1.288600000000000000e+04
1.277800000000000000e+04
1.277800000000000000e+04
1.287000000000000000e+04
1.279500000000000000e+04
1.280800000000000000e+04
1.270000000000000000e+04
1.270800000000000000e+04
1.272800000000000000e+04
1.257400000000000000e+04
1.248000000000000000e+04
1.251600000000000000e+04
1.226000000000000000e+04
1.229200000000000000e+04
1.222900000000000000e+04
1.223300000000000000e+04
1.256100000000000000e+04
1.236800000000000000e+04
1.230900000000000000e+04
1.235000000000000000e+04
1.237000000000000000e+04
1.243500000000000000e+04
1.244400000000000000e+04
1.242200000000000000e+04
1.224100000000000000e+04
1.235300000000000000e+04
1.220300000000000000e+04
1.239200000000000000e+04
1.240800000000000000e+04
1.238700000000000000e+04
1.223500000000000000e+04
1.213900000000000000e+04
1.204000000000000000e+04
1.236800000000000000e+04
1.224200000000000000e+04
1.225900000000000000e+04
1.218300000000000000e+04
1.213300000000000000e+04
1.208400000000000000e+04
1.208100000000000000e+04
1.216700000000000000e+04
1.215800000000000000e+04
1.201000000000000000e+04
1.206900000000000000e+04
1.205500000000000000e+04
1.223500000000000000e+04
1.178900000000000000e+04
1.213200000000000000e+04
1.194600000000000000e+04
1.184700000000000000e+04
1.192600000000000000e+04
1.192600000000000000e+04
1.172000000000000000e+04
1.174900000000000000e+04
1.171400000000000000e+04
1.185200000000000000e+04
1.169700000000000000e+04
1.175700000000000000e+04
1.157100000000000000e+04
1.159600000000000000e+04
1.154100000000000000e+04
1.153900000000000000e+04
1.126600000000000000e+04
1.146600000000000000e+04
1.158100000000000000e+04
1.125000000000000000e+04
1.127100000000000000e+04
1.140800000000000000e+04
1.144400000000000000e+04
1.141100000000000000e+04
1.118800000000000000e+04
1.127400000000000000e+04
1.134400000000000000e+04
1.122100000000000000e+04
1.120200000000000000e+04
1.097700000000000000e+04
1.105600000000000000e+04
1.113700000000000000e+04
1.111900000000000000e+04
1.108100000000000000e+04
1.123000000000000000e+04
1.108500000000000000e+04
1.120700000000000000e+04
1.099800000000000000e+04
1.103800000000000000e+04
1.096500000000000000e+04
1.116600000000000000e+04
1.115100000000000000e+04
1.106000000000000000e+04
1.104800000000000000e+04
1.103800000000000000e+04
1.104800000000000000e+04
1.096300000000000000e+04
1.089300000000000000e+04
1.096000000000000000e+04
1.107200000000000000e+04
1.096400000000000000e+04
1.093100000000000000e+04
1.101000000000000000e+04
1.104900000000000000e+04
1.101300000000000000e+04
1.086500000000000000e+04
1.067900000000000000e+04
1.054900000000000000e+04
1.055900000000000000e+04
1.056600000000000000e+04
1.077900000000000000e+04
1.084300000000000000e+04
1.080700000000000000e+04
1.088600000000000000e+04
1.082100000000000000e+04
1.087400000000000000e+04
1.095400000000000000e+04
1.091000000000000000e+04
1.093700000000000000e+04
1.093500000000000000e+04
1.076100000000000000e+04
1.091700000000000000e+04
1.084100000000000000e+04
1.081000000000000000e+04
1.089000000000000000e+04
1.077400000000000000e+04
1.081800000000000000e+04
1.098700000000000000e+04
1.079200000000000000e+04
1.085600000000000000e+04
1.070100000000000000e+04
1.070800000000000000e+04
1.088200000000000000e+04
1.090900000000000000e+04
1.083700000000000000e+04
1.084600000000000000e+04
1.088100000000000000e+04
1.078900000000000000e+04
1.066300000000000000e+04
1.071100000000000000e+04
1.073200000000000000e+04
1.067400000000000000e+04
1.071000000000000000e+04
1.088200000000000000e+04
1.075800000000000000e+04
1.086000000000000000e+04
1.072400000000000000e+04
1.052800000000000000e+04
1.050500000000000000e+04
1.063300000000000000e+04
1.055700000000000000e+04
1.037600000000000000e+04
1.046900000000000000e+04
1.043000000000000000e+04
1.043500000000000000e+04
1.038300000000000000e+04
1.046900000000000000e+04
1.039800000000000000e+04
1.052500000000000000e+04
1.041900000000000000e+04
1.045500000000000000e+04
1.049500000000000000e+04
1.023700000000000000e+04
1.031100000000000000e+04
1.024300000000000000e+04
1.024200000000000000e+04
9.842000000000000000e+03
9.822000000000000000e+03
9.575000000000000000e+03
9.191000000000000000e+03
8.749000000000000000e+03
8.152000000000000000e+03
7.104000000000000000e+03
6.247000000000000000e+03
6.262000000000000000e+03
7.094000000000000000e+03
7.936000000000000000e+03
8.656000000000000000e+03
8.867000000000000000e+03
9.324000000000000000e+03
9.452000000000000000e+03
9.817000000000000000e+03
9.869000000000000000e+03
9.890000000000000000e+03
9.921000000000000000e+03
9.949000000000000000e+03
1.001000000000000000e+04
1.000300000000000000e+04
1.004100000000000000e+04
9.866000000000000000e+03
9.850000000000000000e+03
9.968000000000000000e+03
9.851000000000000000e+03
9.902000000000000000e+03
9.912000000000000000e+03
9.701000000000000000e+03
9.873000000000000000e+03
9.751000000000000000e+03
9.865000000000000000e+03
9.768000000000000000e+03
9.594000000000000000e+03
9.594000000000000000e+03
9.539000000000000000e+03
9.582000000000000000e+03
9.605000000000000000e+03
9.544000000000000000e+03
9.520000000000000000e+03
9.355000000000000000e+03
9.457000000000000000e+03
9.438000000000000000e+03
9.389000000000000000e+03
9.256000000000000000e+03
9.182000000000000000e+03
9.191000000000000000e+03
9.245000000000000000e+03
9.059000000000000000e+03
9.060000000000000000e+03
8.977000000000000000e+03
8.946000000000000000e+03
8.923000000000000000e+03
8.855000000000000000e+03
8.892000000000000000e+03
8.743000000000000000e+03
8.741000000000000000e+03
8.775000000000000000e+03
8.742000000000000000e+03
8.556000000000000000e+03
8.591000000000000000e+03
8.635000000000000000e+03
8.442000000000000000e+03
8.544000000000000000e+03
8.360000000000000000e+03
8.522000000000000000e+03
8.406000000000000000e+03
8.337000000000000000e+03
8.328000000000000000e+03
8.261000000000000000e+03
8.264000000000000000e+03
8.140000000000000000e+03
8.143000000000000000e+03
8.112000000000000000e+03
8.063000000000000000e+03
7.981000000000000000e+03
7.877000000000000000e+03
7.067000000000000000e+03
6.137000000000000000e+03
5.930000000000000000e+03
6.343000000000000000e+03
6.759000000000000000e+03
6.678000000000000000e+03
6.510000000000000000e+03
6.640000000000000000e+03
6.686000000000000000e+03
6.770000000000000000e+03
6.793000000000000000e+03
6.817000000000000000e+03
7.057000000000000000e+03
7.012000000000000000e+03
6.948000000000000000e+03
6.959000000000000000e+03
6.759000000000000000e+03
6.846000000000000000e+03
6.704000000000000000e+03
6.844000000000000000e+03
6.698000000000000000e+03
6.819000000000000000e+03
6.684000000000000000e+03
6.736000000000000000e+03
6.921000000000000000e+03
6.812000000000000000e+03
6.870000000000000000e+03
6.796000000000000000e+03
6.672000000000000000e+03
6.582000000000000000e+03
6.573000000000000000e+03
6.569000000000000000e+03
6.489000000000000000e+03
6.556000000000000000e+03
6.488000000000000000e+03
6.463000000000000000e+03
6.466000000000000000e+03
6.522000000000000000e+03
6.392000000000000000e+03
6.489000000000000000e+03
6.486000000000000000e+03
6.388000000000000000e+03
6.396000000000000000e+03
