3.080000000000000000e+02
3.420000000000000000e+02
3.950000000000000000e+02
4.060000000000000000e+02
3.560000000000000000e+02
3.120000000000000000e+02
3.090000000000000000e+02
3.660000000000000000e+02
4.560000000000000000e+02
5.040000000000000000e+02
5.520000000000000000e+02
5.150000000000000000e+02
4.770000000000000000e+02
4.080000000000000000e+02
3.530000000000000000e+02
3.880000000000000000e+02
4.980000000000000000e+02
6.060000000000000000e+02
6.570000000000000000e+02
6.860000000000000000e+02
7.690000000000000000e+02
7.770000000000000000e+02
7.440000000000000000e+02
7.630000000000000000e+02
6.800000000000000000e+02
6.070000000000000000e+02
4.740000000000000000e+02
4.600000000000000000e+02
5.300000000000000000e+02
6.490000000000000000e+02
7.430000000000000000e+02
8.400000000000000000e+02
8.320000000000000000e+02
9.480000000000000000e+02
9.630000000000000000e+02
1.023000000000000000e+03
1.000000000000000000e+03
9.290000000000000000e+02
9.480000000000000000e+02
1.018000000000000000e+03
1.014000000000000000e+03
9.690000000000000000e+02
8.990000000000000000e+02
8.160000000000000000e+02
7.440000000000000000e+02
5.450000000000000000e+02
5.140000000000000000e+02
5.950000000000000000e+02
8.130000000000000000e+02
8.970000000000000000e+02
1.011000000000000000e+03
1.072000000000000000e+03
1.150000000000000000e+03
1.154000000000000000e+03
1.178000000000000000e+03
1.218000000000000000e+03
1.209000000000000000e+03
1.249000000000000000e+03
1.249000000000000000e+03
1.281000000000000000e+03
1.249000000000000000e+03
1.366000000000000000e+03
1.371000000000000000e+03
1.410000000000000000e+03
1.363000000000000000e+03
1.422000000000000000e+03
1.424000000000000000e+03
1.483000000000000000e+03
1.429000000000000000e+03
1.475000000000000000e+03
1.425000000000000000e+03
1.456000000000000000e+03
1.411000000000000000e+03
1.299000000000000000e+03
1.182000000000000000e+03
9.670000000000000000e+02
7.920000000000000000e+02
7.430000000000000000e+02
9.900000000000000000e+02
1.205000000000000000e+03
1.430000000000000000e+03
1.504000000000000000e+03
1.603000000000000000e+03
1.612000000000000000e+03
1.650000000000000000e+03
1.813000000000000000e+03
1.777000000000000000e+03
1.802000000000000000e+03
1.812000000000000000e+03
1.777000000000000000e+03
1.819000000000000000e+03
1.811000000000000000e+03
1.817000000000000000e+03
1.805000000000000000e+03
1.843000000000000000e+03
1.799000000000000000e+03
1.862000000000000000e+03
1.855000000000000000e+03
1.915000000000000000e+03
1.879000000000000000e+03
1.871000000000000000e+03
1.936000000000000000e+03
1.871000000000000000e+03
1.858000000000000000e+03
1.906000000000000000e+03
1.886000000000000000e+03
1.877000000000000000e+03
1.902000000000000000e+03
1.865000000000000000e+03
1.840000000000000000e+03
1.956000000000000000e+03
1.967000000000000000e+03
1.953000000000000000e+03
1.903000000000000000e+03
1.949000000000000000e+03
1.957000000000000000e+03
1.927000000000000000e+03
2.019000000000000000e+03
1.979000000000000000e+03
1.983000000000000000e+03
1.963000000000000000e+03
2.030000000000000000e+03
1.939000000000000000e+03
1.995000000000000000e+03
1.954000000000000000e+03
1.951000000000000000e+03
1.908000000000000000e+03
1.938000000000000000e+03
1.790000000000000000e+03
1.717000000000000000e+03
1.475000000000000000e+03
1.208000000000000000e+03
1.016000000000000000e+03
1.141000000000000000e+03
1.439000000000000000e+03
1.707000000000000000e+03
1.893000000000000000e+03
2.013000000000000000e+03
2.187000000000000000e+03
2.203000000000000000e+03
2.299000000000000000e+03
2.323000000000000000e+03
2.415000000000000000e+03
2.451000000000000000e+03
2.431000000000000000e+03
2.471000000000000000e+03
2.462000000000000000e+03
2.551000000000000000e+03
2.651000000000000000e+03
2.623000000000000000e+03
2.547000000000000000e+03
2.616000000000000000e+03
2.682000000000000000e+03
2.702000000000000000e+03
2.774000000000000000e+03
2.782000000000000000e+03
2.737000000000000000e+03
2.793000000000000000e+03
2.836000000000000000e+03
2.833000000000000000e+03
2.817000000000000000e+03
2.862000000000000000e+03
2.923000000000000000e+03
2.917000000000000000e+03
2.974000000000000000e+03
2.831000000000000000e+03
2.941000000000000000e+03
3.042000000000000000e+03
3.039000000000000000e+03
3.089000000000000000e+03
3.050000000000000000e+03
3.138000000000000000e+03
3.125000000000000000e+03
3.158000000000000000e+03
3.206000000000000000e+03
3.209000000000000000e+03
3.333000000000000000e+03
3.247000000000000000e+03
3.316000000000000000e+03
3.312000000000000000e+03
3.274000000000000000e+03
3.386000000000000000e+03
3.346000000000000000e+03
3.405000000000000000e+03
3.480000000000000000e+03
3.460000000000000000e+03
3.448000000000000000e+03
3.528000000000000000e+03
3.434000000000000000e+03
3.505000000000000000e+03
3.616000000000000000e+03
3.584000000000000000e+03
3.652000000000000000e+03
3.676000000000000000e+03
3.606000000000000000e+03
3.745000000000000000e+03
3.705000000000000000e+03
3.788000000000000000e+03
3.700000000000000000e+03
3.732000000000000000e+03
3.806000000000000000e+03
3.814000000000000000e+03
3.872000000000000000e+03
3.917000000000000000e+03
3.901000000000000000e+03
3.985000000000000000e+03
3.944000000000000000e+03
4.072000000000000000e+03
4.011000000000000000e+03
4.067000000000000000e+03
4.023000000000000000e+03
4.008000000000000000e+03
4.132000000000000000e+03
4.070000000000000000e+03
4.178000000000000000e+03
4.215000000000000000e+03
4.181000000000000000e+03
4.213000000000000000e+03
4.240000000000000000e+03
4.324000000000000000e+03
4.327000000000000000e+03
4.330000000000000000e+03
4.395000000000000000e+03
4.392000000000000000e+03
4.441000000000000000e+03
4.410000000000000000e+03
4.397000000000000000e+03
4.430000000000000000e+03
4.348000000000000000e+03
4.519000000000000000e+03
4.396000000000000000e+03
4.499000000000000000e+03
4.516000000000000000e+03
4.420000000000000000e+03
4.563000000000000000e+03
4.544000000000000000e+03
4.479000000000000000e+03
4.448000000000000000e+03
4.537000000000000000e+03
4.490000000000000000e+03
4.488000000000000000e+03
4.591000000000000000e+03
4.540000000000000000e+03
4.511000000000000000e+03
4.400000000000000000e+03
4.440000000000000000e+03
4.398000000000000000e+03
4.312000000000000000e+03
4.251000000000000000e+03
4.036000000000000000e+03
3.865000000000000000e+03
3.421000000000000000e+03
2.969000000000000000e+03
2.374000000000000000e+03
2.201000000000000000e+03
2.474000000000000000e+03
3.082000000000000000e+03
3.582000000000000000e+03
3.853000000000000000e+03
3.962000000000000000e+03
4.149000000000000000e+03
4.253000000000000000e+03
4.385000000000000000e+03
4.403000000000000000e+03
4.408000000000000000e+03
4.446000000000000000e+03
4.411000000000000000e+03
4.435000000000000000e+03
4.506000000000000000e+03
4.360000000000000000e+03
4.472000000000000000e+03
4.467000000000000000e+03
4.563000000000000000e+03
4.492000000000000000e+03
4.504000000000000000e+03
4.481000000000000000e+03
4.442000000000000000e+03
4.406000000000000000e+03
4.500000000000000000e+03
4.412000000000000000e+03
4.455000000000000000e+03
4.485000000000000000e+03
4.473000000000000000e+03
4.473000000000000000e+03
4.432000000000000000e+03
4.491000000000000000e+03
4.435000000000000000e+03
4.322000000000000000e+03
4.383000000000000000e+03
4.352000000000000000e+03
4.307000000000000000e+03
4.159000000000000000e+03
4.256000000000000000e+03
4.254000000000000000e+03
4.284000000000000000e+03
4.251000000000000000e+03
4.218000000000000000e+03
4.192000000000000000e+03
4.200000000000000000e+03
4.157000000000000000e+03
4.242000000000000000e+03
4.165000000000000000e+03
4.264000000000000000e+03
4.157000000000000000e+03
4.206000000000000000e+03
4.260000000000000000e+03
4.295000000000000000e+03
4.292000000000000000e+03
4.194000000000000000e+03
4.312000000000000000e+03
4.244000000000000000e+03
4.398000000000000000e+03
4.381000000000000000e+03
4.372000000000000000e+03
4.473000000000000000e+03
4.453000000000000000e+03
4.472000000000000000e+03
4.490000000000000000e+03
4.452000000000000000e+03
4.499000000000000000e+03
4.566000000000000000e+03
4.569000000000000000e+03
4.532000000000000000e+03
4.577000000000000000e+03
4.611000000000000000e+03
4.517000000000000000e+03
4.563000000000000000e+03
4.572000000000000000e+03
4.579000000000000000e+03
4.714000000000000000e+03
4.655000000000000000e+03
4.783000000000000000e+03
4.813000000000000000e+03
4.846000000000000000e+03
4.880000000000000000e+03
4.778000000000000000e+03
4.895000000000000000e+03
4.806000000000000000e+03
4.961000000000000000e+03
4.893000000000000000e+03
4.880000000000000000e+03
4.982000000000000000e+03
5.000000000000000000e+03
5.035000000000000000e+03
5.086000000000000000e+03
5.177000000000000000e+03
5.169000000000000000e+03
5.149000000000000000e+03
5.067000000000000000e+03
5.149000000000000000e+03
5.207000000000000000e+03
5.231000000000000000e+03
5.230000000000000000e+03
5.259000000000000000e+03
5.350000000000000000e+03
5.362000000000000000e+03
5.319000000000000000e+03
5.368000000000000000e+03
5.355000000000000000e+03
5.456000000000000000e+03
5.329000000000000000e+03
5.443000000000000000e+03
5.417000000000000000e+03
5.407000000000000000e+03
5.453000000000000000e+03
5.474000000000000000e+03
5.478000000000000000e+03
5.558000000000000000e+03
5.510000000000000000e+03
5.587000000000000000e+03
5.600000000000000000e+03
5.616000000000000000e+03
5.645000000000000000e+03
5.612000000000000000e+03
5.482000000000000000e+03
5.497000000000000000e+03
5.504000000000000000e+03
5.519000000000000000e+03
5.561000000000000000e+03
5.557000000000000000e+03
5.554000000000000000e+03
5.525000000000000000e+03
5.606000000000000000e+03
5.462000000000000000e+03
5.474000000000000000e+03
5.468000000000000000e+03
5.426000000000000000e+03
5.436000000000000000e+03
5.428000000000000000e+03
5.468000000000000000e+03
5.537000000000000000e+03
5.477000000000000000e+03
5.653000000000000000e+03
5.572000000000000000e+03
5.537000000000000000e+03
5.522000000000000000e+03
5.567000000000000000e+03
5.515000000000000000e+03
5.533000000000000000e+03
5.522000000000000000e+03
5.549000000000000000e+03
5.562000000000000000e+03
5.538000000000000000e+03
5.507000000000000000e+03
5.580000000000000000e+03
5.583000000000000000e+03
5.593000000000000000e+03
5.521000000000000000e+03
5.618000000000000000e+03
5.588000000000000000e+03
5.602000000000000000e+03
5.591000000000000000e+03
5.707000000000000000e+03
5.633000000000000000e+03
5.612000000000000000e+03
5.649000000000000000e+03
5.639000000000000000e+03
5.578000000000000000e+03
5.730000000000000000e+03
5.789000000000000000e+03
5.799000000000000000e+03
5.706000000000000000e+03
5.805000000000000000e+03
5.809000000000000000e+03
5.887000000000000000e+03
5.811000000000000000e+03
5.844000000000000000e+03
5.834000000000000000e+03
5.839000000000000000e+03
5.859000000000000000e+03
5.910000000000000000e+03
5.985000000000000000e+03
5.885000000000000000e+03
5.851000000000000000e+03
6.046000000000000000e+03
6.060000000000000000e+03
6.075000000000000000e+03
6.002000000000000000e+03
6.102000000000000000e+03
5.996000000000000000e+03
6.140000000000000000e+03
6.190000000000000000e+03
6.181000000000000000e+03
6.213000000000000000e+03
6.264000000000000000e+03
6.161000000000000000e+03
6.316000000000000000e+03
6.302000000000000000e+03
6.235000000000000000e+03
6.212000000000000000e+03
6.302000000000000000e+03
6.272000000000000000e+03
6.321000000000000000e+03
6.318000000000000000e+03
6.388000000000000000e+03
6.384000000000000000e+03
6.384000000000000000e+03
6.478000000000000000e+03
6.436000000000000000e+03
6.369000000000000000e+03
6.445000000000000000e+03
6.424000000000000000e+03
6.444000000000000000e+03
6.448000000000000000e+03
6.507000000000000000e+03
6.515000000000000000e+03
6.509000000000000000e+03
6.585000000000000000e+03
6.557000000000000000e+03
6.642000000000000000e+03
6.523000000000000000e+03
6.642000000000000000e+03
6.551000000000000000e+03
6.583000000000000000e+03
6.621000000000000000e+03
6.646000000000000000e+03
6.772000000000000000e+03
6.747000000000000000e+03
6.591000000000000000e+03
6.683000000000000000e+03
6.640000000000000000e+03
6.696000000000000000e+03
6.658000000000000000e+03
6.683000000000000000e+03
6.654000000000000000e+03
6.548000000000000000e+03
6.560000000000000000e+03
6.541000000000000000e+03
6.543000000000000000e+03
6.516000000000000000e+03
6.605000000000000000e+03
6.477000000000000000e+03
6.402000000000000000e+03
6.287000000000000000e+03
6.252000000000000000e+03
6.286000000000000000e+03
6.250000000000000000e+03
6.352000000000000000e+03
6.370000000000000000e+03
6.412000000000000000e+03
6.285000000000000000e+03
6.233000000000000000e+03
6.360000000000000000e+03
6.269000000000000000e+03
6.421000000000000000e+03
6.375000000000000000e+03
6.310000000000000000e+03
6.292000000000000000e+03
6.227000000000000000e+03
6.227000000000000000e+03
6.367000000000000000e+03
6.328000000000000000e+03
6.313000000000000000e+03
6.219000000000000000e+03
6.239000000000000000e+03
6.303000000000000000e+03
6.341000000000000000e+03
6.246000000000000000e+03
6.191000000000000000e+03
6.282000000000000000e+03
6.227000000000000000e+03
6.210000000000000000e+03
6.229000000000000000e+03
6.170000000000000000e+03
6.145000000000000000e+03
6.187000000000000000e+03
6.188000000000000000e+03
6.110000000000000000e+03
6.073000000000000000e+03
6.138000000000000000e+03
6.070000000000000000e+03
6.068000000000000000e+03
6.077000000000000000e+03
6.034000000000000000e+03
6.116000000000000000e+03
5.977000000000000000e+03
5.897000000000000000e+03
6.010000000000000000e+03
5.989000000000000000e+03
5.857000000000000000e+03
5.926000000000000000e+03
5.895000000000000000e+03
5.948000000000000000e+03
5.886000000000000000e+03
5.910000000000000000e+03
5.864000000000000000e+03
5.827000000000000000e+03
5.728000000000000000e+03
5.833000000000000000e+03
5.881000000000000000e+03
5.852000000000000000e+03
5.730000000000000000e+03
5.840000000000000000e+03
5.678000000000000000e+03
5.807000000000000000e+03
5.741000000000000000e+03
5.661000000000000000e+03
5.661000000000000000e+03
5.688000000000000000e+03
5.754000000000000000e+03
5.823000000000000000e+03
5.726000000000000000e+03
5.683000000000000000e+03
5.657000000000000000e+03
5.604000000000000000e+03
5.746000000000000000e+03
5.773000000000000000e+03
5.667000000000000000e+03
5.571000000000000000e+03
5.624000000000000000e+03
5.636000000000000000e+03
5.631000000000000000e+03
5.627000000000000000e+03
5.630000000000000000e+03
5.613000000000000000e+03
5.684000000000000000e+03
5.615000000000000000e+03
5.642000000000000000e+03
5.565000000000000000e+03
5.583000000000000000e+03
5.656000000000000000e+03
5.635000000000000000e+03
5.653000000000000000e+03
5.519000000000000000e+03
5.474000000000000000e+03
5.421000000000000000e+03
5.370000000000000000e+03
5.534000000000000000e+03
5.471000000000000000e+03
5.509000000000000000e+03
5.427000000000000000e+03
5.585000000000000000e+03
5.529000000000000000e+03
5.451000000000000000e+03
5.522000000000000000e+03
5.630000000000000000e+03
5.647000000000000000e+03
5.550000000000000000e+03
5.595000000000000000e+03
5.565000000000000000e+03
5.565000000000000000e+03
5.471000000000000000e+03
5.584000000000000000e+03
5.527000000000000000e+03
5.643000000000000000e+03
5.595000000000000000e+03
5.631000000000000000e+03
5.529000000000000000e+03
5.535000000000000000e+03
5.554000000000000000e+03
5.563000000000000000e+03
5.638000000000000000e+03
5.547000000000000000e+03
5.611000000000000000e+03
5.520000000000000000e+03
5.579000000000000000e+03
5.533000000000000000e+03
5.618000000000000000e+03
5.571000000000000000e+03
5.592000000000000000e+03
5.591000000000000000e+03
5.603000000000000000e+03
5.509000000000000000e+03
5.499000000000000000e+03
5.673000000000000000e+03
5.463000000000000000e+03
5.487000000000000000e+03
5.538000000000000000e+03
5.391000000000000000e+03
5.515000000000000000e+03
5.442000000000000000e+03
5.479000000000000000e+03
5.329000000000000000e+03
5.290000000000000000e+03
5.418000000000000000e+03
5.329000000000000000e+03
5.507000000000000000e+03
5.458000000000000000e+03
5.341000000000000000e+03
5.308000000000000000e+03
5.314000000000000000e+03
5.251000000000000000e+03
5.329000000000000000e+03
5.262000000000000000e+03
5.192000000000000000e+03
5.121000000000000000e+03
5.026000000000000000e+03
4.838000000000000000e+03
4.657000000000000000e+03
4.176000000000000000e+03
3.730000000000000000e+03
3.361000000000000000e+03
3.305000000000000000e+03
3.778000000000000000e+03
4.165000000000000000e+03
4.400000000000000000e+03
4.762000000000000000e+03
4.819000000000000000e+03
4.977000000000000000e+03
5.075000000000000000e+03
5.137000000000000000e+03
5.089000000000000000e+03
5.114000000000000000e+03
5.195000000000000000e+03
5.186000000000000000e+03
5.187000000000000000e+03
5.243000000000000000e+03
5.156000000000000000e+03
5.130000000000000000e+03
5.180000000000000000e+03
5.058000000000000000e+03
5.171000000000000000e+03
5.125000000000000000e+03
5.128000000000000000e+03
5.148000000000000000e+03
5.156000000000000000e+03
5.090000000000000000e+03
5.058000000000000000e+03
5.109000000000000000e+03
5.032000000000000000e+03
5.109000000000000000e+03
5.072000000000000000e+03
5.024000000000000000e+03
4.955000000000000000e+03
4.988000000000000000e+03
4.822000000000000000e+03
4.825000000000000000e+03
4.865000000000000000e+03
4.870000000000000000e+03
4.744000000000000000e+03
4.841000000000000000e+03
4.790000000000000000e+03
4.711000000000000000e+03
4.712000000000000000e+03
4.805000000000000000e+03
4.682000000000000000e+03
4.688000000000000000e+03
4.655000000000000000e+03
4.597000000000000000e+03
4.651000000000000000e+03
4.564000000000000000e+03
4.604000000000000000e+03
4.546000000000000000e+03
4.578000000000000000e+03
4.587000000000000000e+03
4.552000000000000000e+03
4.497000000000000000e+03
4.492000000000000000e+03
4.432000000000000000e+03
4.402000000000000000e+03
4.329000000000000000e+03
4.318000000000000000e+03
4.356000000000000000e+03
4.292000000000000000e+03
4.285000000000000000e+03
4.234000000000000000e+03
4.261000000000000000e+03
4.269000000000000000e+03
4.149000000000000000e+03
4.135000000000000000e+03
4.100000000000000000e+03
4.110000000000000000e+03
3.767000000000000000e+03
3.262000000000000000e+03
3.086000000000000000e+03
3.316000000000000000e+03
3.485000000000000000e+03
3.527000000000000000e+03
3.457000000000000000e+03
3.521000000000000000e+03
3.576000000000000000e+03
3.587000000000000000e+03
3.570000000000000000e+03
3.579000000000000000e+03
3.666000000000000000e+03
3.680000000000000000e+03
3.702000000000000000e+03
3.585000000000000000e+03
3.647000000000000000e+03
3.616000000000000000e+03
3.564000000000000000e+03
3.597000000000000000e+03
3.546000000000000000e+03
3.606000000000000000e+03
3.561000000000000000e+03
3.485000000000000000e+03
3.627000000000000000e+03
3.545000000000000000e+03
3.552000000000000000e+03
3.574000000000000000e+03
3.486000000000000000e+03
3.402000000000000000e+03
3.482000000000000000e+03
3.484000000000000000e+03
3.356000000000000000e+03
3.421000000000000000e+03
3.420000000000000000e+03
3.413000000000000000e+03
3.365000000000000000e+03
3.409000000000000000e+03
3.362000000000000000e+03
3.348000000000000000e+03
3.399000000000000000e+03
3.430000000000000000e+03
3.347000000000000000e+03
