1.484000000000000000e+03
1.935000000000000000e+03
2.466000000000000000e+03
2.707000000000000000e+03
2.455000000000000000e+03
1.925000000000000000e+03
1.671000000000000000e+03
2.092000000000000000e+03
2.807000000000000000e+03
3.470000000000000000e+03
3.830000000000000000e+03
3.927000000000000000e+03
3.648000000000000000e+03
2.963000000000000000e+03
2.209000000000000000e+03
2.136000000000000000e+03
2.882000000000000000e+03
3.961000000000000000e+03
4.670000000000000000e+03
5.222000000000000000e+03
5.592000000000000000e+03
5.900000000000000000e+03
5.810000000000000000e+03
5.712000000000000000e+03
5.296000000000000000e+03
4.429000000000000000e+03
3.452000000000000000e+03
2.681000000000000000e+03
3.177000000000000000e+03
4.280000000000000000e+03
5.595000000000000000e+03
6.613000000000000000e+03
7.243000000000000000e+03
7.991000000000000000e+03
8.320000000000000000e+03
8.354000000000000000e+03
8.427000000000000000e+03
8.075000000000000000e+03
8.098000000000000000e+03
8.505000000000000000e+03
8.592000000000000000e+03
8.163000000000000000e+03
8.039000000000000000e+03
7.085000000000000000e+03
5.926000000000000000e+03
4.412000000000000000e+03
3.434000000000000000e+03
4.175000000000000000e+03
5.863000000000000000e+03
7.221000000000000000e+03
8.425000000000000000e+03
8.880000000000000000e+03
9.363000000000000000e+03
9.935000000000000000e+03
1.010700000000000000e+04
1.069500000000000000e+04
1.062500000000000000e+04
1.087900000000000000e+04
1.083500000000000000e+04
1.091000000000000000e+04
1.101000000000000000e+04
1.132700000000000000e+04
1.163800000000000000e+04
1.177500000000000000e+04
1.210900000000000000e+04
1.217300000000000000e+04
1.207500000000000000e+04
1.244100000000000000e+04
1.239900000000000000e+04
1.258600000000000000e+04
1.237000000000000000e+04
1.238200000000000000e+04
1.192200000000000000e+04
1.123400000000000000e+04
1.006800000000000000e+04
8.308000000000000000e+03
6.229000000000000000e+03
5.372000000000000000e+03
6.936000000000000000e+03
9.145000000000000000e+03
1.108800000000000000e+04
1.252200000000000000e+04
1.368900000000000000e+04
1.392000000000000000e+04
1.434300000000000000e+04
1.499200000000000000e+04
1.534800000000000000e+04
1.535800000000000000e+04
1.567600000000000000e+04
1.602200000000000000e+04
1.583600000000000000e+04
1.604400000000000000e+04
1.576400000000000000e+04
1.572800000000000000e+04
1.625300000000000000e+04
1.588500000000000000e+04
1.571300000000000000e+04
1.643200000000000000e+04
1.666800000000000000e+04
1.624200000000000000e+04
1.632300000000000000e+04
1.626200000000000000e+04
1.622100000000000000e+04
1.636400000000000000e+04
1.628800000000000000e+04
1.638600000000000000e+04
1.644900000000000000e+04
1.639000000000000000e+04
1.628900000000000000e+04
1.637700000000000000e+04
1.638900000000000000e+04
1.620600000000000000e+04
1.662800000000000000e+04
1.654200000000000000e+04
1.656700000000000000e+04
1.679500000000000000e+04
1.663300000000000000e+04
1.687600000000000000e+04
1.700000000000000000e+04
1.705500000000000000e+04
1.711000000000000000e+04
1.703400000000000000e+04
1.692000000000000000e+04
1.683300000000000000e+04
1.685900000000000000e+04
1.650800000000000000e+04
1.648000000000000000e+04
1.594500000000000000e+04
1.554700000000000000e+04
1.437500000000000000e+04
1.279200000000000000e+04
1.050900000000000000e+04
7.826000000000000000e+03
7.646000000000000000e+03
1.005100000000000000e+04
1.278800000000000000e+04
1.493900000000000000e+04
1.656800000000000000e+04
1.782500000000000000e+04
1.857500000000000000e+04
1.923200000000000000e+04
1.975900000000000000e+04
1.952400000000000000e+04
2.000300000000000000e+04
2.013500000000000000e+04
2.082500000000000000e+04
2.089000000000000000e+04
2.127600000000000000e+04
2.133900000000000000e+04
2.172600000000000000e+04
2.203900000000000000e+04
2.220400000000000000e+04
2.251200000000000000e+04
2.285100000000000000e+04
2.310400000000000000e+04
2.306300000000000000e+04
2.317700000000000000e+04
2.338500000000000000e+04
2.366600000000000000e+04
2.428500000000000000e+04
2.401800000000000000e+04
2.411400000000000000e+04
2.419000000000000000e+04
2.471200000000000000e+04
2.459000000000000000e+04
2.449300000000000000e+04
2.486000000000000000e+04
2.529300000000000000e+04
2.570500000000000000e+04
2.561600000000000000e+04
2.645500000000000000e+04
2.628400000000000000e+04
2.679100000000000000e+04
2.651500000000000000e+04
2.641700000000000000e+04
2.689500000000000000e+04
2.697600000000000000e+04
2.753800000000000000e+04
2.763100000000000000e+04
2.825500000000000000e+04
2.828200000000000000e+04
2.825300000000000000e+04
2.819700000000000000e+04
2.840300000000000000e+04
2.868300000000000000e+04
2.872800000000000000e+04
2.933400000000000000e+04
2.928600000000000000e+04
2.923100000000000000e+04
2.915900000000000000e+04
2.916000000000000000e+04
2.937200000000000000e+04
3.009300000000000000e+04
3.037000000000000000e+04
3.064300000000000000e+04
3.059300000000000000e+04
3.067300000000000000e+04
3.090700000000000000e+04
3.092500000000000000e+04
3.111100000000000000e+04
3.137900000000000000e+04
3.135400000000000000e+04
3.158600000000000000e+04
3.194700000000000000e+04
3.193800000000000000e+04
3.211100000000000000e+04
3.216900000000000000e+04
3.247600000000000000e+04
3.259900000000000000e+04
3.256900000000000000e+04
3.279900000000000000e+04
3.293400000000000000e+04
3.335600000000000000e+04
3.342300000000000000e+04
3.363400000000000000e+04
3.347100000000000000e+04
3.332800000000000000e+04
3.370000000000000000e+04
3.411400000000000000e+04
3.451600000000000000e+04
3.420200000000000000e+04
3.433200000000000000e+04
3.483200000000000000e+04
3.460400000000000000e+04
3.441200000000000000e+04
3.484400000000000000e+04
3.505300000000000000e+04
3.520900000000000000e+04
3.488000000000000000e+04
3.548000000000000000e+04
3.518500000000000000e+04
3.519800000000000000e+04
3.535900000000000000e+04
3.520100000000000000e+04
3.533600000000000000e+04
3.549900000000000000e+04
3.583600000000000000e+04
3.544300000000000000e+04
3.538300000000000000e+04
3.566900000000000000e+04
3.553100000000000000e+04
3.513200000000000000e+04
3.537400000000000000e+04
3.534600000000000000e+04
3.468300000000000000e+04
3.475500000000000000e+04
3.380900000000000000e+04
3.344800000000000000e+04
3.293600000000000000e+04
3.131000000000000000e+04
2.984300000000000000e+04
2.678600000000000000e+04
2.328400000000000000e+04
1.843600000000000000e+04
1.534500000000000000e+04
1.725000000000000000e+04
2.159300000000000000e+04
2.544500000000000000e+04
2.810000000000000000e+04
3.060600000000000000e+04
3.129700000000000000e+04
3.241900000000000000e+04
3.252200000000000000e+04
3.316500000000000000e+04
3.326900000000000000e+04
3.364600000000000000e+04
3.370200000000000000e+04
3.383200000000000000e+04
3.369100000000000000e+04
3.345000000000000000e+04
3.386400000000000000e+04
3.405300000000000000e+04
3.360900000000000000e+04
3.373500000000000000e+04
3.384400000000000000e+04
3.317700000000000000e+04
3.329800000000000000e+04
3.324700000000000000e+04
3.342200000000000000e+04
3.325600000000000000e+04
3.308600000000000000e+04
3.327200000000000000e+04
3.312600000000000000e+04
3.287700000000000000e+04
3.324900000000000000e+04
3.281600000000000000e+04
3.274500000000000000e+04
3.234000000000000000e+04
3.242200000000000000e+04
3.237500000000000000e+04
3.204900000000000000e+04
3.166700000000000000e+04
3.167200000000000000e+04
3.152500000000000000e+04
3.193000000000000000e+04
3.156300000000000000e+04
3.161100000000000000e+04
3.135200000000000000e+04
3.142300000000000000e+04
3.136400000000000000e+04
3.146600000000000000e+04
3.139800000000000000e+04
3.172000000000000000e+04
3.149500000000000000e+04
3.144100000000000000e+04
3.162100000000000000e+04
3.118400000000000000e+04
3.179600000000000000e+04
3.177900000000000000e+04
3.127400000000000000e+04
3.180700000000000000e+04
3.183300000000000000e+04
3.228500000000000000e+04
3.227400000000000000e+04
3.284500000000000000e+04
3.239900000000000000e+04
3.246200000000000000e+04
3.268200000000000000e+04
3.302500000000000000e+04
3.294700000000000000e+04
3.300600000000000000e+04
3.364100000000000000e+04
3.341600000000000000e+04
3.313400000000000000e+04
3.335400000000000000e+04
3.372100000000000000e+04
3.298700000000000000e+04
3.337700000000000000e+04
3.407300000000000000e+04
3.404900000000000000e+04
3.449900000000000000e+04
3.415800000000000000e+04
3.438200000000000000e+04
3.479100000000000000e+04
3.507100000000000000e+04
3.502200000000000000e+04
3.544500000000000000e+04
3.552500000000000000e+04
3.566700000000000000e+04
3.564700000000000000e+04
3.587700000000000000e+04
3.579400000000000000e+04
3.613800000000000000e+04
3.619500000000000000e+04
3.671400000000000000e+04
3.659900000000000000e+04
3.685300000000000000e+04
3.680500000000000000e+04
3.696600000000000000e+04
3.726400000000000000e+04
3.741500000000000000e+04
3.719400000000000000e+04
3.752600000000000000e+04
3.770100000000000000e+04
3.830400000000000000e+04
3.843400000000000000e+04
3.875600000000000000e+04
3.851700000000000000e+04
3.870600000000000000e+04
3.898800000000000000e+04
3.867200000000000000e+04
3.890400000000000000e+04
3.925800000000000000e+04
3.959600000000000000e+04
3.932800000000000000e+04
3.947200000000000000e+04
3.984100000000000000e+04
3.980900000000000000e+04
3.973200000000000000e+04
4.037600000000000000e+04
4.023700000000000000e+04
4.028200000000000000e+04
3.993800000000000000e+04
4.007200000000000000e+04
4.010100000000000000e+04
3.973400000000000000e+04
4.021700000000000000e+04
4.008000000000000000e+04
4.029600000000000000e+04
3.999800000000000000e+04
4.007300000000000000e+04
3.980700000000000000e+04
3.975600000000000000e+04
3.970800000000000000e+04
4.002400000000000000e+04
3.966700000000000000e+04
3.921500000000000000e+04
3.940100000000000000e+04
3.941600000000000000e+04
3.906400000000000000e+04
3.962600000000000000e+04
3.933800000000000000e+04
3.909400000000000000e+04
3.926900000000000000e+04
3.943700000000000000e+04
3.909200000000000000e+04
3.924800000000000000e+04
3.944000000000000000e+04
3.916300000000000000e+04
3.930600000000000000e+04
3.932900000000000000e+04
3.939300000000000000e+04
3.916900000000000000e+04
3.982600000000000000e+04
3.928800000000000000e+04
3.949100000000000000e+04
3.947000000000000000e+04
3.929900000000000000e+04
3.942800000000000000e+04
3.936900000000000000e+04
3.956300000000000000e+04
3.943200000000000000e+04
3.949500000000000000e+04
3.973200000000000000e+04
3.965100000000000000e+04
4.011000000000000000e+04
4.030100000000000000e+04
4.003000000000000000e+04
4.006000000000000000e+04
4.048700000000000000e+04
4.037300000000000000e+04
4.066300000000000000e+04
4.067200000000000000e+04
4.057700000000000000e+04
4.072600000000000000e+04
4.090600000000000000e+04
4.098700000000000000e+04
4.119600000000000000e+04
4.163100000000000000e+04
4.162000000000000000e+04
4.162400000000000000e+04
4.164200000000000000e+04
4.202000000000000000e+04
4.189100000000000000e+04
4.173200000000000000e+04
4.200400000000000000e+04
4.225600000000000000e+04
4.238800000000000000e+04
4.250300000000000000e+04
4.244800000000000000e+04
4.295700000000000000e+04
4.281700000000000000e+04
4.300100000000000000e+04
4.339800000000000000e+04
4.337300000000000000e+04
4.345900000000000000e+04
4.295800000000000000e+04
4.362200000000000000e+04
4.325700000000000000e+04
4.366300000000000000e+04
4.387100000000000000e+04
4.379700000000000000e+04
4.404000000000000000e+04
4.438700000000000000e+04
4.397000000000000000e+04
4.447100000000000000e+04
4.451000000000000000e+04
4.441700000000000000e+04
4.429500000000000000e+04
4.470900000000000000e+04
4.480200000000000000e+04
4.464000000000000000e+04
4.489000000000000000e+04
4.480600000000000000e+04
4.510700000000000000e+04
4.512400000000000000e+04
4.567600000000000000e+04
4.537300000000000000e+04
4.545300000000000000e+04
4.543000000000000000e+04
4.570500000000000000e+04
4.567600000000000000e+04
4.599500000000000000e+04
4.605100000000000000e+04
4.581200000000000000e+04
4.603500000000000000e+04
4.624900000000000000e+04
4.611900000000000000e+04
4.613500000000000000e+04
4.607200000000000000e+04
4.597100000000000000e+04
4.653400000000000000e+04
4.597400000000000000e+04
4.547100000000000000e+04
4.618400000000000000e+04
4.580300000000000000e+04
4.601200000000000000e+04
4.553700000000000000e+04
4.550200000000000000e+04
4.545200000000000000e+04
4.509800000000000000e+04
4.472100000000000000e+04
4.497000000000000000e+04
4.436400000000000000e+04
4.346400000000000000e+04
4.299600000000000000e+04
4.331100000000000000e+04
4.391200000000000000e+04
4.431200000000000000e+04
4.418000000000000000e+04
4.405200000000000000e+04
4.389400000000000000e+04
4.397200000000000000e+04
4.404400000000000000e+04
4.430500000000000000e+04
4.384000000000000000e+04
4.391300000000000000e+04
4.313600000000000000e+04
4.314400000000000000e+04
4.369000000000000000e+04
4.349200000000000000e+04
4.347500000000000000e+04
4.355600000000000000e+04
4.351700000000000000e+04
4.306000000000000000e+04
4.323300000000000000e+04
4.301900000000000000e+04
4.327700000000000000e+04
4.303800000000000000e+04
4.295200000000000000e+04
4.276200000000000000e+04
4.287400000000000000e+04
4.248700000000000000e+04
4.236500000000000000e+04
4.253700000000000000e+04
4.184000000000000000e+04
4.234400000000000000e+04
4.229000000000000000e+04
4.193100000000000000e+04
4.174200000000000000e+04
4.166900000000000000e+04
4.131700000000000000e+04
4.166100000000000000e+04
4.107000000000000000e+04
4.131200000000000000e+04
4.103400000000000000e+04
4.099000000000000000e+04
4.095100000000000000e+04
4.098800000000000000e+04
4.059300000000000000e+04
4.044100000000000000e+04
4.035200000000000000e+04
4.014300000000000000e+04
4.015200000000000000e+04
4.030700000000000000e+04
3.987000000000000000e+04
3.955300000000000000e+04
3.942300000000000000e+04
3.956800000000000000e+04
3.908700000000000000e+04
3.930400000000000000e+04
3.891500000000000000e+04
3.877000000000000000e+04
3.835200000000000000e+04
3.848600000000000000e+04
3.817200000000000000e+04
3.809400000000000000e+04
3.766000000000000000e+04
3.792900000000000000e+04
3.829300000000000000e+04
3.820100000000000000e+04
3.778000000000000000e+04
3.800500000000000000e+04
3.764600000000000000e+04
3.780600000000000000e+04
3.788700000000000000e+04
3.780500000000000000e+04
3.773400000000000000e+04
3.755200000000000000e+04
3.730900000000000000e+04
3.745500000000000000e+04
3.729800000000000000e+04
3.730100000000000000e+04
3.756400000000000000e+04
3.701400000000000000e+04
3.683400000000000000e+04
3.687200000000000000e+04
3.665100000000000000e+04
3.680500000000000000e+04
3.662100000000000000e+04
3.678400000000000000e+04
3.640000000000000000e+04
3.659000000000000000e+04
3.673000000000000000e+04
3.613400000000000000e+04
3.528800000000000000e+04
3.526900000000000000e+04
3.576000000000000000e+04
3.538900000000000000e+04
3.574000000000000000e+04
3.576000000000000000e+04
3.616300000000000000e+04
3.593700000000000000e+04
3.632300000000000000e+04
3.586100000000000000e+04
3.601300000000000000e+04
3.630200000000000000e+04
3.610300000000000000e+04
3.629800000000000000e+04
3.604700000000000000e+04
3.586200000000000000e+04
3.573300000000000000e+04
3.583900000000000000e+04
3.590000000000000000e+04
3.590700000000000000e+04
3.620000000000000000e+04
3.547500000000000000e+04
3.547400000000000000e+04
3.545300000000000000e+04
3.560600000000000000e+04
3.556500000000000000e+04
3.535100000000000000e+04
3.552100000000000000e+04
3.528300000000000000e+04
3.517200000000000000e+04
3.528200000000000000e+04
3.533900000000000000e+04
3.513000000000000000e+04
3.513400000000000000e+04
3.508100000000000000e+04
3.500800000000000000e+04
3.494300000000000000e+04
3.484900000000000000e+04
3.458500000000000000e+04
3.480700000000000000e+04
3.436800000000000000e+04
3.430700000000000000e+04
3.385100000000000000e+04
3.434700000000000000e+04
3.401900000000000000e+04
3.399600000000000000e+04
3.359900000000000000e+04
3.356200000000000000e+04
3.357400000000000000e+04
3.371800000000000000e+04
3.342800000000000000e+04
3.384200000000000000e+04
3.361200000000000000e+04
3.349200000000000000e+04
3.352500000000000000e+04
3.296500000000000000e+04
3.250800000000000000e+04
3.277200000000000000e+04
3.243600000000000000e+04
3.209800000000000000e+04
3.199100000000000000e+04
3.088800000000000000e+04
2.973600000000000000e+04
2.789700000000000000e+04
2.588000000000000000e+04
2.291900000000000000e+04
1.968900000000000000e+04
1.943600000000000000e+04
2.216300000000000000e+04
2.500900000000000000e+04
2.725100000000000000e+04
2.867500000000000000e+04
2.939600000000000000e+04
3.026600000000000000e+04
3.038200000000000000e+04
3.096700000000000000e+04
3.129900000000000000e+04
3.114900000000000000e+04
3.127600000000000000e+04
3.125300000000000000e+04
3.151500000000000000e+04
3.159900000000000000e+04
3.137400000000000000e+04
3.142000000000000000e+04
3.095000000000000000e+04
3.131400000000000000e+04
3.079100000000000000e+04
3.072500000000000000e+04
3.084800000000000000e+04
3.060800000000000000e+04
3.069700000000000000e+04
3.034200000000000000e+04
3.011500000000000000e+04
3.026900000000000000e+04
3.041600000000000000e+04
3.003100000000000000e+04
2.995300000000000000e+04
2.963100000000000000e+04
2.966200000000000000e+04
2.936000000000000000e+04
2.940300000000000000e+04
2.906600000000000000e+04
2.906200000000000000e+04
2.891600000000000000e+04
2.871600000000000000e+04
2.842200000000000000e+04
2.866000000000000000e+04
2.811700000000000000e+04
2.806500000000000000e+04
2.812500000000000000e+04
2.762800000000000000e+04
2.796500000000000000e+04
2.781100000000000000e+04
2.737100000000000000e+04
2.711800000000000000e+04
2.716900000000000000e+04
2.687400000000000000e+04
2.691400000000000000e+04
2.670700000000000000e+04
2.664500000000000000e+04
2.643000000000000000e+04
2.632500000000000000e+04
2.621700000000000000e+04
2.601500000000000000e+04
2.612600000000000000e+04
2.571300000000000000e+04
2.566200000000000000e+04
2.569100000000000000e+04
2.544200000000000000e+04
2.518500000000000000e+04
2.495000000000000000e+04
2.481700000000000000e+04
2.471900000000000000e+04
2.456800000000000000e+04
2.431900000000000000e+04
2.418400000000000000e+04
2.356200000000000000e+04
2.137900000000000000e+04
1.844800000000000000e+04
1.741100000000000000e+04
1.908500000000000000e+04
2.014100000000000000e+04
2.042600000000000000e+04
1.979700000000000000e+04
1.982300000000000000e+04
1.972300000000000000e+04
2.026700000000000000e+04
2.043700000000000000e+04
2.077500000000000000e+04
2.088200000000000000e+04
2.082700000000000000e+04
2.075000000000000000e+04
2.040600000000000000e+04
2.033800000000000000e+04
2.033600000000000000e+04
2.011100000000000000e+04
2.032400000000000000e+04
2.030800000000000000e+04
2.018800000000000000e+04
1.974400000000000000e+04
2.013900000000000000e+04
2.040100000000000000e+04
2.039600000000000000e+04
2.016400000000000000e+04
2.005300000000000000e+04
1.970600000000000000e+04
1.944200000000000000e+04
1.932800000000000000e+04
1.918000000000000000e+04
1.894200000000000000e+04
1.883200000000000000e+04
1.897600000000000000e+04
1.887600000000000000e+04
1.898800000000000000e+04
1.857300000000000000e+04
1.881600000000000000e+04
1.876100000000000000e+04
1.877200000000000000e+04
1.865300000000000000e+04
1.840200000000000000e+04
