1.212000000000000000e+03
1.554000000000000000e+03
2.113000000000000000e+03
2.288000000000000000e+03
2.123000000000000000e+03
1.705000000000000000e+03
1.453000000000000000e+03
1.711000000000000000e+03
2.312000000000000000e+03
2.903000000000000000e+03
3.211000000000000000e+03
3.351000000000000000e+03
3.186000000000000000e+03
2.652000000000000000e+03
2.062000000000000000e+03
1.787000000000000000e+03
2.286000000000000000e+03
3.181000000000000000e+03
3.925000000000000000e+03
4.512000000000000000e+03
4.706000000000000000e+03
4.881000000000000000e+03
4.927000000000000000e+03
4.991000000000000000e+03
4.601000000000000000e+03
4.124000000000000000e+03
3.162000000000000000e+03
2.439000000000000000e+03
2.567000000000000000e+03
3.722000000000000000e+03
4.857000000000000000e+03
5.601000000000000000e+03
6.118000000000000000e+03
6.742000000000000000e+03
7.001000000000000000e+03
6.990000000000000000e+03
7.226000000000000000e+03
6.884000000000000000e+03
6.769000000000000000e+03
7.143000000000000000e+03
7.324000000000000000e+03
7.104000000000000000e+03
6.865000000000000000e+03
6.226000000000000000e+03
5.471000000000000000e+03
4.020000000000000000e+03
3.020000000000000000e+03
3.327000000000000000e+03
4.596000000000000000e+03
5.926000000000000000e+03
6.776000000000000000e+03
7.641000000000000000e+03
8.106000000000000000e+03
8.416000000000000000e+03
8.648000000000000000e+03
8.816000000000000000e+03
8.886000000000000000e+03
9.077000000000000000e+03
9.193000000000000000e+03
9.408000000000000000e+03
9.344000000000000000e+03
9.628000000000000000e+03
9.967000000000000000e+03
9.938000000000000000e+03
9.804000000000000000e+03
1.022400000000000000e+04
1.028100000000000000e+04
1.049400000000000000e+04
1.058500000000000000e+04
1.060500000000000000e+04
1.049300000000000000e+04
1.044200000000000000e+04
1.020100000000000000e+04
9.662000000000000000e+03
8.715000000000000000e+03
7.286000000000000000e+03
5.436000000000000000e+03
4.430000000000000000e+03
5.521000000000000000e+03
7.423000000000000000e+03
9.037000000000000000e+03
1.034800000000000000e+04
1.146500000000000000e+04
1.181100000000000000e+04
1.210300000000000000e+04
1.247400000000000000e+04
1.270000000000000000e+04
1.290300000000000000e+04
1.301100000000000000e+04
1.304300000000000000e+04
1.304000000000000000e+04
1.330900000000000000e+04
1.331000000000000000e+04
1.313000000000000000e+04
1.335900000000000000e+04
1.339600000000000000e+04
1.349500000000000000e+04
1.347300000000000000e+04
1.318900000000000000e+04
1.349100000000000000e+04
1.348400000000000000e+04
1.342200000000000000e+04
1.361800000000000000e+04
1.346600000000000000e+04
1.343000000000000000e+04
1.357600000000000000e+04
1.321700000000000000e+04
1.329600000000000000e+04
1.349200000000000000e+04
1.375300000000000000e+04
1.343700000000000000e+04
1.356700000000000000e+04
1.360100000000000000e+04
1.364100000000000000e+04
1.367100000000000000e+04
1.389400000000000000e+04
1.375100000000000000e+04
1.377800000000000000e+04
1.348700000000000000e+04
1.385500000000000000e+04
1.374500000000000000e+04
1.392700000000000000e+04
1.376100000000000000e+04
1.373100000000000000e+04
1.363500000000000000e+04
1.357000000000000000e+04
1.351400000000000000e+04
1.326200000000000000e+04
1.289500000000000000e+04
1.194300000000000000e+04
1.048500000000000000e+04
8.781000000000000000e+03
6.608000000000000000e+03
5.934000000000000000e+03
7.739000000000000000e+03
1.005400000000000000e+04
1.200200000000000000e+04
1.322500000000000000e+04
1.423200000000000000e+04
1.502200000000000000e+04
1.555600000000000000e+04
1.578400000000000000e+04
1.617100000000000000e+04
1.606800000000000000e+04
1.642400000000000000e+04
1.656500000000000000e+04
1.677600000000000000e+04
1.691000000000000000e+04
1.741700000000000000e+04
1.763200000000000000e+04
1.760300000000000000e+04
1.770400000000000000e+04
1.823300000000000000e+04
1.813100000000000000e+04
1.842800000000000000e+04
1.848300000000000000e+04
1.876500000000000000e+04
1.889500000000000000e+04
1.873000000000000000e+04
1.900100000000000000e+04
1.945400000000000000e+04
1.965100000000000000e+04
1.944700000000000000e+04
1.948900000000000000e+04
1.946600000000000000e+04
1.916800000000000000e+04
1.920200000000000000e+04
2.002600000000000000e+04
2.005100000000000000e+04
2.092100000000000000e+04
2.059600000000000000e+04
2.081200000000000000e+04
2.094400000000000000e+04
2.135400000000000000e+04
2.131900000000000000e+04
2.116400000000000000e+04
2.127700000000000000e+04
2.160100000000000000e+04
2.167600000000000000e+04
2.199800000000000000e+04
2.216100000000000000e+04
2.219800000000000000e+04
2.210200000000000000e+04
2.204000000000000000e+04
2.256000000000000000e+04
2.253100000000000000e+04
2.291200000000000000e+04
2.308000000000000000e+04
2.294900000000000000e+04
2.292100000000000000e+04
2.312300000000000000e+04
2.336400000000000000e+04
2.336800000000000000e+04
2.374300000000000000e+04
2.382600000000000000e+04
2.415100000000000000e+04
2.416000000000000000e+04
2.424100000000000000e+04
2.451000000000000000e+04
2.414400000000000000e+04
2.440200000000000000e+04
2.419600000000000000e+04
2.462600000000000000e+04
2.483700000000000000e+04
2.490900000000000000e+04
2.492400000000000000e+04
2.503600000000000000e+04
2.518800000000000000e+04
2.502700000000000000e+04
2.509900000000000000e+04
2.520400000000000000e+04
2.541200000000000000e+04
2.544000000000000000e+04
2.557000000000000000e+04
2.563400000000000000e+04
2.565200000000000000e+04
2.576500000000000000e+04
2.587700000000000000e+04
2.613200000000000000e+04
2.596000000000000000e+04
2.634500000000000000e+04
2.633500000000000000e+04
2.625800000000000000e+04
2.641600000000000000e+04
2.636400000000000000e+04
2.657900000000000000e+04
2.666300000000000000e+04
2.668500000000000000e+04
2.685300000000000000e+04
2.696100000000000000e+04
2.669400000000000000e+04
2.682200000000000000e+04
2.675000000000000000e+04
2.686600000000000000e+04
2.645400000000000000e+04
2.708100000000000000e+04
2.703700000000000000e+04
2.678100000000000000e+04
2.714800000000000000e+04
2.669600000000000000e+04
2.687400000000000000e+04
2.683000000000000000e+04
2.657800000000000000e+04
2.624100000000000000e+04
2.626900000000000000e+04
2.596400000000000000e+04
2.572500000000000000e+04
2.545200000000000000e+04
2.453500000000000000e+04
2.385400000000000000e+04
2.250800000000000000e+04
2.067500000000000000e+04
1.811200000000000000e+04
1.456600000000000000e+04
1.171300000000000000e+04
1.228500000000000000e+04
1.583500000000000000e+04
1.865600000000000000e+04
2.064400000000000000e+04
2.247400000000000000e+04
2.341800000000000000e+04
2.375800000000000000e+04
2.448400000000000000e+04
2.488900000000000000e+04
2.505300000000000000e+04
2.534100000000000000e+04
2.519600000000000000e+04
2.486400000000000000e+04
2.500700000000000000e+04
2.469400000000000000e+04
2.502300000000000000e+04
2.515300000000000000e+04
2.516500000000000000e+04
2.529100000000000000e+04
2.506000000000000000e+04
2.487800000000000000e+04
2.481900000000000000e+04
2.475100000000000000e+04
2.478300000000000000e+04
2.486100000000000000e+04
2.493300000000000000e+04
2.463900000000000000e+04
2.450200000000000000e+04
2.486200000000000000e+04
2.470600000000000000e+04
2.479900000000000000e+04
2.419900000000000000e+04
2.424100000000000000e+04
2.424900000000000000e+04
2.417300000000000000e+04
2.357900000000000000e+04
2.324600000000000000e+04
2.359400000000000000e+04
2.383100000000000000e+04
2.325500000000000000e+04
2.328200000000000000e+04
2.317700000000000000e+04
2.334100000000000000e+04
2.308600000000000000e+04
2.301000000000000000e+04
2.321200000000000000e+04
2.359800000000000000e+04
2.329400000000000000e+04
2.315600000000000000e+04
2.323200000000000000e+04
2.328000000000000000e+04
2.329600000000000000e+04
2.318900000000000000e+04
2.334100000000000000e+04
2.343700000000000000e+04
2.314500000000000000e+04
2.345700000000000000e+04
2.361100000000000000e+04
2.367900000000000000e+04
2.367500000000000000e+04
2.350300000000000000e+04
2.372600000000000000e+04
2.389400000000000000e+04
2.399900000000000000e+04
2.388600000000000000e+04
2.421900000000000000e+04
2.464500000000000000e+04
2.453200000000000000e+04
2.462600000000000000e+04
2.437600000000000000e+04
2.427100000000000000e+04
2.381900000000000000e+04
2.401700000000000000e+04
2.471200000000000000e+04
2.462000000000000000e+04
2.463800000000000000e+04
2.499900000000000000e+04
2.513800000000000000e+04
2.524800000000000000e+04
2.527700000000000000e+04
2.522800000000000000e+04
2.587000000000000000e+04
2.547300000000000000e+04
2.581600000000000000e+04
2.574600000000000000e+04
2.571300000000000000e+04
2.579700000000000000e+04
2.590700000000000000e+04
2.608500000000000000e+04
2.640800000000000000e+04
2.626300000000000000e+04
2.631100000000000000e+04
2.649500000000000000e+04
2.641000000000000000e+04
2.634400000000000000e+04
2.679100000000000000e+04
2.659000000000000000e+04
2.670600000000000000e+04
2.708400000000000000e+04
2.763700000000000000e+04
2.755100000000000000e+04
2.756400000000000000e+04
2.762400000000000000e+04
2.762800000000000000e+04
2.747000000000000000e+04
2.755100000000000000e+04
2.768100000000000000e+04
2.780800000000000000e+04
2.776400000000000000e+04
2.790800000000000000e+04
2.815000000000000000e+04
2.831800000000000000e+04
2.850000000000000000e+04
2.852400000000000000e+04
2.837700000000000000e+04
2.845600000000000000e+04
2.848400000000000000e+04
2.852500000000000000e+04
2.830500000000000000e+04
2.805500000000000000e+04
2.845700000000000000e+04
2.823600000000000000e+04
2.829800000000000000e+04
2.841800000000000000e+04
2.830600000000000000e+04
2.817800000000000000e+04
2.819700000000000000e+04
2.804100000000000000e+04
2.818500000000000000e+04
2.779600000000000000e+04
2.780500000000000000e+04
2.779100000000000000e+04
2.769500000000000000e+04
2.790600000000000000e+04
2.747600000000000000e+04
2.796600000000000000e+04
2.795500000000000000e+04
2.749500000000000000e+04
2.757700000000000000e+04
2.779300000000000000e+04
2.770800000000000000e+04
2.751000000000000000e+04
2.754700000000000000e+04
2.735400000000000000e+04
2.759400000000000000e+04
2.744500000000000000e+04
2.794900000000000000e+04
2.755900000000000000e+04
2.764000000000000000e+04
2.772000000000000000e+04
2.741400000000000000e+04
2.777800000000000000e+04
2.769800000000000000e+04
2.782800000000000000e+04
2.770100000000000000e+04
2.758000000000000000e+04
2.753600000000000000e+04
2.770100000000000000e+04
2.782100000000000000e+04
2.783900000000000000e+04
2.780000000000000000e+04
2.782900000000000000e+04
2.804700000000000000e+04
2.781400000000000000e+04
2.816300000000000000e+04
2.785600000000000000e+04
2.811900000000000000e+04
2.825900000000000000e+04
2.810900000000000000e+04
2.809400000000000000e+04
2.829300000000000000e+04
2.858300000000000000e+04
2.841400000000000000e+04
2.839000000000000000e+04
2.854000000000000000e+04
2.850300000000000000e+04
2.861100000000000000e+04
2.884500000000000000e+04
2.888400000000000000e+04
2.868500000000000000e+04
2.863000000000000000e+04
2.898700000000000000e+04
2.906700000000000000e+04
2.921600000000000000e+04
2.900300000000000000e+04
2.923200000000000000e+04
2.907400000000000000e+04
2.914700000000000000e+04
2.918500000000000000e+04
2.960200000000000000e+04
2.972000000000000000e+04
2.972500000000000000e+04
2.957800000000000000e+04
2.997000000000000000e+04
2.982000000000000000e+04
2.980800000000000000e+04
3.002200000000000000e+04
3.002500000000000000e+04
2.999300000000000000e+04
2.976500000000000000e+04
3.011700000000000000e+04
3.010100000000000000e+04
3.026700000000000000e+04
3.053800000000000000e+04
3.032300000000000000e+04
3.033400000000000000e+04
3.046200000000000000e+04
3.037100000000000000e+04
3.068500000000000000e+04
3.038200000000000000e+04
3.088800000000000000e+04
3.067600000000000000e+04
3.061800000000000000e+04
3.080200000000000000e+04
3.093300000000000000e+04
3.100900000000000000e+04
3.079200000000000000e+04
3.076800000000000000e+04
3.075200000000000000e+04
3.104300000000000000e+04
3.109100000000000000e+04
3.093300000000000000e+04
3.100100000000000000e+04
3.095700000000000000e+04
3.099100000000000000e+04
3.103100000000000000e+04
3.072700000000000000e+04
3.118700000000000000e+04
3.094200000000000000e+04
3.097900000000000000e+04
3.089800000000000000e+04
3.063100000000000000e+04
3.079500000000000000e+04
3.087600000000000000e+04
3.055000000000000000e+04
3.028800000000000000e+04
3.023900000000000000e+04
3.003100000000000000e+04
2.966100000000000000e+04
2.923300000000000000e+04
2.858500000000000000e+04
2.891000000000000000e+04
2.908600000000000000e+04
2.932200000000000000e+04
2.975000000000000000e+04
2.946600000000000000e+04
2.904800000000000000e+04
2.955200000000000000e+04
2.948800000000000000e+04
2.956400000000000000e+04
2.958800000000000000e+04
2.934000000000000000e+04
2.860800000000000000e+04
2.880500000000000000e+04
2.906400000000000000e+04
2.888900000000000000e+04
2.883700000000000000e+04
2.885600000000000000e+04
2.881400000000000000e+04
2.864400000000000000e+04
2.869500000000000000e+04
2.880200000000000000e+04
2.863600000000000000e+04
2.838900000000000000e+04
2.849600000000000000e+04
2.829000000000000000e+04
2.809600000000000000e+04
2.832900000000000000e+04
2.787900000000000000e+04
2.781300000000000000e+04
2.770800000000000000e+04
2.772000000000000000e+04
2.776200000000000000e+04
2.766300000000000000e+04
2.731500000000000000e+04
2.752900000000000000e+04
2.718000000000000000e+04
2.745200000000000000e+04
2.693900000000000000e+04
2.713900000000000000e+04
2.675400000000000000e+04
2.679300000000000000e+04
2.669200000000000000e+04
2.662700000000000000e+04
2.655400000000000000e+04
2.637600000000000000e+04
2.621400000000000000e+04
2.600900000000000000e+04
2.603400000000000000e+04
2.592900000000000000e+04
2.585200000000000000e+04
2.579300000000000000e+04
2.530300000000000000e+04
2.577600000000000000e+04
2.554700000000000000e+04
2.522800000000000000e+04
2.515500000000000000e+04
2.508600000000000000e+04
2.516400000000000000e+04
2.494700000000000000e+04
2.469600000000000000e+04
2.458300000000000000e+04
2.457200000000000000e+04
2.441600000000000000e+04
2.441500000000000000e+04
2.462500000000000000e+04
2.455400000000000000e+04
2.428400000000000000e+04
2.435300000000000000e+04
2.422300000000000000e+04
2.414300000000000000e+04
2.398000000000000000e+04
2.395300000000000000e+04
2.386600000000000000e+04
2.392200000000000000e+04
2.381400000000000000e+04
2.383600000000000000e+04
2.375400000000000000e+04
2.347300000000000000e+04
2.340800000000000000e+04
2.346100000000000000e+04
2.345300000000000000e+04
2.336500000000000000e+04
2.317800000000000000e+04
2.328100000000000000e+04
2.336200000000000000e+04
2.301800000000000000e+04
2.325000000000000000e+04
2.334100000000000000e+04
2.280600000000000000e+04
2.221200000000000000e+04
2.235200000000000000e+04
2.244100000000000000e+04
2.241400000000000000e+04
2.244800000000000000e+04
2.235300000000000000e+04
2.250900000000000000e+04
2.248600000000000000e+04
2.252400000000000000e+04
2.254000000000000000e+04
2.256300000000000000e+04
2.231500000000000000e+04
2.241700000000000000e+04
2.244500000000000000e+04
2.268000000000000000e+04
2.233500000000000000e+04
2.218300000000000000e+04
2.208200000000000000e+04
2.236200000000000000e+04
2.213700000000000000e+04
2.223900000000000000e+04
2.211100000000000000e+04
2.191600000000000000e+04
2.210900000000000000e+04
2.215000000000000000e+04
2.204700000000000000e+04
2.209400000000000000e+04
2.192000000000000000e+04
2.177400000000000000e+04
2.198500000000000000e+04
2.185400000000000000e+04
2.182000000000000000e+04
2.166400000000000000e+04
2.178100000000000000e+04
2.156300000000000000e+04
2.167600000000000000e+04
2.150500000000000000e+04
2.141300000000000000e+04
2.126200000000000000e+04
2.142600000000000000e+04
2.122100000000000000e+04
2.077400000000000000e+04
2.091900000000000000e+04
2.111600000000000000e+04
2.094000000000000000e+04
2.095100000000000000e+04
2.078400000000000000e+04
2.065500000000000000e+04
2.069300000000000000e+04
2.058100000000000000e+04
2.061100000000000000e+04
2.031200000000000000e+04
2.049000000000000000e+04
2.061400000000000000e+04
2.025800000000000000e+04
2.008300000000000000e+04
1.983700000000000000e+04
1.999700000000000000e+04
1.966100000000000000e+04
1.948100000000000000e+04
1.927000000000000000e+04
1.867500000000000000e+04
1.791500000000000000e+04
1.689100000000000000e+04
1.589400000000000000e+04
1.416500000000000000e+04
1.218600000000000000e+04
1.165000000000000000e+04
1.342200000000000000e+04
1.494500000000000000e+04
1.627400000000000000e+04
1.711300000000000000e+04
1.789700000000000000e+04
1.820400000000000000e+04
1.857500000000000000e+04
1.877700000000000000e+04
1.884300000000000000e+04
1.887000000000000000e+04
1.891600000000000000e+04
1.880600000000000000e+04
1.884600000000000000e+04
1.874200000000000000e+04
1.887600000000000000e+04
1.882400000000000000e+04
1.858000000000000000e+04
1.846500000000000000e+04
1.848000000000000000e+04
1.854000000000000000e+04
1.823700000000000000e+04
1.828100000000000000e+04
1.821800000000000000e+04
1.821600000000000000e+04
1.804000000000000000e+04
1.785100000000000000e+04
1.789800000000000000e+04
1.787700000000000000e+04
1.785700000000000000e+04
1.769600000000000000e+04
1.748600000000000000e+04
1.756900000000000000e+04
1.741000000000000000e+04
1.717000000000000000e+04
1.701200000000000000e+04
1.722900000000000000e+04
1.693500000000000000e+04
1.694100000000000000e+04
1.673200000000000000e+04
1.689200000000000000e+04
1.642600000000000000e+04
1.653500000000000000e+04
1.641400000000000000e+04
1.635700000000000000e+04
1.616400000000000000e+04
1.612400000000000000e+04
1.609900000000000000e+04
1.614500000000000000e+04
1.576700000000000000e+04
1.581600000000000000e+04
1.578500000000000000e+04
1.569000000000000000e+04
1.551800000000000000e+04
1.545500000000000000e+04
1.523300000000000000e+04
1.518300000000000000e+04
1.508100000000000000e+04
1.506400000000000000e+04
1.490600000000000000e+04
1.494600000000000000e+04
1.451400000000000000e+04
1.469800000000000000e+04
1.446800000000000000e+04
1.436900000000000000e+04
1.431700000000000000e+04
1.410500000000000000e+04
1.429700000000000000e+04
1.410400000000000000e+04
1.370700000000000000e+04
1.267000000000000000e+04
1.086700000000000000e+04
1.013500000000000000e+04
1.080000000000000000e+04
1.170300000000000000e+04
1.168000000000000000e+04
1.135800000000000000e+04
1.141000000000000000e+04
1.126900000000000000e+04
1.148200000000000000e+04
1.170000000000000000e+04
1.182100000000000000e+04
1.186000000000000000e+04
1.201900000000000000e+04
1.203200000000000000e+04
1.185300000000000000e+04
1.182200000000000000e+04
1.160100000000000000e+04
1.141800000000000000e+04
1.140000000000000000e+04
1.149500000000000000e+04
1.135200000000000000e+04
1.137800000000000000e+04
1.151200000000000000e+04
1.157600000000000000e+04
1.146300000000000000e+04
1.148000000000000000e+04
1.154000000000000000e+04
1.126000000000000000e+04
1.105600000000000000e+04
1.091900000000000000e+04
1.096100000000000000e+04
1.088900000000000000e+04
1.078100000000000000e+04
1.070400000000000000e+04
1.059400000000000000e+04
1.068300000000000000e+04
1.042300000000000000e+04
1.065000000000000000e+04
1.064000000000000000e+04
1.060100000000000000e+04
1.056700000000000000e+04
1.018600000000000000e+04
