7.730000000000000000e+02
1.019000000000000000e+03
1.192000000000000000e+03
1.181000000000000000e+03
1.072000000000000000e+03
8.540000000000000000e+02
8.140000000000000000e+02
1.125000000000000000e+03
1.434000000000000000e+03
1.672000000000000000e+03
1.693000000000000000e+03
1.753000000000000000e+03
1.611000000000000000e+03
1.257000000000000000e+03
9.570000000000000000e+02
1.126000000000000000e+03
1.494000000000000000e+03
1.959000000000000000e+03
2.278000000000000000e+03
2.506000000000000000e+03
2.612000000000000000e+03
2.756000000000000000e+03
2.747000000000000000e+03
2.573000000000000000e+03
2.373000000000000000e+03
1.937000000000000000e+03
1.457000000000000000e+03
1.334000000000000000e+03
1.659000000000000000e+03
2.250000000000000000e+03
2.663000000000000000e+03
2.994000000000000000e+03
3.328000000000000000e+03
3.470000000000000000e+03
3.589000000000000000e+03
3.654000000000000000e+03
3.652000000000000000e+03
3.513000000000000000e+03
3.548000000000000000e+03
3.658000000000000000e+03
3.688000000000000000e+03
3.661000000000000000e+03
3.370000000000000000e+03
2.945000000000000000e+03
2.472000000000000000e+03
1.761000000000000000e+03
1.638000000000000000e+03
2.056000000000000000e+03
2.767000000000000000e+03
3.276000000000000000e+03
3.762000000000000000e+03
4.037000000000000000e+03
4.269000000000000000e+03
4.366000000000000000e+03
4.484000000000000000e+03
4.565000000000000000e+03
4.659000000000000000e+03
4.743000000000000000e+03
4.696000000000000000e+03
4.729000000000000000e+03
5.002000000000000000e+03
4.947000000000000000e+03
5.139000000000000000e+03
5.217000000000000000e+03
5.210000000000000000e+03
5.328000000000000000e+03
5.311000000000000000e+03
5.363000000000000000e+03
5.474000000000000000e+03
5.392000000000000000e+03
5.509000000000000000e+03
5.319000000000000000e+03
5.223000000000000000e+03
4.817000000000000000e+03
4.296000000000000000e+03
3.438000000000000000e+03
2.547000000000000000e+03
2.586000000000000000e+03
3.403000000000000000e+03
4.368000000000000000e+03
5.148000000000000000e+03
5.623000000000000000e+03
5.988000000000000000e+03
6.215000000000000000e+03
6.469000000000000000e+03
6.625000000000000000e+03
6.679000000000000000e+03
6.689000000000000000e+03
7.015000000000000000e+03
6.798000000000000000e+03
6.986000000000000000e+03
6.855000000000000000e+03
6.718000000000000000e+03
6.919000000000000000e+03
6.876000000000000000e+03
6.968000000000000000e+03
6.987000000000000000e+03
7.044000000000000000e+03
6.918000000000000000e+03
6.996000000000000000e+03
7.077000000000000000e+03
7.018000000000000000e+03
7.165000000000000000e+03
7.245000000000000000e+03
7.081000000000000000e+03
7.122000000000000000e+03
7.113000000000000000e+03
7.046000000000000000e+03
7.210000000000000000e+03
7.219000000000000000e+03
7.136000000000000000e+03
7.114000000000000000e+03
7.277000000000000000e+03
7.312000000000000000e+03
7.255000000000000000e+03
7.312000000000000000e+03
7.216000000000000000e+03
7.274000000000000000e+03
7.456000000000000000e+03
7.555000000000000000e+03
7.409000000000000000e+03
7.432000000000000000e+03
7.380000000000000000e+03
7.272000000000000000e+03
7.275000000000000000e+03
7.422000000000000000e+03
7.265000000000000000e+03
7.169000000000000000e+03
6.812000000000000000e+03
6.235000000000000000e+03
5.416000000000000000e+03
4.334000000000000000e+03
3.438000000000000000e+03
3.721000000000000000e+03
4.862000000000000000e+03
6.153000000000000000e+03
6.988000000000000000e+03
7.628000000000000000e+03
8.190000000000000000e+03
8.288000000000000000e+03
8.811000000000000000e+03
8.869000000000000000e+03
9.021000000000000000e+03
9.068000000000000000e+03
9.357000000000000000e+03
9.251000000000000000e+03
9.423000000000000000e+03
9.662000000000000000e+03
9.852000000000000000e+03
1.002700000000000000e+04
1.001500000000000000e+04
1.026200000000000000e+04
1.020100000000000000e+04
1.065600000000000000e+04
1.046600000000000000e+04
1.038600000000000000e+04
1.042500000000000000e+04
1.062700000000000000e+04
1.082400000000000000e+04
1.086800000000000000e+04
1.093700000000000000e+04
1.102300000000000000e+04
1.085500000000000000e+04
1.106800000000000000e+04
1.116800000000000000e+04
1.089500000000000000e+04
1.123800000000000000e+04
1.147400000000000000e+04
1.168400000000000000e+04
1.156400000000000000e+04
1.175800000000000000e+04
1.192400000000000000e+04
1.208100000000000000e+04
1.212900000000000000e+04
1.194000000000000000e+04
1.210500000000000000e+04
1.225200000000000000e+04
1.227800000000000000e+04
1.233000000000000000e+04
1.251300000000000000e+04
1.263500000000000000e+04
1.250000000000000000e+04
1.278900000000000000e+04
1.252800000000000000e+04
1.291500000000000000e+04
1.301500000000000000e+04
1.317600000000000000e+04
1.313100000000000000e+04
1.318400000000000000e+04
1.334700000000000000e+04
1.328700000000000000e+04
1.357700000000000000e+04
1.365400000000000000e+04
1.383600000000000000e+04
1.393400000000000000e+04
1.406700000000000000e+04
1.378700000000000000e+04
1.406800000000000000e+04
1.397300000000000000e+04
1.400800000000000000e+04
1.408200000000000000e+04
1.433400000000000000e+04
1.433700000000000000e+04
1.436700000000000000e+04
1.454000000000000000e+04
1.439300000000000000e+04
1.472400000000000000e+04
1.481800000000000000e+04
1.485000000000000000e+04
1.479200000000000000e+04
1.511400000000000000e+04
1.516900000000000000e+04
1.514800000000000000e+04
1.532100000000000000e+04
1.532500000000000000e+04
1.547200000000000000e+04
1.549900000000000000e+04
1.546000000000000000e+04
1.542700000000000000e+04
1.573000000000000000e+04
1.594400000000000000e+04
1.602700000000000000e+04
1.598100000000000000e+04
1.593000000000000000e+04
1.592800000000000000e+04
1.594800000000000000e+04
1.602300000000000000e+04
1.623800000000000000e+04
1.624400000000000000e+04
1.615200000000000000e+04
1.614000000000000000e+04
1.643100000000000000e+04
1.634500000000000000e+04
1.647300000000000000e+04
1.634400000000000000e+04
1.621600000000000000e+04
1.650700000000000000e+04
1.643100000000000000e+04
1.651000000000000000e+04
1.644100000000000000e+04
1.642400000000000000e+04
1.639800000000000000e+04
1.634600000000000000e+04
1.628800000000000000e+04
1.613500000000000000e+04
1.589300000000000000e+04
1.568000000000000000e+04
1.558500000000000000e+04
1.506000000000000000e+04
1.458300000000000000e+04
1.351800000000000000e+04
1.225200000000000000e+04
1.055400000000000000e+04
8.245000000000000000e+03
7.175000000000000000e+03
8.565000000000000000e+03
1.064500000000000000e+04
1.222500000000000000e+04
1.350300000000000000e+04
1.425400000000000000e+04
1.481000000000000000e+04
1.493900000000000000e+04
1.549400000000000000e+04
1.562300000000000000e+04
1.567700000000000000e+04
1.564900000000000000e+04
1.555400000000000000e+04
1.570800000000000000e+04
1.559800000000000000e+04
1.559000000000000000e+04
1.574200000000000000e+04
1.581700000000000000e+04
1.561600000000000000e+04
1.577700000000000000e+04
1.600500000000000000e+04
1.564500000000000000e+04
1.561800000000000000e+04
1.561600000000000000e+04
1.540700000000000000e+04
1.538200000000000000e+04
1.556200000000000000e+04
1.568500000000000000e+04
1.554800000000000000e+04
1.542600000000000000e+04
1.552800000000000000e+04
1.550900000000000000e+04
1.533000000000000000e+04
1.531300000000000000e+04
1.527700000000000000e+04
1.520400000000000000e+04
1.505900000000000000e+04
1.480800000000000000e+04
1.506300000000000000e+04
1.497800000000000000e+04
1.490100000000000000e+04
1.475800000000000000e+04
1.483200000000000000e+04
1.484200000000000000e+04
1.472400000000000000e+04
1.481400000000000000e+04
1.485600000000000000e+04
1.491700000000000000e+04
1.481300000000000000e+04
1.484800000000000000e+04
1.500000000000000000e+04
1.496800000000000000e+04
1.506200000000000000e+04
1.509500000000000000e+04
1.501300000000000000e+04
1.494100000000000000e+04
1.506500000000000000e+04
1.492800000000000000e+04
1.517900000000000000e+04
1.513100000000000000e+04
1.549900000000000000e+04
1.527500000000000000e+04
1.543600000000000000e+04
1.531100000000000000e+04
1.553000000000000000e+04
1.572600000000000000e+04
1.586200000000000000e+04
1.579300000000000000e+04
1.582300000000000000e+04
1.585700000000000000e+04
1.595600000000000000e+04
1.578800000000000000e+04
1.563100000000000000e+04
1.588200000000000000e+04
1.633900000000000000e+04
1.591200000000000000e+04
1.621300000000000000e+04
1.647000000000000000e+04
1.642000000000000000e+04
1.654700000000000000e+04
1.679600000000000000e+04
1.678200000000000000e+04
1.702400000000000000e+04
1.692800000000000000e+04
1.697000000000000000e+04
1.715200000000000000e+04
1.692800000000000000e+04
1.724900000000000000e+04
1.719600000000000000e+04
1.740100000000000000e+04
1.749200000000000000e+04
1.743700000000000000e+04
1.749900000000000000e+04
1.761200000000000000e+04
1.755500000000000000e+04
1.775600000000000000e+04
1.777100000000000000e+04
1.775100000000000000e+04
1.822500000000000000e+04
1.821900000000000000e+04
1.828400000000000000e+04
1.830300000000000000e+04
1.830200000000000000e+04
1.847100000000000000e+04
1.842700000000000000e+04
1.850900000000000000e+04
1.858200000000000000e+04
1.870400000000000000e+04
1.881800000000000000e+04
1.871500000000000000e+04
1.895100000000000000e+04
1.901300000000000000e+04
1.908100000000000000e+04
1.928400000000000000e+04
1.909500000000000000e+04
1.933800000000000000e+04
1.935000000000000000e+04
1.947900000000000000e+04
1.918500000000000000e+04
1.913000000000000000e+04
1.921200000000000000e+04
1.914100000000000000e+04
1.926600000000000000e+04
1.920200000000000000e+04
1.917300000000000000e+04
1.917300000000000000e+04
1.925400000000000000e+04
1.922800000000000000e+04
1.898500000000000000e+04
1.894600000000000000e+04
1.905800000000000000e+04
1.913200000000000000e+04
1.881300000000000000e+04
1.881100000000000000e+04
1.892000000000000000e+04
1.880900000000000000e+04
1.886500000000000000e+04
1.911400000000000000e+04
1.891800000000000000e+04
1.888500000000000000e+04
1.918300000000000000e+04
1.894300000000000000e+04
1.900100000000000000e+04
1.903300000000000000e+04
1.894200000000000000e+04
1.916200000000000000e+04
1.912700000000000000e+04
1.911900000000000000e+04
1.901900000000000000e+04
1.918900000000000000e+04
1.924100000000000000e+04
1.915400000000000000e+04
1.917800000000000000e+04
1.922700000000000000e+04
1.921100000000000000e+04
1.915100000000000000e+04
1.928800000000000000e+04
1.933300000000000000e+04
1.933900000000000000e+04
1.946300000000000000e+04
1.955100000000000000e+04
1.959300000000000000e+04
1.949000000000000000e+04
1.972600000000000000e+04
1.977500000000000000e+04
1.969000000000000000e+04
1.978600000000000000e+04
1.988100000000000000e+04
1.998000000000000000e+04
1.995900000000000000e+04
2.002000000000000000e+04
2.002800000000000000e+04
2.013500000000000000e+04
2.020400000000000000e+04
2.037000000000000000e+04
2.042900000000000000e+04
2.042500000000000000e+04
2.062700000000000000e+04
2.059300000000000000e+04
2.080900000000000000e+04
2.061900000000000000e+04
2.099000000000000000e+04
2.076700000000000000e+04
2.077900000000000000e+04
2.099400000000000000e+04
2.109100000000000000e+04
2.108100000000000000e+04
2.130700000000000000e+04
2.129400000000000000e+04
2.137700000000000000e+04
2.157800000000000000e+04
2.177500000000000000e+04
2.186700000000000000e+04
2.167300000000000000e+04
2.181500000000000000e+04
2.182800000000000000e+04
2.198200000000000000e+04
2.192700000000000000e+04
2.203900000000000000e+04
2.202700000000000000e+04
2.194900000000000000e+04
2.222100000000000000e+04
2.223900000000000000e+04
2.249500000000000000e+04
2.214300000000000000e+04
2.236300000000000000e+04
2.257800000000000000e+04
2.263100000000000000e+04
2.247900000000000000e+04
2.250700000000000000e+04
2.285500000000000000e+04
2.265700000000000000e+04
2.293900000000000000e+04
2.259400000000000000e+04
2.304300000000000000e+04
2.287400000000000000e+04
2.292200000000000000e+04
2.296700000000000000e+04
2.334000000000000000e+04
2.305000000000000000e+04
2.318000000000000000e+04
2.329300000000000000e+04
2.326200000000000000e+04
2.345600000000000000e+04
2.328500000000000000e+04
2.342400000000000000e+04
2.325400000000000000e+04
2.346100000000000000e+04
2.306800000000000000e+04
2.329000000000000000e+04
2.312900000000000000e+04
2.332100000000000000e+04
2.319000000000000000e+04
2.317300000000000000e+04
2.286500000000000000e+04
2.324600000000000000e+04
2.296700000000000000e+04
2.276500000000000000e+04
2.258300000000000000e+04
2.229900000000000000e+04
2.190400000000000000e+04
2.163400000000000000e+04
2.207100000000000000e+04
2.215500000000000000e+04
2.250300000000000000e+04
2.239200000000000000e+04
2.236900000000000000e+04
2.211000000000000000e+04
2.222300000000000000e+04
2.237500000000000000e+04
2.224500000000000000e+04
2.253000000000000000e+04
2.200900000000000000e+04
2.215400000000000000e+04
2.215500000000000000e+04
2.207900000000000000e+04
2.220400000000000000e+04
2.227000000000000000e+04
2.226900000000000000e+04
2.213400000000000000e+04
2.189500000000000000e+04
2.204500000000000000e+04
2.194800000000000000e+04
2.209900000000000000e+04
2.203700000000000000e+04
2.205100000000000000e+04
2.204200000000000000e+04
2.193700000000000000e+04
2.197100000000000000e+04
2.179400000000000000e+04
2.189000000000000000e+04
2.184900000000000000e+04
2.179900000000000000e+04
2.154200000000000000e+04
2.165700000000000000e+04
2.161300000000000000e+04
2.125100000000000000e+04
2.142700000000000000e+04
2.141200000000000000e+04
2.131900000000000000e+04
2.107500000000000000e+04
2.114300000000000000e+04
2.099000000000000000e+04
2.101300000000000000e+04
2.087800000000000000e+04
2.080200000000000000e+04
2.076700000000000000e+04
2.070100000000000000e+04
2.071400000000000000e+04
2.052100000000000000e+04
2.048500000000000000e+04
2.063100000000000000e+04
2.047100000000000000e+04
2.052900000000000000e+04
2.054200000000000000e+04
2.034600000000000000e+04
2.030300000000000000e+04
2.017800000000000000e+04
2.032300000000000000e+04
2.039300000000000000e+04
2.023600000000000000e+04
2.013100000000000000e+04
1.976900000000000000e+04
1.980700000000000000e+04
1.988300000000000000e+04
2.016100000000000000e+04
2.006300000000000000e+04
1.989800000000000000e+04
1.979900000000000000e+04
1.990600000000000000e+04
1.976300000000000000e+04
1.982300000000000000e+04
1.985600000000000000e+04
1.973400000000000000e+04
1.983700000000000000e+04
1.979000000000000000e+04
1.963800000000000000e+04
1.951700000000000000e+04
1.974800000000000000e+04
1.955100000000000000e+04
1.972000000000000000e+04
1.980800000000000000e+04
1.949000000000000000e+04
1.947600000000000000e+04
1.948600000000000000e+04
1.950500000000000000e+04
1.950400000000000000e+04
1.942800000000000000e+04
1.950100000000000000e+04
1.952800000000000000e+04
1.881800000000000000e+04
1.868900000000000000e+04
1.888500000000000000e+04
1.896200000000000000e+04
1.927600000000000000e+04
1.908500000000000000e+04
1.913000000000000000e+04
1.905500000000000000e+04
1.912800000000000000e+04
1.937200000000000000e+04
1.909000000000000000e+04
1.936100000000000000e+04
1.946600000000000000e+04
1.934100000000000000e+04
1.946900000000000000e+04
1.924100000000000000e+04
1.926200000000000000e+04
1.913200000000000000e+04
1.905000000000000000e+04
1.913100000000000000e+04
1.905400000000000000e+04
1.925700000000000000e+04
1.897200000000000000e+04
1.908800000000000000e+04
1.925400000000000000e+04
1.921700000000000000e+04
1.903400000000000000e+04
1.911200000000000000e+04
1.903600000000000000e+04
1.918500000000000000e+04
1.902200000000000000e+04
1.914100000000000000e+04
1.897300000000000000e+04
1.882500000000000000e+04
1.905000000000000000e+04
1.915600000000000000e+04
1.923500000000000000e+04
1.901100000000000000e+04
1.904200000000000000e+04
1.882500000000000000e+04
1.904500000000000000e+04
1.911500000000000000e+04
1.884200000000000000e+04
1.891600000000000000e+04
1.880300000000000000e+04
1.865900000000000000e+04
1.862600000000000000e+04
1.853200000000000000e+04
1.842800000000000000e+04
1.826700000000000000e+04
1.844200000000000000e+04
1.837300000000000000e+04
1.854000000000000000e+04
1.867300000000000000e+04
1.849900000000000000e+04
1.830900000000000000e+04
1.800300000000000000e+04
1.783700000000000000e+04
1.770700000000000000e+04
1.780200000000000000e+04
1.776200000000000000e+04
1.727500000000000000e+04
1.680200000000000000e+04
1.620300000000000000e+04
1.529300000000000000e+04
1.420400000000000000e+04
1.248300000000000000e+04
1.092800000000000000e+04
1.076300000000000000e+04
1.246300000000000000e+04
1.411200000000000000e+04
1.505400000000000000e+04
1.605600000000000000e+04
1.635100000000000000e+04
1.683400000000000000e+04
1.702100000000000000e+04
1.728500000000000000e+04
1.728100000000000000e+04
1.726300000000000000e+04
1.736100000000000000e+04
1.755900000000000000e+04
1.739900000000000000e+04
1.730700000000000000e+04
1.745500000000000000e+04
1.736200000000000000e+04
1.755000000000000000e+04
1.740700000000000000e+04
1.744300000000000000e+04
1.725000000000000000e+04
1.722900000000000000e+04
1.722400000000000000e+04
1.701400000000000000e+04
1.706600000000000000e+04
1.707200000000000000e+04
1.705400000000000000e+04
1.694900000000000000e+04
1.710100000000000000e+04
1.676100000000000000e+04
1.674900000000000000e+04
1.664000000000000000e+04
1.661500000000000000e+04
1.653900000000000000e+04
1.649400000000000000e+04
1.621900000000000000e+04
1.604900000000000000e+04
1.624600000000000000e+04
1.625900000000000000e+04
1.606900000000000000e+04
1.608200000000000000e+04
1.585800000000000000e+04
1.579600000000000000e+04
1.574600000000000000e+04
1.582200000000000000e+04
1.572900000000000000e+04
1.560000000000000000e+04
1.546500000000000000e+04
1.544800000000000000e+04
1.537700000000000000e+04
1.535800000000000000e+04
1.511700000000000000e+04
1.525900000000000000e+04
1.515600000000000000e+04
1.501500000000000000e+04
1.517700000000000000e+04
1.492700000000000000e+04
1.481900000000000000e+04
1.492100000000000000e+04
1.475800000000000000e+04
1.462700000000000000e+04
1.449100000000000000e+04
1.439100000000000000e+04
1.447500000000000000e+04
1.426500000000000000e+04
1.426200000000000000e+04
1.417400000000000000e+04
1.377800000000000000e+04
1.385100000000000000e+04
1.360700000000000000e+04
1.253200000000000000e+04
1.088800000000000000e+04
1.013300000000000000e+04
1.097500000000000000e+04
1.179800000000000000e+04
1.182000000000000000e+04
1.157300000000000000e+04
1.146600000000000000e+04
1.163500000000000000e+04
1.188100000000000000e+04
1.197600000000000000e+04
1.216300000000000000e+04
1.215700000000000000e+04
1.209400000000000000e+04
1.212200000000000000e+04
1.216500000000000000e+04
1.201400000000000000e+04
1.189400000000000000e+04
1.174500000000000000e+04
1.175200000000000000e+04
1.194700000000000000e+04
1.184800000000000000e+04
1.173700000000000000e+04
1.190700000000000000e+04
1.195600000000000000e+04
1.208600000000000000e+04
1.202000000000000000e+04
1.179000000000000000e+04
1.173800000000000000e+04
1.165700000000000000e+04
1.163700000000000000e+04
1.136000000000000000e+04
1.133600000000000000e+04
1.145300000000000000e+04
1.133400000000000000e+04
1.141100000000000000e+04
1.128500000000000000e+04
1.120800000000000000e+04
1.130200000000000000e+04
1.133600000000000000e+04
1.127800000000000000e+04
1.127100000000000000e+04
1.108900000000000000e+04
