1.304000000000000000e+03
1.682000000000000000e+03
2.209000000000000000e+03
2.369000000000000000e+03
2.248000000000000000e+03
1.820000000000000000e+03
1.516000000000000000e+03
1.775000000000000000e+03
2.515000000000000000e+03
3.077000000000000000e+03
3.588000000000000000e+03
3.553000000000000000e+03
3.287000000000000000e+03
2.802000000000000000e+03
2.066000000000000000e+03
1.912000000000000000e+03
2.455000000000000000e+03
3.339000000000000000e+03
4.172000000000000000e+03
4.512000000000000000e+03
4.728000000000000000e+03
5.066000000000000000e+03
5.107000000000000000e+03
5.073000000000000000e+03
4.917000000000000000e+03
4.280000000000000000e+03
3.336000000000000000e+03
2.559000000000000000e+03
2.738000000000000000e+03
3.763000000000000000e+03
5.012000000000000000e+03
5.989000000000000000e+03
6.599000000000000000e+03
6.844000000000000000e+03
7.151000000000000000e+03
7.372000000000000000e+03
7.454000000000000000e+03
7.327000000000000000e+03
7.181000000000000000e+03
7.563000000000000000e+03
7.776000000000000000e+03
7.617000000000000000e+03
7.163000000000000000e+03
6.487000000000000000e+03
5.514000000000000000e+03
4.120000000000000000e+03
3.142000000000000000e+03
3.406000000000000000e+03
4.974000000000000000e+03
6.252000000000000000e+03
7.505000000000000000e+03
8.145000000000000000e+03
8.508000000000000000e+03
8.964000000000000000e+03
9.273000000000000000e+03
9.215000000000000000e+03
9.322000000000000000e+03
9.785000000000000000e+03
9.900000000000000000e+03
9.926000000000000000e+03
1.015400000000000000e+04
1.030900000000000000e+04
1.042600000000000000e+04
1.053600000000000000e+04
1.066100000000000000e+04
1.062900000000000000e+04
1.087400000000000000e+04
1.098100000000000000e+04
1.115300000000000000e+04
1.103500000000000000e+04
1.093800000000000000e+04
1.081200000000000000e+04
1.069000000000000000e+04
1.017900000000000000e+04
9.183000000000000000e+03
7.680000000000000000e+03
5.793000000000000000e+03
4.768000000000000000e+03
5.831000000000000000e+03
7.831000000000000000e+03
9.712000000000000000e+03
1.112200000000000000e+04
1.198100000000000000e+04
1.242300000000000000e+04
1.266700000000000000e+04
1.335200000000000000e+04
1.347300000000000000e+04
1.381800000000000000e+04
1.378700000000000000e+04
1.394300000000000000e+04
1.424000000000000000e+04
1.371000000000000000e+04
1.424500000000000000e+04
1.406200000000000000e+04
1.390600000000000000e+04
1.406000000000000000e+04
1.422900000000000000e+04
1.425500000000000000e+04
1.438800000000000000e+04
1.422100000000000000e+04
1.405200000000000000e+04
1.431000000000000000e+04
1.463000000000000000e+04
1.450000000000000000e+04
1.403800000000000000e+04
1.416900000000000000e+04
1.410900000000000000e+04
1.406800000000000000e+04
1.408500000000000000e+04
1.409700000000000000e+04
1.418300000000000000e+04
1.405500000000000000e+04
1.434400000000000000e+04
1.426700000000000000e+04
1.424300000000000000e+04
1.443500000000000000e+04
1.450600000000000000e+04
1.445300000000000000e+04
1.451400000000000000e+04
1.472700000000000000e+04
1.457000000000000000e+04
1.472000000000000000e+04
1.481100000000000000e+04
1.455300000000000000e+04
1.443800000000000000e+04
1.410400000000000000e+04
1.415200000000000000e+04
1.384700000000000000e+04
1.352300000000000000e+04
1.266100000000000000e+04
1.118500000000000000e+04
9.145000000000000000e+03
6.894000000000000000e+03
6.451000000000000000e+03
8.323000000000000000e+03
1.071400000000000000e+04
1.237500000000000000e+04
1.414400000000000000e+04
1.511800000000000000e+04
1.582300000000000000e+04
1.622000000000000000e+04
1.671100000000000000e+04
1.713700000000000000e+04
1.696100000000000000e+04
1.709500000000000000e+04
1.755600000000000000e+04
1.781000000000000000e+04
1.797100000000000000e+04
1.856200000000000000e+04
1.857100000000000000e+04
1.853600000000000000e+04
1.884500000000000000e+04
1.899100000000000000e+04
1.944800000000000000e+04
1.945100000000000000e+04
1.964100000000000000e+04
1.980200000000000000e+04
1.964600000000000000e+04
2.004500000000000000e+04
2.031000000000000000e+04
2.049100000000000000e+04
2.062900000000000000e+04
2.066500000000000000e+04
2.073800000000000000e+04
2.079300000000000000e+04
2.071000000000000000e+04
2.083800000000000000e+04
2.121900000000000000e+04
2.182000000000000000e+04
2.161000000000000000e+04
2.224400000000000000e+04
2.221700000000000000e+04
2.206200000000000000e+04
2.253700000000000000e+04
2.228100000000000000e+04
2.234500000000000000e+04
2.309100000000000000e+04
2.286900000000000000e+04
2.320600000000000000e+04
2.354300000000000000e+04
2.330700000000000000e+04
2.328700000000000000e+04
2.348200000000000000e+04
2.390100000000000000e+04
2.379400000000000000e+04
2.425800000000000000e+04
2.457500000000000000e+04
2.450800000000000000e+04
2.454700000000000000e+04
2.445700000000000000e+04
2.443700000000000000e+04
2.484600000000000000e+04
2.534900000000000000e+04
2.565800000000000000e+04
2.564300000000000000e+04
2.551400000000000000e+04
2.574400000000000000e+04
2.577000000000000000e+04
2.581600000000000000e+04
2.614600000000000000e+04
2.576000000000000000e+04
2.604800000000000000e+04
2.660000000000000000e+04
2.654100000000000000e+04
2.659200000000000000e+04
2.666800000000000000e+04
2.684100000000000000e+04
2.705700000000000000e+04
2.717800000000000000e+04
2.721600000000000000e+04
2.716000000000000000e+04
2.717400000000000000e+04
2.730300000000000000e+04
2.734800000000000000e+04
2.763200000000000000e+04
2.776100000000000000e+04
2.810900000000000000e+04
2.801000000000000000e+04
2.804400000000000000e+04
2.826500000000000000e+04
2.874700000000000000e+04
2.818700000000000000e+04
2.842400000000000000e+04
2.861200000000000000e+04
2.870600000000000000e+04
2.863100000000000000e+04
2.865100000000000000e+04
2.861300000000000000e+04
2.890500000000000000e+04
2.897200000000000000e+04
2.902600000000000000e+04
2.889500000000000000e+04
2.909000000000000000e+04
2.914300000000000000e+04
2.927600000000000000e+04
2.914100000000000000e+04
2.916200000000000000e+04
2.950400000000000000e+04
2.925400000000000000e+04
2.904500000000000000e+04
2.931800000000000000e+04
2.896800000000000000e+04
2.918000000000000000e+04
2.864100000000000000e+04
2.877400000000000000e+04
2.864800000000000000e+04
2.827300000000000000e+04
2.758100000000000000e+04
2.715900000000000000e+04
2.614000000000000000e+04
2.467700000000000000e+04
2.244700000000000000e+04
1.969800000000000000e+04
1.601900000000000000e+04
1.267600000000000000e+04
1.360700000000000000e+04
1.741500000000000000e+04
2.080900000000000000e+04
2.310300000000000000e+04
2.442800000000000000e+04
2.570700000000000000e+04
2.682200000000000000e+04
2.690300000000000000e+04
2.722600000000000000e+04
2.752000000000000000e+04
2.746600000000000000e+04
2.790900000000000000e+04
2.787500000000000000e+04
2.744400000000000000e+04
2.737200000000000000e+04
2.758400000000000000e+04
2.801400000000000000e+04
2.769400000000000000e+04
2.784000000000000000e+04
2.780900000000000000e+04
2.758000000000000000e+04
2.740800000000000000e+04
2.740800000000000000e+04
2.766000000000000000e+04
2.755900000000000000e+04
2.750800000000000000e+04
2.779600000000000000e+04
2.751300000000000000e+04
2.747200000000000000e+04
2.707500000000000000e+04
2.716900000000000000e+04
2.709300000000000000e+04
2.689900000000000000e+04
2.672800000000000000e+04
2.666600000000000000e+04
2.652600000000000000e+04
2.605000000000000000e+04
2.617800000000000000e+04
2.632500000000000000e+04
2.645700000000000000e+04
2.605300000000000000e+04
2.589600000000000000e+04
2.602400000000000000e+04
2.581800000000000000e+04
2.573800000000000000e+04
2.563900000000000000e+04
2.575300000000000000e+04
2.602500000000000000e+04
2.585600000000000000e+04
2.604900000000000000e+04
2.592200000000000000e+04
2.597900000000000000e+04
2.591100000000000000e+04
2.604100000000000000e+04
2.602700000000000000e+04
2.608900000000000000e+04
2.623500000000000000e+04
2.635900000000000000e+04
2.635400000000000000e+04
2.693800000000000000e+04
2.666600000000000000e+04
2.680700000000000000e+04
2.673500000000000000e+04
2.695600000000000000e+04
2.696100000000000000e+04
2.700900000000000000e+04
2.727100000000000000e+04
2.713800000000000000e+04
2.739600000000000000e+04
2.725400000000000000e+04
2.725800000000000000e+04
2.689800000000000000e+04
2.708000000000000000e+04
2.759700000000000000e+04
2.721200000000000000e+04
2.760900000000000000e+04
2.798500000000000000e+04
2.805200000000000000e+04
2.825900000000000000e+04
2.812500000000000000e+04
2.854200000000000000e+04
2.871500000000000000e+04
2.900100000000000000e+04
2.889500000000000000e+04
2.894200000000000000e+04
2.884400000000000000e+04
2.906700000000000000e+04
2.924200000000000000e+04
2.968300000000000000e+04
2.962100000000000000e+04
2.966800000000000000e+04
2.982700000000000000e+04
2.989200000000000000e+04
3.005100000000000000e+04
3.026200000000000000e+04
3.028900000000000000e+04
3.038200000000000000e+04
3.064500000000000000e+04
3.098700000000000000e+04
3.060100000000000000e+04
3.100700000000000000e+04
3.088900000000000000e+04
3.099000000000000000e+04
3.123100000000000000e+04
3.141500000000000000e+04
3.114700000000000000e+04
3.125100000000000000e+04
3.116900000000000000e+04
3.118300000000000000e+04
3.133800000000000000e+04
3.133800000000000000e+04
3.191900000000000000e+04
3.193500000000000000e+04
3.205800000000000000e+04
3.195300000000000000e+04
3.221600000000000000e+04
3.209400000000000000e+04
3.203400000000000000e+04
3.174000000000000000e+04
3.199500000000000000e+04
3.195200000000000000e+04
3.199300000000000000e+04
3.216900000000000000e+04
3.208000000000000000e+04
3.187900000000000000e+04
3.183700000000000000e+04
3.185800000000000000e+04
3.211400000000000000e+04
3.173700000000000000e+04
3.164200000000000000e+04
3.128600000000000000e+04
3.102500000000000000e+04
3.131600000000000000e+04
3.113400000000000000e+04
3.160400000000000000e+04
3.129700000000000000e+04
3.127000000000000000e+04
3.117600000000000000e+04
3.114000000000000000e+04
3.131200000000000000e+04
3.119500000000000000e+04
3.093700000000000000e+04
3.115300000000000000e+04
3.143200000000000000e+04
3.134500000000000000e+04
3.123800000000000000e+04
3.113000000000000000e+04
3.129500000000000000e+04
3.140100000000000000e+04
3.139000000000000000e+04
3.126500000000000000e+04
3.142400000000000000e+04
3.131500000000000000e+04
3.105900000000000000e+04
3.119300000000000000e+04
3.095400000000000000e+04
3.105300000000000000e+04
3.105000000000000000e+04
3.116300000000000000e+04
3.122600000000000000e+04
3.126800000000000000e+04
3.124200000000000000e+04
3.150500000000000000e+04
3.160300000000000000e+04
3.154900000000000000e+04
3.159700000000000000e+04
3.169300000000000000e+04
3.154300000000000000e+04
3.152200000000000000e+04
3.183100000000000000e+04
3.174600000000000000e+04
3.209100000000000000e+04
3.225100000000000000e+04
3.196400000000000000e+04
3.211800000000000000e+04
3.207300000000000000e+04
3.252700000000000000e+04
3.221400000000000000e+04
3.252100000000000000e+04
3.262900000000000000e+04
3.255100000000000000e+04
3.279900000000000000e+04
3.262400000000000000e+04
3.285900000000000000e+04
3.306600000000000000e+04
3.265500000000000000e+04
3.291400000000000000e+04
3.308400000000000000e+04
3.336700000000000000e+04
3.330400000000000000e+04
3.334200000000000000e+04
3.341300000000000000e+04
3.351600000000000000e+04
3.349100000000000000e+04
3.367700000000000000e+04
3.372100000000000000e+04
3.365900000000000000e+04
3.382900000000000000e+04
3.401400000000000000e+04
3.375000000000000000e+04
3.402700000000000000e+04
3.387800000000000000e+04
3.421500000000000000e+04
3.425700000000000000e+04
3.406400000000000000e+04
3.426300000000000000e+04
3.415700000000000000e+04
3.412300000000000000e+04
3.408700000000000000e+04
3.441600000000000000e+04
3.440300000000000000e+04
3.437400000000000000e+04
3.465100000000000000e+04
3.462700000000000000e+04
3.475700000000000000e+04
3.479800000000000000e+04
3.476100000000000000e+04
3.471000000000000000e+04
3.469000000000000000e+04
3.499500000000000000e+04
3.470000000000000000e+04
3.488600000000000000e+04
3.463300000000000000e+04
3.486900000000000000e+04
3.505500000000000000e+04
3.485300000000000000e+04
3.480000000000000000e+04
3.501500000000000000e+04
3.493900000000000000e+04
3.493500000000000000e+04
3.452700000000000000e+04
3.471300000000000000e+04
3.462300000000000000e+04
3.425500000000000000e+04
3.424200000000000000e+04
3.403500000000000000e+04
3.408200000000000000e+04
3.352600000000000000e+04
3.335500000000000000e+04
3.276400000000000000e+04
3.243100000000000000e+04
3.248500000000000000e+04
3.289300000000000000e+04
3.311800000000000000e+04
3.308900000000000000e+04
3.304600000000000000e+04
3.270300000000000000e+04
3.284300000000000000e+04
3.324400000000000000e+04
3.304300000000000000e+04
3.294900000000000000e+04
3.261500000000000000e+04
3.247900000000000000e+04
3.265300000000000000e+04
3.234300000000000000e+04
3.275500000000000000e+04
3.258300000000000000e+04
3.255100000000000000e+04
3.228300000000000000e+04
3.212600000000000000e+04
3.224300000000000000e+04
3.237400000000000000e+04
3.202700000000000000e+04
3.173500000000000000e+04
3.196500000000000000e+04
3.180700000000000000e+04
3.187300000000000000e+04
3.173500000000000000e+04
3.157800000000000000e+04
3.143500000000000000e+04
3.153000000000000000e+04
3.128200000000000000e+04
3.123500000000000000e+04
3.105300000000000000e+04
3.083400000000000000e+04
3.076500000000000000e+04
3.041300000000000000e+04
3.053000000000000000e+04
3.027900000000000000e+04
3.036100000000000000e+04
3.028200000000000000e+04
3.015500000000000000e+04
2.986900000000000000e+04
2.982600000000000000e+04
2.967400000000000000e+04
2.958100000000000000e+04
2.938700000000000000e+04
2.931400000000000000e+04
2.924900000000000000e+04
2.882500000000000000e+04
2.908600000000000000e+04
2.892300000000000000e+04
2.875700000000000000e+04
2.860300000000000000e+04
2.844300000000000000e+04
2.810000000000000000e+04
2.838600000000000000e+04
2.813100000000000000e+04
2.789000000000000000e+04
2.786300000000000000e+04
2.792900000000000000e+04
2.757600000000000000e+04
2.731800000000000000e+04
2.729300000000000000e+04
2.746600000000000000e+04
2.729900000000000000e+04
2.733700000000000000e+04
2.725600000000000000e+04
2.704600000000000000e+04
2.703600000000000000e+04
2.675000000000000000e+04
2.701800000000000000e+04
2.685300000000000000e+04
2.671200000000000000e+04
2.654000000000000000e+04
2.660800000000000000e+04
2.656400000000000000e+04
2.625800000000000000e+04
2.656000000000000000e+04
2.653600000000000000e+04
2.619700000000000000e+04
2.595300000000000000e+04
2.588800000000000000e+04
2.600000000000000000e+04
2.602100000000000000e+04
2.586600000000000000e+04
2.587900000000000000e+04
2.606000000000000000e+04
2.590000000000000000e+04
2.550600000000000000e+04
2.483600000000000000e+04
2.470600000000000000e+04
2.505300000000000000e+04
2.535700000000000000e+04
2.534100000000000000e+04
2.532400000000000000e+04
2.508400000000000000e+04
2.528700000000000000e+04
2.531500000000000000e+04
2.529500000000000000e+04
2.527600000000000000e+04
2.522800000000000000e+04
2.557000000000000000e+04
2.519500000000000000e+04
2.502700000000000000e+04
2.504000000000000000e+04
2.494500000000000000e+04
2.488400000000000000e+04
2.487900000000000000e+04
2.508300000000000000e+04
2.483300000000000000e+04
2.488700000000000000e+04
2.466000000000000000e+04
2.468200000000000000e+04
2.467000000000000000e+04
2.467100000000000000e+04
2.449100000000000000e+04
2.463200000000000000e+04
2.447300000000000000e+04
2.442500000000000000e+04
2.437100000000000000e+04
2.445800000000000000e+04
2.428100000000000000e+04
2.423100000000000000e+04
2.427400000000000000e+04
2.397400000000000000e+04
2.426000000000000000e+04
2.377900000000000000e+04
2.411400000000000000e+04
2.371200000000000000e+04
2.375200000000000000e+04
2.356800000000000000e+04
2.343100000000000000e+04
2.346000000000000000e+04
2.350800000000000000e+04
2.316500000000000000e+04
2.293200000000000000e+04
2.301500000000000000e+04
2.312000000000000000e+04
2.322900000000000000e+04
2.292700000000000000e+04
2.291600000000000000e+04
2.312200000000000000e+04
2.313300000000000000e+04
2.291400000000000000e+04
2.254600000000000000e+04
2.224800000000000000e+04
2.217600000000000000e+04
2.212200000000000000e+04
2.183700000000000000e+04
2.133700000000000000e+04
2.084100000000000000e+04
2.023700000000000000e+04
1.924800000000000000e+04
1.774200000000000000e+04
1.575400000000000000e+04
1.337500000000000000e+04
1.313800000000000000e+04
1.493700000000000000e+04
1.684000000000000000e+04
1.840000000000000000e+04
1.935000000000000000e+04
1.994000000000000000e+04
2.043500000000000000e+04
2.100000000000000000e+04
2.100000000000000000e+04
2.098400000000000000e+04
2.122100000000000000e+04
2.105800000000000000e+04
2.102500000000000000e+04
2.104800000000000000e+04
2.099300000000000000e+04
2.105800000000000000e+04
2.093700000000000000e+04
2.103500000000000000e+04
2.100800000000000000e+04
2.055500000000000000e+04
2.065700000000000000e+04
2.051500000000000000e+04
2.036600000000000000e+04
2.052400000000000000e+04
2.050700000000000000e+04
2.010700000000000000e+04
2.011800000000000000e+04
2.024800000000000000e+04
1.980400000000000000e+04
1.993900000000000000e+04
1.965900000000000000e+04
1.971200000000000000e+04
1.942400000000000000e+04
1.945200000000000000e+04
1.946700000000000000e+04
1.936200000000000000e+04
1.927700000000000000e+04
1.912900000000000000e+04
1.898900000000000000e+04
1.867900000000000000e+04
1.868400000000000000e+04
1.866700000000000000e+04
1.861900000000000000e+04
1.839100000000000000e+04
1.831100000000000000e+04
1.834900000000000000e+04
1.812300000000000000e+04
1.801000000000000000e+04
1.802200000000000000e+04
1.797100000000000000e+04
1.787800000000000000e+04
1.769100000000000000e+04
1.780000000000000000e+04
1.744100000000000000e+04
1.743900000000000000e+04
1.716000000000000000e+04
1.727400000000000000e+04
1.709200000000000000e+04
1.689900000000000000e+04
1.671400000000000000e+04
1.676500000000000000e+04
1.661700000000000000e+04
1.646400000000000000e+04
1.635100000000000000e+04
1.622900000000000000e+04
1.616300000000000000e+04
1.606700000000000000e+04
1.614500000000000000e+04
1.584700000000000000e+04
1.553500000000000000e+04
1.422700000000000000e+04
1.219500000000000000e+04
1.137000000000000000e+04
1.241000000000000000e+04
1.328700000000000000e+04
1.327100000000000000e+04
1.293800000000000000e+04
1.270000000000000000e+04
1.288500000000000000e+04
1.305800000000000000e+04
1.329500000000000000e+04
1.336800000000000000e+04
1.355300000000000000e+04
1.341900000000000000e+04
1.353700000000000000e+04
1.321900000000000000e+04
1.335300000000000000e+04
1.320200000000000000e+04
1.293500000000000000e+04
1.301900000000000000e+04
1.308200000000000000e+04
1.293900000000000000e+04
1.289700000000000000e+04
1.301000000000000000e+04
1.313900000000000000e+04
1.307300000000000000e+04
1.295000000000000000e+04
1.302600000000000000e+04
1.274000000000000000e+04
1.266200000000000000e+04
1.251400000000000000e+04
1.227300000000000000e+04
1.232900000000000000e+04
1.219200000000000000e+04
1.204400000000000000e+04
1.210100000000000000e+04
1.205900000000000000e+04
1.210600000000000000e+04
1.191700000000000000e+04
1.206900000000000000e+04
1.211000000000000000e+04
1.180700000000000000e+04
1.167200000000000000e+04
