1.221000000000000000e+03
1.634000000000000000e+03
1.918000000000000000e+03
2.035000000000000000e+03
1.851000000000000000e+03
1.415000000000000000e+03
1.280000000000000000e+03
1.728000000000000000e+03
2.295000000000000000e+03
2.707000000000000000e+03
2.950000000000000000e+03
2.997000000000000000e+03
2.760000000000000000e+03
2.146000000000000000e+03
1.682000000000000000e+03
1.732000000000000000e+03
2.446000000000000000e+03
3.081000000000000000e+03
3.649000000000000000e+03
3.981000000000000000e+03
4.184000000000000000e+03
4.401000000000000000e+03
4.411000000000000000e+03
4.342000000000000000e+03
3.999000000000000000e+03
3.353000000000000000e+03
2.583000000000000000e+03
2.110000000000000000e+03
2.549000000000000000e+03
3.583000000000000000e+03
4.438000000000000000e+03
5.270000000000000000e+03
5.668000000000000000e+03
6.066000000000000000e+03
6.306000000000000000e+03
6.493000000000000000e+03
6.400000000000000000e+03
6.213000000000000000e+03
6.224000000000000000e+03
6.441000000000000000e+03
6.438000000000000000e+03
6.361000000000000000e+03
5.923000000000000000e+03
5.400000000000000000e+03
4.311000000000000000e+03
3.144000000000000000e+03
2.698000000000000000e+03
3.431000000000000000e+03
4.569000000000000000e+03
5.778000000000000000e+03
6.213000000000000000e+03
6.993000000000000000e+03
7.327000000000000000e+03
7.443000000000000000e+03
7.785000000000000000e+03
7.842000000000000000e+03
8.066000000000000000e+03
8.162000000000000000e+03
8.339000000000000000e+03
8.379000000000000000e+03
8.512000000000000000e+03
8.620000000000000000e+03
8.997000000000000000e+03
8.991000000000000000e+03
9.146000000000000000e+03
9.248000000000000000e+03
9.385000000000000000e+03
9.502000000000000000e+03
9.611000000000000000e+03
9.621000000000000000e+03
9.573000000000000000e+03
9.338000000000000000e+03
9.037000000000000000e+03
8.547000000000000000e+03
7.475000000000000000e+03
6.083000000000000000e+03
4.585000000000000000e+03
4.327000000000000000e+03
5.583000000000000000e+03
7.375000000000000000e+03
8.666000000000000000e+03
9.806000000000000000e+03
1.045000000000000000e+04
1.083400000000000000e+04
1.121400000000000000e+04
1.150100000000000000e+04
1.175300000000000000e+04
1.185600000000000000e+04
1.174500000000000000e+04
1.230400000000000000e+04
1.209500000000000000e+04
1.213900000000000000e+04
1.234500000000000000e+04
1.216700000000000000e+04
1.224100000000000000e+04
1.232700000000000000e+04
1.218600000000000000e+04
1.233500000000000000e+04
1.230300000000000000e+04
1.229800000000000000e+04
1.237500000000000000e+04
1.240900000000000000e+04
1.268200000000000000e+04
1.254300000000000000e+04
1.249300000000000000e+04
1.251900000000000000e+04
1.256200000000000000e+04
1.238000000000000000e+04
1.253800000000000000e+04
1.250300000000000000e+04
1.236600000000000000e+04
1.270400000000000000e+04
1.267600000000000000e+04
1.290000000000000000e+04
1.300700000000000000e+04
1.294800000000000000e+04
1.276800000000000000e+04
1.298100000000000000e+04
1.275600000000000000e+04
1.309400000000000000e+04
1.319300000000000000e+04
1.304500000000000000e+04
1.315000000000000000e+04
1.294500000000000000e+04
1.300400000000000000e+04
1.289800000000000000e+04
1.283500000000000000e+04
1.238900000000000000e+04
1.189400000000000000e+04
1.119700000000000000e+04
9.681000000000000000e+03
7.687000000000000000e+03
5.886000000000000000e+03
6.224000000000000000e+03
8.195000000000000000e+03
1.026700000000000000e+04
1.204300000000000000e+04
1.322400000000000000e+04
1.403200000000000000e+04
1.458700000000000000e+04
1.514700000000000000e+04
1.543100000000000000e+04
1.564900000000000000e+04
1.559600000000000000e+04
1.592200000000000000e+04
1.629900000000000000e+04
1.618200000000000000e+04
1.649900000000000000e+04
1.703700000000000000e+04
1.718100000000000000e+04
1.736600000000000000e+04
1.751700000000000000e+04
1.771100000000000000e+04
1.791500000000000000e+04
1.807100000000000000e+04
1.828100000000000000e+04
1.800700000000000000e+04
1.828200000000000000e+04
1.830200000000000000e+04
1.879900000000000000e+04
1.887800000000000000e+04
1.902600000000000000e+04
1.904000000000000000e+04
1.909300000000000000e+04
1.929800000000000000e+04
1.888400000000000000e+04
1.934500000000000000e+04
1.970000000000000000e+04
2.030300000000000000e+04
2.004000000000000000e+04
2.054000000000000000e+04
2.056200000000000000e+04
2.067200000000000000e+04
2.092600000000000000e+04
2.082400000000000000e+04
2.103300000000000000e+04
2.150400000000000000e+04
2.152800000000000000e+04
2.146900000000000000e+04
2.196000000000000000e+04
2.170200000000000000e+04
2.187300000000000000e+04
2.222900000000000000e+04
2.215100000000000000e+04
2.270500000000000000e+04
2.270800000000000000e+04
2.262200000000000000e+04
2.317800000000000000e+04
2.297000000000000000e+04
2.311500000000000000e+04
2.311700000000000000e+04
2.342800000000000000e+04
2.365600000000000000e+04
2.384100000000000000e+04
2.415100000000000000e+04
2.412700000000000000e+04
2.434400000000000000e+04
2.434800000000000000e+04
2.435800000000000000e+04
2.469500000000000000e+04
2.445000000000000000e+04
2.455300000000000000e+04
2.466000000000000000e+04
2.496400000000000000e+04
2.545400000000000000e+04
2.531300000000000000e+04
2.554200000000000000e+04
2.588800000000000000e+04
2.554100000000000000e+04
2.609200000000000000e+04
2.599100000000000000e+04
2.623600000000000000e+04
2.619700000000000000e+04
2.652600000000000000e+04
2.676800000000000000e+04
2.670700000000000000e+04
2.713300000000000000e+04
2.703100000000000000e+04
2.720500000000000000e+04
2.753300000000000000e+04
2.771900000000000000e+04
2.776600000000000000e+04
2.789800000000000000e+04
2.779800000000000000e+04
2.796600000000000000e+04
2.805900000000000000e+04
2.782800000000000000e+04
2.839300000000000000e+04
2.819600000000000000e+04
2.852900000000000000e+04
2.861900000000000000e+04
2.848900000000000000e+04
2.851800000000000000e+04
2.878100000000000000e+04
2.885800000000000000e+04
2.865000000000000000e+04
2.888200000000000000e+04
2.906000000000000000e+04
2.906700000000000000e+04
2.871700000000000000e+04
2.899600000000000000e+04
2.895300000000000000e+04
2.900100000000000000e+04
2.856600000000000000e+04
2.834700000000000000e+04
2.834500000000000000e+04
2.793900000000000000e+04
2.732600000000000000e+04
2.674000000000000000e+04
2.561800000000000000e+04
2.410200000000000000e+04
2.195500000000000000e+04
1.902000000000000000e+04
1.482500000000000000e+04
1.269300000000000000e+04
1.475200000000000000e+04
1.848300000000000000e+04
2.163600000000000000e+04
2.357400000000000000e+04
2.520200000000000000e+04
2.603700000000000000e+04
2.658700000000000000e+04
2.754500000000000000e+04
2.752500000000000000e+04
2.795700000000000000e+04
2.797800000000000000e+04
2.826700000000000000e+04
2.803500000000000000e+04
2.769100000000000000e+04
2.788700000000000000e+04
2.792900000000000000e+04
2.824300000000000000e+04
2.791000000000000000e+04
2.831400000000000000e+04
2.817000000000000000e+04
2.773100000000000000e+04
2.812200000000000000e+04
2.796100000000000000e+04
2.771300000000000000e+04
2.762800000000000000e+04
2.762200000000000000e+04
2.763700000000000000e+04
2.757500000000000000e+04
2.749900000000000000e+04
2.772400000000000000e+04
2.743700000000000000e+04
2.740700000000000000e+04
2.723400000000000000e+04
2.693500000000000000e+04
2.709300000000000000e+04
2.684700000000000000e+04
2.625500000000000000e+04
2.664500000000000000e+04
2.655900000000000000e+04
2.656300000000000000e+04
2.626300000000000000e+04
2.616700000000000000e+04
2.622600000000000000e+04
2.632600000000000000e+04
2.627400000000000000e+04
2.633400000000000000e+04
2.625500000000000000e+04
2.676800000000000000e+04
2.647600000000000000e+04
2.642000000000000000e+04
2.678900000000000000e+04
2.649000000000000000e+04
2.664400000000000000e+04
2.677700000000000000e+04
2.674500000000000000e+04
2.689400000000000000e+04
2.689300000000000000e+04
2.712800000000000000e+04
2.718600000000000000e+04
2.752300000000000000e+04
2.744400000000000000e+04
2.739800000000000000e+04
2.787300000000000000e+04
2.784800000000000000e+04
2.805400000000000000e+04
2.794900000000000000e+04
2.844000000000000000e+04
2.815500000000000000e+04
2.837200000000000000e+04
2.856100000000000000e+04
2.827000000000000000e+04
2.817600000000000000e+04
2.836200000000000000e+04
2.907300000000000000e+04
2.885500000000000000e+04
2.903200000000000000e+04
2.936000000000000000e+04
2.965600000000000000e+04
2.965000000000000000e+04
3.006200000000000000e+04
3.009300000000000000e+04
3.011200000000000000e+04
3.040100000000000000e+04
3.028400000000000000e+04
3.049600000000000000e+04
3.039400000000000000e+04
3.095700000000000000e+04
3.089800000000000000e+04
3.133700000000000000e+04
3.143200000000000000e+04
3.160400000000000000e+04
3.189000000000000000e+04
3.206400000000000000e+04
3.173100000000000000e+04
3.218800000000000000e+04
3.212100000000000000e+04
3.274800000000000000e+04
3.271300000000000000e+04
3.257500000000000000e+04
3.310400000000000000e+04
3.317400000000000000e+04
3.362000000000000000e+04
3.356300000000000000e+04
3.336300000000000000e+04
3.334100000000000000e+04
3.360100000000000000e+04
3.342000000000000000e+04
3.382300000000000000e+04
3.403800000000000000e+04
3.403900000000000000e+04
3.425800000000000000e+04
3.436400000000000000e+04
3.447400000000000000e+04
3.440000000000000000e+04
3.492700000000000000e+04
3.487700000000000000e+04
3.451300000000000000e+04
3.462000000000000000e+04
3.486100000000000000e+04
3.508200000000000000e+04
3.513800000000000000e+04
3.461800000000000000e+04
3.497200000000000000e+04
3.465800000000000000e+04
3.464900000000000000e+04
3.450900000000000000e+04
3.478500000000000000e+04
3.458500000000000000e+04
3.420100000000000000e+04
3.437900000000000000e+04
3.449500000000000000e+04
3.397000000000000000e+04
3.444300000000000000e+04
3.432600000000000000e+04
3.408600000000000000e+04
3.426200000000000000e+04
3.450500000000000000e+04
3.449500000000000000e+04
3.433700000000000000e+04
3.434100000000000000e+04
3.407700000000000000e+04
3.426700000000000000e+04
3.422600000000000000e+04
3.430700000000000000e+04
3.420200000000000000e+04
3.441900000000000000e+04
3.495000000000000000e+04
3.478900000000000000e+04
3.447800000000000000e+04
3.440000000000000000e+04
3.472300000000000000e+04
3.473200000000000000e+04
3.495000000000000000e+04
3.467700000000000000e+04
3.470400000000000000e+04
3.474600000000000000e+04
3.479200000000000000e+04
3.524400000000000000e+04
3.515900000000000000e+04
3.536100000000000000e+04
3.499700000000000000e+04
3.521700000000000000e+04
3.535700000000000000e+04
3.546300000000000000e+04
3.552700000000000000e+04
3.547500000000000000e+04
3.555500000000000000e+04
3.561000000000000000e+04
3.601100000000000000e+04
3.619800000000000000e+04
3.602200000000000000e+04
3.627000000000000000e+04
3.641600000000000000e+04
3.635100000000000000e+04
3.697700000000000000e+04
3.693200000000000000e+04
3.709600000000000000e+04
3.692000000000000000e+04
3.719000000000000000e+04
3.719900000000000000e+04
3.735700000000000000e+04
3.734500000000000000e+04
3.765200000000000000e+04
3.778900000000000000e+04
3.817100000000000000e+04
3.821800000000000000e+04
3.809500000000000000e+04
3.879700000000000000e+04
3.856200000000000000e+04
3.850700000000000000e+04
3.849300000000000000e+04
3.871000000000000000e+04
3.860200000000000000e+04
3.904500000000000000e+04
3.889100000000000000e+04
3.919100000000000000e+04
3.923600000000000000e+04
3.930000000000000000e+04
3.952300000000000000e+04
3.941800000000000000e+04
3.992300000000000000e+04
3.962400000000000000e+04
4.018500000000000000e+04
3.996200000000000000e+04
4.034800000000000000e+04
4.021900000000000000e+04
4.044000000000000000e+04
4.009500000000000000e+04
4.028500000000000000e+04
4.036000000000000000e+04
4.071000000000000000e+04
4.062500000000000000e+04
4.059800000000000000e+04
4.083500000000000000e+04
4.072900000000000000e+04
4.111600000000000000e+04
4.106600000000000000e+04
4.112000000000000000e+04
4.146600000000000000e+04
4.109000000000000000e+04
4.151600000000000000e+04
4.103700000000000000e+04
4.139300000000000000e+04
4.160400000000000000e+04
4.169600000000000000e+04
4.117700000000000000e+04
4.163500000000000000e+04
4.134200000000000000e+04
4.171600000000000000e+04
4.126800000000000000e+04
4.116200000000000000e+04
4.134700000000000000e+04
4.110000000000000000e+04
4.130400000000000000e+04
4.111600000000000000e+04
4.073700000000000000e+04
4.075800000000000000e+04
4.025700000000000000e+04
3.975700000000000000e+04
3.906800000000000000e+04
3.944200000000000000e+04
3.892800000000000000e+04
3.953900000000000000e+04
3.993100000000000000e+04
3.981300000000000000e+04
3.963600000000000000e+04
3.968500000000000000e+04
3.965100000000000000e+04
3.969100000000000000e+04
4.003800000000000000e+04
4.009700000000000000e+04
3.952700000000000000e+04
3.910300000000000000e+04
3.949400000000000000e+04
3.957600000000000000e+04
3.955800000000000000e+04
3.922600000000000000e+04
3.925100000000000000e+04
3.907300000000000000e+04
3.918900000000000000e+04
3.913700000000000000e+04
3.908000000000000000e+04
3.936700000000000000e+04
3.892700000000000000e+04
3.882700000000000000e+04
3.897400000000000000e+04
3.868800000000000000e+04
3.879900000000000000e+04
3.852600000000000000e+04
3.838600000000000000e+04
3.828800000000000000e+04
3.838400000000000000e+04
3.829800000000000000e+04
3.822400000000000000e+04
3.805300000000000000e+04
3.811200000000000000e+04
3.774800000000000000e+04
3.780100000000000000e+04
3.746100000000000000e+04
3.757900000000000000e+04
3.764800000000000000e+04
3.744000000000000000e+04
3.711500000000000000e+04
3.715000000000000000e+04
3.702600000000000000e+04
3.687700000000000000e+04
3.685300000000000000e+04
3.671000000000000000e+04
3.652900000000000000e+04
3.648100000000000000e+04
3.631100000000000000e+04
3.652200000000000000e+04
3.586100000000000000e+04
3.601000000000000000e+04
3.597500000000000000e+04
3.581400000000000000e+04
3.634900000000000000e+04
3.592200000000000000e+04
3.573700000000000000e+04
3.562300000000000000e+04
3.552100000000000000e+04
3.508600000000000000e+04
3.462500000000000000e+04
3.503900000000000000e+04
3.519400000000000000e+04
3.485800000000000000e+04
3.514400000000000000e+04
3.482200000000000000e+04
3.480700000000000000e+04
3.458100000000000000e+04
3.467600000000000000e+04
3.452500000000000000e+04
3.449200000000000000e+04
3.449400000000000000e+04
3.480300000000000000e+04
3.459200000000000000e+04
3.425900000000000000e+04
3.450100000000000000e+04
3.429700000000000000e+04
3.403100000000000000e+04
3.432800000000000000e+04
3.406300000000000000e+04
3.399800000000000000e+04
3.435000000000000000e+04
3.395900000000000000e+04
3.439200000000000000e+04
3.375100000000000000e+04
3.382100000000000000e+04
3.385200000000000000e+04
3.327000000000000000e+04
3.277600000000000000e+04
3.275100000000000000e+04
3.344700000000000000e+04
3.328800000000000000e+04
3.348900000000000000e+04
3.325600000000000000e+04
3.328600000000000000e+04
3.350600000000000000e+04
3.336100000000000000e+04
3.354200000000000000e+04
3.356500000000000000e+04
3.345300000000000000e+04
3.354400000000000000e+04
3.336300000000000000e+04
3.354500000000000000e+04
3.345100000000000000e+04
3.309900000000000000e+04
3.299200000000000000e+04
3.365000000000000000e+04
3.327900000000000000e+04
3.350300000000000000e+04
3.305800000000000000e+04
3.304500000000000000e+04
3.335200000000000000e+04
3.325500000000000000e+04
3.325800000000000000e+04
3.300000000000000000e+04
3.302700000000000000e+04
3.316100000000000000e+04
3.304200000000000000e+04
3.264800000000000000e+04
3.298400000000000000e+04
3.279900000000000000e+04
3.293000000000000000e+04
3.284100000000000000e+04
3.274900000000000000e+04
3.264400000000000000e+04
3.260200000000000000e+04
3.277300000000000000e+04
3.243800000000000000e+04
3.241800000000000000e+04
3.235300000000000000e+04
3.219700000000000000e+04
3.235100000000000000e+04
3.217300000000000000e+04
3.204500000000000000e+04
3.167800000000000000e+04
3.166300000000000000e+04
3.150600000000000000e+04
3.156200000000000000e+04
3.151800000000000000e+04
3.162900000000000000e+04
3.196200000000000000e+04
3.172400000000000000e+04
3.170800000000000000e+04
3.122900000000000000e+04
3.080700000000000000e+04
3.068000000000000000e+04
3.033600000000000000e+04
3.013700000000000000e+04
2.985400000000000000e+04
2.902300000000000000e+04
2.789600000000000000e+04
2.638800000000000000e+04
2.417800000000000000e+04
2.142100000000000000e+04
1.867000000000000000e+04
1.854000000000000000e+04
2.090500000000000000e+04
2.382000000000000000e+04
2.572600000000000000e+04
2.696800000000000000e+04
2.798000000000000000e+04
2.877500000000000000e+04
2.902900000000000000e+04
2.944900000000000000e+04
2.947300000000000000e+04
2.986000000000000000e+04
2.993400000000000000e+04
2.957400000000000000e+04
2.986600000000000000e+04
2.996600000000000000e+04
2.956500000000000000e+04
2.970500000000000000e+04
2.961600000000000000e+04
2.951600000000000000e+04
2.943300000000000000e+04
2.932700000000000000e+04
2.939100000000000000e+04
2.908000000000000000e+04
2.921700000000000000e+04
2.868200000000000000e+04
2.888300000000000000e+04
2.870700000000000000e+04
2.846500000000000000e+04
2.853800000000000000e+04
2.838000000000000000e+04
2.815800000000000000e+04
2.801800000000000000e+04
2.821800000000000000e+04
2.783600000000000000e+04
2.788000000000000000e+04
2.776900000000000000e+04
2.746100000000000000e+04
2.727700000000000000e+04
2.723200000000000000e+04
2.726000000000000000e+04
2.694700000000000000e+04
2.681400000000000000e+04
2.667900000000000000e+04
2.656800000000000000e+04
2.638800000000000000e+04
2.627500000000000000e+04
2.620400000000000000e+04
2.601100000000000000e+04
2.592500000000000000e+04
2.573300000000000000e+04
2.561900000000000000e+04
2.542500000000000000e+04
2.547500000000000000e+04
2.517800000000000000e+04
2.505000000000000000e+04
2.487000000000000000e+04
2.483900000000000000e+04
2.461100000000000000e+04
2.464500000000000000e+04
2.439200000000000000e+04
2.424100000000000000e+04
2.411100000000000000e+04
2.406200000000000000e+04
2.388200000000000000e+04
2.386400000000000000e+04
2.352200000000000000e+04
2.341500000000000000e+04
2.337200000000000000e+04
2.299300000000000000e+04
2.255200000000000000e+04
2.069200000000000000e+04
1.779800000000000000e+04
1.671600000000000000e+04
1.813800000000000000e+04
1.937600000000000000e+04
1.971600000000000000e+04
1.907600000000000000e+04
1.902000000000000000e+04
1.926900000000000000e+04
1.941700000000000000e+04
1.967700000000000000e+04
1.992500000000000000e+04
2.016900000000000000e+04
2.009900000000000000e+04
2.006200000000000000e+04
2.003500000000000000e+04
1.965500000000000000e+04
1.956300000000000000e+04
1.925400000000000000e+04
1.951200000000000000e+04
1.951400000000000000e+04
1.932600000000000000e+04
1.934700000000000000e+04
1.943600000000000000e+04
1.976500000000000000e+04
1.952800000000000000e+04
1.949300000000000000e+04
1.943800000000000000e+04
1.910500000000000000e+04
1.885000000000000000e+04
1.838100000000000000e+04
1.832200000000000000e+04
1.855700000000000000e+04
1.840300000000000000e+04
1.845600000000000000e+04
1.837500000000000000e+04
1.828500000000000000e+04
1.809000000000000000e+04
1.812700000000000000e+04
1.822800000000000000e+04
1.829400000000000000e+04
1.815100000000000000e+04
1.762400000000000000e+04
