8
9
9
7
13
16
15
16
19
16
7
13
14
12
12
14
14
8
19
13
10
15
8
5
15
12
12
11
14
12
13
13
14
16
7
5
7
15
6
14
17
15
13
9
12
15
13
12
14
13
5
16
10
13
7
10
12
8
7
9
11
15
10
17
9
13
15
13
10
19
12
7
16
9
13
14
10
18
11
10
13
10
11
14
9
11
11
8
9
15
15
14
14
11
7
15
14
16
13
9
13
9
15
17
13
19
11
7
14
9
10
4
11
9
10
11
9
9
13
11
10
12
12
7
9
13
9
20
10
10
9
12
15
15
12
6
12
10
11
10
6
13
12
10
15
13
18
11
12
9
21
6
13
12
15
18
9
11
10
9
19
22
16
15
11
14
12
8
14
11
10
16
10
9
7
7
11
13
11
14
10
11
17
14
10
14
8
8
12
7
5
8
10
17
6
11
11
9
13
14
9
5
13
15
6
8
15
13
18
7
13
7
9
11
8
11
11
14
14
7
16
14
10
12
5
10
13
16
13
21
14
8
16
10
14
12
15
14
5
7
16
20
6
10
10
11
17
8
11
15
18
16
12
14
6
11
