9
14
18
12
14
16
13
19
10
10
8
11
9
12
12
10
12
21
14
22
12
13
5
13
15
7
11
11
14
12
10
15
14
14
6
15
6
11
11
11
14
10
19
16
9
8
8
6
12
10
14
14
12
11
13
8
21
15
9
15
15
20
12
13
9
8
11
11
13
13
7
12
13
14
5
25
12
13
8
9
12
12
11
14
18
10
16
6
14
11
17
9
12
10
10
12
12
22
6
13
11
19
9
13
9
9
7
17
18
10
15
15
11
7
9
8
4
14
6
8
9
14
12
21
18
20
12
4
9
18
11
14
11
12
10
10
16
10
11
15
15
10
11
13
14
13
11
12
8
14
16
15
13
11
8
5
13
11
9
11
20
12
22
15
6
12
4
16
17
11
14
10
8
8
13
19
10
8
8
13
12
10
4
6
20
16
17
14
16
7
11
10
14
6
12
13
16
13
12
10
17
17
23
8
10
14
9
18
11
11
8
11
12
13
8
14
16
12
13
12
15
13
15
7
12
8
20
7
12
11
12
8
11
6
14
13
19
8
9
16
10
13
15
7
9
15
17
11
9
13
11
10
12
14
10
15
