11
14
17
11
21
13
15
13
13
12
12
19
11
12
14
12
12
5
12
15
11
15
12
17
9
9
11
20
8
16
11
17
12
20
14
4
11
15
15
9
11
17
13
11
13
12
13
13
12
10
13
10
18
13
17
7
14
15
16
14
19
9
18
14
11
23
12
15
14
9
15
27
9
20
23
15
12
10
16
13
8
10
23
16
10
14
21
10
13
13
15
19
9
13
18
8
6
12
9
8
16
8
18
5
10
5
12
9
17
13
17
8
19
13
7
10
9
14
12
12
14
7
13
14
25
9
14
7
18
8
15
9
16
12
22
18
9
17
13
12
10
9
24
14
11
13
13
18
13
14
12
13
19
20
14
14
16
18
7
18
14
12
11
13
17
19
12
16
16
9
6
14
14
17
8
7
13
13
13
14
18
7
14
14
17
15
17
18
13
8
9
13
20
17
12
11
15
14
7
11
9
11
15
9
13
12
9
10
12
13
16
14
7
13
14
20
9
14
12
15
16
16
12
11
14
15
13
12
6
7
9
11
16
15
11
14
17
11
8
8
10
6
14
16
16
17
14
12
16
11
9
12
9
16
11
11
14
10
13
11
11
12
16
16
13
11
17
10
15
14
11
10
13
11
19
7
14
8
12
15
12
13
16
14
14
13
9
8
12
8
16
9
13
17
8
12
15
12
13
12
12
12
9
13
12
15
12
13
12
8
14
20
14
11
13
11
18
11
10
10
17
17
13
12
11
11
8
13
21
16
7
10
17
20
14
18
19
11
15
10
14
16
11
13
22
14
11
11
18
10
16
12
11
14
14
10
10
23
18
10
12
9
13
13
17
10
8
13
10
15
16
13
15
13
14
10
9
17
11
14
13
9
6
8
10
13
17
10
15
23
15
15
9
13
12
12
15
16
14
8
21
18
8
15
24
10
15
13
11
9
10
11
14
12
8
11
14
17
15
12
18
16
14
16
15
19
8
16
14
22
6
14
17
16
13
16
16
20
8
13
12
12
19
13
12
12
13
12
14
11
12
11
16
10
15
11
13
10
12
16
15
14
14
8
15
16
14
12
12
16
16
17
15
17
20
14
13
15
16
15
7
10
17
9
16
9
11
15
17
17
14
14
9
12
20
1
