12
16
11
14
8
20
17
11
7
8
11
11
11
20
6
19
17
13
13
17
14
19
14
18
9
13
14
16
16
14
12
10
10
13
5
6
11
16
17
9
19
18
13
19
15
17
6
12
10
11
13
12
11
14
17
17
20
14
10
14
17
15
20
16
13
17
17
8
16
10
17
12
12
15
15
12
13
9
10
11
13
10
20
16
10
16
8
13
11
13
14
14
14
13
11
8
13
8
12
9
9
8
13
18
16
10
14
13
9
17
17
5
14
7
12
11
16
15
4
16
11
9
12
13
14
15
14
11
18
14
10
21
19
14
10
17
13
14
12
11
18
14
22
9
9
14
9
16
13
15
14
11
10
15
9
15
18
9
17
14
19
8
12
13
15
12
16
11
8
13
13
8
13
10
21
18
12
16
6
11
10
14
16
13
10
13
13
9
9
9
11
14
9
14
8
15
11
16
17
7
17
8
12
22
6
17
11
9
10
18
12
7
10
18
13
16
12
17
17
15
17
12
12
17
12
10
16
10
11
20
9
11
17
11
14
14
11
10
7
16
11
10
10
12
9
10
13
16
8
13
16
6
7
17
16
11
17
11
16
14
16
17
9
6
15
9
6
8
10
10
11
12
17
15
18
17
12
10
15
14
16
14
14
12
15
14
15
13
7
9
13
12
11
19
12
7
10
11
16
7
12
16
11
15
11
13
9
13
11
19
8
13
9
12
24
12
16
13
16
12
14
7
13
10
11
13
8
13
13
17
13
13
8
14
16
23
11
8
12
9
23
7
6
13
9
10
18
15
18
15
14
15
17
19
15
14
12
10
20
20
14
12
16
5
15
11
12
12
11
14
10
13
11
15
16
21
15
17
10
12
14
8
12
11
7
13
14
11
18
15
14
18
12
13
15
16
8
11
13
12
10
13
15
14
18
13
17
9
7
17
16
17
12
8
20
20
14
17
14
11
12
15
12
13
16
18
12
11
3
10
11
13
13
9
11
13
12
17
11
15
19
15
10
12
10
14
15
12
9
11
10
12
18
9
14
16
10
9
18
21
10
9
7
16
8
8
19
11
13
17
12
11
20
15
12
18
14
18
11
13
10
24
9
21
6
15
16
9
10
12
13
14
9
10
16
15
13
14
5
16
14
18
6
12
17
19
7
9
8
11
9
12
20
13
9
20
13
16
10
19
14
20
10
15
9
12
11
17
18
5
14
20
15
18
13
21
12
10
12
11
9
15
8
17
17
14
14
10
14
14
12
21
13
14
20
11
17
15
13
11
11
6
16
14
9
14
17
10
13
19
14
9
11
14
18
18
11
13
9
10
15
13
21
14
8
14
13
14
14
21
17
20
15
10
8
12
12
12
16
17
13
8
17
9
16
19
9
20
13
11
13
17
15
8
15
5
9
16
12
13
11
16
9
12
16
11
14
12
11
14
16
11
12
15
20
14
11
13
10
17
17
11
12
15
12
9
14
14
10
17
10
9
13
16
13
5
19
20
13
10
16
12
13
12
21
9
13
10
6
16
8
14
6
10
12
17
16
15
13
11
17
15
13
21
10
16
9
15
15
14
13
5
14
10
4
12
17
9
13
14
20
10
14
12
12
14
12
13
19
8
13
10
13
7
9
13
14
10
11
11
9
10
8
7
12
10
8
16
12
11
9
13
11
16
18
21
13
16
12
11
12
11
15
18
10
11
17
10
21
14
22
9
11
10
9
16
15
17
17
13
11
16
12
12
17
20
16
10
12
9
13
11
11
9
15
9
15
15
14
8
6
17
5
16
19
17
11
11
9
11
12
18
16
13
11
13
11
16
11
16
9
14
12
10
13
14
17
9
14
17
12
8
16
18
18
15
13
12
8
10
9
12
11
11
10
6
18
14
16
16
17
16
6
10
14
17
18
14
10
11
8
11
11
13
15
15
13
10
15
17
16
15
17
6
13
13
20
8
11
18
12
15
13
8
7
10
20
14
17
19
9
10
13
13
12
14
11
14
11
8
20
14
11
11
11
13
16
2
16
8
13
20
8
15
12
12
10
14
13
16
13
12
14
11
8
8
19
16
16
22
10
12
8
9
9
14
13
14
14
10
15
13
10
18
15
17
12
8
13
12
5
21
10
15
13
10
15
18
11
14
18
13
8
10
9
15
13
10
16
14
16
17
10
13
13
8
13
12
10
13
8
13
13
16
16
10
17
14
18
13
10
12
13
8
13
6
9
9
9
9
13
13
9
10
13
15
12
18
21
9
18
9
10
15
16
