13
28
17
17
19
15
22
14
12
18
11
17
13
18
17
19
9
23
12
14
13
12
11
14
15
26
8
10
17
8
11
12
12
17
13
17
15
14
13
18
14
14
14
16
10
19
6
17
15
12
15
26
12
12
20
17
14
11
17
14
15
17
17
17
13
15
10
17
11
19
20
21
20
15
14
16
12
22
11
12
16
20
21
14
9
18
13
19
12
10
15
12
10
19
14
19
13
10
16
11
16
18
9
17
21
12
14
14
10
10
18
10
14
9
21
15
21
9
14
15
11
14
14
21
10
6
19
17
14
16
11
14
11
14
9
16
12
11
20
7
17
7
16
13
18
19
14
10
13
11
16
13
16
16
21
11
19
13
15
14
15
16
20
17
8
14
13
11
22
8
13
18
25
19
17
16
16
17
16
6
27
15
13
9
15
10
9
18
11
15
18
13
14
13
15
10
15
13
12
21
10
9
15
10
14
13
11
19
12
16
11
13
14
18
15
16
18
13
12
14
17
19
13
16
18
9
13
10
15
13
10
18
11
22
17
19
17
14
13
12
17
11
10
12
12
11
19
12
20
9
11
17
16
14
15
7
