15
21
21
17
10
12
12
13
10
9
14
12
14
17
8
20
12
20
12
18
19
16
9
14
14
17
10
17
16
14
13
10
13
16
13
14
11
16
17
21
9
16
12
8
15
13
10
12
12
13
21
15
17
19
17
13
22
12
16
21
15
11
10
24
11
18
8
18
16
11
12
12
14
9
6
15
20
17
13
17
16
7
14
20
16
14
17
12
9
13
17
15
10
8
11
23
10
12
9
12
12
11
11
10
13
15
12
14
13
13
15
13
14
25
12
11
8
18
11
12
12
15
15
9
12
13
13
14
7
15
15
13
16
14
20
10
13
26
10
6
10
12
13
17
21
14
21
7
18
15
10
15
8
19
20
11
18
16
13
10
19
16
13
7
13
13
13
8
15
18
16
15
9
12
15
11
11
16
13
19
12
10
12
10
17
22
13
13
16
22
14
12
24
18
18
17
16
19
13
12
14
12
11
21
26
15
17
10
10
25
18
18
10
5
16
8
16
17
10
20
18
18
12
2
14
22
8
15
11
14
14
17
20
16
14
12
16
15
14
21
12
20
19
12
9
14
17
8
13
11
17
9
7
14
19
9
16
9
8
11
9
7
15
12
8
21
13
11
15
16
11
17
10
14
12
16
12
10
18
15
13
13
11
18
15
16
14
14
16
12
12
16
13
13
11
12
9
10
9
13
11
13
16
15
21
11
15
12
16
11
11
12
8
13
12
19
12
15
12
15
9
13
15
14
30
18
11
11
10
18
11
12
10
19
13
14
13
16
14
12
19
12
11
24
16
9
17
17
17
20
15
16
8
24
14
22
15
18
13
15
12
8
11
11
11
12
20
14
9
19
17
18
23
14
15
15
15
17
9
14
14
13
14
18
10
18
9
19
11
15
11
22
11
10
11
14
11
13
14
18
17
17
9
9
11
17
14
12
15
12
16
15
12
15
15
15
10
17
12
9
18
14
14
8
9
17
17
9
15
16
10
10
19
13
16
14
11
8
12
13
18
11
19
10
13
9
25
17
16
10
12
15
9
13
15
9
14
17
13
19
7
24
19
7
15
14
18
17
14
15
17
17
12
14
17
13
11
13
17
16
19
17
10
15
19
6
17
1
