12
11
13
11
17
18
17
7
17
16
10
20
18
9
14
11
18
8
15
15
20
20
15
11
12
16
13
8
17
14
18
15
24
16
9
17
12
14
21
13
17
11
15
14
11
21
10
10
13
23
16
8
14
17
16
19
10
14
18
19
22
16
16
16
15
13
21
17
8
9
15
15
19
18
23
10
8
12
10
16
19
9
13
16
22
13
17
9
12
16
17
12
17
17
18
9
12
9
11
12
8
6
18
21
12
14
21
7
14
17
14
12
16
13
12
12
6
20
15
22
15
26
11
13
17
17
14
15
11
18
7
10
12
14
13
13
14
11
13
17
14
17
8
21
19
17
16
11
13
11
16
11
8
9
11
13
18
14
19
13
10
16
20
24
10
17
16
13
18
11
11
9
19
9
19
16
18
18
18
19
14
16
10
7
12
17
14
10
9
23
14
13
9
13
13
13
16
15
12
16
12
16
12
26
17
17
15
9
19
12
16
10
15
12
8
15
14
22
11
21
18
14
15
13
13
9
11
17
16
10
15
13
12
20
16
18
11
16
16
13
18
17
14
18
18
12
15
13
17
18
19
16
18
16
18
10
