365
337
368
361
375
348
343
326
356
339
375
332
348
322
325
328
362
349
306
307
346
370
368
346
330
347
344
353
341
374
388
343
343
369
377
344
373
333
389
336
375
352
310
335
354
351
371
331
338
336
340
327
343
342
338
373
349
337
344
329
363
354
341
357
340
361
334
321
360
375
375
318
324
339
343
342
352
365
328
320
308
287
366
340
336
375
352
365
346
367
370
339
394
340
380
338
354
355
357
361
353
357
391
334
336
358
372
349
362
331
351
327
338
345
360
320
359
339
349
337
307
341
364
355
330
370
331
358
348
335
343
342
388
336
352
362
334
322
365
343
355
352
347
365
370
341
322
330
352
336
350
348
325
351
308
354
366
336
367
328
357
294
379
338
363
343
346
336
358
336
332
337
370
346
363
347
357
331
329
349
321
347
341
336
384
349
350
352
323
371
321
333
333
367
341
323
359
320
339
319
363
355
394
328
356
372
365
362
335
330
364
327
291
347
321
352
331
321
343
320
360
351
334
326
352
386
390
329
344
372
360
357
342
334
357
337
341
375
341
365
345
352
356
355
308
338
361
354
345
367
342
353
359
329
376
378
333
368
347
353
335
334
333
356
347
338
358
350
293
344
322
343
332
329
355
330
334
319
376
347
345
305
330
357
365
370
347
354
367
330
324
338
361
344
376
354
354
337
353
324
347
343
378
331
392
345
358
300
356
360
364
353
331
347
303
330
311
362
372
351
348
363
354
365
334
358
343
416
353
372
338
373
327
328
335
326
363
315
362
342
347
342
355
316
365
324
339
359
315
356
353
330
342
353
345
321
317
325
339
353
330
333
348
374
345
358
345
347
358
329
337
336
342
324
385
380
345
320
372
311
345
365
358
347
351
338
343
368
328
391
355
347
337
318
323
323
386
346
368
353
370
346
371
350
342
328
353
343
325
337
326
338
374
363
361
329
323
331
317
333
324
352
363
322
332
374
370
354
338
356
355
334
369
334
353
333
351
366
344
339
370
332
365
354
314
350
327
333
305
344
326
323
335
369
326
343
348
374
341
343
401
344
366
341
325
360
318
315
313
377
338
347
391
347
366
353
338
349
362
347
355
332
380
360
335
350
336
328
355
344
317
372
333
354
325
315
294
351
323
347
361
360
343
354
340
373
351
361
342
354
347
357
359
283
365
362
379
308
315
328
349
381
337
352
335
351
347
366
341
326
323
398
323
350
362
335
332
342
342
322
345
342
353
347
363
361
325
348
331
337
355
326
346
349
342
356
360
317
378
364
351
354
328
327
347
364
344
379
375
369
336
341
336
365
396
340
353
328
358
356
358
326
319
351
369
343
351
342
332
340
333
326
344
336
339
376
340
332
338
329
361
315
330
360
333
362
374
309
318
387
359
418
329
382
367
353
356
350
337
318
356
355
349
413
340
338
353
306
362
359
354
318
341
340
350
369
339
394
350
349
352
353
358
368
379
338
346
348
340
362
347
326
357
360
341
370
362
340
333
346
328
358
364
309
318
340
359
384
333
314
365
374
350
354
360
350
348
342
382
357
333
401
313
357
333
348
351
345
327
374
306
359
370
327
360
394
329
323
365
354
372
345
349
360
350
334
346
355
363
359
336
365
355
387
347
326
334
345
316
303
374
362
324
328
341
388
345
361
341
342
333
341
340
335
348
324
360
359
366
371
344
355
336
361
356
363
344
339
354
320
339
335
330
367
372
332
352
388
333
329
298
366
351
340
364
360
350
341
343
367
355
377
319
338
339
355
340
358
312
342
390
355
319
337
345
352
360
333
354
288
351
338
337
341
320
374
343
353
318
381
375
366
387
353
296
323
337
345
368
362
349
336
345
358
376
318
332
360
320
354
367
385
368
330
333
312
335
350
356
325
351
342
348
372
342
342
356
356
337
360
350
352
365
381
352
377
312
364
384
366
361
343
347
319
352
347
396
340
341
372
375
393
374
359
341
341
353
348
338
358
345
344
331
339
330
323
367
351
322
335
339
356
363
359
345
315
338
353
347
321
360
370
378
326
356
357
354
346
308
358
358
333
347
370
395
332
318
359
336
331
369
367
333
327
355
350
354
335
378
330
340
343
342
351
354
333
350
345
370
340
358
377
346
350
365
336
310
331
316
350
325
350
341
347
352
351
364
325
343
370
345
348
340
363
380
350
355
354
345
372
353
351
343
326
345
327
330
366
344
342
376
370
338
333
367
359
372
343
324
372
338
361
329
358
340
341
354
342
375
349
391
352
350
374
340
344
363
346
372
348
