9
11
10
9
14
8
12
11
10
11
9
7
12
5
10
11
13
6
8
8
6
7
8
7
9
10
10
12
12
9
12
13
12
10
11
12
4
10
7
16
4
8
8
15
8
9
10
16
8
6
11
8
14
10
16
8
10
11
18
6
12
7
9
15
12
17
14
13
7
10
18
11
8
10
11
12
7
8
12
14
6
12
15
10
8
13
16
12
8
12
14
8
14
9
4
11
5
7
15
10
18
9
13
12
9
10
16
11
12
10
6
18
13
9
18
10
11
15
11
9
15
13
9
6
8
12
12
11
9
8
8
10
11
8
9
12
6
11
9
7
11
10
9
8
18
10
8
9
11
14
13
9
9
16
7
10
10
13
11
15
13
10
10
9
9
12
12
11
14
10
4
11
6
8
16
5
6
11
9
8
7
9
14
11
10
12
9
9
19
8
18
3
12
6
13
10
19
8
4
11
11
4
14
14
9
13
7
14
7
8
8
11
7
12
9
7
12
10
7
16
14
17
13
12
9
13
7
9
7
10
14
13
12
9
11
7
13
7
14
13
12
12
6
6
8
11
7
16
8
3
10
9
10
14
11
7
8
14
11
10
14
13
6
14
11
17
10
15
7
8
9
11
10
12
11
9
10
8
10
7
14
9
11
10
9
9
16
11
10
10
12
8
14
19
19
2
9
9
9
14
10
14
9
11
9
12
10
11
11
15
7
10
9
5
8
17
3
5
7
18
12
15
9
9
20
11
11
10
11
14
9
21
16
15
16
7
9
12
12
16
11
13
12
8
11
4
17
10
8
13
9
9
7
12
11
17
10
5
12
8
10
8
8
10
10
14
9
16
11
9
12
10
18
15
12
18
15
14
9
8
7
15
8
12
16
17
7
18
9
11
13
13
6
11
14
12
10
14
7
10
10
10
11
11
9
8
11
12
10
11
13
9
8
11
10
15
18
13
13
13
12
14
8
11
10
8
9
8
8
10
8
10
9
12
9
12
14
10
11
11
10
12
13
13
12
12
8
7
10
14
15
10
11
11
13
9
16
12
9
9
9
11
17
8
13
11
8
7
14
8
10
11
12
14
9
12
5
15
8
11
13
11
8
7
8
14
9
9
11
11
6
12
11
13
9
17
9
8
5
13
16
11
7
18
12
11
13
10
13
11
14
6
10
9
18
8
11
10
18
9
10
13
11
9
11
13
10
10
8
7
9
8
10
8
11
11
11
9
10
11
12
11
14
8
14
8
11
12
24
13
8
8
14
14
8
14
13
10
16
13
9
5
17
13
18
10
8
6
9
12
13
15
13
7
12
6
13
9
10
19
14
10
12
9
18
5
10
10
7
10
9
11
8
10
18
10
12
8
15
15
8
11
10
15
7
14
13
13
7
10
12
14
2
7
11
11
11
8
5
10
13
15
11
16
7
10
13
11
17
11
10
8
15
10
15
11
15
11
15
14
10
12
4
15
10
8
16
12
8
7
13
5
14
11
18
9
9
8
13
12
8
8
13
13
13
9
13
18
9
8
12
8
14
9
11
14
14
16
10
13
11
10
8
10
15
13
8
13
6
14
17
11
15
12
10
7
11
13
17
8
8
13
16
12
12
11
15
10
10
7
9
12
9
10
13
11
13
12
10
17
10
7
14
11
10
9
8
6
10
9
12
9
11
11
9
14
13
16
10
8
13
10
20
3
15
13
8
12
16
7
7
12
15
10
13
8
13
11
10
14
13
7
7
11
19
16
13
12
10
5
8
13
10
11
11
14
10
17
14
17
8
13
9
12
12
10
11
9
9
17
11
12
15
13
9
11
9
11
14
10
11
16
10
5
16
14
12
8
10
11
11
11
10
10
2
9
7
10
9
11
6
12
14
17
14
12
5
7
7
14
14
8
11
10
11
13
11
7
9
10
12
12
17
17
9
14
11
9
6
11
9
10
6
11
12
16
7
10
3
12
13
5
7
6
7
9
10
9
15
21
18
10
13
9
8
11
11
6
10
12
17
17
14
12
9
9
8
14
11
8
12
11
6
12
17
12
17
10
7
11
10
10
12
12
11
16
14
5
14
9
17
8
12
12
8
16
17
9
8
12
10
8
13
12
8
5
14
11
10
8
14
6
8
8
6
15
13
7
10
11
11
7
10
11
7
14
11
18
11
14
14
13
17
11
7
17
14
4
7
10
8
14
16
11
16
11
11
8
12
15
7
7
18
11
7
8
4
12
10
13
9
6
15
10
13
13
18
13
11
14
7
9
8
12
6
15
11
5
11
12
10
12
11
12
16
9
11
19
9
15
12
8
17
7
12
7
17
9
16
13
11
10
13
12
