14
10
11
8
5
12
16
14
14
14
16
11
10
16
17
12
8
14
14
9
15
18
12
11
15
7
16
14
11
7
13
13
15
14
15
13
9
8
11
17
7
14
11
9
15
19
15
10
14
15
21
9
14
10
15
10
7
10
22
11
12
23
11
16
21
15
16
11
4
15
14
18
13
10
14
15
13
17
18
11
12
10
10
16
13
14
14
17
11
14
18
6
7
15
19
18
14
12
24
12
12
14
11
8
11
12
8
17
12
19
14
13
12
14
14
12
11
17
13
10
14
12
8
13
15
8
11
7
10
20
12
17
23
20
7
15
7
14
19
10
13
16
14
12
13
16
11
14
12
17
18
9
12
6
14
13
15
20
18
4
14
10
9
14
20
12
10
12
14
15
11
22
9
7
11
13
13
9
8
10
13
7
10
19
2
10
10
13
18
12
9
13
15
14
14
8
13
17
14
14
14
17
14
14
15
17
15
12
14
14
12
11
12
9
18
17
14
10
16
17
13
18
11
13
7
9
17
10
11
17
12
15
15
9
15
8
9
13
9
11
12
10
8
14
21
15
9
11
14
14
18
10
17
5
8
17
13
11
12
15
17
11
15
16
8
9
16
14
14
7
16
17
11
15
16
11
8
10
19
10
14
15
7
20
13
10
10
12
9
19
12
16
7
6
15
12
16
17
11
17
9
12
13
20
17
12
16
15
11
8
10
12
10
13
14
9
11
9
13
8
11
7
12
14
11
12
12
10
21
13
12
11
15
13
6
14
16
12
14
13
10
7
14
15
11
24
11
22
8
9
8
12
11
8
17
14
11
10
13
13
10
18
9
10
12
15
15
17
12
13
11
17
10
10
15
11
17
16
11
11
15
16
12
18
15
16
14
14
13
10
13
15
8
12
18
12
12
10
18
10
11
19
15
4
11
10
21
17
20
13
13
12
15
14
14
11
10
17
10
9
20
16
18
17
12
8
12
10
15
16
13
14
15
14
18
13
10
15
17
16
14
13
16
15
15
19
13
11
10
8
14
17
15
13
9
8
11
10
15
13
11
12
13
13
10
8
15
11
15
11
10
8
12
17
11
16
11
16
12
15
15
13
6
13
10
16
14
6
7
12
15
11
20
16
17
10
11
14
14
12
12
7
13
13
11
17
11
15
16
18
13
14
9
18
12
22
20
14
16
12
11
16
16
6
11
11
15
12
16
17
10
12
17
18
17
10
13
15
18
11
17
4
9
11
10
14
4
15
15
18
13
5
9
20
18
12
13
8
10
13
12
7
13
13
17
10
22
11
10
8
7
11
15
14
10
16
14
13
11
10
9
18
8
13
7
9
8
15
14
13
8
16
13
8
21
17
9
13
17
8
11
10
11
9
15
17
18
8
12
18
13
11
13
7
13
9
10
5
10
10
12
11
15
6
15
16
11
15
12
15
9
15
17
17
13
11
11
11
13
17
17
12
8
9
12
7
12
10
18
23
17
18
12
13
6
16
13
15
12
14
14
12
9
9
9
15
2
9
8
6
20
7
13
12
15
12
14
12
17
11
20
16
8
21
16
14
9
11
13
18
18
13
10
10
9
15
12
16
17
18
16
10
7
13
16
12
19
17
18
11
13
17
10
18
14
17
13
6
12
10
8
16
20
7
18
13
20
15
9
15
13
17
14
11
13
10
12
8
16
24
13
10
13
9
13
12
14
15
13
7
10
16
12
13
9
11
6
11
12
9
6
11
8
12
8
19
12
19
14
17
15
12
13
11
13
14
17
17
15
12
11
7
7
7
16
13
9
10
9
15
10
16
9
16
10
19
6
11
21
17
16
9
9
9
15
21
24
12
13
16
10
16
12
13
14
18
16
16
18
10
13
10
13
21
13
11
25
16
14
9
15
11
9
14
9
17
14
14
14
17
15
11
17
14
11
15
11
9
19
10
12
14
15
11
16
7
16
8
7
11
13
13
14
7
18
13
15
12
9
12
16
8
8
8
11
9
13
16
10
15
29
14
14
15
9
13
10
6
10
16
11
22
10
23
16
10
17
16
11
9
11
8
7
12
10
7
14
14
8
7
13
19
23
8
14
16
16
16
17
14
8
11
15
10
13
10
14
19
10
14
17
16
14
11
9
13
17
13
16
17
12
9
9
21
9
7
16
15
15
13
17
17
9
17
15
18
14
20
15
13
12
11
9
13
11
13
11
10
13
12
16
8
15
9
10
19
9
17
12
12
10
13
14
9
8
12
20
14
10
13
11
10
9
14
14
16
1
