10
13
10
11
16
14
14
5
4
11
17
12
12
8
12
17
13
11
12
15
11
8
14
11
9
14
13
11
9
11
11
14
9
13
6
13
14
15
18
8
16
10
14
10
15
15
13
17
9
14
21
16
14
13
13
11
11
11
11
12
13
6
10
15
15
10
16
11
10
14
12
12
20
12
16
14
16
7
10
13
14
16
11
15
10
17
13
12
17
11
24
8
23
9
11
9
10
12
18
12
12
10
19
9
14
13
15
15
7
8
14
12
18
14
17
17
15
11
10
8
11
13
11
13
14
24
11
11
11
11
13
22
16
13
6
10
12
17
11
10
16
10
11
11
15
7
13
10
10
13
11
9
9
14
8
13
13
15
11
8
17
16
15
15
11
12
8
12
17
8
6
11
11
12
9
16
10
13
8
8
17
13
15
15
21
14
10
16
6
10
15
10
14
17
15
17
14
13
23
16
10
18
15
13
9
20
14
10
16
14
16
5
6
7
13
16
16
10
13
12
15
16
9
9
19
17
8
12
12
16
10
11
9
9
8
11
12
13
3
7
11
9
14
14
11
16
13
11
15
12
14
10
11
13
20
8
11
16
11
11
16
15
15
11
11
11
9
8
11
8
8
17
7
11
14
15
19
17
15
9
10
11
13
17
13
9
15
12
9
11
14
10
17
10
12
13
12
10
7
19
15
14
13
13
10
11
16
10
15
9
19
12
12
7
9
14
11
19
7
10
12
11
12
16
7
18
14
16
10
12
17
9
5
7
14
17
18
7
12
15
12
11
16
12
16
10
14
20
8
12
10
12
16
15
10
15
14
11
12
15
13
24
15
14
16
14
10
17
11
15
11
8
16
10
11
9
10
14
18
8
14
16
12
18
15
19
10
11
15
17
15
5
16
7
8
13
13
7
9
7
21
10
12
15
15
13
14
12
9
16
19
12
13
12
16
12
4
12
10
16
6
14
11
6
9
17
12
13
13
8
9
15
11
17
8
7
10
15
14
7
17
10
7
14
11
10
7
15
12
10
15
14
7
9
10
8
10
9
16
19
11
19
16
20
16
13
11
7
10
12
15
14
14
7
20
8
10
16
12
19
7
13
6
11
10
11
18
13
9
12
9
11
12
9
21
10
12
10
3
9
13
7
