16
12
10
8
16
14
15
14
13
13
9
11
14
20
9
11
13
12
14
7
5
15
9
10
8
11
7
15
12
10
12
16
18
15
9
10
10
12
18
12
11
11
15
14
14
8
15
10
15
13
13
8
12
18
15
21
15
12
8
13
13
13
15
11
10
12
11
12
12
11
13
23
16
9
6
12
11
13
10
16
14
8
9
6
9
15
13
13
9
13
12
13
13
10
13
7
9
9
11
14
18
8
9
16
10
9
12
11
10
15
8
11
16
5
13
7
8
9
16
11
9
9
11
12
7
14
14
12
10
17
13
15
12
8
14
17
7
13
17
10
15
12
13
19
18
13
7
12
12
14
15
12
13
12
14
15
13
10
4
18
14
11
9
17
10
17
13
9
18
11
13
14
20
7
18
9
31
13
9
11
14
9
7
8
5
10
11
12
7
8
9
12
11
12
19
13
14
12
13
8
11
10
11
11
18
7
7
9
10
10
14
14
11
16
11
9
13
10
13
16
9
11
8
9
5
11
16
13
13
10
15
13
5
18
15
12
10
18
20
7
18
9
10
14
11
11
9
19
14
6
13
19
15
12
15
12
