13
23
17
14
13
21
15
20
18
13
18
18
6
11
19
15
14
19
18
11
16
19
15
15
8
16
16
17
12
12
15
15
16
12
11
18
23
19
19
9
17
15
15
19
14
8
11
14
20
12
11
16
15
20
13
14
12
14
15
8
8
16
17
15
10
21
12
20
14
17
16
9
11
13
19
18
15
18
8
8
13
13
16
17
13
17
16
15
22
23
9
20
15
9
16
12
24
15
15
14
16
16
19
15
11
22
19
14
13
22
12
10
16
16
13
22
11
15
20
12
8
12
19
16
17
18
13
11
15
14
8
14
15
15
14
14
17
21
24
16
10
14
17
15
23
10
12
13
15
14
14
11
18
15
13
11
15
9
22
17
12
8
13
6
13
17
8
11
12
17
17
16
15
12
14
8
8
11
19
10
16
15
19
15
9
16
12
18
20
13
16
15
22
17
17
12
12
14
11
11
10
13
22
20
10
10
14
14
9
15
15
13
14
14
26
11
5
13
10
24
8
15
15
16
16
15
11
15
16
14
13
16
10
23
14
9
16
13
18
17
13
12
13
16
15
9
12
22
18
19
15
18
11
16
19
15
