16
8
9
6
14
9
7
8
12
7
15
10
13
5
9
12
15
17
15
10
12
9
10
12
10
6
17
5
17
10
8
9
8
13
16
12
10
13
10
13
9
12
13
10
8
11
11
19
13
14
12
11
15
12
14
4
8
15
13
9
14
11
15
17
11
10
15
9
9
6
10
9
12
15
10
13
13
8
15
15
13
16
5
15
14
10
9
11
13
9
23
8
12
8
11
12
12
10
12
11
11
14
9
11
15
12
10
7
7
9
9
10
9
12
17
17
12
11
13
20
12
12
10
10
14
9
13
6
15
10
12
14
12
11
13
14
14
15
12
10
8
12
9
16
9
7
11
11
9
13
12
17
11
9
15
11
16
13
10
8
14
9
9
19
9
7
12
16
16
7
12
14
13
19
11
9
5
9
8
5
6
17
19
15
13
11
16
10
8
7
6
12
6
14
6
9
7
12
8
12
10
14
17
12
14
13
7
8
9
9
14
16
18
12
12
10
12
10
11
11
16
10
7
10
7
11
13
13
11
11
7
13
10
14
13
15
11
7
13
14
14
8
14
17
6
8
15
9
18
4
7
20
11
4
11
9
12
10
14
11
14
20
13
9
13
9
11
7
7
8
9
8
12
9
11
9
10
12
16
14
8
4
15
9
17
9
15
11
6
14
14
8
14
4
7
8
13
14
6
13
8
2
12
6
8
15
12
10
15
11
14
9
12
13
7
18
16
12
21
7
14
9
11
7
10
14
16
13
16
11
12
12
15
4
12
12
9
6
9
8
10
13
12
13
13
12
13
13
10
12
12
10
9
12
4
14
10
8
12
14
13
12
8
11
8
9
5
12
10
15
11
8
9
8
16
8
7
9
10
14
9
12
10
14
16
9
10
15
6
10
7
14
10
9
10
17
11
11
12
13
10
12
11
25
11
9
8
12
15
9
13
13
13
14
11
14
10
12
13
9
5
7
11
8
13
19
11
17
14
12
16
11
11
18
14
15
11
10
16
10
13
17
10
15
11
8
12
7
6
13
11
8
3
13
12
17
13
10
7
7
9
12
13
7
14
7
7
13
8
10
18
12
11
9
10
9
17
9
8
10
8
11
8
10
13
5
9
8
14
11
11
8
11
17
14
10
10
15
14
10
12
14
9
9
14
8
9
12
12
15
7
14
10
10
6
9
5
11
12
15
11
9
14
8
7
