11
14
15
14
15
15
17
23
13
14
15
11
15
9
10
13
13
12
12
11
10
13
18
15
19
14
11
19
18
11
17
19
19
23
15
20
15
13
15
15
10
25
13
11
16
16
17
17
10
14
7
13
12
18
15
18
19
23
17
24
23
19
12
12
18
16
21
16
14
12
9
11
19
14
14
8
20
13
13
15
12
12
12
16
20
14
11
15
16
9
14
14
10
10
13
17
15
12
15
13
13
11
13
17
17
12
12
11
15
14
18
15
11
8
14
20
15
10
12
15
19
16
19
19
20
11
10
20
13
8
20
13
15
14
25
15
12
13
14
19
26
15
17
21
14
15
13
27
12
10
16
18
22
18
10
21
19
13
14
14
14
16
16
24
18
12
18
11
12
10
15
13
17
14
12
23
19
15
19
10
17
17
14
14
17
15
16
10
20
11
6
14
11
18
6
7
10
13
7
12
20
20
18
19
18
19
14
19
9
10
11
11
20
18
8
17
9
12
16
18
10
14
13
11
15
13
13
22
21
17
19
18
13
18
10
11
8
15
18
11
12
19
17
20
12
12
16
16
21
17
18
21
14
15
8
21
16
18
24
10
11
18
15
14
14
14
19
14
11
17
18
19
21
11
12
11
18
21
20
20
21
13
21
12
16
13
19
16
11
9
13
15
21
10
19
10
16
24
11
16
18
19
17
17
14
19
13
17
19
19
16
16
16
18
14
12
8
15
14
20
5
11
27
13
14
14
8
10
16
8
11
12
12
16
14
12
14
16
11
8
14
14
15
11
15
17
16
11
6
19
13
12
17
13
19
17
10
18
9
13
13
10
13
14
14
17
10
11
17
11
14
7
18
14
15
10
18
13
10
10
20
12
7
18
22
13
12
8
10
15
20
15
22
13
10
15
18
20
13
16
21
13
11
20
8
17
21
18
21
16
14
15
17
13
12
19
21
9
13
18
12
17
15
15
17
10
9
18
14
13
17
16
19
20
14
13
17
20
10
16
8
23
24
19
15
15
12
21
11
15
20
14
12
16
15
9
11
10
15
18
16
18
10
12
17
14
17
10
18
14
6
10
14
15
17
9
11
22
10
16
21
18
14
10
15
13
20
10
9
8
11
19
14
14
16
17
12
16
14
10
17
13
10
16
7
16
15
19
15
13
13
10
