8
9
12
13
12
14
15
9
14
13
23
13
19
8
12
18
11
16
14
11
13
13
10
11
12
15
14
17
10
23
9
15
10
9
15
21
6
13
19
15
10
15
24
22
13
20
13
10
11
15
16
14
13
16
17
10
18
10
12
12
10
17
13
17
18
11
11
20
13
11
11
10
11
13
14
13
12
11
14
9
9
11
21
14
16
11
12
14
16
13
11
13
10
10
14
11
12
11
13
9
8
12
12
12
11
11
18
15
17
12
20
16
10
13
16
11
13
10
12
13
12
19
15
8
17
13
12
6
21
20
13
12
17
9
12
18
15
10
11
10
16
9
12
19
15
14
12
19
16
15
16
12
24
11
14
15
12
15
24
20
15
8
13
13
14
15
11
10
8
16
9
12
10
13
8
19
9
16
16
22
13
10
12
14
13
13
6
16
22
9
15
9
8
10
8
18
12
8
18
12
15
15
15
21
11
17
8
10
12
11
14
18
13
10
15
11
13
8
13
10
21
15
10
12
8
11
6
12
13
10
13
10
23
8
9
9
13
17
16
11
19
12
15
18
12
16
19
17
13
11
22
16
14
12
11
12
14
16
15
14
15
16
11
11
23
14
10
10
11
12
15
21
14
11
16
15
10
11
14
14
16
9
14
11
13
18
12
12
6
16
13
13
10
14
6
13
20
9
9
27
11
16
10
14
12
10
13
18
16
21
17
7
15
14
12
13
10
10
9
17
20
17
16
12
13
14
14
12
16
15
18
18
8
19
17
12
16
13
18
14
7
10
13
13
12
14
14
19
17
14
12
6
15
10
13
13
16
16
16
11
17
14
11
16
15
13
11
12
19
11
13
17
15
6
12
7
9
18
9
15
14
8
13
12
15
13
10
12
17
7
9
16
14
8
10
12
13
11
15
8
12
14
10
15
15
12
16
9
17
8
17
9
10
16
13
18
16
11
8
18
11
9
15
10
10
11
16
16
19
10
12
19
11
16
10
14
12
15
10
12
18
15
17
19
14
26
12
13
14
14
14
15
15
10
14
13
19
15
8
11
14
13
11
11
20
11
8
12
11
10
14
12
15
20
11
18
16
12
10
13
19
12
19
16
17
11
7
19
