13
15
13
14
12
8
12
9
17
11
13
9
14
11
13
21
9
16
10
9
13
19
9
13
20
15
18
10
18
9
14
8
15
8
8
13
17
12
8
13
7
13
18
12
9
13
12
10
8
10
13
10
8
12
11
16
10
15
13
15
20
9
13
13
10
17
11
19
9
7
15
15
20
10
9
9
12
13
7
10
7
16
13
8
13
15
13
12
5
9
9
6
17
15
13
13
14
11
10
10
13
19
18
13
15
18
14
11
15
11
12
14
8
16
13
9
18
7
12
14
10
10
13
6
9
17
14
8
12
7
14
13
13
12
12
10
14
17
9
13
13
12
15
12
13
8
14
17
14
11
11
15
15
16
18
18
15
10
9
9
12
15
7
15
12
15
11
21
11
12
7
13
15
14
13
8
10
14
17
9
11
16
12
10
10
10
11
13
11
18
15
16
12
10
13
16
18
13
19
13
20
18
18
7
13
14
12
11
8
19
14
7
16
15
16
16
11
11
12
11
12
17
18
10
10
11
14
11
10
9
9
15
11
12
10
17
20
17
12
8
12
15
12
11
12
9
15
13
17
14
15
9
8
8
9
14
6
12
8
18
18
20
14
5
7
15
10
15
11
7
12
10
13
20
6
11
10
16
8
8
16
18
7
10
13
15
12
7
8
14
17
11
12
13
8
16
13
12
12
14
17
14
11
17
13
9
12
13
6
13
14
15
11
15
16
17
12
3
13
13
14
15
12
17
10
14
18
6
14
23
16
15
18
12
21
12
7
10
17
13
11
5
8
15
14
11
10
15
23
12
13
9
10
13
14
9
10
11
11
13
17
18
12
9
11
14
17
7
15
15
10
13
14
9
17
10
13
15
15
10
8
11
15
10
11
16
12
15
9
13
17
15
9
16
11
17
14
13
11
18
12
18
12
15
13
13
16
9
13
16
7
12
11
16
13
13
7
11
16
10
20
13
10
12
11
4
13
13
14
9
13
13
10
9
10
13
9
11
10
11
13
15
19
14
11
11
11
13
12
18
6
12
19
15
11
8
7
12
18
9
10
17
13
13
13
12
15
18
13
11
13
15
20
10
13
9
13
14
9
10
13
10
14
12
18
9
13
16
20
12
17
9
11
16
14
13
19
12
12
11
