11
12
12
19
9
12
16
13
10
15
25
10
13
9
9
6
7
15
10
14
12
11
13
12
18
20
10
20
21
7
15
12
11
18
10
9
14
10
11
16
11
11
13
12
12
12
11
8
11
8
10
9
11
11
21
20
16
14
5
13
16
15
6
12
10
17
9
14
9
9
11
18
9
7
11
15
12
11
15
12
13
17
14
9
8
13
6
11
7
9
14
7
16
10
15
7
11
21
3
15
14
12
6
13
10
16
7
9
10
13
11
16
12
13
9
15
11
17
13
12
10
13
13
17
15
13
10
9
14
6
10
10
10
10
8
9
13
16
14
8
17
17
17
11
12
13
14
10
17
13
17
8
9
13
12
14
15
12
13
14
10
12
18
10
11
21
9
13
15
19
6
12
10
10
16
13
10
17
13
14
16
13
20
17
6
11
10
15
8
7
16
20
15
14
11
8
14
10
16
13
10
22
11
20
14
12
17
12
11
13
7
9
17
9
19
16
13
18
11
12
11
10
15
19
13
12
18
11
10
10
12
15
19
8
6
11
13
5
6
9
10
12
11
17
17
18
10
10
15
10
7
9
11
14
10
19
14
10
14
11
12
13
8
14
9
19
14
15
17
15
9
13
10
7
9
11
11
12
15
15
18
11
15
15
10
10
15
9
15
19
10
10
15
14
9
13
13
6
13
6
14
12
10
13
12
12
19
9
13
12
10
10
18
9
12
8
15
13
16
7
8
9
10
17
10
13
12
6
12
11
8
10
8
9
13
17
6
17
14
11
12
14
14
14
10
15
10
11
17
11
8
17
10
11
8
11
16
16
14
15
19
17
6
11
12
13
18
8
16
13
16
19
22
11
9
9
9
7
15
14
11
13
17
17
11
12
13
9
15
13
12
15
18
10
13
8
12
6
6
13
16
10
10
5
11
9
10
9
15
16
13
13
16
6
19
13
15
11
15
13
13
13
12
10
8
6
5
10
14
14
8
13
11
11
9
17
22
15
11
5
15
9
13
19
15
13
15
15
12
14
9
16
16
13
21
16
11
13
13
11
12
10
12
10
12
5
13
19
10
9
9
10
12
13
14
6
9
13
15
10
6
13
7
8
19
18
10
13
10
13
11
18
11
16
14
6
13
10
16
11
9
9
7
14
