16
9
8
13
18
15
12
12
14
17
17
7
16
16
12
9
17
16
13
18
13
10
10
10
6
11
10
12
10
19
12
10
14
11
14
18
11
13
18
13
17
10
17
11
9
13
12
10
10
14
15
19
7
14
13
6
8
11
6
13
12
15
15
12
7
14
19
16
15
9
11
10
15
13
14
12
15
12
18
14
11
12
16
21
14
10
7
18
11
17
14
5
19
10
10
14
17
14
14
17
8
18
11
7
13
13
11
13
10
8
12
22
5
18
11
12
21
10
13
16
12
9
18
15
16
13
8
17
9
14
14
21
10
13
13
20
11
11
10
14
15
11
18
20
21
10
8
11
11
14
12
21
10
10
13
11
10
6
14
13
12
12
12
9
15
8
14
19
8
11
13
18
12
9
10
7
4
16
7
10
10
15
12
12
14
7
14
19
11
11
14
13
16
17
16
14
16
7
12
12
15
16
12
8
18
13
14
6
9
16
16
9
9
9
13
12
13
10
14
10
10
17
14
9
13
10
12
11
7
14
10
2
21
10
10
12
14
11
8
14
17
16
10
19
8
15
12
4
5
15
20
9
13
8
10
12
12
10
21
10
19
14
11
10
5
12
16
7
16
12
13
14
14
14
13
10
10
15
12
20
9
9
7
10
19
18
14
16
11
13
11
9
17
7
19
18
14
9
15
5
14
12
7
10
11
9
14
13
13
6
16
12
13
13
14
8
15
10
9
16
11
18
11
17
15
11
15
27
13
19
17
6
11
14
7
17
13
12
8
14
12
9
17
19
14
14
17
11
13
10
11
11
15
12
15
12
15
5
9
6
9
11
16
8
16
22
11
17
18
9
13
12
13
8
14
11
10
10
15
10
14
15
19
16
11
12
8
10
15
14
13
11
10
11
11
15
11
14
10
9
16
9
12
15
7
13
16
7
11
12
8
15
11
13
9
11
8
15
14
12
16
14
17
8
14
15
10
16
4
5
13
15
11
10
12
5
14
13
15
16
9
13
6
19
12
12
10
13
8
10
10
10
13
18
11
13
16
8
13
14
11
10
11
13
11
7
9
9
16
14
9
9
8
9
20
20
11
4
15
13
18
17
19
9
6
7
12
16
14
12
11
17
14
8
9
8
7
11
15
18
9
10
13
