13
15
15
10
6
13
16
21
9
14
16
7
9
18
11
21
9
12
11
16
21
13
18
8
16
16
16
15
12
18
11
15
17
12
21
18
14
13
15
11
10
16
7
14
16
13
14
11
20
13
10
10
14
14
10
18
10
10
16
17
11
11
10
14
12
6
14
8
19
13
8
11
15
14
9
9
13
15
11
14
5
18
23
16
8
12
14
18
15
10
17
14
17
7
8
11
15
13
13
9
12
14
8
8
14
13
16
15
14
14
14
22
13
13
15
12
19
14
11
13
12
17
13
17
11
8
12
17
9
13
12
12
8
16
14
11
12
11
16
15
13
11
12
12
15
20
13
11
19
16
17
11
14
17
5
17
15
11
13
15
16
11
13
15
18
11
14
17
9
11
17
12
17
7
12
11
25
14
21
16
20
18
22
13
12
11
13
12
12
9
14
14
13
13
10
4
13
11
11
12
11
8
16
11
11
10
12
7
19
14
9
15
11
15
14
18
13
14
12
18
9
8
25
4
9
17
13
12
16
18
19
13
20
18
11
13
9
16
9
17
16
16
12
20
13
10
9
11
16
8
16
15
9
12
16
18
12
17
14
13
12
12
20
13
5
5
10
11
18
12
11
10
18
10
10
18
12
19
13
9
22
14
9
10
13
10
15
10
6
14
14
7
17
16
11
17
8
9
9
16
11
20
14
12
10
13
11
18
23
17
18
4
13
12
13
14
12
16
19
15
12
10
18
18
8
13
7
13
13
8
18
9
12
12
8
10
12
8
7
13
14
12
21
14
19
13
15
13
7
8
12
10
22
24
15
11
16
11
14
15
11
8
8
13
12
10
16
11
10
17
13
10
9
10
8
10
10
11
15
13
16
11
10
15
18
13
11
9
15
9
15
16
10
18
11
15
11
14
20
9
12
12
19
12
13
15
13
18
14
13
18
9
10
13
10
14
12
13
12
13
17
7
17
13
19
6
12
7
9
16
12
14
16
12
9
12
14
11
10
15
17
8
14
11
15
12
9
10
10
8
11
13
16
14
15
15
22
16
20
13
16
13
18
16
10
15
12
11
14
12
17
9
13
11
12
18
20
17
19
19
13
10
12
14
17
8
13
11
9
20
12
17
19
17
