14
18
14
7
5
18
8
8
13
13
13
9
11
10
15
14
7
3
14
13
9
10
8
16
12
16
11
12
10
6
14
8
16
9
11
9
18
10
12
13
12
7
9
11
10
10
8
12
12
8
6
7
15
11
9
15
13
11
7
13
14
13
8
10
10
15
16
12
10
10
11
16
6
16
16
15
8
11
10
4
13
9
11
7
11
11
9
9
10
15
11
17
20
8
12
10
11
12
12
10
13
18
8
17
11
11
16
7
9
10
8
10
16
10
13
13
19
7
8
6
15
9
11
12
14
13
11
8
8
20
14
6
6
10
15
12
9
9
7
17
14
14
10
9
14
9
11
15
8
12
10
6
14
5
12
7
11
12
12
15
14
7
10
16
9
13
13
19
13
12
15
7
21
13
17
3
11
8
9
11
6
9
7
12
10
7
8
13
10
9
19
14
10
12
10
13
10
6
7
7
15
16
9
9
11
8
12
11
10
8
5
9
14
11
12
19
7
7
15
14
8
15
12
13
13
12
10
15
10
10
11
17
11
8
11
13
10
12
11
12
9
8
11
9
10
7
11
15
6
11
18
4
11
7
10
13
10
8
16
18
9
14
11
8
13
14
11
8
8
12
8
14
11
19
18
10
9
11
10
5
14
11
10
4
11
8
11
17
10
16
14
14
7
7
11
12
6
9
18
12
8
11
14
8
12
8
13
12
13
12
7
16
11
15
6
15
11
2
11
14
12
11
12
13
17
13
9
9
11
8
14
5
12
6
7
15
4
11
12
13
7
14
11
11
12
14
10
9
2
7
13
8
19
12
16
4
11
9
11
9
10
8
15
15
8
13
6
12
13
14
10
12
10
9
13
13
10
11
14
6
7
6
7
17
10
14
15
15
8
7
8
9
9
14
14
12
11
10
8
3
13
11
14
9
13
9
8
7
12
13
13
8
12
14
11
4
9
17
10
8
5
8
11
12
4
4
6
8
20
12
13
7
12
14
9
8
11
12
13
17
15
12
10
6
14
9
12
9
17
14
10
11
21
7
12
8
9
16
7
12
11
11
12
16
12
10
11
12
12
11
10
7
16
9
15
10
6
13
8
16
12
15
10
14
10
13
16
11
12
16
11
7
9
12
10
7
9
16
8
7
10
7
12
9
15
12
6
17
14
10
11
9
8
12
14
7
15
10
10
14
16
11
8
9
7
13
11
13
9
12
14
11
5
15
11
11
4
15
4
10
11
10
9
19
21
6
13
8
15
11
13
10
20
12
19
14
9
11
9
8
9
15
13
12
9
8
10
11
10
13
15
9
14
6
7
10
12
13
9
11
7
5
11
9
9
7
12
14
15
8
17
7
6
11
15
11
13
11
10
10
5
10
9
9
13
11
9
9
9
11
9
8
7
12
9
13
9
10
14
8
7
10
9
8
4
17
7
9
16
18
8
5
17
8
16
11
8
15
9
18
12
7
13
11
11
5
16
15
9
6
15
7
8
13
9
12
7
17
8
12
10
13
14
9
13
16
12
12
9
13
18
13
13
15
8
9
2
15
9
16
13
15
14
13
7
5
22
14
11
3
10
11
13
11
9
15
15
10
6
8
13
11
11
12
9
9
17
10
9
13
9
18
12
9
15
9
9
10
9
16
18
8
15
8
8
11
12
11
10
12
15
12
10
10
12
11
10
11
22
16
10
13
12
6
15
14
10
14
15
7
13
10
7
11
15
11
14
11
11
13
15
12
8
9
9
6
13
12
3
8
10
8
7
10
5
17
12
7
17
12
7
4
8
9
13
13
17
16
9
13
8
12
9
13
9
12
18
16
15
12
3
10
12
6
5
9
17
11
7
13
5
15
7
18
10
14
8
13
8
16
13
19
4
6
10
9
10
12
9
14
8
9
7
10
13
13
6
12
13
12
12
16
6
12
9
13
15
14
14
5
5
11
15
11
5
16
10
9
16
4
6
11
7
9
13
10
6
13
12
7
6
14
20
7
13
14
11
13
11
12
11
17
10
15
17
12
8
8
15
7
10
13
3
11
8
12
8
11
16
17
8
9
7
10
9
8
16
10
16
11
11
19
8
10
12
7
12
3
7
7
8
7
5
9
12
14
17
15
9
14
10
15
13
12
4
7
10
10
13
7
13
7
10
13
14
11
16
10
9
6
12
12
16
10
19
12
11
13
10
9
12
18
7
8
8
17
19
6
16
4
11
14
9
11
10
6
5
10
9
9
11
13
12
9
13
11
8
20
5
7
9
10
5
7
13
9
12
9
4
14
14
8
10
12
8
8
9
15
7
7
5
10
10
14
12
9
13
16
12
8
10
13
9
9
