11
15
8
11
11
9
14
12
16
12
16
10
7
8
11
10
11
18
14
8
13
19
9
15
10
15
16
9
11
12
16
15
20
13
16
8
14
21
14
24
7
15
12
9
11
8
18
10
15
14
19
12
14
12
17
11
20
12
16
12
12
16
11
16
15
18
16
11
18
9
18
13
23
20
19
18
22
16
15
13
14
16
18
14
12
15
15
11
14
9
13
10
10
16
22
14
16
8
11
13
14
12
18
13
17
8
14
13
3
15
13
17
17
12
14
13
20
7
8
16
9
19
17
11
16
6
7
16
13
15
7
16
15
21
8
19
8
13
9
7
15
16
15
13
10
14
8
7
18
10
9
9
14
18
12
16
13
12
12
14
10
9
10
21
18
25
12
10
18
12
9
10
8
15
17
10
11
15
11
11
15
13
16
9
12
11
17
14
12
20
10
9
14
10
17
18
14
11
10
18
10
8
15
13
14
13
11
16
10
11
16
11
13
12
11
18
11
13
8
26
10
8
20
11
7
8
11
13
12
15
12
7
6
13
12
18
13
15
10
14
9
17
16
10
15
17
16
7
12
22
8
24
17
11
10
10
12
9
17
6
13
9
10
11
10
11
13
17
8
15
13
8
17
9
12
27
12
18
13
24
12
10
13
11
18
18
10
14
14
15
12
11
20
11
12
11
13
17
15
22
10
13
15
13
17
13
12
17
19
10
11
14
12
11
20
15
10
16
8
15
14
8
15
13
17
7
10
21
11
14
20
13
22
16
18
13
10
4
16
14
19
17
9
16
8
13
22
16
26
17
10
13
13
12
16
13
16
15
15
11
20
7
7
14
12
8
20
10
11
16
13
9
14
14
13
7
20
13
23
9
10
12
13
14
9
14
18
12
9
19
11
17
20
14
12
17
11
8
16
12
6
14
12
14
19
12
7
18
11
10
16
12
8
10
12
12
13
12
21
19
14
14
14
12
10
16
21
8
12
15
11
18
7
11
8
20
9
18
16
15
17
14
9
13
10
12
16
19
11
12
25
14
19
16
12
7
18
8
16
16
17
13
23
17
8
15
10
16
21
7
13
18
7
10
16
14
18
17
13
16
13
9
12
12
6
16
12
13
18
15
11
13
15
10
14
10
14
11
13
14
16
8
15
11
18
14
14
17
19
10
11
12
10
14
19
15
12
11
10
14
17
17
9
14
18
14
9
4
12
13
22
15
15
10
9
8
10
13
14
12
11
12
9
13
8
8
14
8
14
16
14
13
17
10
14
15
12
11
24
10
16
14
15
17
17
23
12
13
13
12
15
16
18
12
14
14
11
16
13
11
14
10
14
10
17
17
15
15
16
18
14
14
17
22
13
15
18
11
11
7
11
15
12
11
23
14
10
8
6
14
13
15
17
16
8
16
20
8
14
23
18
8
21
17
15
10
11
18
10
15
21
10
12
13
10
7
15
9
12
14
20
11
16
20
9
16
10
12
18
14
17
10
14
15
11
16
15
14
15
22
14
12
17
20
15
14
8
16
11
12
10
12
17
13
15
13
19
12
11
17
19
19
8
11
14
12
25
14
16
13
14
16
8
11
11
15
15
13
10
11
12
17
9
16
11
12
16
16
11
8
10
14
14
13
10
21
16
19
9
15
12
16
15
12
16
13
12
9
17
16
18
5
13
13
9
14
19
20
14
16
10
11
12
9
12
12
13
8
6
14
10
14
11
14
14
16
22
11
16
9
13
13
7
15
15
12
19
7
12
14
16
10
10
6
12
20
18
16
9
20
13
14
21
11
13
5
13
12
10
17
12
14
17
8
10
13
10
7
9
15
10
10
9
7
18
17
7
12
8
12
11
11
15
11
12
9
13
14
17
7
7
10
11
12
11
10
18
15
13
17
13
10
15
19
10
15
17
15
13
17
15
9
12
17
15
8
20
12
17
14
11
20
18
15
17
15
12
17
12
14
14
18
11
12
14
11
13
12
16
16
22
16
14
12
14
10
14
13
12
17
14
11
14
20
12
14
14
16
8
19
11
16
7
9
19
11
10
7
14
22
14
19
13
7
11
9
12
8
15
20
10
17
14
12
16
13
11
10
12
10
12
16
16
14
12
20
9
16
14
14
18
19
11
23
12
9
19
9
15
20
14
9
18
14
11
12
16
8
18
17
11
11
14
16
6
11
16
15
15
9
20
19
8
8
11
18
14
5
9
9
8
15
17
14
11
17
12
15
9
12
19
14
18
14
9
11
17
