5
12
14
9
13
13
9
16
9
15
8
6
11
16
7
17
8
12
6
12
12
6
7
16
12
16
9
9
9
9
12
13
12
12
11
11
14
10
9
17
13
7
8
9
12
21
12
12
14
6
19
9
13
8
10
14
15
17
14
6
15
9
12
19
9
13
9
9
10
11
7
7
13
11
10
14
7
7
15
14
9
9
7
9
17
13
8
13
5
14
13
10
14
12
6
9
18
12
16
9
10
14
10
9
8
7
8
13
10
13
12
10
12
8
7
17
10
8
8
13
8
11
5
13
7
10
11
7
11
13
12
13
10
13
9
10
10
12
15
10
13
16
9
14
8
8
12
9
6
4
11
12
14
10
12
11
13
13
12
6
15
18
8
11
11
9
13
14
9
8
13
12
14
14
8
12
17
15
9
13
16
11
6
6
11
13
9
12
10
11
15
15
11
8
13
6
15
15
10
14
11
4
10
10
13
7
12
10
9
10
14
10
13
11
13
10
16
9
12
12
6
12
16
11
13
8
12
11
15
10
3
8
12
7
14
9
13
13
15
9
7
13
11
7
8
13
11
9
9
8
8
10
13
8
9
7
10
12
7
8
12
16
6
6
13
13
10
17
16
16
10
14
15
6
10
8
13
13
13
10
10
17
15
6
11
14
9
11
16
10
14
11
11
11
8
11
9
10
9
11
8
12
14
12
8
8
5
15
5
9
14
9
10
15
5
17
10
10
8
19
7
13
16
13
8
10
7
11
17
10
5
10
8
9
7
13
12
7
13
8
19
7
9
11
13
13
12
7
3
11
9
11
10
13
15
12
8
8
8
11
12
13
8
5
13
10
6
13
13
22
8
7
10
13
12
9
13
13
9
9
15
22
13
13
11
16
12
8
11
13
14
15
13
14
12
12
14
7
9
10
8
15
6
10
10
14
5
7
8
13
10
13
6
12
16
17
11
4
10
13
10
5
8
15
7
10
10
4
8
10
7
12
6
11
13
14
12
8
8
9
10
10
13
7
7
11
8
7
10
9
11
11
13
14
13
8
9
11
6
15
15
13
14
17
13
16
6
12
8
15
9
13
18
14
10
5
9
6
6
18
18
9
11
11
6
9
12
15
8
12
8
12
5
9
15
13
9
10
8
13
14
12
9
9
10
10
10
16
16
14
6
8
8
6
9
11
15
5
9
15
14
6
8
19
5
9
6
14
3
8
9
6
14
3
12
11
13
3
13
7
12
11
12
11
7
12
14
6
7
15
13
7
10
11
17
14
9
8
11
10
12
12
15
11
11
7
10
14
13
24
17
6
9
8
9
5
8
11
11
13
6
13
7
10
18
6
11
8
6
6
10
9
12
10
19
13
18
12
6
9
8
16
9
8
18
10
11
11
4
8
9
9
16
15
13
8
13
5
9
13
11
13
6
8
11
14
15
6
11
16
6
10
10
14
12
12
13
6
7
10
10
13
12
11
10
6
13
9
14
9
8
9
6
12
10
15
11
14
11
10
18
7
8
8
17
11
7
10
11
14
8
18
12
11
7
11
12
7
9
10
6
7
11
6
10
24
9
12
4
14
19
10
11
9
9
5
11
15
10
14
12
11
14
9
8
14
15
11
13
19
12
6
14
9
12
14
12
5
14
9
6
11
8
12
6
15
10
8
11
5
8
7
11
14
11
7
12
12
18
7
15
6
6
8
10
6
10
24
15
9
11
15
7
14
14
15
11
9
9
12
9
14
8
7
14
10
8
13
10
9
12
8
16
6
20
9
10
12
9
9
4
16
4
7
11
6
13
14
5
10
7
12
10
14
7
11
7
5
10
6
4
15
14
12
9
8
3
7
8
5
10
10
9
12
11
12
11
15
8
10
6
15
4
17
15
11
16
13
13
8
11
4
6
8
10
7
10
8
14
10
12
9
19
7
16
15
15
15
13
14
15
18
15
11
6
9
8
12
14
15
11
10
9
4
13
11
13
12
12
5
9
8
15
6
11
13
10
11
9
18
9
12
9
6
9
19
11
9
13
12
14
3
9
7
14
8
12
11
15
9
7
18
15
6
6
9
13
12
16
9
16
12
5
7
4
8
15
14
14
7
12
11
10
9
8
9
8
9
13
12
13
8
14
4
15
14
6
5
6
11
12
9
12
4
14
14
7
12
5
9
6
12
13
6
14
8
14
7
14
7
11
8
14
6
8
11
8
17
16
10
7
11
13
12
17
9
7
15
10
14
10
13
15
9
10
8
12
13
9
13
7
12
6
5
10
7
8
8
14
17
10
12
7
15
6
11
10
9
14
7
10
11
7
10
8
17
13
13
7
9
8
10
12
12
