12
14
18
13
17
12
19
8
10
18
18
6
15
16
23
18
17
20
19
14
9
18
10
15
10
13
15
22
12
20
11
13
14
19
13
9
17
16
19
13
13
15
12
14
14
8
18
15
14
14
19
17
9
20
9
18
22
13
13
7
15
14
5
13
13
6
11
21
20
18
17
18
17
16
24
18
9
19
14
10
15
15
16
14
16
11
16
18
17
15
16
8
15
12
16
19
19
17
12
19
15
22
11
15
13
16
20
11
17
10
17
17
13
20
14
18
10
9
14
15
13
11
10
10
23
12
21
12
10
9
18
18
13
12
11
14
14
16
18
17
13
16
8
18
14
13
11
18
16
16
15
15
16
10
12
16
15
16
8
19
13
11
21
13
11
12
16
9
17
18
8
15
13
14
13
14
18
14
11
15
15
11
16
11
19
10
11
18
12
14
15
13
19
9
15
10
13
13
16
14
11
11
12
8
15
10
17
14
17
12
12
19
14
13
18
12
18
21
15
15
17
15
8
15
9
16
21
11
13
14
22
15
18
17
8
11
16
14
19
11
9
9
11
15
17
15
14
21
12
15
18
16
11
21
11
10
17
10
17
17
10
16
12
17
18
13
12
9
15
5
23
20
18
12
13
14
12
10
16
12
19
22
10
14
7
11
14
8
16
7
21
21
16
16
12
12
11
19
8
13
12
11
10
9
10
17
18
13
12
9
15
13
19
16
12
16
17
9
12
11
18
18
8
13
6
27
16
13
13
15
16
14
14
16
15
16
18
10
17
12
15
17
11
11
19
19
12
10
14
10
22
10
17
16
10
12
13
12
18
19
11
8
10
11
18
20
13
23
19
17
16
17
17
13
15
10
20
21
16
17
11
16
10
13
18
16
18
20
21
16
7
12
10
16
13
16
15
13
16
16
13
23
24
11
8
6
16
13
15
11
19
15
17
16
13
7
13
13
16
15
10
14
12
15
16
17
15
12
13
9
17
7
12
12
19
13
14
15
11
18
17
12
15
14
12
17
14
19
16
12
8
13
15
11
12
14
21
16
18
18
10
18
12
14
15
17
11
15
18
17
17
12
19
16
16
15
14
12
15
11
15
11
18
16
13
11
11
21
14
16
12
15
21
14
18
17
11
8
10
11
11
16
25
8
15
22
12
21
14
10
13
12
