9
9
12
15
6
10
23
12
9
8
17
9
12
9
9
8
10
22
12
9
10
11
13
8
7
12
12
15
14
5
8
8
14
10
14
10
8
16
12
5
11
13
11
16
10
3
12
13
17
9
11
15
13
12
10
13
17
13
13
14
14
14
17
12
16
12
11
16
10
9
8
12
11
15
11
16
15
10
18
12
10
10
11
11
12
12
10
10
10
13
11
4
6
15
12
10
13
12
13
14
13
15
16
9
10
14
13
12
11
14
13
13
23
8
16
19
13
14
10
11
6
12
15
7
15
11
13
12
14
15
12
16
14
15
7
15
12
12
8
14
13
13
11
13
18
10
17
12
15
12
15
8
10
15
11
5
9
10
14
10
15
13
16
8
7
13
14
8
8
8
16
9
14
10
14
13
6
18
13
14
16
12
10
10
11
14
14
13
13
14
12
13
13
11
7
17
17
11
22
20
11
12
4
16
8
13
12
14
12
13
8
17
9
11
6
10
13
7
10
13
12
15
10
14
8
14
9
13
14
13
9
14
15
8
12
14
9
11
10
12
8
12
10
16
8
11
11
15
6
10
8
12
11
16
12
13
