22
15
12
8
13
16
17
12
14
12
17
21
19
18
12
16
16
6
20
12
17
15
12
12
18
34
11
15
13
15
19
13
16
7
14
16
19
24
10
16
13
9
15
15
16
17
21
20
19
14
14
15
15
13
13
14
11
10
17
10
15
22
15
13
11
15
16
13
13
16
24
12
11
11
12
21
12
12
11
21
17
20
16
23
15
15
20
18
19
14
13
21
16
9
25
11
21
15
11
17
20
12
19
11
13
9
15
14
16
16
25
8
13
20
13
13
18
12
12
20
7
15
10
13
11
17
21
13
10
19
11
10
14
18
16
11
11
10
12
15
13
15
24
17
6
12
14
17
18
18
14
17
17
17
11
12
8
21
10
16
15
13
21
19
6
14
13
12
13
14
15
16
14
9
14
8
10
10
7
26
14
14
10
18
16
14
23
18
6
14
15
12
17
16
13
14
17
19
15
19
13
14
11
16
9
8
13
15
22
15
19
9
21
12
12
15
19
12
15
18
17
11
13
11
15
11
15
7
17
17
9
12
16
15
19
19
23
12
14
11
15
12
10
11
17
15
16
16
15
11
12
20
16
16
15
8
11
7
12
18
21
21
10
14
17
16
16
11
13
14
12
14
15
22
12
16
19
13
15
8
15
12
14
12
19
9
17
13
13
17
13
19
12
16
8
9
11
16
16
17
17
17
13
14
11
13
14
10
9
8
13
16
22
9
11
13
15
10
16
10
14
14
20
21
20
12
16
6
12
18
13
14
16
10
15
7
17
17
18
13
17
17
9
12
17
22
12
14
16
11
11
9
18
10
17
19
20
16
17
9
20
11
19
16
15
13
12
20
16
16
16
12
26
14
15
14
12
16
13
14
15
15
9
14
11
7
11
20
16
19
15
11
18
13
16
18
5
11
20
17
9
9
15
13
10
8
16
17
10
13
24
21
8
11
19
7
19
14
9
12
13
19
20
23
19
14
11
11
14
17
18
14
7
12
17
17
13
17
16
17
15
14
12
13
10
18
12
19
14
16
17
7
13
16
16
19
18
7
11
11
12
17
13
12
21
8
13
17
6
18
18
16
16
24
13
9
15
18
10
12
10
15
13
14
17
7
13
12
17
12
11
15
12
15
10
9
13
21
11
27
16
13
18
17
17
16
24
16
12
14
12
12
