18
16
11
20
23
12
18
18
16
15
13
8
16
11
14
13
13
18
8
16
12
10
8
16
17
19
14
10
14
19
20
5
12
18
18
17
9
18
12
15
9
15
12
13
9
10
9
13
16
13
14
10
15
17
13
16
12
12
17
20
17
15
11
20
18
19
15
11
11
21
20
10
18
15
16
10
12
19
12
16
16
12
9
9
14
20
16
16
12
12
15
14
14
25
19
22
11
12
16
16
22
12
15
15
15
17
7
8
16
16
20
17
19
15
9
18
11
26
13
21
11
14
17
15
18
14
16
18
12
16
15
14
13
18
18
15
21
10
12
21
9
10
14
10
15
9
16
17
10
12
10
14
14
19
19
15
10
9
15
16
11
17
16
31
17
16
12
10
11
15
23
14
11
19
10
10
14
9
18
17
15
20
13
16
14
16
21
15
12
16
10
15
10
12
14
15
25
19
10
11
20
16
16
10
8
12
11
12
21
12
16
16
12
13
16
14
10
12
15
13
9
16
17
13
6
15
11
19
11
14
11
15
15
11
9
12
13
13
15
20
9
19
15
16
13
14
15
16
9
13
11
10
18
18
24
15
17
12
21
15
6
8
16
15
15
15
18
14
15
11
14
6
10
10
11
25
14
15
18
21
11
9
14
13
22
16
12
15
20
9
16
18
18
10
14
14
12
20
15
18
12
19
21
15
17
20
24
18
23
12
18
14
12
13
10
13
17
12
14
13
16
14
17
13
12
9
13
8
18
10
7
13
13
15
12
15
11
12
13
22
21
17
13
18
11
16
9
20
16
15
18
15
14
19
17
11
21
9
19
13
15
9
11
17
18
16
14
13
12
12
12
20
18
18
19
24
11
7
10
12
19
13
18
11
14
19
15
23
16
9
15
11
14
16
16
17
14
17
17
14
16
16
11
16
12
22
6
15
11
17
15
12
12
17
18
19
16
16
15
12
12
19
15
17
18
21
12
21
14
14
13
14
9
9
15
15
13
14
13
13
13
10
13
11
11
15
16
20
12
21
13
17
9
13
8
12
14
17
24
15
21
13
12
16
20
11
12
15
19
10
16
11
17
14
14
14
13
11
23
24
7
11
11
12
20
18
11
9
16
23
9
10
7
9
15
21
11
13
19
19
15
17
17
13
16
14
22
15
19
16
12
11
