18
13
12
14
17
13
15
15
8
21
3
10
9
15
12
7
10
8
13
8
11
13
8
11
14
22
9
12
11
15
9
17
14
21
11
12
15
14
21
7
9
12
17
12
8
13
17
14
17
12
27
15
14
13
14
10
16
10
10
16
12
12
18
13
14
7
9
15
11
13
10
10
12
15
12
11
11
17
20
7
15
12
16
6
14
6
14
14
13
15
12
12
8
8
17
8
20
10
21
16
8
12
12
11
13
16
16
10
7
4
10
14
10
9
12
11
9
12
12
7
14
11
9
10
16
11
13
9
10
26
11
7
11
9
10
9
18
8
13
13
16
10
12
17
11
9
15
6
14
15
6
19
12
15
13
10
18
11
12
21
11
16
16
11
12
6
14
9
13
11
10
13
12
14
13
15
11
9
10
12
10
11
14
12
9
15
18
19
15
14
13
14
13
10
9
15
13
13
10
14
16
13
10
12
12
14
7
8
14
11
9
8
9
12
19
12
15
9
12
13
12
12
13
12
10
16
10
8
11
13
11
14
16
9
21
8
11
9
10
15
16
11
10
13
12
10
7
7
13
12
11
21
9
10
13
12
15
13
19
17
9
13
15
11
11
10
12
21
15
10
13
13
12
12
9
10
7
14
7
9
23
14
14
14
16
7
13
25
8
13
8
15
8
20
14
11
13
19
11
15
12
16
7
18
14
11
13
14
17
14
21
15
13
11
12
14
7
12
5
16
11
14
17
17
12
10
11
19
10
8
17
13
16
6
14
23
10
6
11
11
14
12
9
11
14
7
12
12
14
16
16
12
12
16
18
8
16
11
13
12
14
11
13
12
15
8
13
12
9
11
14
13
22
9
9
12
10
7
14
12
15
14
12
10
13
13
10
15
10
14
11
15
15
15
15
13
11
14
12
18
16
14
15
25
14
10
15
11
24
12
12
12
10
14
8
12
17
10
9
9
12
10
9
15
18
10
18
11
11
21
21
12
5
14
5
12
13
21
11
10
13
18
8
9
13
18
23
18
9
11
9
13
9
13
9
10
17
8
11
10
11
9
16
11
12
14
10
16
9
11
7
15
10
5
14
8
10
11
8
12
12
13
9
10
12
17
16
13
16
15
17
15
12
9
11
10
7
9
7
8
12
11
11
12
7
10
10
16
15
11
9
12
