12
15
13
10
13
12
16
13
15
12
11
15
19
21
15
12
6
18
11
15
9
7
12
15
5
12
15
10
14
11
11
13
12
14
11
19
9
11
9
7
15
14
11
7
20
14
9
5
12
11
9
11
16
12
14
16
12
11
6
6
17
18
16
21
12
12
17
16
17
8
14
8
3
13
17
10
15
15
10
14
14
8
13
14
13
14
12
11
9
13
10
20
13
14
8
14
14
9
18
12
14
13
14
7
21
13
15
13
12
12
8
8
9
11
11
14
14
10
14
15
21
19
5
13
13
14
11
11
16
11
15
7
12
18
8
6
12
16
12
12
13
20
8
8
13
11
12
18
14
14
12
12
15
15
12
20
17
16
13
11
11
12
12
9
10
18
11
9
7
11
20
22
14
12
13
14
13
14
7
8
13
16
9
18
7
14
15
10
15
13
15
13
14
11
11
10
13
7
12
18
8
9
12
12
14
11
14
13
12
13
17
16
9
11
10
11
9
11
19
12
10
11
15
13
8
14
11
9
13
15
15
19
12
12
14
7
16
10
15
17
14
17
9
12
12
16
7
19
17
7
12
15
8
13
12
14
8
11
16
23
10
10
8
15
10
9
18
9
7
8
12
9
12
10
17
18
17
11
12
14
12
11
14
16
6
12
16
16
11
11
11
15
12
14
12
13
13
11
17
13
11
16
11
18
7
13
10
13
9
7
10
13
11
13
15
15
8
17
8
12
12
15
13
11
16
12
14
13
10
20
10
9
10
18
12
16
11
18
12
13
12
16
9
15
11
11
10
13
14
16
10
15
9
19
17
19
18
15
19
10
11
18
13
11
11
10
7
14
6
14
22
11
11
22
15
14
13
10
11
12
10
11
15
14
10
11
11
12
15
15
17
9
14
9
15
18
14
15
10
16
15
13
25
13
14
16
17
14
21
11
11
14
13
8
12
24
15
12
15
15
13
8
8
8
7
14
14
9
14
14
6
12
14
11
11
13
10
9
23
12
13
13
13
12
13
14
12
14
11
17
8
16
10
9
9
14
6
11
13
12
12
19
17
19
19
13
11
9
7
8
8
13
18
11
13
19
24
15
8
9
9
11
21
16
20
15
19
8
20
16
7
9
13
21
9
16
11
20
13
18
13
7
16
15
15
9
11
12
16
20
14
10
