11
15
16
8
10
11
11
15
14
12
6
12
10
2
16
10
17
12
16
12
7
10
6
11
12
14
9
11
13
8
15
8
12
11
13
13
15
18
12
15
12
10
19
14
10
12
14
6
7
9
10
9
7
9
14
13
18
14
18
15
15
6
10
7
11
13
15
9
14
10
12
16
7
18
14
11
11
19
7
13
10
14
10
16
15
12
8
14
7
6
15
17
12
11
12
12
8
15
17
14
11
15
10
12
3
11
12
13
19
12
13
15
11
14
12
14
14
5
12
18
12
10
18
7
17
15
11
11
14
19
10
21
10
16
11
8
7
11
10
16
16
19
14
11
13
11
9
11
15
14
11
12
10
9
16
6
18
13
15
18
16
9
17
15
10
8
13
6
10
12
12
17
10
16
10
13
12
14
18
8
13
9
8
13
11
17
11
12
9
13
13
14
14
7
12
19
11
16
16
14
15
13
14
17
8
12
5
9
8
11
11
14
18
11
20
12
10
15
11
14
9
14
13
8
16
15
11
9
9
14
17
14
19
12
14
17
15
15
12
15
12
13
12
13
16
8
10
16
20
11
12
8
18
13
11
13
10
12
18
11
10
10
15
20
21
14
13
20
10
14
13
10
14
13
10
9
16
12
9
14
21
9
10
13
13
19
8
15
12
15
13
13
6
11
13
12
11
12
15
10
15
7
13
14
19
20
11
8
16
14
9
11
14
13
11
16
9
15
9
16
18
16
14
14
10
17
9
14
6
12
13
14
9
13
17
5
10
16
13
14
19
17
11
15
15
11
12
10
17
12
12
20
8
16
13
12
10
18
8
13
20
7
6
8
10
15
12
14
10
17
14
17
11
16
11
11
13
14
8
13
17
11
13
15
11
15
11
13
8
10
20
16
23
11
13
9
11
9
20
16
17
11
10
16
19
14
12
19
14
8
15
14
14
8
13
14
14
12
13
15
14
13
12
15
15
5
14
16
9
13
15
12
15
7
12
19
7
11
10
9
14
12
12
11
14
13
14
14
7
11
13
12
8
16
8
12
12
11
11
15
13
14
12
8
7
14
13
12
16
15
17
9
9
16
8
11
19
13
11
11
16
16
14
12
8
12
15
11
11
13
13
10
15
14
13
16
12
9
14
7
11
15
17
16
9
19
19
10
16
16
11
16
