9
13
11
8
15
8
14
11
14
9
13
12
14
12
12
13
15
7
13
10
9
9
12
7
10
8
18
9
14
17
19
20
11
9
15
16
17
11
22
7
17
12
6
7
17
12
12
16
7
11
19
19
9
15
11
8
18
10
11
12
9
15
12
11
5
11
8
6
15
8
17
9
15
12
14
7
20
11
9
12
15
7
8
15
10
15
15
11
12
7
16
13
9
9
13
15
9
18
10
9
7
9
16
8
12
14
17
16
5
11
14
17
13
15
13
17
15
12
15
9
16
8
15
12
16
6
10
16
7
15
15
11
16
12
17
11
14
17
14
11
14
17
7
11
8
15
12
17
12
13
12
12
7
12
10
16
13
13
15
11
14
16
14
10
15
11
13
7
16
12
16
13
21
15
15
16
13
15
12
10
12
11
5
17
18
12
14
10
15
14
11
10
6
16
13
12
11
10
14
15
12
16
14
9
13
14
23
8
10
6
15
10
19
8
11
11
19
12
11
21
13
7
11
18
11
15
14
14
14
10
11
11
19
12
17
12
16
17
14
15
11
12
6
16
18
10
10
9
16
10
8
12
10
11
16
11
14
15
18
7
12
8
14
18
12
14
10
15
8
13
10
17
10
11
11
19
20
12
9
11
12
13
11
17
19
14
10
10
12
16
9
17
14
12
14
18
18
10
12
10
13
13
12
16
16
14
13
13
10
13
8
14
16
9
11
15
8
15
10
11
15
9
11
12
18
10
22
13
13
10
11
12
14
9
13
16
11
17
23
12
12
10
10
13
18
15
14
10
9
11
16
13
14
17
14
6
16
12
14
16
11
9
12
8
15
18
18
7
15
15
16
15
11
8
10
8
9
13
12
9
14
18
8
15
7
12
11
11
10
10
6
12
13
8
17
12
11
8
14
8
14
10
10
16
10
12
7
11
4
13
12
11
12
15
17
12
8
9
10
14
14
10
10
9
14
11
8
11
18
4
12
10
20
18
12
15
16
8
9
10
7
11
15
6
9
16
12
19
15
15
17
12
14
17
20
14
11
14
12
10
8
13
16
10
16
12
19
13
12
14
13
19
13
15
9
14
10
21
18
15
13
10
12
14
8
11
10
11
17
11
11
9
14
14
7
14
13
13
11
10
