11
10
15
11
11
14
16
15
10
19
17
13
11
14
14
18
17
16
8
9
17
13
8
13
13
19
19
13
10
10
12
11
9
8
18
12
14
8
8
12
10
10
10
8
6
16
18
11
23
10
21
16
6
14
10
12
10
13
9
17
14
8
7
13
11
11
15
11
11
15
15
15
9
8
10
8
16
12
14
14
15
14
11
13
9
11
13
10
14
12
15
9
15
6
9
12
7
10
9
12
17
12
15
10
9
18
15
7
12
13
10
10
10
15
14
10
11
9
9
13
19
8
11
9
5
14
8
7
12
17
12
14
17
10
16
15
9
8
10
18
15
9
15
10
15
11
13
18
14
17
8
12
12
11
20
10
10
10
21
3
10
12
18
15
10
5
8
16
12
12
11
9
12
18
10
7
15
14
6
15
9
10
11
13
9
13
7
15
8
11
10
15
8
9
4
19
12
13
20
11
11
11
9
18
10
12
14
19
16
8
7
14
10
18
13
18
13
11
12
12
12
13
11
8
10
11
10
9
9
7
16
10
16
15
12
10
5
13
9
19
10
16
12
19
7
11
14
12
10
9
14
9
14
14
17
17
