9
4
10
15
11
10
9
10
15
8
7
14
5
12
15
10
10
17
9
11
6
14
16
13
10
7
10
12
11
15
17
11
8
13
15
9
13
14
21
11
10
7
14
9
12
19
6
8
12
16
17
11
12
16
10
9
9
13
15
7
17
6
12
17
14
11
11
10
14
11
10
15
14
14
12
14
9
10
8
13
12
9
10
14
16
10
11
11
12
13
19
9
5
13
17
9
17
10
9
7
10
11
23
17
15
10
13
10
9
12
6
9
14
8
12
7
6
13
14
12
20
7
7
17
8
9
10
16
7
8
6
11
8
11
19
9
18
20
14
14
12
16
11
9
12
10
12
9
13
8
13
14
10
12
16
12
10
12
10
18
19
15
9
21
11
18
12
7
13
7
10
18
17
14
17
16
10
15
10
7
14
13
14
8
7
12
18
11
6
9
11
17
14
11
11
2
7
13
12
10
8
13
7
15
5
10
13
18
8
10
20
15
10
13
14
11
16
11
12
8
22
15
12
18
11
8
15
16
16
13
7
15
5
14
11
11
10
9
9
12
11
12
13
14
15
10
16
18
13
14
9
18
16
6
11
16
