16
12
13
8
20
16
16
19
12
14
18
18
15
17
12
12
12
13
21
15
14
20
14
23
10
18
16
17
9
12
11
9
5
8
13
19
14
18
11
16
12
16
20
13
17
20
17
9
9
12
19
11
10
11
20
21
13
10
6
16
15
19
16
18
7
18
12
19
10
14
13
12
17
12
7
15
13
12
11
17
20
13
22
17
18
14
19
15
13
16
21
14
11
9
10
19
16
13
8
8
15
13
11
15
13
17
10
15
24
17
7
26
10
15
16
13
12
15
12
20
17
16
14
16
13
19
14
7
11
10
15
6
11
9
17
7
15
21
16
18
13
15
16
11
8
20
10
8
12
11
11
21
18
13
8
17
10
13
10
10
15
9
22
16
12
19
9
13
13
11
15
20
13
13
13
10
20
12
22
10
14
16
19
15
19
15
14
18
16
18
19
19
16
9
17
6
18
8
16
23
14
13
16
13
13
13
14
14
19
18
14
12
14
8
11
13
12
18
14
19
14
19
11
17
13
17
9
16
15
16
22
13
8
15
23
15
9
25
13
16
10
19
15
20
15
16
22
26
20
16
15
11
14
8
9
11
