14
18
15
7
11
19
6
15
13
16
18
19
18
16
14
15
9
15
16
7
12
10
17
12
14
13
16
20
13
16
16
9
14
14
12
16
14
10
23
7
15
13
9
18
16
16
17
16
12
13
19
15
16
15
13
17
12
19
17
10
16
14
18
13
20
15
14
17
15
6
10
13
24
10
11
11
11
19
28
17
13
22
19
15
12
15
8
10
17
15
12
12
13
19
13
14
19
20
15
19
17
10
11
16
19
14
15
19
19
17
10
15
13
8
8
7
21
11
15
8
12
14
21
14
8
19
14
11
20
13
11
17
19
15
22
15
11
15
15
13
14
12
14
19
27
5
18
16
15
18
19
17
23
11
17
18
16
11
10
12
18
12
14
16
15
14
12
22
11
10
8
16
17
16
17
14
11
9
15
7
15
11
14
13
15
9
16
16
16
15
24
15
17
14
18
8
14
17
12
24
25
11
13
18
19
11
16
18
12
16
17
14
9
13
13
15
17
12
15
11
4
23
17
15
12
17
20
21
10
14
20
10
13
18
11
15
10
12
10
14
13
8
17
13
24
14
14
12
13
18
21
18
15
13
16
14
18
10
13
18
21
11
19
11
12
19
18
13
16
10
14
20
19
13
10
20
14
19
12
15
11
10
22
13
20
7
15
14
18
19
11
11
18
16
12
18
19
15
9
25
12
11
20
17
20
13
9
22
21
11
13
12
14
16
11
16
15
13
15
18
23
13
19
11
12
8
13
8
22
12
20
19
8
18
16
17
20
19
21
9
6
17
13
11
15
9
18
14
11
13
16
18
16
16
24
8
20
19
12
16
21
15
20
7
11
15
16
16
14
20
13
22
13
9
15
13
16
10
18
12
10
22
16
13
16
10
19
13
20
20
19
12
9
21
14
10
11
16
13
15
11
21
16
17
15
17
11
14
18
15
13
7
19
12
13
21
12
17
10
10
12
20
9
13
12
10
10
18
10
16
13
13
16
19
15
15
15
12
17
16
13
24
14
17
12
21
23
15
21
20
15
13
12
11
14
8
15
17
18
16
12
12
15
17
16
12
11
17
19
14
16
16
13
16
14
11
16
18
10
10
11
12
13
20
16
13
10
21
13
21
16
12
12
12
8
12
18
27
9
11
13
13
12
16
17
9
18
15
12
8
12
10
