14
10
11
8
3
5
11
10
13
6
10
9
12
12
13
10
6
11
7
9
14
17
14
11
17
10
16
15
6
13
10
16
8
8
9
11
8
14
15
9
12
14
15
19
14
12
11
10
13
13
10
15
16
14
13
13
18
8
10
10
13
9
16
10
11
14
7
15
8
14
15
12
12
15
8
23
15
17
8
16
11
7
18
11
8
15
12
7
9
10
16
12
18
11
6
10
11
13
10
7
7
11
17
16
18
10
9
15
14
10
13
12
14
18
15
8
12
13
18
6
16
15
17
12
17
16
14
7
14
18
26
10
10
8
10
16
18
20
11
18
15
16
8
11
14
11
14
13
9
10
13
10
4
10
12
17
7
10
11
17
10
15
4
17
14
7
11
9
4
13
5
11
10
8
10
12
12
12
11
20
12
14
19
13
8
12
8
8
14
9
10
14
12
15
13
8
15
12
12
13
7
14
8
12
11
10
11
16
4
10
10
10
9
8
16
9
14
14
17
16
15
11
13
12
16
8
9
16
13
13
13
14
12
8
10
13
9
12
16
14
13
7
10
12
9
14
13
11
14
13
12
14
9
15
14
10
10
10
18
17
14
13
13
8
8
12
19
15
14
12
13
20
7
9
12
9
10
7
18
15
19
20
15
17
11
12
15
10
9
5
17
9
12
13
15
16
10
11
10
12
15
17
11
15
18
7
10
11
16
9
6
16
14
19
15
9
12
22
13
14
12
19
20
12
4
8
13
15
19
15
9
16
15
9
13
5
14
19
14
13
13
11
10
9
14
12
14
11
14
6
12
9
12
11
12
9
10
15
11
15
14
15
15
22
7
11
11
17
12
12
7
16
6
21
12
15
15
9
16
10
13
14
17
15
10
12
16
13
11
14
12
9
17
11
14
16
17
16
12
14
14
9
14
15
12
17
18
18
13
10
12
9
11
8
11
12
16
15
12
15
9
12
8
11
10
14
10
10
8
13
10
18
12
12
15
9
10
10
8
6
12
15
10
15
17
15
7
11
15
10
10
17
9
18
6
15
10
7
16
13
17
11
11
5
8
9
11
11
13
15
13
17
6
12
7
12
13
18
7
14
9
9
18
15
13
14
10
16
11
9
10
15
9
18
15
21
16
18
19
17
9
12
12
8
12
9
