16
14
16
21
13
9
18
13
23
18
13
15
15
11
11
12
14
13
15
15
16
15
9
14
18
10
14
16
10
21
13
10
16
13
9
15
15
18
14
14
22
15
15
11
16
10
13
10
13
13
20
11
11
10
10
12
11
15
11
8
15
9
9
14
11
13
13
10
13
10
13
16
13
13
11
14
17
21
13
20
11
22
16
6
17
17
9
15
12
10
8
16
16
14
15
14
20
6
7
20
13
12
12
13
7
12
15
10
8
13
8
11
10
12
11
24
15
13
19
14
16
16
11
15
17
8
13
10
10
15
13
9
18
11
18
17
16
13
10
11
9
14
6
12
18
10
18
7
16
6
12
12
12
10
10
13
15
9
11
13
13
7
6
14
14
10
7
14
18
15
10
13
13
23
13
18
9
14
18
15
10
11
11
9
16
12
20
14
11
8
11
14
10
18
15
7
12
16
19
14
13
16
8
14
13
13
11
13
11
15
9
8
11
15
16
9
15
16
9
9
19
15
21
24
12
8
12
7
11
17
18
11
7
16
7
9
15
13
6
11
11
14
9
14
18
19
10
10
12
11
12
11
16
19
13
13
14
7
8
13
8
6
19
17
15
17
9
13
6
14
14
12
11
12
19
10
12
15
11
10
19
15
12
19
15
10
10
15
12
14
8
14
16
14
16
9
13
14
18
12
18
6
11
11
10
16
11
11
11
10
17
16
15
12
18
18
13
10
21
14
17
13
14
13
15
11
14
11
22
16
11
20
12
14
19
15
10
14
16
16
12
11
14
24
13
15
10
14
10
14
15
15
12
9
13
12
13
14
15
10
18
15
11
10
22
13
16
14
10
10
20
10
18
11
13
21
19
17
21
12
17
15
18
12
16
22
8
12
14
19
13
12
10
13
14
12
16
17
15
12
12
7
11
14
15
13
17
11
15
13
6
8
9
13
16
12
10
12
12
13
13
8
13
13
15
13
18
13
19
13
20
14
8
18
13
16
20
13
6
15
14
11
15
14
10
13
11
13
6
8
18
19
15
15
13
23
11
14
10
17
19
14
17
13
9
19
12
11
14
19
13
7
14
9
20
21
14
10
7
15
11
13
9
21
11
7
14
10
18
20
1
