11
5
9
6
8
12
13
6
15
22
7
15
13
11
10
10
18
12
7
2
14
13
8
18
10
3
12
16
12
9
12
9
6
13
13
10
12
18
16
12
10
15
8
10
12
10
17
12
14
5
13
10
13
7
8
19
16
10
8
12
4
4
10
8
20
12
7
13
12
8
9
8
16
10
6
9
10
10
7
10
7
13
9
10
5
16
9
11
8
12
7
12
11
11
15
13
16
14
15
9
18
9
10
12
3
9
9
16
8
14
13
12
8
13
11
12
14
15
12
16
13
18
13
14
9
8
7
11
13
3
8
17
9
8
10
10
14
12
13
10
8
14
5
10
15
15
4
5
12
14
12
13
9
7
12
12
13
10
11
6
7
13
6
11
7
6
6
11
10
12
10
7
13
12
8
11
6
5
9
7
14
9
10
14
12
11
9
9
11
12
4
12
11
7
5
8
6
11
6
5
11
16
8
9
9
13
12
16
9
8
13
9
12
9
10
11
7
9
3
13
14
10
12
12
12
11
5
13
12
10
9
12
9
12
4
9
4
9
10
9
5
10
13
11
15
4
13
12
12
8
7
8
4
7
3
14
8
7
10
10
5
10
8
14
13
7
8
15
10
13
13
12
13
8
18
12
14
9
8
9
11
13
18
13
9
14
12
15
9
11
15
10
6
16
13
9
19
14
9
17
12
10
15
3
13
14
10
15
16
6
15
8
8
7
11
15
10
13
14
10
7
10
8
14
13
9
9
14
6
9
12
9
17
14
11
5
15
10
13
10
15
10
8
6
11
12
7
11
7
13
10
12
13
10
4
15
21
11
11
11
11
11
16
6
8
10
7
17
14
15
21
10
11
15
11
13
15
8
12
12
15
8
13
17
6
8
12
18
7
10
7
15
13
8
10
11
14
17
13
11
11
16
8
14
12
10
8
10
10
6
8
7
13
13
11
14
16
11
11
10
7
8
9
9
14
7
20
17
13
17
17
14
10
17
10
7
10
12
12
5
21
11
22
7
14
7
9
12
9
10
17
15
13
8
11
12
15
8
12
16
7
10
8
9
10
17
13
14
12
14
13
10
5
8
16
14
10
13
6
10
4
13
2
10
11
13
8
10
9
8
8
16
12
16
15
11
10
8
9
10
6
11
17
10
15
10
9
17
17
13
13
12
12
12
2
15
7
14
10
6
12
6
11
10
7
12
15
11
18
10
9
12
3
11
9
11
10
11
7
13
15
10
18
3
9
6
10
16
14
13
9
8
12
9
7
13
14
6
10
13
12
13
9
9
12
8
13
8
14
9
19
8
13
10
9
9
11
7
10
14
10
17
8
18
17
12
7
11
18
13
8
17
14
5
5
8
12
9
14
10
7
17
8
10
7
7
11
10
11
12
14
13
18
8
15
9
16
7
12
8
8
6
14
5
9
11
10
16
13
10
11
9
12
16
10
19
10
10
15
10
10
19
11
14
14
10
11
11
10
9
5
12
9
9
6
16
12
11
12
12
10
18
12
11
10
14
8
13
16
15
10
11
11
10
11
10
9
15
13
15
10
10
15
11
13
11
13
10
12
9
11
9
12
9
11
5
9
7
5
13
8
9
9
17
10
6
11
11
10
9
10
10
8
8
12
7
11
12
8
12
9
10
6
15
13
14
11
15
7
8
10
12
8
12
18
12
10
6
14
13
7
12
13
8
11
6
12
10
11
11
17
7
10
7
5
10
10
19
13
10
14
10
9
9
14
7
9
7
17
10
8
6
15
8
8
6
21
7
7
13
5
15
8
9
12
14
13
10
11
8
13
16
9
13
11
10
8
19
7
7
15
12
9
13
20
14
13
14
10
12
8
14
8
12
11
8
11
10
11
12
12
12
19
15
11
16
8
7
12
14
11
7
18
10
13
3
12
14
14
8
10
17
11
11
17
11
6
12
7
11
10
14
11
10
11
12
7
8
7
8
11
3
15
11
10
8
7
9
9
10
8
11
12
9
7
10
16
11
10
6
14
8
15
10
14
12
13
8
11
17
15
8
15
9
12
15
9
13
14
11
8
16
17
11
8
11
11
18
11
14
16
15
13
12
10
11
8
10
7
11
11
11
11
17
15
8
16
11
9
11
9
13
13
7
10
8
9
9
7
12
12
15
9
8
16
10
11
10
3
12
10
11
12
4
11
11
16
7
10
20
8
7
16
10
11
10
11
13
15
13
14
9
11
7
12
10
17
5
7
8
11
12
8
8
13
11
9
17
9
15
18
11
8
9
10
13
10
12
11
8
12
7
8
15
12
10
7
16
7
5
10
10
9
15
12
11
17
13
12
13
13
17
7
14
